# Generation 16

0 0.00171
1 0.00224
2 0.00415
3 0.00536
4 0.0075
5 0.00906
6 0.01043
7 0.01287
8 0.01416
9 0.0159
10 0.01919
11 0.02158
12 0.02557
13 0.02676
14 0.02987
15 0.03166
16 0.03275
17 0.03562
18 0.03783
19 0.03812
20 0.0402
21 0.04263
22 0.043
23 0.04529
24 0.04578
25 0.04786
26 0.05013
27 0.05128
28 0.05307
29 0.05507
30 0.05539
31 0.05659
32 0.05684
33 0.06019
34 0.06137
35 0.06292
36 0.06459
37 0.06645
38 0.06815
39 0.06921
40 0.07049
41 0.07178
42 0.07284
43 0.07415
44 0.07709
45 0.08143
46 0.08302
47 0.08539
48 0.0878
49 0.08941
50 0.09198
51 0.09415
52 0.09641
53 0.09827
54 0.09896
55 0.09926
56 0.10103
57 0.10261
58 0.1058
59 0.10709
60 0.10915
61 0.11141
62 0.11346
63 0.11499
64 0.1167
65 0.11788
66 0.11913
67 0.1222
68 0.12276
69 0.12451
70 0.12531
71 0.12789
72 0.1307
73 0.13502
74 0.13862
75 0.14026
76 0.14118
77 0.14195
78 0.14307
79 0.14327
80 0.14419
81 0.14542
82 0.14727
83 0.15131
84 0.15231
85 0.15381
86 0.15606
87 0.15959
88 0.1628
89 0.16429
90 0.16755
91 0.16873
92 0.16962
93 0.17184
94 0.17225
95 0.17644
96 0.17896
97 0.18025
98 0.1826
99 0.18359
100 0.18487
101 0.18906
102 0.19424
103 0.19509
104 0.1959
105 0.19871
106 0.20282
107 0.20435
108 0.20551
109 0.20663
110 0.20844
111 0.21062
112 0.2144
113 0.21489
114 0.2161
115 0.21854
116 0.21925
117 0.22325
118 0.22408
119 0.22524
120 0.22724
121 0.22938
122 0.23035
123 0.23141
124 0.23351
125 0.23703
126 0.23866
127 0.24169
128 0.24458
129 0.24479
130 0.24755
131 0.2495
132 0.25188
133 0.25389
134 0.25689
135 0.25806
136 0.2605
137 0.26199
138 0.26398
139 0.26639
140 0.26685
141 0.26769
142 0.27009
143 0.27136
144 0.27197
145 0.27417
146 0.27568
147 0.27836
148 0.27844
149 0.28324
150 0.28438
151 0.28707
152 0.28935
153 0.29162
154 0.29278
155 0.29436
156 0.29542
157 0.29567
158 0.29753
159 0.29999
160 0.30326
161 0.30537
162 0.3081
163 0.30842
164 0.30881
165 0.30933
166 0.31212
167 0.31476
168 0.31517
169 0.31843
170 0.31877
171 0.32153
172 0.32415
173 0.32453
174 0.32922
175 0.33053
176 0.33394
177 0.33542
178 0.33672
179 0.33714
180 0.33913
181 0.34018
182 0.34268
183 0.3457
184 0.34738
185 0.34918
186 0.35236
187 0.35508
188 0.35658
189 0.35891
190 0.36208
191 0.36519
192 0.36618
193 0.36764
194 0.36852
195 0.37034
196 0.37255
197 0.37318
198 0.37468
199 0.37632
200 0.37896
201 0.38434
202 0.38772
203 0.38994
204 0.39019
205 0.39385
206 0.39531
207 0.39711
208 0.39988
209 0.40354
210 0.40412
211 0.40644
212 0.41067
213 0.41215
214 0.4135
215 0.41526
216 0.4175
217 0.41785
218 0.41971
219 0.42195
220 0.42422
221 0.42607
222 0.42738
223 0.42936
224 0.43132
225 0.43309
226 0.43457
227 0.43563
228 0.43764
229 0.4379
230 0.44015
231 0.44066
232 0.44398
233 0.44653
234 0.44837
235 0.45016
236 0.45246
237 0.45383
238 0.45616
239 0.46069
240 0.46294
241 0.46576
242 0.46788
243 0.46966
244 0.47095
245 0.47219
246 0.4737
247 0.47557
248 0.47894
249 0.47986
250 0.48136
251 0.48305
252 0.48389
253 0.48619
254 0.4884
255 0.49132
256 0.49273
257 0.49801
258 0.50066
259 0.50132
260 0.50226
261 0.50252
262 0.50455
263 0.50602
264 0.50786
265 0.51106
266 0.51285
267 0.51562
268 0.51812
269 0.51834
270 0.52003
271 0.52181
272 0.52361
273 0.52631
274 0.52807
275 0.52897
276 0.52982
277 0.53117
278 0.53187
279 0.53235
280 0.53511
281 0.53649
282 0.53724
283 0.53839
284 0.54015
285 0.5422
286 0.54499
287 0.54643
288 0.54744
289 0.54872
290 0.55241
291 0.55293
292 0.55358
293 0.55416
294 0.55732
295 0.55779
296 0.56025
297 0.56223
298 0.56284
299 0.56376
300 0.56464
301 0.56756
302 0.56815
303 0.57082
304 0.57222
305 0.57569
306 0.57737
307 0.57869
308 0.58059
309 0.5817
310 0.58385
311 0.58446
312 0.58457
313 0.58649
314 0.58857
315 0.59102
316 0.59201
317 0.59391
318 0.59494
319 0.59537
320 0.59672
321 0.59832
322 0.59954
323 0.60139
324 0.60241
325 0.60328
326 0.60493
327 0.60685
328 0.60866
329 0.60984
330 0.61202
331 0.61416
332 0.61667
333 0.618
334 0.61981
335 0.62107
336 0.62326
337 0.624
338 0.6254
339 0.62769
340 0.6294
341 0.63059
342 0.63469
343 0.635
344 0.63684
345 0.63812
346 0.64107
347 0.64217
348 0.6442
349 0.64587
350 0.64705
351 0.64873
352 0.65018
353 0.65131
354 0.65339
355 0.65507
356 0.65637
357 0.65862
358 0.66162
359 0.66434
360 0.66516
361 0.6673
362 0.66947
363 0.67026
364 0.67232
365 0.67433
366 0.67627
367 0.67692
368 0.67782
369 0.68094
370 0.68346
371 0.68717
372 0.68812
373 0.69124
374 0.69265
375 0.69478
376 0.69517
377 0.69619
378 0.69869
379 0.69958
380 0.70053
381 0.70328
382 0.70508
383 0.70585
384 0.70832
385 0.70979
386 0.71343
387 0.71496
388 0.71528
389 0.7164
390 0.71781
391 0.7199
392 0.72282
393 0.72641
394 0.72796
395 0.72819
396 0.73287
397 0.73536
398 0.73779
399 0.74187
400 0.74501
401 0.74644
402 0.74832
403 0.7505
404 0.75255
405 0.75357
406 0.75693
407 0.7592
408 0.76228
409 0.7638
410 0.76495
411 0.76753
412 0.76795
413 0.76808
414 0.7705
415 0.7739
416 0.77515
417 0.77642
418 0.77783
419 0.77924
420 0.78076
421 0.78309
422 0.78567
423 0.78751
424 0.79019
425 0.79043
426 0.79197
427 0.79325
428 0.79639
429 0.79899
430 0.80015
431 0.80302
432 0.80476
433 0.80507
434 0.80551
435 0.80747
436 0.80986
437 0.81231
438 0.81412
439 0.81464
440 0.81779
441 0.81992
442 0.82189
443 0.82324
444 0.8271
445 0.82932
446 0.82942
447 0.83253
448 0.83317
449 0.83398
450 0.83587
451 0.8365
452 0.83693
453 0.83839
454 0.84099
455 0.84168
456 0.84414
457 0.84568
458 0.84759
459 0.84889
460 0.85019
461 0.85188
462 0.85221
463 0.85553
464 0.85641
465 0.85821
466 0.85906
467 0.8614
468 0.86296
469 0.86743
470 0.86865
471 0.86973
472 0.871
473 0.87419
474 0.8748
475 0.87617
476 0.8789
477 0.88184
478 0.88313
479 0.88512
480 0.88602
481 0.88727
482 0.88876
483 0.88959
484 0.89062
485 0.8927
486 0.89498
487 0.89728
488 0.89922
489 0.90131
490 0.90178
491 0.90376
492 0.90681
493 0.90944
494 0.91201
495 0.91268
496 0.91275
497 0.91407
498 0.91451
499 0.91547
500 0.91621
501 0.91865
502 0.91978
503 0.91995
504 0.92066
505 0.92258
506 0.92503
507 0.9275
508 0.92997
509 0.9318
510 0.93441
511 0.93657
512 0.93777
513 0.93983
514 0.94216
515 0.94406
516 0.94646
517 0.94835
518 0.95004
519 0.95489
520 0.95614
521 0.95829
522 0.96057
523 0.96358
524 0.96586
525 0.96731
526 0.97103
527 0.97189
528 0.97256
529 0.9727
530 0.97388
531 0.97594
532 0.97816
533 0.98264
534 0.98419
535 0.98488
536 0.98847
537 0.98971
538 0.99316
539 0.99649
540 0.99765
541 0.99893
542 1.00005
# Generated pool n. 16 for Umax = -14.130721092224121
# Generated a biased pool of 100000 with an acceptance of 0.47541406750679016
# Generated a pool of 100000 with an acceptance of 0.009208563535911601
# Generation repeated 543 times
# Average relative effective sample size: 0.1661415994167328
# Generation efficiency: 0.001841620626151013
