# Generation 14

0 0.00284
1 0.00586
2 0.00834
3 0.01044
4 0.01154
5 0.01309
6 0.01504
7 0.01738
8 0.01836
9 0.02154
10 0.02187
11 0.02396
12 0.02602
13 0.02815
14 0.02878
15 0.03062
16 0.03333
17 0.03639
18 0.03782
19 0.04091
20 0.04197
21 0.04563
22 0.0469
23 0.04764
24 0.05037
25 0.05296
26 0.05515
27 0.05791
28 0.05902
29 0.06053
30 0.06208
31 0.06363
32 0.06493
33 0.06715
34 0.069
35 0.07118
36 0.07206
37 0.07369
38 0.07653
39 0.07955
40 0.08308
41 0.08579
42 0.08711
43 0.08961
44 0.09018
45 0.09301
46 0.09689
47 0.09788
48 0.09843
49 0.09893
50 0.10095
51 0.10358
52 0.10495
53 0.10952
54 0.1107
55 0.11134
56 0.11197
57 0.11375
58 0.11504
59 0.11767
60 0.11918
61 0.12039
62 0.1216
63 0.12282
64 0.12547
65 0.1263
66 0.12961
67 0.13197
68 0.13325
69 0.13478
70 0.13637
71 0.13841
72 0.14023
73 0.1413
74 0.1433
75 0.14491
76 0.14693
77 0.14923
78 0.15126
79 0.15277
80 0.15442
81 0.1558
82 0.15832
83 0.1592
84 0.16196
85 0.16458
86 0.16784
87 0.16823
88 0.17066
89 0.17363
90 0.17555
91 0.17693
92 0.17904
93 0.18157
94 0.18238
95 0.18519
96 0.18737
97 0.18984
98 0.19194
99 0.19541
100 0.19694
101 0.19935
102 0.20016
103 0.20359
104 0.20466
105 0.20641
106 0.20802
107 0.20848
108 0.20951
109 0.21093
110 0.21175
111 0.21445
112 0.21684
113 0.21864
114 0.2196
115 0.2211
116 0.22331
117 0.2284
118 0.22989
119 0.23246
120 0.23595
121 0.23936
122 0.2416
123 0.24358
124 0.24741
125 0.24777
126 0.25003
127 0.25188
128 0.2551
129 0.25519
130 0.25663
131 0.26079
132 0.26262
133 0.26447
134 0.266
135 0.26694
136 0.26712
137 0.26726
138 0.26991
139 0.27101
140 0.27223
141 0.27428
142 0.27484
143 0.27615
144 0.27869
145 0.27929
146 0.28256
147 0.28301
148 0.28596
149 0.28941
150 0.29303
151 0.29459
152 0.29679
153 0.29841
154 0.30158
155 0.3034
156 0.3056
157 0.30781
158 0.30866
159 0.30989
160 0.31213
161 0.31625
162 0.31803
163 0.31991
164 0.32234
165 0.32306
166 0.32419
167 0.3262
168 0.32888
169 0.32914
170 0.33091
171 0.33197
172 0.33432
173 0.33581
174 0.33744
175 0.3404
176 0.34293
177 0.34535
178 0.34607
179 0.34643
180 0.34751
181 0.35026
182 0.35164
183 0.35333
184 0.35441
185 0.35686
186 0.35764
187 0.35956
188 0.3611
189 0.36618
190 0.3679
191 0.36869
192 0.37198
193 0.37328
194 0.37561
195 0.37755
196 0.38011
197 0.38135
198 0.38362
199 0.38502
200 0.38552
201 0.38701
202 0.38875
203 0.39127
204 0.39257
205 0.39579
206 0.39687
207 0.39847
208 0.40143
209 0.40393
210 0.40616
211 0.40912
212 0.41013
213 0.41339
214 0.41589
215 0.41944
216 0.42069
217 0.42407
218 0.42504
219 0.42596
220 0.42895
221 0.43055
222 0.43342
223 0.43538
224 0.43687
225 0.43877
226 0.43991
227 0.44415
228 0.44614
229 0.44981
230 0.45025
231 0.45266
232 0.45293
233 0.45579
234 0.46018
235 0.46259
236 0.46404
237 0.46491
238 0.46785
239 0.47076
240 0.4722
241 0.47409
242 0.47533
243 0.47657
244 0.47685
245 0.47769
246 0.47955
247 0.48002
248 0.48286
249 0.48504
250 0.48688
251 0.48963
252 0.4903
253 0.49091
254 0.49311
255 0.49432
256 0.49589
257 0.49708
258 0.50068
259 0.50248
260 0.50458
261 0.50618
262 0.50702
263 0.50803
264 0.51056
265 0.51179
266 0.51348
267 0.51637
268 0.51792
269 0.52084
270 0.5227
271 0.52403
272 0.52556
273 0.52721
274 0.52739
275 0.52772
276 0.5305
277 0.53232
278 0.53314
279 0.53486
280 0.53738
281 0.53809
282 0.53967
283 0.5424
284 0.5455
285 0.54765
286 0.54958
287 0.55184
288 0.55443
289 0.55609
290 0.55845
291 0.56089
292 0.56386
293 0.56453
294 0.5678
295 0.56967
296 0.5725
297 0.57426
298 0.57587
299 0.57845
300 0.58004
301 0.58371
302 0.58606
303 0.58721
304 0.58996
305 0.59207
306 0.59438
307 0.59629
308 0.60005
309 0.60147
310 0.60422
311 0.60664
312 0.60756
313 0.61073
314 0.61368
315 0.61509
316 0.61585
317 0.61654
318 0.61907
319 0.62086
320 0.6229
321 0.6248
322 0.62533
323 0.62784
324 0.63125
325 0.63331
326 0.63557
327 0.6363
328 0.6384
329 0.63859
330 0.63912
331 0.63972
332 0.64054
333 0.64379
334 0.64688
335 0.64905
336 0.65097
337 0.65504
338 0.65628
339 0.65667
340 0.65909
341 0.65977
342 0.66084
343 0.66368
344 0.66481
345 0.66632
346 0.66719
347 0.6697
348 0.67196
349 0.6759
350 0.67771
351 0.68146
352 0.68236
353 0.68284
354 0.68681
355 0.69043
356 0.6919
357 0.69222
358 0.69483
359 0.69682
360 0.69955
361 0.69993
362 0.70083
363 0.70253
364 0.70534
365 0.70591
366 0.70739
367 0.70828
368 0.71147
369 0.71365
370 0.71649
371 0.71913
372 0.72157
373 0.72247
374 0.72511
375 0.72548
376 0.72867
377 0.73008
378 0.73042
379 0.73434
380 0.7362
381 0.73696
382 0.73957
383 0.7419
384 0.74378
385 0.7461
386 0.74917
387 0.75309
388 0.75432
389 0.7569
390 0.75962
391 0.76111
392 0.76305
393 0.76537
394 0.76787
395 0.76857
396 0.77007
397 0.77437
398 0.77665
399 0.77891
400 0.78052
401 0.78267
402 0.78396
403 0.78457
404 0.78783
405 0.79057
406 0.79184
407 0.79323
408 0.79451
409 0.79513
410 0.79671
411 0.7988
412 0.8002
413 0.80173
414 0.80313
415 0.80432
416 0.80636
417 0.80761
418 0.81075
419 0.81241
420 0.81535
421 0.81729
422 0.81965
423 0.82227
424 0.82369
425 0.82697
426 0.82881
427 0.83057
428 0.83164
429 0.83301
430 0.83604
431 0.83681
432 0.83842
433 0.84
434 0.84321
435 0.84584
436 0.84861
437 0.85099
438 0.85328
439 0.85506
440 0.85711
441 0.85972
442 0.86066
443 0.8629
444 0.86391
445 0.86607
446 0.8681
447 0.86852
448 0.87054
449 0.87144
450 0.87247
451 0.87531
452 0.87809
453 0.88059
454 0.88315
455 0.88465
456 0.88754
457 0.89002
458 0.8943
459 0.8952
460 0.89655
461 0.8993
462 0.90265
463 0.9045
464 0.90725
465 0.90879
466 0.91083
467 0.91436
468 0.9156
469 0.91768
470 0.91925
471 0.92026
472 0.92214
473 0.92422
474 0.92614
475 0.92875
476 0.93031
477 0.93194
478 0.93254
479 0.93386
480 0.93492
481 0.93581
482 0.93813
483 0.9395
484 0.94112
485 0.94333
486 0.94613
487 0.94936
488 0.95039
489 0.95176
490 0.95521
491 0.95745
492 0.96069
493 0.96132
494 0.96319
495 0.96373
496 0.96471
497 0.96534
498 0.96616
499 0.96904
500 0.96943
501 0.96976
502 0.97217
503 0.97348
504 0.97412
505 0.97945
506 0.98036
507 0.98368
508 0.98502
509 0.98671
510 0.98743
511 0.99034
512 0.99167
513 0.99397
514 0.99546
515 0.99664
516 0.99835
517 1.00081
# Generated pool n. 14 for Umax = -13.255949020385742
# Generated a biased pool of 100000 with an acceptance of 0.4799755811691284
# Generated a pool of 100000 with an acceptance of 0.009660328185328183
# Generation repeated 518 times
# Average relative effective sample size: 0.14281462132930756
# Generation efficiency: 0.0019305019305019305
