# Generation 7

0 0.00051
1 0.00119
2 0.00182
3 0.00291
4 0.00387
5 0.0054
6 0.00615
7 0.00706
8 0.00724
9 0.00793
10 0.00798
11 0.00941
12 0.00949
13 0.01024
14 0.01117
15 0.01189
16 0.01202
17 0.01308
18 0.01325
19 0.0146
20 0.01496
21 0.01542
22 0.01552
23 0.0162
24 0.017
25 0.01762
26 0.01812
27 0.01894
28 0.01923
29 0.02046
30 0.02113
31 0.02132
32 0.02184
33 0.02222
34 0.02299
35 0.02371
36 0.02407
37 0.02502
38 0.02542
39 0.02589
40 0.02633
41 0.02674
42 0.02759
43 0.02812
44 0.02842
45 0.02865
46 0.02921
47 0.02943
48 0.03088
49 0.03267
50 0.033
51 0.0335
52 0.0339
53 0.03449
54 0.03465
55 0.03505
56 0.03559
57 0.03568
58 0.03618
59 0.03762
60 0.03824
61 0.03949
62 0.03978
63 0.04021
64 0.04048
65 0.04217
66 0.04218
67 0.04297
68 0.04379
69 0.04479
70 0.04493
71 0.04545
72 0.04585
73 0.04682
74 0.0473
75 0.0477
76 0.04799
77 0.04844
78 0.04928
79 0.04987
80 0.05017
81 0.05101
82 0.05184
83 0.05214
84 0.0522
85 0.05286
86 0.0537
87 0.05539
88 0.0572
89 0.05841
90 0.05884
91 0.05951
92 0.06019
93 0.06057
94 0.06141
95 0.06264
96 0.06348
97 0.06453
98 0.06481
99 0.06517
100 0.06538
101 0.06554
102 0.06579
103 0.0666
104 0.06698
105 0.06792
106 0.06843
107 0.06913
108 0.06982
109 0.07022
110 0.07087
111 0.07162
112 0.0719
113 0.07244
114 0.07261
115 0.07319
116 0.07421
117 0.07484
118 0.07555
119 0.07589
120 0.07626
121 0.07715
122 0.07778
123 0.078
124 0.0785
125 0.07922
126 0.08087
127 0.08163
128 0.08279
129 0.08288
130 0.08379
131 0.08483
132 0.08522
133 0.08762
134 0.08829
135 0.08859
136 0.08961
137 0.0903
138 0.09094
139 0.0913
140 0.09211
141 0.09302
142 0.09343
143 0.09405
144 0.09479
145 0.09508
146 0.09602
147 0.09612
148 0.09688
149 0.0971
150 0.09893
151 0.09958
152 0.10114
153 0.10171
154 0.10223
155 0.10309
156 0.10324
157 0.10388
158 0.10476
159 0.10516
160 0.1067
161 0.10701
162 0.10797
163 0.1082
164 0.10858
165 0.10947
166 0.10967
167 0.11033
168 0.11161
169 0.11183
170 0.1121
171 0.11258
172 0.11415
173 0.11442
174 0.11591
175 0.11698
176 0.11791
177 0.11894
178 0.12014
179 0.12045
180 0.12139
181 0.1218
182 0.1232
183 0.12388
184 0.12447
185 0.12602
186 0.12708
187 0.12741
188 0.12755
189 0.12823
190 0.12867
191 0.12929
192 0.13003
193 0.13013
194 0.13103
195 0.13137
196 0.13287
197 0.13305
198 0.13367
199 0.13405
200 0.1347
201 0.13664
202 0.13804
203 0.13956
204 0.14008
205 0.14016
206 0.14086
207 0.14106
208 0.14151
209 0.14181
210 0.14228
211 0.14314
212 0.14488
213 0.1453
214 0.14638
215 0.14687
216 0.14719
217 0.14764
218 0.14834
219 0.14859
220 0.1496
221 0.1498
222 0.1499
223 0.1504
224 0.1507
225 0.15211
226 0.15277
227 0.15301
228 0.15329
229 0.15384
230 0.15419
231 0.15427
232 0.15473
233 0.1552
234 0.15645
235 0.15723
236 0.15787
237 0.15915
238 0.15985
239 0.16095
240 0.16217
241 0.16307
242 0.16408
243 0.16487
244 0.16554
245 0.16599
246 0.16641
247 0.16665
248 0.16707
249 0.16858
250 0.16944
251 0.1704
252 0.17071
253 0.17107
254 0.17161
255 0.1724
256 0.17312
257 0.17337
258 0.17376
259 0.17388
260 0.17461
261 0.17572
262 0.1765
263 0.17684
264 0.17716
265 0.17727
266 0.17763
267 0.17881
268 0.17948
269 0.17972
270 0.18077
271 0.18148
272 0.18206
273 0.18385
274 0.18424
275 0.1844
276 0.18502
277 0.18523
278 0.18574
279 0.18597
280 0.18643
281 0.18687
282 0.18747
283 0.18831
284 0.18855
285 0.18964
286 0.19031
287 0.19114
288 0.19151
289 0.19212
290 0.19262
291 0.19339
292 0.19436
293 0.19561
294 0.19597
295 0.19689
296 0.19813
297 0.19921
298 0.19945
299 0.20048
300 0.20089
301 0.20154
302 0.20216
303 0.2026
304 0.20283
305 0.20314
306 0.20404
307 0.20477
308 0.20524
309 0.20549
310 0.2062
311 0.20648
312 0.20731
313 0.20772
314 0.2086
315 0.209
316 0.20943
317 0.21001
318 0.21089
319 0.21102
320 0.21155
321 0.2121
322 0.21239
323 0.21285
324 0.21352
325 0.21444
326 0.21521
327 0.21579
328 0.21666
329 0.21689
330 0.21792
331 0.21882
332 0.21902
333 0.2193
334 0.21972
335 0.2204
336 0.22099
337 0.22148
338 0.22193
339 0.22299
340 0.22356
341 0.22407
342 0.22456
343 0.22497
344 0.22599
345 0.2283
346 0.22839
347 0.23003
348 0.23052
349 0.2311
350 0.23183
351 0.23281
352 0.23351
353 0.23389
354 0.23441
355 0.23536
356 0.23564
357 0.23736
358 0.23838
359 0.23843
360 0.23949
361 0.24013
362 0.2407
363 0.24178
364 0.24225
365 0.24281
366 0.24313
367 0.24343
368 0.24435
369 0.24442
370 0.24496
371 0.2468
372 0.24755
373 0.24769
374 0.24839
375 0.24908
376 0.25045
377 0.25147
378 0.25284
379 0.253
380 0.25312
381 0.25368
382 0.25487
383 0.2557
384 0.25584
385 0.25652
386 0.25698
387 0.25746
388 0.25813
389 0.25859
390 0.25946
391 0.25987
392 0.261
393 0.26154
394 0.26184
395 0.26324
396 0.26414
397 0.26459
398 0.26528
399 0.2657
400 0.26632
401 0.26708
402 0.26752
403 0.2687
404 0.26884
405 0.26937
406 0.26996
407 0.27046
408 0.27116
409 0.27228
410 0.27298
411 0.27374
412 0.27393
413 0.27482
414 0.27546
415 0.27655
416 0.2777
417 0.27797
418 0.27812
419 0.27882
420 0.27987
421 0.2803
422 0.28089
423 0.28255
424 0.28279
425 0.28339
426 0.28368
427 0.28554
428 0.28624
429 0.28644
430 0.28751
431 0.28774
432 0.28776
433 0.28804
434 0.28825
435 0.28914
436 0.28959
437 0.2901
438 0.29038
439 0.29053
440 0.29071
441 0.2917
442 0.29274
443 0.2931
444 0.29326
445 0.29365
446 0.29447
447 0.29525
448 0.29603
449 0.29614
450 0.2965
451 0.29738
452 0.29772
453 0.29892
454 0.29953
455 0.30045
456 0.30138
457 0.30176
458 0.30251
459 0.3029
460 0.30327
461 0.30346
462 0.30411
463 0.30424
464 0.30483
465 0.3063
466 0.30706
467 0.30744
468 0.30767
469 0.30804
470 0.30863
471 0.30997
472 0.31137
473 0.31205
474 0.31209
475 0.3129
476 0.31348
477 0.31404
478 0.31417
479 0.31517
480 0.31546
481 0.3165
482 0.31702
483 0.31743
484 0.31774
485 0.31847
486 0.31917
487 0.32106
488 0.32119
489 0.32203
490 0.32214
491 0.32231
492 0.32308
493 0.32392
494 0.32417
495 0.32469
496 0.32526
497 0.32606
498 0.32656
499 0.327
500 0.3278
501 0.32841
502 0.32905
503 0.32961
504 0.33064
505 0.33117
506 0.33186
507 0.33382
508 0.33481
509 0.33537
510 0.33579
511 0.33615
512 0.33736
513 0.33807
514 0.33915
515 0.33926
516 0.33964
517 0.34002
518 0.34072
519 0.3414
520 0.34194
521 0.34306
522 0.34388
523 0.34418
524 0.34512
525 0.34538
526 0.3465
527 0.34707
528 0.34731
529 0.34772
530 0.34854
531 0.34929
532 0.34974
533 0.35026
534 0.35113
535 0.35223
536 0.35256
537 0.35328
538 0.35512
539 0.35638
540 0.35698
541 0.35759
542 0.35809
543 0.35902
544 0.3596
545 0.36007
546 0.36126
547 0.36202
548 0.36313
549 0.36334
550 0.36374
551 0.36449
552 0.36485
553 0.36516
554 0.36624
555 0.36665
556 0.36765
557 0.36831
558 0.36841
559 0.36975
560 0.37101
561 0.37136
562 0.37168
563 0.3728
564 0.37402
565 0.37521
566 0.3757
567 0.37636
568 0.37681
569 0.37795
570 0.37823
571 0.37895
572 0.37937
573 0.37973
574 0.38017
575 0.38164
576 0.38209
577 0.38276
578 0.38326
579 0.38353
580 0.38383
581 0.38414
582 0.38534
583 0.386
584 0.38625
585 0.38639
586 0.38759
587 0.38781
588 0.38803
589 0.38856
590 0.38902
591 0.38937
592 0.39004
593 0.39046
594 0.39058
595 0.39139
596 0.39239
597 0.39317
598 0.39362
599 0.39429
600 0.3954
601 0.39616
602 0.39696
603 0.39727
604 0.39745
605 0.39817
606 0.39949
607 0.4001
608 0.40094
609 0.40141
610 0.40276
611 0.40349
612 0.40398
613 0.4048
614 0.40596
615 0.40708
616 0.40772
617 0.40789
618 0.4081
619 0.40935
620 0.40963
621 0.41081
622 0.41087
623 0.41128
624 0.41172
625 0.41256
626 0.41332
627 0.41368
628 0.41417
629 0.41472
630 0.41507
631 0.41549
632 0.41602
633 0.41643
634 0.4166
635 0.41735
636 0.41761
637 0.41771
638 0.41781
639 0.41868
640 0.41936
641 0.42021
642 0.42071
643 0.42096
644 0.42159
645 0.42188
646 0.42295
647 0.42331
648 0.42362
649 0.42454
650 0.42501
651 0.42582
652 0.42688
653 0.42707
654 0.42776
655 0.42858
656 0.42874
657 0.42936
658 0.42984
659 0.43068
660 0.43182
661 0.43255
662 0.43303
663 0.43323
664 0.43338
665 0.43365
666 0.43414
667 0.43478
668 0.43542
669 0.43639
670 0.43682
671 0.43714
672 0.43888
673 0.43952
674 0.44025
675 0.44056
676 0.44103
677 0.44192
678 0.44272
679 0.44347
680 0.44405
681 0.44418
682 0.44513
683 0.44573
684 0.44645
685 0.44756
686 0.44802
687 0.44875
688 0.44933
689 0.4497
690 0.45
691 0.45063
692 0.45155
693 0.45242
694 0.45399
695 0.45473
696 0.45536
697 0.45637
698 0.45729
699 0.45762
700 0.45837
701 0.45859
702 0.459
703 0.45932
704 0.45947
705 0.46034
706 0.46089
707 0.46095
708 0.46124
709 0.46245
710 0.46284
711 0.46374
712 0.46405
713 0.46451
714 0.46487
715 0.46618
716 0.46676
717 0.46771
718 0.46802
719 0.46874
720 0.46909
721 0.47028
722 0.47097
723 0.4719
724 0.47239
725 0.47325
726 0.47393
727 0.474
728 0.47441
729 0.47541
730 0.47702
731 0.47783
732 0.47864
733 0.47913
734 0.47925
735 0.47975
736 0.48056
737 0.48153
738 0.48185
739 0.48216
740 0.48287
741 0.48352
742 0.48425
743 0.48452
744 0.48487
745 0.48531
746 0.48592
747 0.48716
748 0.48759
749 0.48854
750 0.48905
751 0.49013
752 0.4903
753 0.49048
754 0.49122
755 0.49195
756 0.4924
757 0.49364
758 0.49379
759 0.49421
760 0.49437
761 0.49475
762 0.49504
763 0.49529
764 0.49577
765 0.49632
766 0.49686
767 0.49719
768 0.49785
769 0.49978
770 0.5002
771 0.50086
772 0.50144
773 0.50247
774 0.50293
775 0.5034
776 0.50375
777 0.50456
778 0.50527
779 0.50682
780 0.50778
781 0.5089
782 0.50913
783 0.50952
784 0.5101
785 0.51136
786 0.51142
787 0.51203
788 0.51265
789 0.51345
790 0.5145
791 0.51462
792 0.51498
793 0.51599
794 0.51727
795 0.51848
796 0.51867
797 0.51976
798 0.52003
799 0.52107
800 0.5213
801 0.52185
802 0.52232
803 0.52309
804 0.52333
805 0.52362
806 0.52438
807 0.52502
808 0.52638
809 0.52767
810 0.52879
811 0.52941
812 0.52983
813 0.53012
814 0.53136
815 0.53176
816 0.5337
817 0.53505
818 0.5357
819 0.53683
820 0.53727
821 0.538
822 0.53876
823 0.53924
824 0.54029
825 0.54083
826 0.54114
827 0.54148
828 0.5425
829 0.54279
830 0.54399
831 0.5442
832 0.54441
833 0.54471
834 0.54482
835 0.54494
836 0.54592
837 0.54659
838 0.54703
839 0.5476
840 0.5481
841 0.54825
842 0.54891
843 0.5495
844 0.55007
845 0.55075
846 0.551
847 0.55165
848 0.552
849 0.5531
850 0.55384
851 0.55498
852 0.55506
853 0.55542
854 0.55573
855 0.55689
856 0.55703
857 0.55735
858 0.55772
859 0.55844
860 0.55892
861 0.55913
862 0.5598
863 0.5603
864 0.56049
865 0.56091
866 0.56203
867 0.56247
868 0.563
869 0.56351
870 0.56465
871 0.5653
872 0.5659
873 0.56703
874 0.56797
875 0.56829
876 0.5687
877 0.57019
878 0.57097
879 0.57163
880 0.5721
881 0.57236
882 0.57264
883 0.57436
884 0.57437
885 0.57495
886 0.57559
887 0.57623
888 0.57636
889 0.57691
890 0.57725
891 0.57794
892 0.57818
893 0.57891
894 0.57925
895 0.58002
896 0.58057
897 0.58133
898 0.58231
899 0.58297
900 0.58388
901 0.5853
902 0.58584
903 0.58658
904 0.58709
905 0.5882
906 0.58848
907 0.58928
908 0.58982
909 0.59035
910 0.59159
911 0.5923
912 0.5927
913 0.59374
914 0.59433
915 0.59522
916 0.59537
917 0.5957
918 0.59622
919 0.59653
920 0.59711
921 0.59788
922 0.59881
923 0.59922
924 0.59956
925 0.59996
926 0.60035
927 0.60082
928 0.60172
929 0.60227
930 0.60241
931 0.60303
932 0.60458
933 0.60501
934 0.60586
935 0.60673
936 0.60765
937 0.60909
938 0.60974
939 0.61093
940 0.61155
941 0.61259
942 0.61316
943 0.61405
944 0.61507
945 0.61518
946 0.61573
947 0.61611
948 0.61686
949 0.61705
950 0.61722
951 0.61797
952 0.61874
953 0.62014
954 0.62096
955 0.62161
956 0.62237
957 0.62259
958 0.6228
959 0.62383
960 0.62447
961 0.62504
962 0.62655
963 0.6276
964 0.62778
965 0.62801
966 0.62863
967 0.62903
968 0.62987
969 0.63048
970 0.63114
971 0.63159
972 0.6329
973 0.63317
974 0.63411
975 0.63484
976 0.63577
977 0.63612
978 0.63635
979 0.63728
980 0.63834
981 0.63861
982 0.64008
983 0.6407
984 0.64233
985 0.64327
986 0.64384
987 0.64421
988 0.6451
989 0.64609
990 0.64683
991 0.64696
992 0.64748
993 0.64781
994 0.649
995 0.65001
996 0.65053
997 0.65154
998 0.6519
999 0.65293
1000 0.65302
1001 0.65308
1002 0.65337
1003 0.65401
1004 0.65461
1005 0.65521
1006 0.65552
1007 0.65571
1008 0.65642
1009 0.65785
1010 0.65913
1011 0.6594
1012 0.65997
1013 0.66026
1014 0.66085
1015 0.66188
1016 0.6631
1017 0.66459
1018 0.66523
1019 0.66573
1020 0.66662
1021 0.66708
1022 0.66833
1023 0.66877
1024 0.66984
1025 0.67084
1026 0.67099
1027 0.67191
1028 0.67235
1029 0.67255
1030 0.67319
1031 0.6737
1032 0.67459
1033 0.67641
1034 0.67721
1035 0.67798
1036 0.67899
1037 0.67946
1038 0.68039
1039 0.68071
1040 0.68163
1041 0.68252
1042 0.68302
1043 0.68467
1044 0.68485
1045 0.68539
1046 0.68623
1047 0.68783
1048 0.68802
1049 0.68902
1050 0.68915
1051 0.68932
1052 0.68951
1053 0.68975
1054 0.69095
1055 0.69223
1056 0.69277
1057 0.69333
1058 0.69391
1059 0.69472
1060 0.69525
1061 0.69614
1062 0.69624
1063 0.69637
1064 0.6979
1065 0.69902
1066 0.69951
1067 0.69994
1068 0.7006
1069 0.70196
1070 0.70265
1071 0.7039
1072 0.70417
1073 0.70526
1074 0.70724
1075 0.70883
1076 0.70884
1077 0.70903
1078 0.70964
1079 0.71047
1080 0.71136
1081 0.71196
1082 0.71305
1083 0.71426
1084 0.7154
1085 0.71612
1086 0.71647
1087 0.717
1088 0.71788
1089 0.71833
1090 0.71851
1091 0.71899
1092 0.7198
1093 0.72125
1094 0.72154
1095 0.72191
1096 0.72229
1097 0.72286
1098 0.72342
1099 0.72459
1100 0.72588
1101 0.72628
1102 0.72793
1103 0.72842
1104 0.72911
1105 0.72986
1106 0.73058
1107 0.73159
1108 0.73217
1109 0.7327
1110 0.7333
1111 0.73387
1112 0.73437
1113 0.73482
1114 0.73576
1115 0.73642
1116 0.73706
1117 0.73738
1118 0.7381
1119 0.73813
1120 0.73868
1121 0.74046
1122 0.74052
1123 0.74059
1124 0.74116
1125 0.74132
1126 0.74164
1127 0.74189
1128 0.74302
1129 0.74349
1130 0.74435
1131 0.7447
1132 0.74517
1133 0.74609
1134 0.7469
1135 0.74872
1136 0.74886
1137 0.74995
1138 0.75002
1139 0.75161
1140 0.75298
1141 0.75352
1142 0.7539
1143 0.75446
1144 0.75516
1145 0.75562
1146 0.75583
1147 0.75613
1148 0.75633
1149 0.75685
1150 0.75732
1151 0.75789
1152 0.75842
1153 0.75894
1154 0.7592
1155 0.75938
1156 0.76046
1157 0.76082
1158 0.76166
1159 0.76217
1160 0.76275
1161 0.76484
1162 0.76492
1163 0.76548
1164 0.76627
1165 0.76731
1166 0.76772
1167 0.76848
1168 0.76951
1169 0.77026
1170 0.77094
1171 0.77241
1172 0.77361
1173 0.77382
1174 0.77396
1175 0.774
1176 0.7745
1177 0.7753
1178 0.77642
1179 0.77738
1180 0.77742
1181 0.77789
1182 0.77895
1183 0.77911
1184 0.77999
1185 0.78002
1186 0.78061
1187 0.78075
1188 0.78124
1189 0.78228
1190 0.78264
1191 0.78276
1192 0.78352
1193 0.78371
1194 0.7841
1195 0.78435
1196 0.78455
1197 0.78514
1198 0.78533
1199 0.78547
1200 0.78727
1201 0.78836
1202 0.78861
1203 0.78906
1204 0.78979
1205 0.79044
1206 0.79075
1207 0.7917
1208 0.79172
1209 0.79197
1210 0.79321
1211 0.79404
1212 0.79478
1213 0.7954
1214 0.79566
1215 0.79632
1216 0.79646
1217 0.79698
1218 0.79775
1219 0.79872
1220 0.80058
1221 0.80122
1222 0.80181
1223 0.80197
1224 0.80261
1225 0.80287
1226 0.80325
1227 0.8047
1228 0.8054
1229 0.80612
1230 0.80714
1231 0.80763
1232 0.80925
1233 0.80959
1234 0.80979
1235 0.81015
1236 0.8106
1237 0.81143
1238 0.81185
1239 0.81243
1240 0.81271
1241 0.81419
1242 0.81487
1243 0.81533
1244 0.81621
1245 0.81748
1246 0.81809
1247 0.81845
1248 0.81873
1249 0.81974
1250 0.82055
1251 0.82083
1252 0.82198
1253 0.82388
1254 0.82478
1255 0.82519
1256 0.82636
1257 0.82674
1258 0.82731
1259 0.82761
1260 0.82833
1261 0.82969
1262 0.83056
1263 0.83153
1264 0.83179
1265 0.83193
1266 0.83309
1267 0.83336
1268 0.83397
1269 0.83421
1270 0.83532
1271 0.83602
1272 0.83645
1273 0.83653
1274 0.83748
1275 0.83826
1276 0.83918
1277 0.84015
1278 0.84028
1279 0.84053
1280 0.84096
1281 0.84145
1282 0.84181
1283 0.84308
1284 0.84397
1285 0.84436
1286 0.84509
1287 0.84632
1288 0.8471
1289 0.84734
1290 0.84832
1291 0.84997
1292 0.85089
1293 0.85122
1294 0.85209
1295 0.8531
1296 0.85372
1297 0.8545
1298 0.85527
1299 0.8558
1300 0.8564
1301 0.85662
1302 0.85691
1303 0.85752
1304 0.85842
1305 0.85933
1306 0.85957
1307 0.85987
1308 0.86066
1309 0.86184
1310 0.86281
1311 0.86364
1312 0.86424
1313 0.86534
1314 0.86607
1315 0.86616
1316 0.8668
1317 0.86754
1318 0.8681
1319 0.86859
1320 0.86878
1321 0.87011
1322 0.87105
1323 0.87239
1324 0.87307
1325 0.87338
1326 0.87372
1327 0.87401
1328 0.87522
1329 0.87558
1330 0.87638
1331 0.87719
1332 0.87763
1333 0.87793
1334 0.87854
1335 0.8794
1336 0.87994
1337 0.88012
1338 0.88117
1339 0.88162
1340 0.88234
1341 0.88248
1342 0.88344
1343 0.88363
1344 0.8847
1345 0.88529
1346 0.88576
1347 0.88592
1348 0.88667
1349 0.88735
1350 0.88772
1351 0.88816
1352 0.8883
1353 0.88841
1354 0.88868
1355 0.88918
1356 0.8896
1357 0.88997
1358 0.89042
1359 0.89087
1360 0.89261
1361 0.89356
1362 0.89409
1363 0.89504
1364 0.89569
1365 0.89641
1366 0.89663
1367 0.89726
1368 0.89817
1369 0.89857
1370 0.89907
1371 0.89973
1372 0.89996
1373 0.90015
1374 0.90099
1375 0.90143
1376 0.90144
1377 0.90211
1378 0.90299
1379 0.90372
1380 0.90415
1381 0.9053
1382 0.90581
1383 0.90648
1384 0.90673
1385 0.90751
1386 0.90791
1387 0.9089
1388 0.90924
1389 0.91028
1390 0.9109
1391 0.91123
1392 0.91223
1393 0.91249
1394 0.91253
1395 0.91285
1396 0.9143
1397 0.9152
1398 0.91675
1399 0.91721
1400 0.91785
1401 0.9183
1402 0.91929
1403 0.92041
1404 0.9213
1405 0.92225
1406 0.92289
1407 0.92454
1408 0.92456
1409 0.92461
1410 0.92501
1411 0.92556
1412 0.92635
1413 0.92665
1414 0.92764
1415 0.92813
1416 0.92853
1417 0.92947
1418 0.92973
1419 0.93028
1420 0.93109
1421 0.93232
1422 0.93276
1423 0.93376
1424 0.93412
1425 0.93542
1426 0.93636
1427 0.93702
1428 0.93791
1429 0.93803
1430 0.9386
1431 0.93942
1432 0.93956
1433 0.94006
1434 0.94079
1435 0.9416
1436 0.94262
1437 0.94311
1438 0.94358
1439 0.94508
1440 0.94555
1441 0.94595
1442 0.94677
1443 0.94778
1444 0.9488
1445 0.9493
1446 0.94993
1447 0.95025
1448 0.9509
1449 0.95156
1450 0.95253
1451 0.95322
1452 0.95472
1453 0.95551
1454 0.95581
1455 0.95688
1456 0.95729
1457 0.95757
1458 0.95859
1459 0.95877
1460 0.95941
1461 0.96104
1462 0.96161
1463 0.96189
1464 0.96248
1465 0.96266
1466 0.96317
1467 0.96393
1468 0.96398
1469 0.96435
1470 0.96497
1471 0.96567
1472 0.96667
1473 0.96751
1474 0.96776
1475 0.96903
1476 0.96946
1477 0.96975
1478 0.97009
1479 0.97039
1480 0.97045
1481 0.97092
1482 0.97169
1483 0.97283
1484 0.97356
1485 0.97417
1486 0.97564
1487 0.97588
1488 0.97629
1489 0.97717
1490 0.97747
1491 0.97807
1492 0.97872
1493 0.97931
1494 0.97994
1495 0.98015
1496 0.98052
1497 0.9813
1498 0.98171
1499 0.98229
1500 0.98337
1501 0.9842
1502 0.98524
1503 0.98622
1504 0.98751
1505 0.98792
1506 0.98937
1507 0.98967
1508 0.98985
1509 0.99058
1510 0.99131
1511 0.99266
1512 0.99341
1513 0.99375
1514 0.99455
1515 0.996
1516 0.99684
1517 0.99752
1518 0.99815
1519 0.99908
1520 1.00007
# Generated pool n. 7 for Umax = 16.663665771484375
# Generated a biased pool of 100000 with an acceptance of 0.3147100508213043
# Generated a pool of 100000 with an acceptance of 0.003287541091387243
# Generation repeated 1521 times
# Average relative effective sample size: 0.041777171194553375
# Generation efficiency: 0.0006574621959237344
