# Generation 13

0 0.00287
1 0.00427
2 0.00648
3 0.00713
4 0.00864
5 0.01003
6 0.01213
7 0.01314
8 0.01427
9 0.01494
10 0.01622
11 0.02054
12 0.02299
13 0.02535
14 0.02737
15 0.02926
16 0.0308
17 0.03272
18 0.03489
19 0.03734
20 0.03955
21 0.04062
22 0.041
23 0.04302
24 0.04353
25 0.04447
26 0.04878
27 0.04977
28 0.05169
29 0.05381
30 0.05682
31 0.0596
32 0.06255
33 0.06593
34 0.06709
35 0.06802
36 0.07111
37 0.07388
38 0.0753
39 0.07737
40 0.07814
41 0.07882
42 0.07981
43 0.08274
44 0.08405
45 0.08517
46 0.08624
47 0.08869
48 0.08989
49 0.09046
50 0.09315
51 0.09607
52 0.09677
53 0.09829
54 0.09915
55 0.1008
56 0.10302
57 0.10339
58 0.10466
59 0.10776
60 0.10841
61 0.11147
62 0.11228
63 0.11291
64 0.11349
65 0.115
66 0.11568
67 0.11784
68 0.11948
69 0.12237
70 0.12341
71 0.12478
72 0.12604
73 0.12693
74 0.128
75 0.12926
76 0.13049
77 0.13272
78 0.13358
79 0.1362
80 0.13709
81 0.13743
82 0.13807
83 0.14014
84 0.14192
85 0.1435
86 0.14528
87 0.14767
88 0.14969
89 0.15201
90 0.15648
91 0.15877
92 0.16125
93 0.16348
94 0.16566
95 0.16612
96 0.1679
97 0.17093
98 0.17256
99 0.1742
100 0.17538
101 0.17716
102 0.1786
103 0.17946
104 0.18015
105 0.18354
106 0.18514
107 0.18637
108 0.18897
109 0.19021
110 0.19226
111 0.19418
112 0.19559
113 0.19777
114 0.19917
115 0.20241
116 0.20296
117 0.2043
118 0.20663
119 0.20852
120 0.21133
121 0.21345
122 0.21564
123 0.21865
124 0.2213
125 0.22156
126 0.22318
127 0.22437
128 0.22692
129 0.22839
130 0.23045
131 0.232
132 0.23421
133 0.23742
134 0.23877
135 0.24106
136 0.24297
137 0.24404
138 0.24658
139 0.24883
140 0.25187
141 0.25266
142 0.25313
143 0.25481
144 0.25511
145 0.25655
146 0.25856
147 0.26186
148 0.26341
149 0.26633
150 0.26892
151 0.27166
152 0.27314
153 0.27403
154 0.27503
155 0.27782
156 0.27907
157 0.28112
158 0.28288
159 0.28404
160 0.28554
161 0.28802
162 0.28932
163 0.29038
164 0.29327
165 0.29563
166 0.29608
167 0.29708
168 0.29888
169 0.29956
170 0.30122
171 0.30344
172 0.30481
173 0.30645
174 0.30842
175 0.3106
176 0.31183
177 0.31262
178 0.314
179 0.31473
180 0.31545
181 0.31624
182 0.31821
183 0.31988
184 0.32196
185 0.32603
186 0.32745
187 0.32809
188 0.32844
189 0.33003
190 0.33126
191 0.33201
192 0.3331
193 0.33536
194 0.33593
195 0.33762
196 0.33786
197 0.34079
198 0.343
199 0.34558
200 0.34649
201 0.34857
202 0.35009
203 0.35154
204 0.3557
205 0.35652
206 0.35933
207 0.36134
208 0.36399
209 0.3661
210 0.3673
211 0.37033
212 0.37048
213 0.37135
214 0.37229
215 0.37441
216 0.37711
217 0.37955
218 0.38104
219 0.38291
220 0.38534
221 0.38694
222 0.38756
223 0.39015
224 0.3932
225 0.39413
226 0.39436
227 0.39469
228 0.396
229 0.39672
230 0.39754
231 0.3991
232 0.40154
233 0.40213
234 0.40477
235 0.40629
236 0.40793
237 0.40972
238 0.41101
239 0.41293
240 0.41565
241 0.4169
242 0.41822
243 0.41948
244 0.42141
245 0.42346
246 0.42558
247 0.4268
248 0.42862
249 0.43084
250 0.43416
251 0.43509
252 0.43797
253 0.43864
254 0.43981
255 0.44239
256 0.44415
257 0.44549
258 0.44621
259 0.4483
260 0.45068
261 0.45097
262 0.45172
263 0.45479
264 0.45546
265 0.45724
266 0.45849
267 0.45979
268 0.46124
269 0.46208
270 0.46438
271 0.46641
272 0.46744
273 0.47067
274 0.47288
275 0.47542
276 0.47776
277 0.47995
278 0.48252
279 0.48479
280 0.48582
281 0.48644
282 0.48751
283 0.4906
284 0.49241
285 0.4925
286 0.4938
287 0.4962
288 0.49705
289 0.4975
290 0.49755
291 0.50067
292 0.50077
293 0.50154
294 0.50337
295 0.50427
296 0.50618
297 0.50858
298 0.51041
299 0.5126
300 0.51277
301 0.51698
302 0.51863
303 0.52153
304 0.52361
305 0.52571
306 0.52648
307 0.52877
308 0.52977
309 0.53028
310 0.53194
311 0.53388
312 0.53506
313 0.53692
314 0.54014
315 0.5413
316 0.54346
317 0.54421
318 0.54515
319 0.54657
320 0.54876
321 0.55156
322 0.55416
323 0.55579
324 0.55799
325 0.56125
326 0.56226
327 0.56447
328 0.56617
329 0.56793
330 0.56871
331 0.57012
332 0.57162
333 0.57325
334 0.57433
335 0.57766
336 0.58084
337 0.58225
338 0.58406
339 0.58527
340 0.58775
341 0.59017
342 0.59144
343 0.59278
344 0.59429
345 0.59549
346 0.59751
347 0.5987
348 0.60023
349 0.60273
350 0.60499
351 0.60664
352 0.60741
353 0.61054
354 0.61267
355 0.61506
356 0.61745
357 0.61851
358 0.61915
359 0.6205
360 0.62323
361 0.62486
362 0.6256
363 0.62771
364 0.62926
365 0.63154
366 0.63472
367 0.63521
368 0.63619
369 0.63786
370 0.64051
371 0.64136
372 0.64233
373 0.6439
374 0.64571
375 0.64721
376 0.64811
377 0.64947
378 0.65267
379 0.65478
380 0.65757
381 0.66106
382 0.6626
383 0.66417
384 0.66563
385 0.66633
386 0.66796
387 0.66926
388 0.67046
389 0.6716
390 0.67369
391 0.67691
392 0.67948
393 0.68196
394 0.68501
395 0.68578
396 0.68759
397 0.68931
398 0.69161
399 0.69363
400 0.69488
401 0.69853
402 0.70267
403 0.703
404 0.70367
405 0.70517
406 0.70579
407 0.70667
408 0.70832
409 0.70984
410 0.71305
411 0.71449
412 0.71659
413 0.71807
414 0.71936
415 0.72247
416 0.72312
417 0.72463
418 0.72551
419 0.72702
420 0.72917
421 0.73062
422 0.73154
423 0.7337
424 0.73586
425 0.7368
426 0.7391
427 0.7404
428 0.74181
429 0.74403
430 0.74542
431 0.74837
432 0.74868
433 0.74948
434 0.75211
435 0.75349
436 0.75398
437 0.75565
438 0.75686
439 0.75913
440 0.76147
441 0.76272
442 0.76451
443 0.7656
444 0.76722
445 0.76768
446 0.76886
447 0.77043
448 0.77158
449 0.77317
450 0.77429
451 0.77761
452 0.77867
453 0.77993
454 0.78121
455 0.78287
456 0.78458
457 0.78555
458 0.78747
459 0.78791
460 0.78896
461 0.7905
462 0.79204
463 0.79351
464 0.79431
465 0.79566
466 0.79658
467 0.79756
468 0.7984
469 0.80099
470 0.80234
471 0.80397
472 0.80476
473 0.80539
474 0.80668
475 0.80835
476 0.81093
477 0.81269
478 0.81388
479 0.8149
480 0.81665
481 0.81735
482 0.82045
483 0.82218
484 0.82349
485 0.8258
486 0.8273
487 0.82874
488 0.83027
489 0.83139
490 0.83495
491 0.83609
492 0.83758
493 0.83953
494 0.8403
495 0.84257
496 0.84596
497 0.84856
498 0.85062
499 0.85165
500 0.85221
501 0.85536
502 0.85658
503 0.85785
504 0.86052
505 0.86268
506 0.86412
507 0.8645
508 0.86588
509 0.86868
510 0.87041
511 0.87205
512 0.8748
513 0.87671
514 0.87902
515 0.88166
516 0.88336
517 0.88704
518 0.88937
519 0.89005
520 0.89258
521 0.89437
522 0.89718
523 0.89814
524 0.89982
525 0.90285
526 0.90532
527 0.90726
528 0.91077
529 0.91194
530 0.91338
531 0.91511
532 0.91613
533 0.91733
534 0.92006
535 0.92076
536 0.92347
537 0.92563
538 0.92862
539 0.9292
540 0.92934
541 0.92991
542 0.93196
543 0.93295
544 0.93574
545 0.93683
546 0.93739
547 0.94
548 0.94196
549 0.94337
550 0.94453
551 0.945
552 0.94647
553 0.94674
554 0.95005
555 0.95248
556 0.9553
557 0.95672
558 0.95809
559 0.95982
560 0.96073
561 0.96198
562 0.96214
563 0.96399
564 0.9651
565 0.96654
566 0.96717
567 0.96826
568 0.96923
569 0.96944
570 0.97119
571 0.97185
572 0.97335
573 0.97384
574 0.97413
575 0.97642
576 0.9787
577 0.9809
578 0.98238
579 0.98298
580 0.98445
581 0.98616
582 0.98861
583 0.9911
584 0.99222
585 0.99385
586 0.9953
587 0.99608
588 0.9976
589 0.99964
590 1.00289
# Generated pool n. 13 for Umax = -12.485139846801758
# Generated a biased pool of 100000 with an acceptance of 0.4628673791885376
# Generated a pool of 100000 with an acceptance of 0.00848468697123519
# Generation repeated 591 times
# Average relative effective sample size: 0.13123740255832672
# Generation efficiency: 0.001692047377326565
