# Generation 10

0 0.002
1 0.00306
2 0.00345
3 0.00452
4 0.00571
5 0.00737
6 0.00738
7 0.00961
8 0.01105
9 0.01162
10 0.01284
11 0.01447
12 0.01677
13 0.01719
14 0.01864
15 0.02061
16 0.02157
17 0.02266
18 0.0239
19 0.02546
20 0.02624
21 0.02887
22 0.0295
23 0.03094
24 0.03244
25 0.03364
26 0.03471
27 0.03538
28 0.0368
29 0.03821
30 0.03835
31 0.03949
32 0.04122
33 0.04323
34 0.04555
35 0.04615
36 0.04808
37 0.04972
38 0.05122
39 0.05282
40 0.05418
41 0.05609
42 0.05728
43 0.05831
44 0.05996
45 0.05997
46 0.06172
47 0.06398
48 0.06477
49 0.06594
50 0.0676
51 0.0687
52 0.06877
53 0.06956
54 0.06975
55 0.06994
56 0.07104
57 0.07279
58 0.07302
59 0.07352
60 0.0741
61 0.07564
62 0.07853
63 0.07897
64 0.08072
65 0.08172
66 0.08473
67 0.08634
68 0.08705
69 0.0884
70 0.08916
71 0.08959
72 0.09217
73 0.09232
74 0.09399
75 0.09413
76 0.09687
77 0.09885
78 0.09923
79 0.09994
80 0.10122
81 0.10174
82 0.1031
83 0.10391
84 0.10499
85 0.10575
86 0.10726
87 0.10771
88 0.10861
89 0.10925
90 0.11013
91 0.1112
92 0.11383
93 0.11478
94 0.11677
95 0.1186
96 0.11968
97 0.12036
98 0.12059
99 0.12222
100 0.12385
101 0.12504
102 0.12589
103 0.12786
104 0.12878
105 0.12969
106 0.13133
107 0.13236
108 0.13384
109 0.13397
110 0.13521
111 0.13593
112 0.13651
113 0.13671
114 0.13743
115 0.13908
116 0.14035
117 0.14143
118 0.14198
119 0.14275
120 0.1434
121 0.14456
122 0.14537
123 0.14723
124 0.14779
125 0.14846
126 0.14898
127 0.14901
128 0.15001
129 0.15033
130 0.15086
131 0.15236
132 0.15278
133 0.15414
134 0.15538
135 0.15586
136 0.15737
137 0.15861
138 0.15936
139 0.161
140 0.16242
141 0.16366
142 0.16458
143 0.16731
144 0.16846
145 0.16946
146 0.17174
147 0.17288
148 0.17387
149 0.17439
150 0.17562
151 0.17599
152 0.17896
153 0.17997
154 0.18074
155 0.18165
156 0.18309
157 0.18452
158 0.18636
159 0.18857
160 0.19103
161 0.192
162 0.19269
163 0.19456
164 0.19512
165 0.19598
166 0.1966
167 0.19881
168 0.19987
169 0.20101
170 0.20245
171 0.20416
172 0.20436
173 0.206
174 0.20648
175 0.20889
176 0.21048
177 0.21112
178 0.21229
179 0.21255
180 0.21313
181 0.21524
182 0.21669
183 0.21835
184 0.21951
185 0.22095
186 0.22275
187 0.22489
188 0.22584
189 0.22642
190 0.22756
191 0.22864
192 0.22989
193 0.23172
194 0.23284
195 0.23375
196 0.23497
197 0.2362
198 0.23753
199 0.23839
200 0.24112
201 0.24326
202 0.24485
203 0.2471
204 0.24931
205 0.25022
206 0.2509
207 0.2533
208 0.2538
209 0.25578
210 0.25652
211 0.25821
212 0.25885
213 0.25987
214 0.26074
215 0.26273
216 0.26439
217 0.26576
218 0.26723
219 0.26813
220 0.27079
221 0.27158
222 0.27248
223 0.27403
224 0.2746
225 0.27567
226 0.27629
227 0.27728
228 0.27757
229 0.27818
230 0.27959
231 0.28106
232 0.28207
233 0.28391
234 0.28488
235 0.28692
236 0.28783
237 0.28859
238 0.28942
239 0.29029
240 0.2913
241 0.29264
242 0.29304
243 0.29385
244 0.29466
245 0.29548
246 0.29668
247 0.29811
248 0.29873
249 0.29995
250 0.30129
251 0.30233
252 0.30251
253 0.30384
254 0.30416
255 0.30519
256 0.30702
257 0.30897
258 0.31014
259 0.31125
260 0.31206
261 0.31341
262 0.31411
263 0.31471
264 0.31671
265 0.3192
266 0.32063
267 0.32155
268 0.32451
269 0.32545
270 0.3258
271 0.32694
272 0.32842
273 0.32959
274 0.33114
275 0.33255
276 0.33259
277 0.33279
278 0.33308
279 0.33395
280 0.33475
281 0.33634
282 0.33677
283 0.33864
284 0.33925
285 0.33962
286 0.34099
287 0.34246
288 0.34497
289 0.34538
290 0.34623
291 0.34785
292 0.3488
293 0.35076
294 0.35134
295 0.35371
296 0.35506
297 0.35753
298 0.35836
299 0.35882
300 0.35956
301 0.36195
302 0.36276
303 0.36325
304 0.36441
305 0.36542
306 0.36586
307 0.36721
308 0.36843
309 0.36944
310 0.36955
311 0.37056
312 0.37291
313 0.37423
314 0.37581
315 0.37638
316 0.37647
317 0.37778
318 0.37832
319 0.38043
320 0.38167
321 0.38352
322 0.38524
323 0.38592
324 0.38702
325 0.38967
326 0.38995
327 0.39213
328 0.39327
329 0.39407
330 0.39483
331 0.39633
332 0.39743
333 0.39828
334 0.39875
335 0.40047
336 0.40127
337 0.40165
338 0.40204
339 0.4031
340 0.40514
341 0.40689
342 0.40833
343 0.40874
344 0.40938
345 0.41016
346 0.412
347 0.41273
348 0.41425
349 0.41526
350 0.41746
351 0.41802
352 0.41853
353 0.4197
354 0.42166
355 0.42194
356 0.42318
357 0.42364
358 0.42469
359 0.42494
360 0.42522
361 0.42814
362 0.42963
363 0.43074
364 0.43166
365 0.43222
366 0.43302
367 0.43513
368 0.43566
369 0.43806
370 0.44017
371 0.44148
372 0.44176
373 0.44328
374 0.44353
375 0.44475
376 0.44535
377 0.44605
378 0.44807
379 0.4488
380 0.45129
381 0.45264
382 0.45327
383 0.45427
384 0.45524
385 0.45547
386 0.45555
387 0.45625
388 0.45732
389 0.45754
390 0.45836
391 0.45883
392 0.46086
393 0.46293
394 0.46556
395 0.46671
396 0.46736
397 0.46803
398 0.46901
399 0.46994
400 0.47085
401 0.47266
402 0.47354
403 0.47476
404 0.47594
405 0.47655
406 0.47783
407 0.47811
408 0.47904
409 0.47943
410 0.48061
411 0.48174
412 0.48225
413 0.48321
414 0.48329
415 0.48455
416 0.48539
417 0.48646
418 0.48672
419 0.49056
420 0.49116
421 0.49274
422 0.49478
423 0.49723
424 0.49907
425 0.50025
426 0.50259
427 0.50322
428 0.50468
429 0.50516
430 0.50615
431 0.50842
432 0.5091
433 0.51044
434 0.51115
435 0.51126
436 0.51159
437 0.51263
438 0.51437
439 0.51499
440 0.51606
441 0.51689
442 0.51733
443 0.51812
444 0.51945
445 0.52138
446 0.52303
447 0.52361
448 0.52676
449 0.52772
450 0.52915
451 0.52992
452 0.53016
453 0.53026
454 0.53069
455 0.5333
456 0.53428
457 0.53574
458 0.53641
459 0.53739
460 0.53853
461 0.54048
462 0.5417
463 0.5431
464 0.54466
465 0.54641
466 0.54853
467 0.54974
468 0.55084
469 0.55113
470 0.55215
471 0.5533
472 0.55501
473 0.55558
474 0.55749
475 0.55897
476 0.56141
477 0.56191
478 0.56225
479 0.56331
480 0.56365
481 0.56467
482 0.56513
483 0.56631
484 0.56758
485 0.57006
486 0.57082
487 0.57114
488 0.57191
489 0.57319
490 0.57436
491 0.57464
492 0.57583
493 0.57697
494 0.5782
495 0.57955
496 0.58089
497 0.58212
498 0.58271
499 0.58459
500 0.58652
501 0.58667
502 0.58761
503 0.58939
504 0.58969
505 0.59261
506 0.59407
507 0.59477
508 0.596
509 0.59748
510 0.59981
511 0.60067
512 0.60165
513 0.60203
514 0.60247
515 0.605
516 0.60616
517 0.60727
518 0.6084
519 0.60888
520 0.60961
521 0.61215
522 0.61374
523 0.61661
524 0.61777
525 0.61812
526 0.61825
527 0.6188
528 0.6194
529 0.62062
530 0.62114
531 0.62214
532 0.62248
533 0.62288
534 0.62435
535 0.6265
536 0.62792
537 0.62844
538 0.6295
539 0.6297
540 0.63031
541 0.63056
542 0.63169
543 0.63378
544 0.63532
545 0.63707
546 0.63757
547 0.63931
548 0.63972
549 0.6403
550 0.64172
551 0.64348
552 0.64406
553 0.64511
554 0.64732
555 0.64958
556 0.65066
557 0.65383
558 0.6546
559 0.65615
560 0.65625
561 0.65778
562 0.65922
563 0.66002
564 0.66097
565 0.66245
566 0.66389
567 0.66413
568 0.66561
569 0.66754
570 0.66813
571 0.66959
572 0.67123
573 0.67136
574 0.67198
575 0.67348
576 0.67426
577 0.67542
578 0.67747
579 0.67757
580 0.67857
581 0.68041
582 0.68084
583 0.68154
584 0.682
585 0.68301
586 0.68405
587 0.68431
588 0.6848
589 0.68572
590 0.68664
591 0.68795
592 0.68922
593 0.69051
594 0.69209
595 0.69224
596 0.69312
597 0.69482
598 0.69696
599 0.6977
600 0.69792
601 0.69901
602 0.69984
603 0.70057
604 0.70096
605 0.70116
606 0.70131
607 0.70214
608 0.70454
609 0.70548
610 0.70685
611 0.70695
612 0.70777
613 0.70994
614 0.71178
615 0.71305
616 0.71355
617 0.71615
618 0.71705
619 0.71733
620 0.71845
621 0.7187
622 0.72057
623 0.72211
624 0.72391
625 0.72566
626 0.72794
627 0.73021
628 0.73154
629 0.73178
630 0.73231
631 0.7344
632 0.73563
633 0.73683
634 0.7386
635 0.74177
636 0.74269
637 0.74441
638 0.74571
639 0.74646
640 0.74799
641 0.7491
642 0.75032
643 0.75065
644 0.75155
645 0.75226
646 0.75334
647 0.75491
648 0.75569
649 0.75633
650 0.75683
651 0.75811
652 0.75834
653 0.76084
654 0.76137
655 0.76312
656 0.76527
657 0.76708
658 0.76759
659 0.76898
660 0.7695
661 0.77001
662 0.77079
663 0.77109
664 0.77227
665 0.77327
666 0.7746
667 0.77507
668 0.77779
669 0.778
670 0.78023
671 0.78099
672 0.78245
673 0.78301
674 0.78335
675 0.78489
676 0.78661
677 0.78685
678 0.78804
679 0.78929
680 0.78999
681 0.79105
682 0.79123
683 0.79231
684 0.79444
685 0.79498
686 0.79623
687 0.79687
688 0.7976
689 0.798
690 0.80017
691 0.80271
692 0.80378
693 0.80449
694 0.80559
695 0.80706
696 0.80893
697 0.80924
698 0.81007
699 0.81019
700 0.81147
701 0.81288
702 0.81307
703 0.81457
704 0.81596
705 0.81782
706 0.81862
707 0.81946
708 0.82124
709 0.82161
710 0.82209
711 0.82256
712 0.82408
713 0.82542
714 0.82636
715 0.82694
716 0.82947
717 0.83214
718 0.83303
719 0.83377
720 0.83412
721 0.83532
722 0.83586
723 0.83678
724 0.83726
725 0.83756
726 0.83873
727 0.83925
728 0.84063
729 0.84164
730 0.84281
731 0.8451
732 0.84584
733 0.84716
734 0.84851
735 0.8506
736 0.85076
737 0.85084
738 0.85193
739 0.85489
740 0.85572
741 0.85669
742 0.85731
743 0.8584
744 0.85962
745 0.86161
746 0.86248
747 0.86339
748 0.86403
749 0.86468
750 0.86509
751 0.86671
752 0.86764
753 0.86967
754 0.87125
755 0.87147
756 0.87389
757 0.87625
758 0.87722
759 0.87814
760 0.87838
761 0.87853
762 0.87944
763 0.88064
764 0.8813
765 0.88227
766 0.88258
767 0.8842
768 0.88446
769 0.88572
770 0.88675
771 0.88761
772 0.88898
773 0.88942
774 0.89093
775 0.89209
776 0.89369
777 0.89408
778 0.89507
779 0.89618
780 0.89781
781 0.90023
782 0.90149
783 0.90324
784 0.90546
785 0.90742
786 0.90849
787 0.90944
788 0.90977
789 0.91174
790 0.91206
791 0.91323
792 0.91464
793 0.91466
794 0.91561
795 0.91663
796 0.91845
797 0.91887
798 0.92204
799 0.92354
800 0.92592
801 0.92748
802 0.92842
803 0.9293
804 0.93073
805 0.93304
806 0.93339
807 0.93477
808 0.93554
809 0.93591
810 0.93773
811 0.93948
812 0.94223
813 0.94274
814 0.94337
815 0.94487
816 0.94606
817 0.94809
818 0.94897
819 0.95073
820 0.95125
821 0.95277
822 0.95351
823 0.95419
824 0.95447
825 0.95589
826 0.95643
827 0.95713
828 0.95826
829 0.95893
830 0.95909
831 0.96069
832 0.96161
833 0.96289
834 0.96532
835 0.9662
836 0.96843
837 0.9707
838 0.9718
839 0.97237
840 0.97455
841 0.97491
842 0.97586
843 0.97643
844 0.97798
845 0.97943
846 0.97999
847 0.98133
848 0.98194
849 0.98249
850 0.98417
851 0.98595
852 0.98797
853 0.98903
854 0.9906
855 0.99257
856 0.99285
857 0.99367
858 0.99437
859 0.99517
860 0.99762
861 0.99847
862 1.00033
# Generated pool n. 10 for Umax = -6.793993949890137
# Generated a biased pool of 100000 with an acceptance of 0.44270244240760803
# Generated a pool of 100000 with an acceptance of 0.00579565469293163
# Generation repeated 863 times
# Average relative effective sample size: 0.09196847677230835
# Generation efficiency: 0.0011587485515643105
