# Generation 20

0 0.00245
1 0.00312
2 0.00448
3 0.00623
4 0.00855
5 0.00857
6 0.00896
7 0.01123
8 0.01238
9 0.01308
10 0.01314
11 0.01437
12 0.01512
13 0.01798
14 0.02006
15 0.02138
16 0.02337
17 0.02492
18 0.02673
19 0.02742
20 0.0289
21 0.03014
22 0.03084
23 0.03204
24 0.03426
25 0.03576
26 0.03677
27 0.03927
28 0.03991
29 0.04118
30 0.04267
31 0.04325
32 0.04482
33 0.04657
34 0.04749
35 0.04779
36 0.04951
37 0.04978
38 0.05207
39 0.05478
40 0.05554
41 0.05746
42 0.05791
43 0.05921
44 0.05986
45 0.0619
46 0.06428
47 0.06523
48 0.06677
49 0.0675
50 0.06797
51 0.06814
52 0.06936
53 0.07009
54 0.07181
55 0.07356
56 0.07392
57 0.07432
58 0.07484
59 0.07588
60 0.07742
61 0.07908
62 0.08039
63 0.08275
64 0.08423
65 0.08534
66 0.08712
67 0.08771
68 0.08873
69 0.08983
70 0.09015
71 0.09049
72 0.09057
73 0.0919
74 0.0939
75 0.0961
76 0.09749
77 0.09883
78 0.10091
79 0.10283
80 0.10387
81 0.10603
82 0.10708
83 0.10822
84 0.10952
85 0.11013
86 0.11033
87 0.11154
88 0.11395
89 0.11495
90 0.11592
91 0.11643
92 0.11858
93 0.11921
94 0.12074
95 0.12184
96 0.12284
97 0.12396
98 0.12605
99 0.12776
100 0.12905
101 0.13015
102 0.13109
103 0.13271
104 0.13323
105 0.13378
106 0.13454
107 0.13582
108 0.13688
109 0.13832
110 0.13873
111 0.14003
112 0.14259
113 0.144
114 0.1453
115 0.14677
116 0.14748
117 0.14861
118 0.15102
119 0.15145
120 0.15249
121 0.15389
122 0.15551
123 0.15632
124 0.15816
125 0.15885
126 0.16071
127 0.16227
128 0.16321
129 0.16415
130 0.16571
131 0.16928
132 0.16978
133 0.17055
134 0.17204
135 0.17426
136 0.17462
137 0.17553
138 0.17723
139 0.17772
140 0.17878
141 0.17938
142 0.18015
143 0.18045
144 0.18177
145 0.18323
146 0.18481
147 0.18555
148 0.18789
149 0.18899
150 0.18954
151 0.19003
152 0.19062
153 0.19147
154 0.19301
155 0.19419
156 0.1952
157 0.19698
158 0.19923
159 0.20002
160 0.20067
161 0.20112
162 0.20211
163 0.20368
164 0.2043
165 0.20486
166 0.20652
167 0.2071
168 0.20767
169 0.20851
170 0.20971
171 0.21153
172 0.21297
173 0.21328
174 0.21532
175 0.21714
176 0.21876
177 0.22016
178 0.22064
179 0.2216
180 0.22416
181 0.22565
182 0.22767
183 0.22865
184 0.23034
185 0.232
186 0.2327
187 0.23333
188 0.23461
189 0.23641
190 0.23852
191 0.23977
192 0.24125
193 0.24261
194 0.24407
195 0.24618
196 0.24869
197 0.25056
198 0.25186
199 0.25211
200 0.25318
201 0.25388
202 0.25497
203 0.2566
204 0.25756
205 0.25898
206 0.26061
207 0.26158
208 0.26222
209 0.26453
210 0.26502
211 0.26542
212 0.26731
213 0.26847
214 0.26968
215 0.27162
216 0.27306
217 0.27418
218 0.27596
219 0.27641
220 0.27691
221 0.27791
222 0.27906
223 0.28036
224 0.28064
225 0.28226
226 0.28417
227 0.28637
228 0.28666
229 0.28773
230 0.28933
231 0.28993
232 0.2911
233 0.29206
234 0.29403
235 0.29468
236 0.29646
237 0.29738
238 0.29922
239 0.30078
240 0.30144
241 0.30219
242 0.30324
243 0.30476
244 0.30619
245 0.30798
246 0.30842
247 0.30979
248 0.31176
249 0.31378
250 0.31427
251 0.31679
252 0.31748
253 0.31951
254 0.32036
255 0.32115
256 0.32313
257 0.3242
258 0.32549
259 0.32632
260 0.32777
261 0.32879
262 0.32944
263 0.33129
264 0.33271
265 0.33489
266 0.33651
267 0.33785
268 0.3381
269 0.33991
270 0.34046
271 0.34192
272 0.34245
273 0.34372
274 0.34407
275 0.34502
276 0.34547
277 0.34726
278 0.34773
279 0.34879
280 0.35033
281 0.35138
282 0.35247
283 0.35299
284 0.35479
285 0.35541
286 0.35826
287 0.36005
288 0.36115
289 0.36256
290 0.36366
291 0.36388
292 0.36442
293 0.36493
294 0.36674
295 0.36865
296 0.37163
297 0.37204
298 0.37367
299 0.37436
300 0.37558
301 0.37632
302 0.37714
303 0.37842
304 0.37946
305 0.37985
306 0.38104
307 0.38141
308 0.38211
309 0.38273
310 0.38336
311 0.38406
312 0.38515
313 0.38663
314 0.38885
315 0.38912
316 0.39036
317 0.3931
318 0.39441
319 0.39593
320 0.39752
321 0.39979
322 0.40107
323 0.40201
324 0.40302
325 0.40438
326 0.40607
327 0.40711
328 0.40855
329 0.40917
330 0.41136
331 0.41274
332 0.4135
333 0.4146
334 0.41502
335 0.41611
336 0.41765
337 0.41828
338 0.41924
339 0.42041
340 0.42122
341 0.4217
342 0.42218
343 0.42284
344 0.42368
345 0.42408
346 0.42521
347 0.42686
348 0.4272
349 0.42993
350 0.4302
351 0.43136
352 0.43228
353 0.43324
354 0.43431
355 0.43625
356 0.43714
357 0.43776
358 0.43855
359 0.43909
360 0.44012
361 0.44176
362 0.44306
363 0.44366
364 0.44571
365 0.44713
366 0.44889
367 0.45102
368 0.4523
369 0.45286
370 0.45408
371 0.45425
372 0.45439
373 0.45502
374 0.45605
375 0.45687
376 0.45853
377 0.46007
378 0.46126
379 0.46236
380 0.46385
381 0.46449
382 0.46569
383 0.46688
384 0.46689
385 0.46805
386 0.4695
387 0.4712
388 0.47182
389 0.47319
390 0.47525
391 0.4763
392 0.47734
393 0.47755
394 0.47913
395 0.48037
396 0.48087
397 0.48122
398 0.48193
399 0.48268
400 0.48379
401 0.48534
402 0.48695
403 0.48812
404 0.4892
405 0.49104
406 0.49207
407 0.49298
408 0.49362
409 0.49411
410 0.49499
411 0.49642
412 0.49812
413 0.49895
414 0.49995
415 0.50062
416 0.50119
417 0.50289
418 0.50486
419 0.50548
420 0.50609
421 0.50773
422 0.50839
423 0.50949
424 0.51102
425 0.51151
426 0.51336
427 0.51417
428 0.51557
429 0.51579
430 0.51685
431 0.51868
432 0.51965
433 0.52097
434 0.52163
435 0.52226
436 0.5238
437 0.5248
438 0.52532
439 0.52608
440 0.52693
441 0.52783
442 0.52844
443 0.53047
444 0.53212
445 0.53222
446 0.53338
447 0.53366
448 0.53501
449 0.53672
450 0.53886
451 0.53981
452 0.54079
453 0.54155
454 0.54241
455 0.54386
456 0.5439
457 0.54523
458 0.546
459 0.54809
460 0.55
461 0.55044
462 0.55244
463 0.55304
464 0.55455
465 0.55548
466 0.55557
467 0.5562
468 0.55748
469 0.55903
470 0.56081
471 0.56318
472 0.56445
473 0.56592
474 0.56706
475 0.56865
476 0.56941
477 0.5708
478 0.57207
479 0.57405
480 0.57642
481 0.57701
482 0.57771
483 0.57967
484 0.58044
485 0.58182
486 0.58336
487 0.58513
488 0.58708
489 0.58786
490 0.58838
491 0.58902
492 0.59062
493 0.59243
494 0.59302
495 0.59399
496 0.59464
497 0.59556
498 0.59803
499 0.60001
500 0.60105
501 0.60233
502 0.60366
503 0.60525
504 0.60587
505 0.60715
506 0.60787
507 0.60923
508 0.6103
509 0.61157
510 0.61337
511 0.61435
512 0.61515
513 0.61629
514 0.61737
515 0.61748
516 0.61766
517 0.6191
518 0.62209
519 0.62281
520 0.62379
521 0.62569
522 0.6259
523 0.62753
524 0.62804
525 0.62891
526 0.62967
527 0.63092
528 0.63212
529 0.63357
530 0.63555
531 0.63708
532 0.63735
533 0.63823
534 0.63882
535 0.63941
536 0.64089
537 0.64204
538 0.64211
539 0.64411
540 0.64493
541 0.64583
542 0.64673
543 0.64732
544 0.64785
545 0.64874
546 0.64996
547 0.65056
548 0.65173
549 0.65195
550 0.65348
551 0.65377
552 0.65609
553 0.65763
554 0.65874
555 0.66039
556 0.66134
557 0.66266
558 0.66346
559 0.6647
560 0.66482
561 0.66491
562 0.66589
563 0.66647
564 0.66734
565 0.66827
566 0.66948
567 0.66989
568 0.67157
569 0.67175
570 0.67265
571 0.6739
572 0.67483
573 0.67567
574 0.67634
575 0.67765
576 0.67846
577 0.67873
578 0.68126
579 0.68295
580 0.68341
581 0.68417
582 0.68464
583 0.68644
584 0.68792
585 0.68887
586 0.69039
587 0.6922
588 0.69403
589 0.69619
590 0.69773
591 0.69865
592 0.70014
593 0.70149
594 0.70172
595 0.70324
596 0.70459
597 0.70531
598 0.70612
599 0.70767
600 0.70931
601 0.71087
602 0.71306
603 0.71379
604 0.71526
605 0.71661
606 0.71748
607 0.71912
608 0.72055
609 0.72118
610 0.72187
611 0.72282
612 0.72444
613 0.72526
614 0.72568
615 0.72644
616 0.72887
617 0.72908
618 0.73038
619 0.73076
620 0.73213
621 0.73226
622 0.73346
623 0.73457
624 0.73497
625 0.73646
626 0.73857
627 0.73938
628 0.73975
629 0.7424
630 0.74361
631 0.74429
632 0.74495
633 0.74602
634 0.74775
635 0.74894
636 0.75021
637 0.75136
638 0.75297
639 0.75447
640 0.75582
641 0.75681
642 0.75786
643 0.75912
644 0.76086
645 0.76167
646 0.76246
647 0.76398
648 0.76449
649 0.76632
650 0.76668
651 0.76687
652 0.76784
653 0.76815
654 0.76891
655 0.76922
656 0.76951
657 0.76995
658 0.77206
659 0.77261
660 0.77371
661 0.77552
662 0.77642
663 0.77749
664 0.77878
665 0.7798
666 0.78085
667 0.78202
668 0.78334
669 0.78442
670 0.78515
671 0.7864
672 0.78716
673 0.78832
674 0.7889
675 0.7896
676 0.79094
677 0.79165
678 0.79259
679 0.79447
680 0.79519
681 0.79581
682 0.79687
683 0.79705
684 0.79774
685 0.79932
686 0.80047
687 0.80181
688 0.80259
689 0.8054
690 0.80772
691 0.80897
692 0.80929
693 0.81066
694 0.81134
695 0.8132
696 0.81431
697 0.81518
698 0.81631
699 0.81687
700 0.81752
701 0.81808
702 0.81876
703 0.81927
704 0.82002
705 0.82108
706 0.82223
707 0.82364
708 0.82616
709 0.82744
710 0.82852
711 0.82983
712 0.83153
713 0.83219
714 0.83287
715 0.83442
716 0.83502
717 0.8359
718 0.83634
719 0.83794
720 0.83893
721 0.83955
722 0.84013
723 0.84118
724 0.84214
725 0.84232
726 0.84417
727 0.84519
728 0.84649
729 0.84729
730 0.84902
731 0.85008
732 0.85023
733 0.85171
734 0.85246
735 0.85327
736 0.85357
737 0.85522
738 0.85747
739 0.85831
740 0.85963
741 0.86079
742 0.8627
743 0.8644
744 0.86557
745 0.86654
746 0.86688
747 0.86832
748 0.86956
749 0.87002
750 0.87146
751 0.87326
752 0.87482
753 0.87533
754 0.87729
755 0.87774
756 0.87936
757 0.88207
758 0.8839
759 0.88467
760 0.88556
761 0.8872
762 0.88817
763 0.88886
764 0.88994
765 0.89065
766 0.89118
767 0.89265
768 0.89459
769 0.89526
770 0.89664
771 0.89817
772 0.89995
773 0.9017
774 0.90308
775 0.90389
776 0.90545
777 0.90726
778 0.90828
779 0.90976
780 0.91068
781 0.91209
782 0.91335
783 0.91516
784 0.91669
785 0.91742
786 0.91772
787 0.91959
788 0.92096
789 0.92294
790 0.92481
791 0.92522
792 0.92595
793 0.92743
794 0.92817
795 0.93017
796 0.93066
797 0.93269
798 0.93595
799 0.93642
800 0.93735
801 0.93952
802 0.94116
803 0.94233
804 0.94365
805 0.94539
806 0.94576
807 0.94727
808 0.94999
809 0.95155
810 0.95204
811 0.95357
812 0.95413
813 0.9555
814 0.95657
815 0.95819
816 0.95942
817 0.96111
818 0.96263
819 0.96437
820 0.96593
821 0.96657
822 0.96744
823 0.96926
824 0.96969
825 0.97135
826 0.97281
827 0.97386
828 0.97425
829 0.9757
830 0.97669
831 0.97848
832 0.98003
833 0.98216
834 0.98294
835 0.98469
836 0.98477
837 0.985
838 0.98771
839 0.98963
840 0.99061
841 0.99266
842 0.99425
843 0.9951
844 0.99609
845 0.99688
846 0.99857
847 0.99991
848 1.00129
# Generated pool n. 20 for Umax = -14.746711730957031
# Generated a biased pool of 100000 with an acceptance of 0.30955809354782104
# Generated a pool of 100000 with an acceptance of 0.005896878680800937
# Generation repeated 849 times
# Average relative effective sample size: 0.07690764963626862
# Generation efficiency: 0.001177856301531213
