# Generation 11

0 0.00212
1 0.00483
2 0.00627
3 0.00704
4 0.00954
5 0.01155
6 0.01267
7 0.01429
8 0.01614
9 0.01657
10 0.01832
11 0.01943
12 0.01985
13 0.02181
14 0.02408
15 0.02501
16 0.02527
17 0.02647
18 0.02728
19 0.02801
20 0.02882
21 0.02883
22 0.02897
23 0.03102
24 0.03278
25 0.03429
26 0.03564
27 0.03654
28 0.03762
29 0.0386
30 0.03918
31 0.04078
32 0.04251
33 0.04418
34 0.04507
35 0.04554
36 0.04789
37 0.04896
38 0.05014
39 0.0508
40 0.0525
41 0.05439
42 0.05612
43 0.05745
44 0.05831
45 0.06023
46 0.06158
47 0.06334
48 0.06424
49 0.06579
50 0.06723
51 0.06792
52 0.07089
53 0.07247
54 0.07308
55 0.07475
56 0.07544
57 0.07601
58 0.0764
59 0.07725
60 0.07894
61 0.08204
62 0.08303
63 0.0846
64 0.08761
65 0.08882
66 0.08948
67 0.09062
68 0.09301
69 0.09402
70 0.0948
71 0.09501
72 0.0961
73 0.09648
74 0.09726
75 0.09916
76 0.10152
77 0.10226
78 0.10308
79 0.10463
80 0.10533
81 0.10762
82 0.10819
83 0.10987
84 0.11028
85 0.11133
86 0.11288
87 0.11445
88 0.1152
89 0.11622
90 0.11828
91 0.1201
92 0.12129
93 0.123
94 0.12534
95 0.12647
96 0.1272
97 0.12779
98 0.1298
99 0.13024
100 0.13241
101 0.13354
102 0.13471
103 0.13524
104 0.13796
105 0.14089
106 0.14358
107 0.14522
108 0.14639
109 0.14719
110 0.14805
111 0.15014
112 0.15024
113 0.15038
114 0.15144
115 0.15164
116 0.15279
117 0.15396
118 0.1549
119 0.15575
120 0.15604
121 0.15725
122 0.15892
123 0.15988
124 0.16092
125 0.16274
126 0.16389
127 0.1648
128 0.16655
129 0.16735
130 0.16947
131 0.17246
132 0.17426
133 0.17464
134 0.17494
135 0.17619
136 0.17639
137 0.17937
138 0.18081
139 0.18415
140 0.18564
141 0.18613
142 0.18782
143 0.1887
144 0.18983
145 0.19327
146 0.19437
147 0.19696
148 0.19747
149 0.19797
150 0.19817
151 0.19994
152 0.20311
153 0.2044
154 0.20563
155 0.20689
156 0.20826
157 0.20986
158 0.21138
159 0.21267
160 0.21456
161 0.21561
162 0.21615
163 0.21713
164 0.21934
165 0.22156
166 0.22466
167 0.22484
168 0.22606
169 0.22763
170 0.22774
171 0.22975
172 0.23049
173 0.23092
174 0.2333
175 0.23412
176 0.23543
177 0.23704
178 0.23829
179 0.2397
180 0.24099
181 0.24245
182 0.24362
183 0.24422
184 0.24554
185 0.2462
186 0.24689
187 0.24736
188 0.25002
189 0.2507
190 0.2517
191 0.25254
192 0.25447
193 0.25562
194 0.25617
195 0.25686
196 0.26032
197 0.26191
198 0.26435
199 0.2653
200 0.26604
201 0.26733
202 0.26905
203 0.27042
204 0.27301
205 0.27312
206 0.27547
207 0.2774
208 0.27876
209 0.27935
210 0.2801
211 0.28063
212 0.28121
213 0.28205
214 0.28349
215 0.28419
216 0.28552
217 0.28626
218 0.2872
219 0.28827
220 0.28944
221 0.29131
222 0.29189
223 0.29408
224 0.2961
225 0.29802
226 0.29981
227 0.30272
228 0.30527
229 0.30641
230 0.30712
231 0.30801
232 0.30902
233 0.30989
234 0.31161
235 0.31337
236 0.31548
237 0.31836
238 0.32059
239 0.3226
240 0.32415
241 0.32564
242 0.32669
243 0.32895
244 0.33106
245 0.33315
246 0.33431
247 0.3353
248 0.33576
249 0.3376
250 0.33842
251 0.33874
252 0.33933
253 0.33992
254 0.34292
255 0.34476
256 0.34502
257 0.34524
258 0.34788
259 0.34901
260 0.3493
261 0.35195
262 0.35353
263 0.35433
264 0.35513
265 0.35653
266 0.35737
267 0.35837
268 0.36049
269 0.36138
270 0.36306
271 0.36473
272 0.36529
273 0.36708
274 0.36916
275 0.36966
276 0.37208
277 0.37269
278 0.37389
279 0.37561
280 0.37631
281 0.37822
282 0.38057
283 0.38169
284 0.38392
285 0.38514
286 0.38579
287 0.38745
288 0.38868
289 0.391
290 0.39285
291 0.3941
292 0.39608
293 0.3975
294 0.39992
295 0.40203
296 0.40316
297 0.40403
298 0.4048
299 0.40657
300 0.40732
301 0.40892
302 0.40946
303 0.40988
304 0.41039
305 0.41211
306 0.41367
307 0.41381
308 0.41394
309 0.41489
310 0.41672
311 0.41841
312 0.41903
313 0.42039
314 0.42355
315 0.42545
316 0.42671
317 0.42711
318 0.42864
319 0.43035
320 0.43257
321 0.43447
322 0.43622
323 0.43737
324 0.43827
325 0.43965
326 0.44088
327 0.44206
328 0.44338
329 0.44433
330 0.44511
331 0.44761
332 0.44914
333 0.44935
334 0.45031
335 0.45065
336 0.4522
337 0.45339
338 0.45525
339 0.45567
340 0.45598
341 0.45657
342 0.45826
343 0.4595
344 0.46188
345 0.46245
346 0.46438
347 0.46444
348 0.46566
349 0.46717
350 0.46998
351 0.47034
352 0.47164
353 0.47181
354 0.47353
355 0.47451
356 0.47711
357 0.47945
358 0.48155
359 0.48191
360 0.48414
361 0.48513
362 0.48712
363 0.48759
364 0.4891
365 0.49069
366 0.4924
367 0.49312
368 0.49403
369 0.49575
370 0.49903
371 0.5004
372 0.50135
373 0.50305
374 0.50485
375 0.50673
376 0.50774
377 0.5082
378 0.50922
379 0.51036
380 0.51238
381 0.51373
382 0.51505
383 0.51763
384 0.51866
385 0.51942
386 0.52159
387 0.5232
388 0.52553
389 0.52594
390 0.5276
391 0.52803
392 0.52844
393 0.52981
394 0.53117
395 0.53416
396 0.53569
397 0.538
398 0.54087
399 0.54196
400 0.543
401 0.54366
402 0.54404
403 0.54631
404 0.54914
405 0.55037
406 0.55259
407 0.55471
408 0.55495
409 0.55627
410 0.55743
411 0.55783
412 0.55956
413 0.56101
414 0.56241
415 0.56306
416 0.56513
417 0.56574
418 0.56684
419 0.56775
420 0.56866
421 0.57049
422 0.57293
423 0.57309
424 0.57329
425 0.57521
426 0.5774
427 0.5792
428 0.58045
429 0.58144
430 0.58377
431 0.58436
432 0.58472
433 0.58559
434 0.58619
435 0.58704
436 0.58771
437 0.58906
438 0.59079
439 0.59119
440 0.59279
441 0.59402
442 0.59607
443 0.59632
444 0.59658
445 0.59732
446 0.59801
447 0.59899
448 0.59963
449 0.59999
450 0.60109
451 0.60338
452 0.60493
453 0.6068
454 0.60934
455 0.60994
456 0.61291
457 0.61356
458 0.61398
459 0.61498
460 0.61639
461 0.61675
462 0.6173
463 0.61847
464 0.61999
465 0.62167
466 0.62264
467 0.62536
468 0.62764
469 0.62964
470 0.63074
471 0.63155
472 0.63406
473 0.63543
474 0.63601
475 0.63651
476 0.63807
477 0.63936
478 0.64131
479 0.64139
480 0.64285
481 0.64382
482 0.64494
483 0.64693
484 0.64926
485 0.64935
486 0.65049
487 0.6512
488 0.65173
489 0.6534
490 0.65491
491 0.65589
492 0.65789
493 0.65927
494 0.66094
495 0.66128
496 0.66236
497 0.66479
498 0.66572
499 0.66574
500 0.6671
501 0.66917
502 0.67148
503 0.67162
504 0.67235
505 0.67344
506 0.67526
507 0.67573
508 0.67732
509 0.67758
510 0.67985
511 0.68151
512 0.68243
513 0.68413
514 0.68516
515 0.68596
516 0.68797
517 0.68952
518 0.69145
519 0.6933
520 0.69465
521 0.69788
522 0.69839
523 0.70001
524 0.70199
525 0.70508
526 0.70662
527 0.70908
528 0.70915
529 0.71008
530 0.71139
531 0.71329
532 0.7134
533 0.71558
534 0.71739
535 0.71786
536 0.71953
537 0.7203
538 0.72173
539 0.72386
540 0.72413
541 0.72465
542 0.72533
543 0.72596
544 0.72702
545 0.72816
546 0.72839
547 0.72994
548 0.73029
549 0.73168
550 0.73358
551 0.73431
552 0.73509
553 0.73704
554 0.73857
555 0.73947
556 0.73988
557 0.74171
558 0.74305
559 0.7458
560 0.74738
561 0.74863
562 0.74921
563 0.75076
564 0.75196
565 0.7528
566 0.75501
567 0.75661
568 0.75985
569 0.76113
570 0.76159
571 0.7617
572 0.76204
573 0.76298
574 0.76488
575 0.76608
576 0.76683
577 0.7683
578 0.76906
579 0.77011
580 0.77092
581 0.77296
582 0.77324
583 0.77488
584 0.77639
585 0.77848
586 0.77884
587 0.78018
588 0.78185
589 0.78213
590 0.78415
591 0.78629
592 0.78849
593 0.78984
594 0.79046
595 0.79254
596 0.79308
597 0.7938
598 0.79417
599 0.79453
600 0.7949
601 0.7967
602 0.79755
603 0.79949
604 0.80239
605 0.80309
606 0.80428
607 0.80535
608 0.80559
609 0.80671
610 0.80931
611 0.8103
612 0.81223
613 0.81557
614 0.81729
615 0.81849
616 0.81928
617 0.82025
618 0.82197
619 0.82427
620 0.82488
621 0.82555
622 0.82646
623 0.82842
624 0.82937
625 0.83016
626 0.83162
627 0.83328
628 0.8341
629 0.83624
630 0.83738
631 0.83969
632 0.84108
633 0.84202
634 0.84328
635 0.84457
636 0.84644
637 0.8485
638 0.84901
639 0.85018
640 0.85106
641 0.85161
642 0.85249
643 0.85323
644 0.8537
645 0.8557
646 0.85765
647 0.85965
648 0.86176
649 0.86324
650 0.86448
651 0.86498
652 0.86668
653 0.86766
654 0.86799
655 0.86888
656 0.87063
657 0.87118
658 0.87213
659 0.87385
660 0.87502
661 0.87522
662 0.87665
663 0.8769
664 0.87742
665 0.87863
666 0.88018
667 0.88075
668 0.88242
669 0.88347
670 0.88412
671 0.88522
672 0.88714
673 0.88961
674 0.89218
675 0.89366
676 0.89388
677 0.89433
678 0.89469
679 0.89686
680 0.8983
681 0.89967
682 0.90086
683 0.90177
684 0.90287
685 0.90384
686 0.90493
687 0.90559
688 0.9071
689 0.90772
690 0.9087
691 0.90929
692 0.90984
693 0.91164
694 0.91227
695 0.91314
696 0.91354
697 0.91475
698 0.91524
699 0.91654
700 0.91891
701 0.92065
702 0.92229
703 0.92304
704 0.92577
705 0.9262
706 0.92669
707 0.92807
708 0.9285
709 0.93132
710 0.93301
711 0.93373
712 0.93446
713 0.93528
714 0.93811
715 0.9392
716 0.93998
717 0.94216
718 0.94276
719 0.94479
720 0.94616
721 0.9479
722 0.94949
723 0.95093
724 0.95241
725 0.95353
726 0.95454
727 0.95504
728 0.95543
729 0.95632
730 0.95805
731 0.95969
732 0.96219
733 0.96389
734 0.96497
735 0.96642
736 0.96862
737 0.9693
738 0.96979
739 0.97147
740 0.97324
741 0.97468
742 0.97599
743 0.97761
744 0.97892
745 0.97966
746 0.98063
747 0.98303
748 0.984
749 0.98519
750 0.98633
751 0.98706
752 0.98784
753 0.98936
754 0.99024
755 0.99047
756 0.99226
757 0.99415
758 0.9962
759 0.99746
760 0.99956
761 1.00113
# Generated pool n. 11 for Umax = -9.566341400146484
# Generated a biased pool of 100000 with an acceptance of 0.4459291696548462
# Generated a pool of 100000 with an acceptance of 0.00656909448818898
# Generation repeated 762 times
# Average relative effective sample size: 0.10605094581842422
# Generation efficiency: 0.0013123359580052493
