# Generation 2

0 0.00023
1 0.00091
2 0.00162
3 0.00273
4 0.00353
5 0.00448
6 0.00509
7 0.0058
8 0.00609
9 0.00631
10 0.00689
11 0.00739
12 0.00806
13 0.00971
14 0.01055
15 0.01183
16 0.01292
17 0.01381
18 0.01473
19 0.01598
20 0.01699
21 0.01741
22 0.01821
23 0.0184
24 0.01881
25 0.01969
26 0.01997
27 0.02091
28 0.02203
29 0.02221
30 0.0233
31 0.02388
32 0.02501
33 0.02606
34 0.02748
35 0.02826
36 0.0293
37 0.0302
38 0.031
39 0.03216
40 0.03335
41 0.0345
42 0.03621
43 0.03699
44 0.03791
45 0.03855
46 0.03897
47 0.03946
48 0.04013
49 0.04114
50 0.04186
51 0.0424
52 0.04371
53 0.04486
54 0.04553
55 0.04642
56 0.04769
57 0.04831
58 0.04914
59 0.05038
60 0.05136
61 0.05241
62 0.0533
63 0.05427
64 0.05562
65 0.05654
66 0.05797
67 0.05883
68 0.05964
69 0.06053
70 0.06098
71 0.06165
72 0.06203
73 0.06295
74 0.06365
75 0.06523
76 0.06586
77 0.06673
78 0.06747
79 0.06859
80 0.06964
81 0.07025
82 0.07086
83 0.0714
84 0.0724
85 0.07326
86 0.07392
87 0.07499
88 0.07588
89 0.07664
90 0.07834
91 0.07956
92 0.08068
93 0.0817
94 0.08195
95 0.08259
96 0.08389
97 0.08494
98 0.08646
99 0.08707
100 0.08744
101 0.08793
102 0.08896
103 0.0904
104 0.09112
105 0.09207
106 0.09278
107 0.0939
108 0.09485
109 0.09551
110 0.09613
111 0.09675
112 0.09815
113 0.09908
114 0.10007
115 0.10165
116 0.10267
117 0.10368
118 0.10445
119 0.10566
120 0.10655
121 0.10835
122 0.10885
123 0.11021
124 0.11123
125 0.1126
126 0.11339
127 0.1149
128 0.11584
129 0.11601
130 0.11693
131 0.11733
132 0.11798
133 0.1183
134 0.11885
135 0.1197
136 0.12126
137 0.12201
138 0.12251
139 0.12357
140 0.12384
141 0.12445
142 0.12526
143 0.12604
144 0.12693
145 0.12825
146 0.12948
147 0.12971
148 0.13061
149 0.13206
150 0.13274
151 0.13345
152 0.13462
153 0.1353
154 0.13626
155 0.13771
156 0.13884
157 0.14002
158 0.14087
159 0.14225
160 0.14288
161 0.14412
162 0.14429
163 0.14476
164 0.14518
165 0.1464
166 0.14746
167 0.14794
168 0.14852
169 0.15022
170 0.15127
171 0.15266
172 0.15324
173 0.15442
174 0.15573
175 0.15626
176 0.15775
177 0.15894
178 0.16013
179 0.16117
180 0.1623
181 0.1628
182 0.16379
183 0.16466
184 0.16558
185 0.16665
186 0.16743
187 0.1685
188 0.16968
189 0.17058
190 0.17173
191 0.17231
192 0.17266
193 0.17301
194 0.1736
195 0.1747
196 0.17608
197 0.17687
198 0.17759
199 0.17823
200 0.17848
201 0.17865
202 0.17953
203 0.18025
204 0.18049
205 0.18152
206 0.18225
207 0.18297
208 0.18451
209 0.18495
210 0.18543
211 0.18692
212 0.18766
213 0.18886
214 0.18972
215 0.19065
216 0.19135
217 0.19184
218 0.19254
219 0.19397
220 0.19544
221 0.19662
222 0.19786
223 0.19831
224 0.19903
225 0.19916
226 0.20008
227 0.20096
228 0.20188
229 0.20274
230 0.20386
231 0.2052
232 0.20609
233 0.20644
234 0.20733
235 0.20899
236 0.20945
237 0.21041
238 0.21099
239 0.21259
240 0.21388
241 0.21479
242 0.21514
243 0.21659
244 0.21747
245 0.21812
246 0.21946
247 0.22088
248 0.22215
249 0.22307
250 0.22383
251 0.22537
252 0.22562
253 0.22703
254 0.22754
255 0.22856
256 0.22947
257 0.22999
258 0.2308
259 0.23088
260 0.23205
261 0.23327
262 0.23484
263 0.23582
264 0.23634
265 0.23677
266 0.2373
267 0.23778
268 0.23846
269 0.23925
270 0.23956
271 0.24054
272 0.24202
273 0.24315
274 0.24395
275 0.24527
276 0.24608
277 0.24681
278 0.24726
279 0.2475
280 0.24854
281 0.24943
282 0.25043
283 0.25151
284 0.25284
285 0.25358
286 0.25411
287 0.2554
288 0.25595
289 0.25688
290 0.25738
291 0.25793
292 0.25891
293 0.25913
294 0.25967
295 0.26011
296 0.2612
297 0.26143
298 0.26208
299 0.26304
300 0.26351
301 0.26429
302 0.2646
303 0.26538
304 0.26615
305 0.2662
306 0.26742
307 0.26805
308 0.26845
309 0.26928
310 0.27005
311 0.27232
312 0.2731
313 0.27383
314 0.27492
315 0.27627
316 0.27648
317 0.27748
318 0.27862
319 0.28015
320 0.28098
321 0.28132
322 0.28199
323 0.28228
324 0.28317
325 0.28373
326 0.28451
327 0.28563
328 0.28673
329 0.28696
330 0.28809
331 0.28888
332 0.28969
333 0.29061
334 0.29194
335 0.29244
336 0.29437
337 0.29549
338 0.29607
339 0.29689
340 0.29743
341 0.29877
342 0.29979
343 0.30006
344 0.30099
345 0.30244
346 0.30352
347 0.30429
348 0.30524
349 0.30551
350 0.30603
351 0.30649
352 0.30708
353 0.30844
354 0.30871
355 0.30986
356 0.3113
357 0.31204
358 0.31338
359 0.31439
360 0.31555
361 0.31652
362 0.31737
363 0.31772
364 0.31859
365 0.3193
366 0.32051
367 0.3216
368 0.32229
369 0.32258
370 0.32356
371 0.32476
372 0.32552
373 0.32658
374 0.32748
375 0.32836
376 0.32906
377 0.33027
378 0.33069
379 0.33208
380 0.33334
381 0.33462
382 0.3361
383 0.33658
384 0.3368
385 0.33711
386 0.33747
387 0.33843
388 0.33949
389 0.34025
390 0.34146
391 0.34226
392 0.34253
393 0.3438
394 0.34493
395 0.34587
396 0.34697
397 0.34751
398 0.3486
399 0.34915
400 0.35013
401 0.35127
402 0.35191
403 0.35289
404 0.35375
405 0.35441
406 0.35555
407 0.35578
408 0.35642
409 0.3577
410 0.35879
411 0.35996
412 0.36135
413 0.36219
414 0.3631
415 0.3637
416 0.36444
417 0.36477
418 0.36625
419 0.36778
420 0.36805
421 0.36877
422 0.36955
423 0.37062
424 0.37159
425 0.37261
426 0.37309
427 0.37352
428 0.37453
429 0.3755
430 0.37641
431 0.37749
432 0.3782
433 0.37901
434 0.38019
435 0.38122
436 0.38242
437 0.38348
438 0.38439
439 0.38458
440 0.38567
441 0.38691
442 0.38737
443 0.38831
444 0.3896
445 0.39052
446 0.39203
447 0.39301
448 0.39391
449 0.39509
450 0.3957
451 0.39682
452 0.39735
453 0.39864
454 0.39982
455 0.40022
456 0.40148
457 0.40285
458 0.40314
459 0.40329
460 0.40416
461 0.40511
462 0.40627
463 0.40674
464 0.40776
465 0.40854
466 0.40949
467 0.4101
468 0.41168
469 0.41232
470 0.41306
471 0.41389
472 0.41469
473 0.41517
474 0.41567
475 0.41596
476 0.41705
477 0.41812
478 0.41895
479 0.41998
480 0.42095
481 0.42211
482 0.42279
483 0.42338
484 0.42408
485 0.42538
486 0.4266
487 0.42746
488 0.42873
489 0.42892
490 0.43054
491 0.43096
492 0.43208
493 0.43314
494 0.43424
495 0.43511
496 0.43579
497 0.43692
498 0.43794
499 0.43824
500 0.43929
501 0.44009
502 0.44105
503 0.44174
504 0.44213
505 0.4435
506 0.44399
507 0.44463
508 0.44563
509 0.44667
510 0.44768
511 0.44847
512 0.44971
513 0.45066
514 0.45171
515 0.45268
516 0.45422
517 0.45488
518 0.45544
519 0.4563
520 0.45709
521 0.45779
522 0.45865
523 0.45918
524 0.4599
525 0.46063
526 0.46121
527 0.46206
528 0.46314
529 0.46382
530 0.46569
531 0.46619
532 0.46703
533 0.46782
534 0.4685
535 0.46988
536 0.47077
537 0.4716
538 0.47275
539 0.4735
540 0.47424
541 0.47457
542 0.47548
543 0.47628
544 0.47679
545 0.47745
546 0.47821
547 0.47928
548 0.48028
549 0.48155
550 0.48163
551 0.48218
552 0.48272
553 0.48348
554 0.48458
555 0.48508
556 0.48661
557 0.48711
558 0.48787
559 0.48849
560 0.4895
561 0.49067
562 0.49183
563 0.4932
564 0.49476
565 0.49566
566 0.49672
567 0.49779
568 0.49904
569 0.49919
570 0.50028
571 0.50158
572 0.50259
573 0.50351
574 0.50413
575 0.50496
576 0.50652
577 0.50714
578 0.50833
579 0.509
580 0.50949
581 0.51044
582 0.51095
583 0.51152
584 0.512
585 0.51329
586 0.51361
587 0.51465
588 0.5159
589 0.51729
590 0.51791
591 0.51865
592 0.51962
593 0.52112
594 0.5213
595 0.52176
596 0.52237
597 0.52336
598 0.52406
599 0.52517
600 0.52534
601 0.52666
602 0.52798
603 0.5288
604 0.52981
605 0.53045
606 0.53138
607 0.53264
608 0.53368
609 0.53469
610 0.53495
611 0.53596
612 0.53655
613 0.53757
614 0.53846
615 0.53858
616 0.53918
617 0.53995
618 0.54075
619 0.5413
620 0.54192
621 0.54305
622 0.5439
623 0.54444
624 0.5448
625 0.54567
626 0.54617
627 0.5465
628 0.54725
629 0.54779
630 0.54885
631 0.5497
632 0.55067
633 0.55194
634 0.5526
635 0.55377
636 0.55486
637 0.55606
638 0.55746
639 0.55892
640 0.55961
641 0.56142
642 0.56373
643 0.56415
644 0.56457
645 0.56599
646 0.56649
647 0.56725
648 0.56834
649 0.56971
650 0.57063
651 0.57149
652 0.57225
653 0.57317
654 0.57347
655 0.57431
656 0.57498
657 0.57556
658 0.57667
659 0.57774
660 0.57883
661 0.57966
662 0.58038
663 0.58148
664 0.58191
665 0.58303
666 0.5839
667 0.58472
668 0.58588
669 0.58696
670 0.58754
671 0.58878
672 0.58916
673 0.59062
674 0.5912
675 0.59188
676 0.59241
677 0.59342
678 0.59445
679 0.59526
680 0.59626
681 0.59683
682 0.59771
683 0.59878
684 0.59924
685 0.60027
686 0.60096
687 0.60183
688 0.60233
689 0.60344
690 0.60408
691 0.6044
692 0.60544
693 0.60633
694 0.60737
695 0.60793
696 0.60891
697 0.60954
698 0.61098
699 0.61165
700 0.61268
701 0.61372
702 0.61476
703 0.61556
704 0.61672
705 0.61769
706 0.6189
707 0.6196
708 0.61994
709 0.6216
710 0.62309
711 0.62412
712 0.62527
713 0.62642
714 0.62748
715 0.62819
716 0.62868
717 0.62927
718 0.63018
719 0.63093
720 0.63249
721 0.63289
722 0.63415
723 0.63597
724 0.6364
725 0.63743
726 0.63849
727 0.63936
728 0.64049
729 0.64181
730 0.64304
731 0.64343
732 0.64409
733 0.64497
734 0.64612
735 0.64698
736 0.64753
737 0.64771
738 0.64837
739 0.65011
740 0.65078
741 0.65166
742 0.65219
743 0.65342
744 0.65499
745 0.65627
746 0.65728
747 0.65811
748 0.65905
749 0.65933
750 0.66073
751 0.66222
752 0.6637
753 0.66498
754 0.66563
755 0.66659
756 0.66752
757 0.66837
758 0.66953
759 0.67093
760 0.6717
761 0.67296
762 0.67355
763 0.67433
764 0.67484
765 0.67512
766 0.67596
767 0.67692
768 0.67819
769 0.67887
770 0.67941
771 0.68032
772 0.68086
773 0.68218
774 0.68314
775 0.68386
776 0.68496
777 0.68555
778 0.68672
779 0.68726
780 0.68771
781 0.68889
782 0.68964
783 0.69094
784 0.69193
785 0.6928
786 0.69396
787 0.6944
788 0.69598
789 0.69699
790 0.69767
791 0.69835
792 0.69914
793 0.69967
794 0.70104
795 0.70188
796 0.70241
797 0.70388
798 0.70444
799 0.70581
800 0.70609
801 0.70696
802 0.70841
803 0.70973
804 0.71027
805 0.71115
806 0.71163
807 0.71237
808 0.71396
809 0.71448
810 0.71491
811 0.71564
812 0.71721
813 0.71765
814 0.71828
815 0.7194
816 0.72105
817 0.72168
818 0.72264
819 0.7241
820 0.7247
821 0.72522
822 0.72587
823 0.72694
824 0.72811
825 0.72931
826 0.73058
827 0.73073
828 0.73157
829 0.73216
830 0.73259
831 0.73315
832 0.73368
833 0.73461
834 0.7361
835 0.73696
836 0.73749
837 0.73874
838 0.73969
839 0.74019
840 0.74123
841 0.74231
842 0.74234
843 0.7431
844 0.74459
845 0.74556
846 0.74673
847 0.74754
848 0.74896
849 0.74966
850 0.75085
851 0.75196
852 0.75247
853 0.75369
854 0.7547
855 0.75495
856 0.75656
857 0.75726
858 0.75853
859 0.75919
860 0.75984
861 0.76037
862 0.76101
863 0.76113
864 0.76229
865 0.76328
866 0.76408
867 0.76555
868 0.7658
869 0.76736
870 0.76751
871 0.76808
872 0.76883
873 0.76957
874 0.77066
875 0.77101
876 0.77194
877 0.77311
878 0.77429
879 0.77484
880 0.77508
881 0.77535
882 0.77614
883 0.7771
884 0.77782
885 0.77871
886 0.78065
887 0.78112
888 0.78193
889 0.78236
890 0.78259
891 0.78331
892 0.78474
893 0.78524
894 0.78619
895 0.78712
896 0.78736
897 0.78797
898 0.78841
899 0.78844
900 0.78927
901 0.79068
902 0.79148
903 0.79193
904 0.7926
905 0.7941
906 0.79477
907 0.79539
908 0.79603
909 0.79666
910 0.79759
911 0.79897
912 0.79992
913 0.80031
914 0.80168
915 0.8023
916 0.80318
917 0.8042
918 0.80493
919 0.80563
920 0.80663
921 0.80702
922 0.80774
923 0.80863
924 0.80967
925 0.81049
926 0.81192
927 0.81261
928 0.81333
929 0.81472
930 0.81561
931 0.81683
932 0.81747
933 0.81816
934 0.8197
935 0.82029
936 0.82194
937 0.82358
938 0.82495
939 0.82629
940 0.82725
941 0.8283
942 0.82873
943 0.82919
944 0.83102
945 0.83206
946 0.83395
947 0.8347
948 0.83567
949 0.83603
950 0.83683
951 0.8381
952 0.83919
953 0.83957
954 0.84058
955 0.84094
956 0.84274
957 0.8436
958 0.84414
959 0.84458
960 0.84522
961 0.84594
962 0.84666
963 0.84752
964 0.84877
965 0.84939
966 0.85074
967 0.8514
968 0.85214
969 0.85366
970 0.85482
971 0.85564
972 0.85645
973 0.85765
974 0.85919
975 0.85976
976 0.86051
977 0.8618
978 0.86289
979 0.86317
980 0.86461
981 0.86578
982 0.86622
983 0.86734
984 0.86793
985 0.86838
986 0.86898
987 0.86981
988 0.87024
989 0.87174
990 0.87258
991 0.87355
992 0.87477
993 0.87548
994 0.87686
995 0.87745
996 0.87769
997 0.87809
998 0.87864
999 0.87957
1000 0.88046
1001 0.88126
1002 0.88207
1003 0.88238
1004 0.88329
1005 0.88398
1006 0.8852
1007 0.8856
1008 0.88686
1009 0.88801
1010 0.88897
1011 0.88931
1012 0.88962
1013 0.89066
1014 0.89159
1015 0.893
1016 0.89364
1017 0.89378
1018 0.89469
1019 0.89572
1020 0.89685
1021 0.89772
1022 0.89887
1023 0.8997
1024 0.90038
1025 0.90124
1026 0.90199
1027 0.90264
1028 0.90333
1029 0.9041
1030 0.90541
1031 0.90665
1032 0.90703
1033 0.90875
1034 0.90996
1035 0.91129
1036 0.91185
1037 0.91367
1038 0.91515
1039 0.91591
1040 0.91681
1041 0.91759
1042 0.91838
1043 0.91904
1044 0.92041
1045 0.92083
1046 0.92146
1047 0.92247
1048 0.92437
1049 0.92564
1050 0.92585
1051 0.92637
1052 0.9271
1053 0.92835
1054 0.92933
1055 0.93008
1056 0.93132
1057 0.93193
1058 0.93295
1059 0.93434
1060 0.93585
1061 0.93599
1062 0.93651
1063 0.93696
1064 0.93737
1065 0.93801
1066 0.93845
1067 0.93943
1068 0.9398
1069 0.94093
1070 0.94125
1071 0.94265
1072 0.9436
1073 0.94415
1074 0.9445
1075 0.946
1076 0.94653
1077 0.94718
1078 0.94817
1079 0.9495
1080 0.95054
1081 0.95101
1082 0.95194
1083 0.95284
1084 0.95377
1085 0.95452
1086 0.95563
1087 0.95623
1088 0.95765
1089 0.95797
1090 0.95934
1091 0.96104
1092 0.96184
1093 0.96253
1094 0.96463
1095 0.9658
1096 0.9665
1097 0.96733
1098 0.96865
1099 0.96909
1100 0.97033
1101 0.9712
1102 0.97214
1103 0.97282
1104 0.97309
1105 0.97448
1106 0.97484
1107 0.97497
1108 0.9754
1109 0.97603
1110 0.97676
1111 0.9772
1112 0.97761
1113 0.97899
1114 0.9796
1115 0.981
1116 0.98165
1117 0.98279
1118 0.98362
1119 0.98464
1120 0.9861
1121 0.98688
1122 0.98739
1123 0.98856
1124 0.98914
1125 0.99018
1126 0.99101
1127 0.99222
1128 0.99284
1129 0.99399
1130 0.99434
1131 0.99524
1132 0.99597
1133 0.99656
1134 0.99719
1135 0.99783
1136 0.99821
1137 0.99927
1138 1.00029
# Generated pool n. 2 for Umax = 530.4456787109375
# Generated a biased pool of 100000 with an acceptance of 0.15097448229789734
# Generated a pool of 100000 with an acceptance of 0.00439108867427568
# Generation repeated 1139 times
# Average relative effective sample size: 0.038217607885599136
# Generation efficiency: 0.000877963125548727
