# epoch	step	nll	ecut	ecut_viol	grad_norm	val_nll	val_ecut	val_ecut_viol	val_ress_zx	LR
1	27	-2.7276370525360107	0.0	0.0	6.953591823577881	-2.780256748199463	1588.8695068359375	1588.2728271484375	0.0	1.0237143666892609e-05
2	54	-4.646590232849121	0.0	0.0	6.527240753173828	-4.724549770355225	1556.76025390625	1555.5472412109375	0.0	1.094763738225795e-05
3	81	-6.379762172698975	0.0	0.0	5.565468788146973	-6.436349391937256	1525.7122802734375	1523.0789794921875	0.0	1.2128672994680007e-05
4	108	-7.694732666015625	0.0	0.0	6.778165340423584	-7.915793418884277	1485.98681640625	1481.29443359375	0.0	1.3775582585561007e-05
5	135	-9.15960693359375	0.0	0.0	9.36600112915039	-9.223186492919922	1436.92822265625	1430.259521484375	0.0	1.588185691857728e-05
6	162	-10.541061401367188	0.0	0.0	9.936517715454102	-10.515305519104004	1376.946044921875	1369.02587890625	0.0	1.8439171166748666e-05
7	189	-11.67934799194336	0.0	0.0	14.565807342529297	-11.87757682800293	1316.179443359375	1306.4351806640625	0.0	2.143741781543827e-05
8	216	-13.040637016296387	0.0	0.0	22.52332878112793	-13.166458129882812	1251.3919677734375	1240.1785888671875	0.0	2.4864746611237527e-05
9	243	-14.083795547485352	0.0	0.0	28.986291885375977	-14.232389450073242	1182.1240234375	1169.965576171875	0.0	2.870761139884165e-05
10	270	-14.893911361694336	0.0	0.0	38.669559478759766	-15.088274002075195	1124.00244140625	1110.7021484375	0.0006666667177341878	3.295082366079895e-05
11	297	-15.756174087524414	0.0	0.0	68.24044799804688	-15.896132469177246	1083.747314453125	1069.5931396484375	0.0007040483760647476	3.7577612548522684e-05
12	324	-16.51740264892578	0.0	0.0	36.50666046142578	-16.621061325073242	1030.353515625	1015.4364624023438	0.0010000000474974513	4.256969116729994e-05
13	351	-17.358386993408203	0.0	0.0	53.05350875854492	-17.223621368408203	974.437744140625	958.780517578125	0.003648044541478157	4.790732885331288e-05
14	378	-17.754531860351562	0.0	0.0	79.02339935302734	-17.792682647705078	916.8273315429688	900.43603515625	0.00455955695360899	5.356942915700472e-05
15	405	-18.35134506225586	0.0	0.0	68.09834289550781	-18.423715591430664	860.2454833984375	843.199462890625	0.005230838432908058	5.953361322456993e-05
16	432	-18.842300415039062	0.0	0.0	50.99039077758789	-18.605430603027344	826.0846557617188	808.486328125	0.006685311906039715	6.577630824801178e-05
17	459	-19.138029098510742	0.0	0.0	43.383705139160156	-18.93416404724121	793.1742553710938	775.577392578125	0.006228554993867874	7.227284063417776e-05
18	486	-18.683780670166016	0.0	0.0	149.7920684814453	-18.970504760742188	795.7889404296875	777.8819580078125	0.006656074896454811	7.899753352453215e-05
19	513	-19.194154739379883	0.0	0.0	85.67863464355469	-19.12222671508789	780.2648315429688	762.329833984375	0.006948003079742193	8.592380828022916e-05
20	540	-19.546836853027344	0.0	0.0	66.45003509521484	-19.43492889404297	769.7587890625	751.2531127929688	0.010805761441588402	9.302428953137767e-05
21	567	-19.626707077026367	0.0	0.0	90.53424072265625	-19.441726684570312	744.432861328125	725.4942626953125	0.009112456813454628	0.00010027091337530103
22	594	-19.754039764404297	0.0	0.0	69.76875305175781	-19.651960372924805	747.87646484375	729.06689453125	0.007738120853900909	0.00010763503829615015
23	621	-19.7648983001709	0.0	0.0	101.5334243774414	-19.573684692382812	727.716796875	708.6461181640625	0.009307943284511566	0.00011508755836747201
24	648	-19.839412689208984	0.0	0.0	76.09507751464844	-19.859861373901367	689.0755615234375	669.9627685546875	0.011092270724475384	0.00012259901829031155
25	675	-20.202756881713867	0.0	0.0	57.44401931762695	-19.993432998657227	674.5260009765625	655.484375	0.00853097066283226	0.00013013972981217172
26	702	-20.06359100341797	0.0	0.0	91.5655288696289	-19.932846069335938	689.38671875	670.7924194335938	0.014515052549540997	0.00013767988906669806
27	729	-19.973798751831055	0.0	0.0	86.46564483642578	-20.016983032226562	656.671142578125	637.412841796875	0.013249481096863747	0.0001451896943703143
28	756	-20.110122680664062	0.0	0.0	97.83295440673828	-20.08800506591797	637.0858764648438	617.829833984375	0.01681080088019371	0.00015263946401023132
29	783	-19.991846084594727	0.0	0.0	95.68948364257812	-20.11056900024414	620.6674194335938	601.5839233398438	0.011966216377913952	0.00015999975355828383
30	810	-20.107290267944336	0.0	0.0	102.12474060058594	-19.84617042541504	639.0789794921875	620.1993408203125	0.009799777530133724	0.00016724147224692488
31	837	-20.15247917175293	0.0	0.0	66.57823944091797	-19.926273345947266	592.641845703125	573.5472412109375	0.012548258528113365	0.00017433599794741407
32	864	-20.21265411376953	0.0	0.0	89.97276306152344	-19.995990753173828	631.8853759765625	612.7811889648438	0.01575220189988613	0.00018125529029576
33	891	-20.10273551940918	0.0	0.0	89.59864044189453	-19.946121215820312	619.8043212890625	600.7723388671875	0.01217174157500267	0.00018797200151929956
34	918	-20.34823989868164	0.0	0.0	73.18737030029297	-20.50847053527832	611.508056640625	592.0975341796875	0.01504579745233059	0.00019445958452588268
35	945	-20.468555450439453	0.0	0.0	56.48147964477539	-20.309450149536133	603.121826171875	583.7047729492188	0.009848796762526035	0.00020069239782845172
36	972	-19.916852951049805	0.0	0.0	95.71260833740234	-20.1573486328125	621.32861328125	603.1751708984375	0.012584233656525612	0.00020664580689031296
37	999	-20.474300384521484	0.0	0.0	59.68061065673828	-20.643600463867188	582.277587890625	562.7672119140625	0.008960949257016182	0.00021229628149054233
38	1026	-20.5441951751709	0.0	0.0	59.39447784423828	-20.407440185546875	580.0782470703125	560.666015625	0.014229151420295238	0.0002176214887247001
39	1053	-20.41345977783203	0.0	0.0	58.39873504638672	-20.655296325683594	577.031005859375	557.6754760742188	0.003538264660164714	0.0002226003812732785
40	1080	-19.696155548095703	0.0	0.0	133.8954620361328	-20.48688316345215	568.2738647460938	548.8768920898438	0.006140891462564468	0.00022721328058901023
41	1107	-20.325016021728516	0.0	0.0	87.53779602050781	-20.099706649780273	591.2106323242188	571.9777221679688	0.016102641820907593	0.0002314419546742497
42	1134	-20.48137855529785	0.0	0.0	55.64426803588867	-20.42122459411621	567.42333984375	547.912353515625	0.016137151047587395	0.0002352696901410191
43	1161	-20.663524627685547	0.0	0.0	50.330379486083984	-20.489582061767578	522.5687255859375	502.765625	0.008804472163319588	0.00023868135826891025
44	1188	-20.330646514892578	0.0	0.0	73.95650482177734	-20.549480438232422	532.4434814453125	513.1361083984375	0.023733539506793022	0.0002416634747997555
45	1215	-20.60256576538086	0.0	0.0	45.2244758605957	-20.588123321533203	501.2124938964844	481.46588134765625	0.015225495211780071	0.0002442042532327343
46	1242	-20.444969177246094	0.0	0.0	72.06898498535156	-20.718334197998047	501.20172119140625	481.8929443359375	0.01680505834519863	0.0002462936514092741
47	1269	-20.464866638183594	0.0	0.0	85.7187728881836	-20.52199935913086	501.82293701171875	482.67547607421875	0.021530210971832275	0.0002479234112036218
48	1296	-20.545520782470703	0.0	0.0	72.53605651855469	-20.45496368408203	471.9075622558594	452.649169921875	0.019284209236502647	0.0002490870911622143
49	1323	-20.89527702331543	0.0	0.0	57.16775131225586	-20.726089477539062	429.353759765625	409.1075439453125	0.025026563555002213	0.00024978009196284376
50	1350	-20.750030517578125	0.0	0.0	78.88768768310547	-20.768035888671875	427.20855712890625	407.6229248046875	0.023764342069625854	0.0002499999097430048
51	1377	-20.776878356933594	0.0	0.0	58.60377502441406	-21.07766342163086	422.97747802734375	403.1134033203125	0.019505685195326805	0.0002499292496279845
52	1404	-20.991683959960938	0.0	0.0	64.90803527832031	-20.813243865966797	401.9659118652344	381.230712890625	0.025198249146342278	0.00024972713814798653
53	1431	-20.648916244506836	0.0	0.0	103.66748809814453	-20.072031021118164	424.9455261230469	404.87420654296875	0.017461983487010002	0.0002493939298752249
54	1458	-20.765295028686523	0.0	0.0	60.044551849365234	-20.574142456054688	429.79443359375	409.9161071777344	0.029228433966636658	0.0002489302093702348
55	1485	-21.191741943359375	0.0	0.0	34.569400787353516	-21.093231201171875	378.08563232421875	357.71405029296875	0.03697526082396507	0.0002483367901563554
56	1512	-20.900571823120117	0.0	0.0	70.2688217163086	-20.81902313232422	375.5726013183594	355.02197265625	0.03753507137298584	0.000247614713292533
57	1539	-20.863502502441406	0.0	0.0	56.1600456237793	-20.969310760498047	377.0082702636719	356.7064208984375	0.025236371904611588	0.0002467652455469501
58	1566	-20.7171688079834	0.0	0.0	105.52352905273438	-20.95661163330078	379.3445739746094	359.1444091796875	0.01078740507364273	0.0002457898771746836
59	1593	-20.862098693847656	0.0	0.0	53.043235778808594	-20.70841407775879	378.0363464355469	357.43353271484375	0.02206738106906414	0.0002446903193032908
60	1620	-21.417388916015625	0.0	0.0	45.59034729003906	-21.327425003051758	365.1485290527344	344.5717468261719	0.03693436086177826	0.00024346850093091035
61	1647	-21.16073226928711	0.0	0.0	62.34156036376953	-21.24481201171875	341.3831787109375	320.4041442871094	0.03769112750887871	0.00024212656554214415
62	1674	-21.031949996948242	0.0	0.0	67.51012420654297	-20.989547729492188	373.5068054199219	352.721923828125	0.037148844450712204	0.0002406668673476568
63	1701	-21.34854507446289	0.0	0.0	35.116905212402344	-21.025386810302734	346.705078125	325.6880798339844	0.03604649752378464	0.00023909196715409025
64	1728	-21.417694091796875	0.0	0.0	50.42704772949219	-21.43641471862793	343.3551025390625	322.32891845703125	0.036449283361434937	0.0002374046278715386
65	1755	-21.557804107666016	0.0	0.0	48.0097541809082	-21.384952545166016	335.2588195800781	314.0184326171875	0.03644096106290817	0.0002356078096664652
66	1782	-21.490774154663086	0.0	0.0	48.927425384521484	-21.40548324584961	343.335693359375	322.40130615234375	0.030702315270900726	0.0002337046647685648
67	1809	-21.44122314453125	0.0	0.0	72.17990112304688	-21.280960083007812	330.09619140625	308.94720458984375	0.052607499063014984	0.00023169853194068108
68	1836	-21.51294708251953	0.0	0.0	51.622745513916016	-21.643428802490234	319.81793212890625	298.5228271484375	0.029057424515485764	0.0002295929306214829
69	1863	-21.610538482666016	0.0	0.0	54.45459747314453	-21.580678939819336	341.9889831542969	320.9757080078125	0.04206865280866623	0.0002273915547511721
70	1890	-21.632488250732422	0.0	0.0	45.63705825805664	-21.487823486328125	326.50457763671875	305.247314453125	0.034443411976099014	0.00022509826629105785
71	1917	-21.524099349975586	0.0	0.0	41.71352005004883	-21.561744689941406	342.43304443359375	321.3519287109375	0.054200004786252975	0.0002227170884483638
72	1944	-21.530181884765625	0.0	0.0	72.45209503173828	-21.281749725341797	329.284423828125	308.18414306640625	0.02765282802283764	0.0002202521986181557
73	1971	-21.759765625	0.0	0.0	57.19840621948242	-21.78664779663086	309.0074462890625	287.603759765625	0.06349402666091919	0.00021770792105477095
74	1998	-21.603824615478516	0.0	0.0	45.94253921508789	-21.290508270263672	323.54644775390625	302.4127197265625	0.017951149493455887	0.00021508871928560704
75	2025	-21.768117904663086	0.0	0.0	42.21201705932617	-21.857044219970703	319.6033935546875	298.30633544921875	0.0749223455786705	0.00021239918828057787
76	2052	-21.792905807495117	0.0	0.0	63.756011962890625	-21.806249618530273	309.80938720703125	288.3434753417969	0.04082120954990387	0.00020964404639097492
77	2079	-21.794601440429688	0.0	0.0	50.3814582824707	-21.7591552734375	302.39984130859375	280.8101806640625	0.04280811548233032	0.00020682812707187618
78	2106	-21.74160385131836	0.0	0.0	42.61973571777344	-21.74646759033203	315.21368408203125	294.041015625	0.05855818837881088	0.0002039563704026231
79	2133	-21.514400482177734	0.0	0.0	40.801902770996094	-21.67888641357422	310.42572021484375	289.21087646484375	0.05326669663190842	0.00020103381442024303
80	2160	-21.6867733001709	0.0	0.0	60.746726989746094	-21.719602584838867	300.3642883300781	278.78936767578125	0.0462937206029892	0.0001980655862810203
81	2187	-21.721160888671875	0.0	0.0	66.63909912109375	-21.693822860717773	307.0835876464844	285.88092041015625	0.053173407912254333	0.00019505689326572176
82	2214	-21.7449951171875	0.0	0.0	42.7403678894043	-21.611492156982422	305.1641540527344	283.69091796875	0.04259145259857178	0.00019201301364425705
83	2241	-21.596435546875	0.0	0.0	55.88034439086914	-21.72738265991211	292.7677917480469	271.2137145996094	0.035089652985334396	0.0001889392874157994
84	2268	-21.847152709960938	0.0	0.0	46.02254104614258	-21.842430114746094	288.69647216796875	267.09454345703125	0.035888779908418655	0.00018584110694061274
85	2295	-21.920074462890625	0.0	0.0	55.312435150146484	-21.90192222595215	290.1353759765625	268.71478271484375	0.0541994646191597	0.00018272390748001933
86	2322	-22.075864791870117	0.0	0.0	34.042903900146484	-21.99716567993164	282.47760009765625	260.752685546875	0.057170283049345016	0.00017959315766110463
87	2349	-22.044452667236328	0.0	0.0	38.90896224975586	-21.951396942138672	286.5343017578125	264.7987060546875	0.08031612634658813	0.00017645434988288684
88	2376	-21.878637313842773	0.0	0.0	57.72011947631836	-21.9440975189209	286.56842041015625	264.65435791015625	0.03428339213132858	0.00017331299068078308
89	2403	-22.022377014160156	0.0	0.0	39.591732025146484	-22.15883445739746	279.1751403808594	257.241455078125	0.0911836251616478	0.00017017459106627485
90	2430	-22.043935775756836	0.0	0.0	33.59708023071289	-21.885656356811523	287.8284606933594	266.1439514160156	0.053349047899246216	0.00016704465685872134
91	2457	-21.961515426635742	0.0	0.0	40.444557189941406	-21.919628143310547	279.88897705078125	258.2379455566406	0.06963929533958435	0.0001639286790262814
92	2484	-22.11452293395996	0.0	0.0	53.43610763549805	-22.121267318725586	278.6612548828125	256.691650390625	0.04666859656572342	0.0001608321240528895
93	2511	-21.95014762878418	0.0	0.0	56.9326286315918	-21.880056381225586	272.7376708984375	250.9894256591797	0.05256003141403198	0.00015776042434818542
94	2538	-22.080663681030273	0.0	0.0	41.10906982421875	-22.11208724975586	272.1802673339844	250.07701110839844	0.07355767488479614	0.00015471896871722181
95	2565	-22.28437614440918	0.0	0.0	31.080833435058594	-22.217144012451172	267.18359375	244.98992919921875	0.055470891296863556	0.00015171309290666892
96	2592	-21.872488021850586	0.0	0.0	54.49357604980469	-21.916412353515625	278.786376953125	257.00531005859375	0.046120744198560715	0.00014874807024410196
97	2619	-22.21926498413086	0.0	0.0	40.69303894042969	-22.110015869140625	272.8422546386719	250.7701416015625	0.09932585805654526	0.00014582910238679245
98	2646	-21.990032196044922	0.0	0.0	59.45322799682617	-22.1168270111084	267.8468322753906	245.7327880859375	0.06521569937467575	0.0001429613101962342
99	2673	-22.260128021240234	0.0	0.0	40.85114669799805	-22.298429489135742	265.3993835449219	243.11053466796875	0.06567073613405228	0.00014014972475441165
100	2700	-22.20149803161621	0.0	0.0	46.4378776550293	-22.334640502929688	263.2025146484375	240.9707489013672	0.06280773133039474	0.000137399278537573
101	2727	-22.216215133666992	0.0	0.0	38.4962158203125	-22.368328094482422	261.701171875	239.42221069335938	0.08599202334880829	0.00013471479676299046
102	2754	-22.3377742767334	0.0	0.0	33.67597961425781	-22.310882568359375	263.16375732421875	240.88755798339844	0.09636932611465454	0.00013210098892388962
103	2781	-22.180068969726562	0.0	0.0	34.18156433105469	-22.214216232299805	264.0137939453125	241.61924743652344	0.07883410900831223	0.00012956244052739826
104	2808	-22.100444793701172	0.0	0.0	40.30033874511719	-22.14160919189453	263.292236328125	240.85275268554688	0.066169872879982	0.00012710360505000827
105	2835	-22.348196029663086	0.0	0.0	29.902265548706055	-22.376201629638672	257.0003356933594	234.56710815429688	0.09417708963155746	0.00012472879612466492
106	2862	-22.097976684570312	0.0	0.0	36.76813507080078	-22.065603256225586	268.51806640625	246.41525268554688	0.05330568179488182	0.00012244217997318878
107	2889	-22.12049102783203	0.0	0.0	53.34641647338867	-22.206565856933594	262.77056884765625	240.46328735351562	0.06587144732475281	0.00012024776809730691
108	2916	-22.25131607055664	0.0	0.0	39.05421447753906	-22.13521957397461	258.97900390625	236.82443237304688	0.07808680832386017	0.00011814941024111579
109	2943	-22.184005737304688	0.0	0.0	47.64927673339844	-22.155872344970703	263.93743896484375	241.67758178710938	0.05634785816073418	0.00011615078763732197
110	2970	-22.21438217163086	0.0	0.0	38.82991409301758	-22.073047637939453	260.4619140625	237.86497497558594	0.061460815370082855	0.000114255406549109
111	2997	-21.79378318786621	0.0	0.0	39.01661682128906	-21.59981346130371	275.58673095703125	254.0875701904297	0.05308926850557327	0.00011246659211896043
112	3024	-22.16303062438965	0.0	0.0	42.77766418457031	-22.185894012451172	250.61129760742188	228.32469177246094	0.038076192140579224	0.00011078748253523003
113	3051	-22.259963989257812	0.0	0.0	38.422550201416016	-22.325103759765625	254.0752410888672	231.79684448242188	0.08431186527013779	0.00010922102352669286
114	3078	-22.409595489501953	0.0	0.0	37.67775344848633	-22.283178329467773	252.18893432617188	229.78378295898438	0.07430340349674225	0.00010776996319473627
115	3105	-22.048686981201172	0.0	0.0	41.57993698120117	-22.175655364990234	257.5706481933594	235.36257934570312	0.06107679754495621	0.00010643684719225612
116	3132	-21.658035278320312	0.0	0.0	59.55393600463867	-21.483983993530273	259.449462890625	237.5636444091797	0.052036937326192856	0.00010522401425771664
117	3159	-20.88871192932129	0.0	0.0	36.73443603515625	-20.90821075439453	299.4100036621094	278.34344482421875	0.025847095996141434	0.0001041335921122084
118	3186	-21.419715881347656	0.0	0.0	42.03533172607422	-21.432647705078125	284.1366271972656	262.908935546875	0.045326635241508484	0.00010316749372670254
119	3213	-21.73493003845215	0.0	0.0	66.99344635009766	-21.71747398376465	261.49298095703125	239.757568359375	0.06313078105449677	0.0001023274139660497
120	3240	-21.901992797851562	0.0	0.0	41.33245086669922	-21.819860458374023	250.16162109375	228.20860290527344	0.05699410289525986	0.00010161482661561108
121	3267	-22.079933166503906	0.0	0.0	35.40547180175781	-22.025516510009766	251.05865478515625	229.0436248779297	0.055027417838573456	0.00010103098179573815
122	3294	-22.0106258392334	0.0	0.0	33.25483703613281	-21.954578399658203	250.38641357421875	228.3284912109375	0.05868919938802719	0.00010057690376863677
123	3321	-22.159515380859375	0.0	0.0	34.991756439208984	-22.198699951171875	252.43984985351562	230.28842163085938	0.05986236780881882	0.00010025338914146325
124	3348	-22.353309631347656	0.0	0.0	30.668567657470703	-22.333112716674805	245.6991424560547	223.2359619140625	0.08543993532657623	0.00010006100546880462
125	3375	-22.45656967163086	0.0	0.0	38.585838317871094	-22.39059066772461	246.19528198242188	223.7618408203125	0.09720571339130402	0.00010000009025699517
# Best epoch: 97
