# Generation 42

0 0.0006
1 0.0032
2 0.00635
3 0.0073
4 0.0092
5 0.01085
6 0.0118
7 0.0144
8 0.0168
9 0.01765
10 0.0207
11 0.0254
12 0.02685
13 0.02755
14 0.0291
15 0.03015
16 0.0331
17 0.03545
18 0.03705
19 0.0433
20 0.04745
21 0.0505
22 0.05345
23 0.05825
24 0.061
25 0.065
26 0.06815
27 0.0715
28 0.0736
29 0.0759
30 0.0776
31 0.0807
32 0.08235
33 0.0854
34 0.089
35 0.09245
36 0.0946
37 0.09755
38 0.10215
39 0.1052
40 0.10995
41 0.11275
42 0.1184
43 0.12
44 0.1226
45 0.1263
46 0.12945
47 0.13075
48 0.13485
49 0.13785
50 0.1422
51 0.1463
52 0.1493
53 0.1534
54 0.15815
55 0.15955
56 0.16025
57 0.1629
58 0.16345
59 0.16725
60 0.16895
61 0.17285
62 0.1779
63 0.18015
64 0.1811
65 0.182
66 0.1826
67 0.18555
68 0.19115
69 0.19355
70 0.1967
71 0.19945
72 0.20145
73 0.20265
74 0.20435
75 0.20745
76 0.2103
77 0.2115
78 0.2164
79 0.21905
80 0.2217
81 0.22285
82 0.2261
83 0.2327
84 0.2384
85 0.24325
86 0.2443
87 0.24565
88 0.24755
89 0.2495
90 0.25115
91 0.2543
92 0.2557
93 0.25735
94 0.2607
95 0.2628
96 0.2646
97 0.2669
98 0.27
99 0.27345
100 0.2771
101 0.2799
102 0.284
103 0.2852
104 0.28735
105 0.2898
106 0.29255
107 0.29535
108 0.2962
109 0.29985
110 0.30285
111 0.306
112 0.30735
113 0.3096
114 0.3102
115 0.3118
116 0.31445
117 0.31615
118 0.32185
119 0.3273
120 0.3297
121 0.33185
122 0.3327
123 0.33625
124 0.34055
125 0.342
126 0.34415
127 0.34645
128 0.3477
129 0.35
130 0.35265
131 0.3534
132 0.35365
133 0.35495
134 0.3571
135 0.3593
136 0.365
137 0.3675
138 0.3704
139 0.3741
140 0.3757
141 0.37825
142 0.3806
143 0.3862
144 0.38785
145 0.3898
146 0.3944
147 0.39805
148 0.40075
149 0.40345
150 0.4078
151 0.41165
152 0.4142
153 0.41765
154 0.41915
155 0.42415
156 0.4271
157 0.4292
158 0.43165
159 0.43395
160 0.43655
161 0.4419
162 0.44645
163 0.45075
164 0.453
165 0.45595
166 0.45675
167 0.46225
168 0.4659
169 0.4682
170 0.46955
171 0.47155
172 0.475
173 0.4769
174 0.47925
175 0.4836
176 0.4876
177 0.48835
178 0.49155
179 0.49495
180 0.49905
181 0.5008
182 0.50295
183 0.5087
184 0.5133
185 0.5157
186 0.5199
187 0.5204
188 0.52495
189 0.5277
190 0.5288
191 0.5328
192 0.53405
193 0.53675
194 0.5424
195 0.54585
196 0.55025
197 0.5536
198 0.5571
199 0.5587
200 0.56195
201 0.565
202 0.56865
203 0.57095
204 0.5714
205 0.57475
206 0.57905
207 0.5825
208 0.5857
209 0.5893
210 0.5912
211 0.5929
212 0.5932
213 0.5952
214 0.5955
215 0.59775
216 0.60125
217 0.60285
218 0.60635
219 0.60785
220 0.6092
221 0.6121
222 0.6183
223 0.621
224 0.62555
225 0.629
226 0.63075
227 0.63135
228 0.63815
229 0.63905
230 0.6431
231 0.64555
232 0.6496
233 0.65015
234 0.6509
235 0.6542
236 0.65675
237 0.662
238 0.6636
239 0.6659
240 0.6725
241 0.6776
242 0.6795
243 0.68265
244 0.6836
245 0.6856
246 0.6871
247 0.6883
248 0.68995
249 0.69365
250 0.6966
251 0.70125
252 0.70375
253 0.7072
254 0.7096
255 0.7114
256 0.7136
257 0.71685
258 0.7183
259 0.721
260 0.7219
261 0.7266
262 0.7276
263 0.72835
264 0.7303
265 0.73235
266 0.73665
267 0.73855
268 0.7403
269 0.74355
270 0.7455
271 0.7473
272 0.74885
273 0.75435
274 0.7546
275 0.75625
276 0.7591
277 0.763
278 0.7647
279 0.76645
280 0.7695
281 0.77195
282 0.77405
283 0.77575
284 0.77775
285 0.7794
286 0.7812
287 0.78305
288 0.78545
289 0.7877
290 0.78935
291 0.7945
292 0.7952
293 0.79615
294 0.79865
295 0.7992
296 0.80185
297 0.80335
298 0.8063
299 0.8081
300 0.8108
301 0.8128
302 0.81745
303 0.81995
304 0.8203
305 0.8217
306 0.82415
307 0.8266
308 0.82815
309 0.8328
310 0.83525
311 0.8381
312 0.83915
313 0.84435
314 0.8486
315 0.85235
316 0.8568
317 0.8604
318 0.8623
319 0.86395
320 0.8679
321 0.8715
322 0.8751
323 0.87755
324 0.88035
325 0.8858
326 0.88875
327 0.89185
328 0.8936
329 0.89445
330 0.8966
331 0.8997
332 0.90155
333 0.90735
334 0.91355
335 0.91535
336 0.91815
337 0.9207
338 0.9223
339 0.92555
340 0.9316
341 0.9357
342 0.9406
343 0.94355
344 0.9463
345 0.95095
346 0.9525
347 0.95565
348 0.95765
349 0.9596
350 0.96285
351 0.9659
352 0.9687
353 0.97275
354 0.9744
355 0.975
356 0.9764
357 0.979
358 0.97915
359 0.9842
360 0.9875
361 0.9879
362 0.99145
363 0.993
364 0.99525
365 0.9969
366 1.0008
# Generated pool n. 42 for Umax = -14.708630561828613
# Generated a biased pool of 20000 with an acceptance of 0.09133998304605484
# Generated a pool of 20000 with an acceptance of 0.0027269754768392386
# Generation repeated 367 times
# Average relative effective sample size: 0.023766083642840385
# Generation efficiency: 0.0027247956403269754
