# Generation 32

0 0.0025
1 0.0046
2 0.00685
3 0.01155
4 0.0162
5 0.01795
6 0.0193
7 0.02315
8 0.02575
9 0.02605
10 0.03425
11 0.03865
12 0.04145
13 0.04275
14 0.0458
15 0.0488
16 0.05375
17 0.0562
18 0.05825
19 0.0637
20 0.0654
21 0.06895
22 0.07455
23 0.0787
24 0.0845
25 0.08665
26 0.09325
27 0.09905
28 0.1019
29 0.10685
30 0.1128
31 0.11495
32 0.11625
33 0.12165
34 0.1278
35 0.13305
36 0.1345
37 0.1405
38 0.1462
39 0.14725
40 0.1551
41 0.15965
42 0.16365
43 0.1666
44 0.17055
45 0.1733
46 0.18015
47 0.1847
48 0.1913
49 0.19315
50 0.19785
51 0.20355
52 0.21465
53 0.2163
54 0.22405
55 0.2309
56 0.2381
57 0.24005
58 0.24645
59 0.2494
60 0.2537
61 0.2584
62 0.26245
63 0.2698
64 0.273
65 0.282
66 0.2878
67 0.29205
68 0.3005
69 0.3063
70 0.31125
71 0.312
72 0.31525
73 0.3217
74 0.32865
75 0.33465
76 0.3372
77 0.3447
78 0.3483
79 0.35265
80 0.3619
81 0.36365
82 0.36495
83 0.36865
84 0.3721
85 0.3754
86 0.3768
87 0.38205
88 0.3885
89 0.39385
90 0.39675
91 0.3978
92 0.40405
93 0.40575
94 0.4138
95 0.4192
96 0.42425
97 0.42755
98 0.4304
99 0.43655
100 0.4402
101 0.448
102 0.44915
103 0.45075
104 0.45565
105 0.46055
106 0.46905
107 0.4731
108 0.47605
109 0.47615
110 0.48125
111 0.48435
112 0.4893
113 0.492
114 0.4947
115 0.49905
116 0.49995
117 0.50425
118 0.50595
119 0.50895
120 0.51085
121 0.5141
122 0.516
123 0.5209
124 0.5231
125 0.52405
126 0.52925
127 0.535
128 0.54275
129 0.54305
130 0.54675
131 0.5494
132 0.5562
133 0.56165
134 0.5668
135 0.57115
136 0.57335
137 0.5797
138 0.5856
139 0.59135
140 0.59345
141 0.59555
142 0.60215
143 0.6071
144 0.61165
145 0.61645
146 0.61785
147 0.62055
148 0.6228
149 0.6276
150 0.6305
151 0.6371
152 0.64595
153 0.6476
154 0.6495
155 0.65395
156 0.65595
157 0.66
158 0.66485
159 0.66765
160 0.67065
161 0.6731
162 0.6777
163 0.67945
164 0.68275
165 0.68545
166 0.6925
167 0.6951
168 0.6996
169 0.7013
170 0.7047
171 0.7118
172 0.71555
173 0.7174
174 0.72015
175 0.7222
176 0.7262
177 0.72805
178 0.73175
179 0.73695
180 0.73905
181 0.75
182 0.75355
183 0.7572
184 0.76295
185 0.76695
186 0.7703
187 0.7706
188 0.7733
189 0.77865
190 0.78275
191 0.7856
192 0.788
193 0.7923
194 0.7966
195 0.8031
196 0.8051
197 0.80575
198 0.8064
199 0.81295
200 0.8162
201 0.82085
202 0.8262
203 0.83035
204 0.8338
205 0.83965
206 0.845
207 0.84645
208 0.84875
209 0.85025
210 0.8554
211 0.8597
212 0.8605
213 0.8638
214 0.865
215 0.8672
216 0.87425
217 0.87975
218 0.88425
219 0.8877
220 0.8938
221 0.8977
222 0.9005
223 0.9096
224 0.92055
225 0.92915
226 0.93125
227 0.9323
228 0.93445
229 0.937
230 0.94245
231 0.94675
232 0.95195
233 0.9589
234 0.9649
235 0.96545
236 0.96665
237 0.9704
238 0.97475
239 0.9796
240 0.9818
241 0.9893
242 0.99115
243 0.9936
244 0.9984
245 0.99955
246 1.0051
# Generated pool n. 32 for Umax = -13.711165428161621
# Generated a biased pool of 20000 with an acceptance of 0.1953667551279068
# Generated a pool of 20000 with an acceptance of 0.004069230769230769
# Generation repeated 247 times
# Average relative effective sample size: 0.04484914243221283
# Generation efficiency: 0.004048582995951417
