# Generation 29

0 0.0004
1 0.0055
2 0.0112
3 0.01475
4 0.0238
5 0.0287
6 0.03845
7 0.0426
8 0.045
9 0.0482
10 0.05065
11 0.05525
12 0.06425
13 0.0722
14 0.07355
15 0.0774
16 0.08045
17 0.0857
18 0.09185
19 0.09795
20 0.10925
21 0.1178
22 0.1201
23 0.1254
24 0.13185
25 0.1405
26 0.1466
27 0.15455
28 0.15515
29 0.1631
30 0.16565
31 0.1742
32 0.1863
33 0.1897
34 0.19185
35 0.20435
36 0.2113
37 0.22235
38 0.23235
39 0.23435
40 0.2389
41 0.2449
42 0.2495
43 0.25735
44 0.26335
45 0.26745
46 0.27035
47 0.27465
48 0.2795
49 0.28165
50 0.28715
51 0.2918
52 0.2923
53 0.29755
54 0.30045
55 0.3027
56 0.3068
57 0.31005
58 0.317
59 0.3199
60 0.3219
61 0.32455
62 0.3284
63 0.3334
64 0.34265
65 0.34515
66 0.35725
67 0.36475
68 0.3716
69 0.3771
70 0.38215
71 0.3836
72 0.3845
73 0.39185
74 0.39915
75 0.4036
76 0.41225
77 0.41415
78 0.4294
79 0.4352
80 0.43665
81 0.4412
82 0.44715
83 0.45
84 0.4525
85 0.4645
86 0.47025
87 0.4717
88 0.4813
89 0.486
90 0.49105
91 0.49975
92 0.50565
93 0.5134
94 0.5205
95 0.5252
96 0.5297
97 0.5344
98 0.5405
99 0.5483
100 0.563
101 0.5703
102 0.5785
103 0.58
104 0.58515
105 0.5915
106 0.5946
107 0.597
108 0.60245
109 0.6125
110 0.62055
111 0.62225
112 0.62915
113 0.63415
114 0.6368
115 0.64845
116 0.65965
117 0.67055
118 0.6791
119 0.6897
120 0.704
121 0.70785
122 0.71805
123 0.7241
124 0.73
125 0.73455
126 0.74335
127 0.75125
128 0.7642
129 0.7692
130 0.77375
131 0.77885
132 0.78445
133 0.79135
134 0.8021
135 0.8127
136 0.8188
137 0.82815
138 0.83255
139 0.8335
140 0.83985
141 0.842
142 0.84565
143 0.8494
144 0.8577
145 0.8609
146 0.8639
147 0.8672
148 0.8778
149 0.881
150 0.8925
151 0.8949
152 0.9005
153 0.90625
154 0.90635
155 0.90965
156 0.91275
157 0.9189
158 0.9275
159 0.9349
160 0.94095
161 0.9459
162 0.95645
163 0.96235
164 0.9686
165 0.97115
166 0.9798
167 0.98405
168 0.9851
169 0.9867
170 0.9933
171 0.99555
172 1.00395
# Generated pool n. 29 for Umax = -12.874617576599121
# Generated a biased pool of 20000 with an acceptance of 0.2693867087364197
# Generated a pool of 20000 with an acceptance of 0.005803179190751448
# Generation repeated 173 times
# Average relative effective sample size: 0.07222899794578552
# Generation efficiency: 0.005780346820809248
