# Generation 35

0 0.00215
1 0.0054
2 0.0083
3 0.013
4 0.01655
5 0.01975
6 0.02105
7 0.03205
8 0.0368
9 0.0385
10 0.04705
11 0.0554
12 0.05935
13 0.0642
14 0.0715
15 0.07575
16 0.08645
17 0.0879
18 0.09
19 0.09405
20 0.0974
21 0.1038
22 0.10505
23 0.11495
24 0.1179
25 0.1205
26 0.12465
27 0.1294
28 0.13505
29 0.1384
30 0.14635
31 0.15005
32 0.1564
33 0.1612
34 0.16485
35 0.17285
36 0.1752
37 0.17565
38 0.1792
39 0.18145
40 0.18505
41 0.1895
42 0.19365
43 0.19625
44 0.2006
45 0.20245
46 0.2066
47 0.2081
48 0.21015
49 0.21375
50 0.2197
51 0.22165
52 0.2249
53 0.22765
54 0.23405
55 0.24255
56 0.24855
57 0.2522
58 0.25535
59 0.2589
60 0.2627
61 0.2684
62 0.2691
63 0.27035
64 0.2754
65 0.28175
66 0.2832
67 0.28555
68 0.2911
69 0.2958
70 0.2983
71 0.30715
72 0.31005
73 0.3144
74 0.3175
75 0.32215
76 0.3256
77 0.3289
78 0.3334
79 0.33425
80 0.33675
81 0.34225
82 0.34775
83 0.3483
84 0.3502
85 0.35315
86 0.35705
87 0.36005
88 0.366
89 0.3705
90 0.37565
91 0.3822
92 0.3868
93 0.39045
94 0.39615
95 0.4018
96 0.4034
97 0.4072
98 0.41335
99 0.4182
100 0.4247
101 0.4256
102 0.42855
103 0.43465
104 0.43735
105 0.44015
106 0.44205
107 0.449
108 0.4511
109 0.45445
110 0.45475
111 0.45735
112 0.46175
113 0.46315
114 0.4693
115 0.47425
116 0.47625
117 0.47905
118 0.4824
119 0.48745
120 0.4957
121 0.4976
122 0.5001
123 0.5059
124 0.5078
125 0.5121
126 0.51695
127 0.52505
128 0.53185
129 0.53665
130 0.5392
131 0.54295
132 0.54455
133 0.5493
134 0.5551
135 0.55635
136 0.55705
137 0.5636
138 0.56935
139 0.5756
140 0.57885
141 0.584
142 0.58675
143 0.59175
144 0.5935
145 0.59835
146 0.59985
147 0.6071
148 0.6128
149 0.61975
150 0.625
151 0.6313
152 0.63455
153 0.63955
154 0.645
155 0.6528
156 0.65455
157 0.66205
158 0.6639
159 0.6641
160 0.6714
161 0.6769
162 0.6857
163 0.6875
164 0.68955
165 0.6911
166 0.69425
167 0.69635
168 0.69795
169 0.69865
170 0.70215
171 0.7069
172 0.71185
173 0.7194
174 0.72015
175 0.7259
176 0.7296
177 0.7304
178 0.7321
179 0.73335
180 0.7398
181 0.74845
182 0.7544
183 0.75785
184 0.7641
185 0.77115
186 0.77775
187 0.78205
188 0.7868
189 0.79385
190 0.80025
191 0.8049
192 0.80745
193 0.81575
194 0.82175
195 0.82855
196 0.8317
197 0.8394
198 0.8408
199 0.84285
200 0.8482
201 0.8499
202 0.8576
203 0.85985
204 0.864
205 0.8696
206 0.8763
207 0.87895
208 0.88805
209 0.89255
210 0.89555
211 0.89635
212 0.90015
213 0.9031
214 0.90715
215 0.9091
216 0.91125
217 0.92025
218 0.9216
219 0.92695
220 0.9305
221 0.9359
222 0.93875
223 0.94455
224 0.9517
225 0.9574
226 0.9575
227 0.9626
228 0.9662
229 0.9719
230 0.97555
231 0.97905
232 0.98075
233 0.98125
234 0.9832
235 0.9909
236 0.99435
237 0.99875
238 1.0061
# Generated pool n. 35 for Umax = -14.19892406463623
# Generated a biased pool of 20000 with an acceptance of 0.1860036849975586
# Generated a pool of 20000 with an acceptance of 0.0042096234309623465
# Generation repeated 239 times
# Average relative effective sample size: 0.047131266444921494
# Generation efficiency: 0.0041841004184100415
