# Generation 24

0 0.00295
1 0.01005
2 0.01615
3 0.0177
4 0.02175
5 0.02665
6 0.0337
7 0.04045
8 0.048
9 0.05025
10 0.05655
11 0.06425
12 0.071
13 0.07525
14 0.0787
15 0.0906
16 0.09385
17 0.0963
18 0.1027
19 0.11305
20 0.11505
21 0.1164
22 0.119
23 0.12145
24 0.1246
25 0.13
26 0.13355
27 0.13575
28 0.1394
29 0.14515
30 0.14925
31 0.15275
32 0.15955
33 0.1653
34 0.16845
35 0.1764
36 0.1782
37 0.1817
38 0.1877
39 0.18905
40 0.1942
41 0.19645
42 0.1976
43 0.20375
44 0.2119
45 0.21705
46 0.2191
47 0.2274
48 0.23425
49 0.2418
50 0.2489
51 0.25495
52 0.26005
53 0.2626
54 0.26695
55 0.27095
56 0.2794
57 0.283
58 0.2894
59 0.2946
60 0.3073
61 0.30765
62 0.31305
63 0.31505
64 0.31825
65 0.32075
66 0.3252
67 0.3299
68 0.3338
69 0.34095
70 0.34835
71 0.3511
72 0.35415
73 0.3595
74 0.3652
75 0.37135
76 0.37635
77 0.3801
78 0.38675
79 0.3876
80 0.3929
81 0.3988
82 0.3995
83 0.40325
84 0.40655
85 0.41065
86 0.41365
87 0.41675
88 0.4202
89 0.4246
90 0.431
91 0.4313
92 0.4378
93 0.4425
94 0.44685
95 0.44955
96 0.45075
97 0.4596
98 0.4644
99 0.4714
100 0.4728
101 0.47665
102 0.4807
103 0.48605
104 0.4914
105 0.49735
106 0.5013
107 0.50365
108 0.5097
109 0.513
110 0.5159
111 0.52365
112 0.5279
113 0.5347
114 0.5436
115 0.54795
116 0.555
117 0.56325
118 0.5726
119 0.57355
120 0.57955
121 0.5894
122 0.59905
123 0.60135
124 0.6045
125 0.6122
126 0.62185
127 0.63095
128 0.64145
129 0.6461
130 0.6529
131 0.65505
132 0.6642
133 0.66695
134 0.6722
135 0.67675
136 0.6785
137 0.68315
138 0.6901
139 0.695
140 0.7012
141 0.7123
142 0.71675
143 0.71785
144 0.71835
145 0.7309
146 0.7405
147 0.7436
148 0.7539
149 0.7589
150 0.7638
151 0.7712
152 0.78325
153 0.796
154 0.80115
155 0.80905
156 0.81445
157 0.81775
158 0.82705
159 0.83425
160 0.84335
161 0.84755
162 0.84805
163 0.8551
164 0.86065
165 0.8652
166 0.86895
167 0.87715
168 0.8805
169 0.8865
170 0.8871
171 0.89515
172 0.90085
173 0.9074
174 0.9171
175 0.9266
176 0.9305
177 0.9361
178 0.9384
179 0.9476
180 0.9537
181 0.9603
182 0.96455
183 0.9683
184 0.97915
185 0.9855
186 0.9973
187 1.00255
# Generated pool n. 24 for Umax = -9.836151123046875
# Generated a biased pool of 20000 with an acceptance of 0.30937302112579346
# Generated a pool of 20000 with an acceptance of 0.005332712765957448
# Generation repeated 188 times
# Average relative effective sample size: 0.07535859197378159
# Generation efficiency: 0.005319148936170213
