# Generation 30

0 0.00375
1 0.00715
2 0.01185
3 0.0143
4 0.0178
5 0.0235
6 0.0281
7 0.02885
8 0.03305
9 0.0356
10 0.03925
11 0.04425
12 0.0464
13 0.0486
14 0.0508
15 0.0515
16 0.05255
17 0.06005
18 0.0623
19 0.06615
20 0.06655
21 0.06885
22 0.07055
23 0.0805
24 0.0818
25 0.085
26 0.08735
27 0.09385
28 0.0957
29 0.09905
30 0.103
31 0.10605
32 0.111
33 0.11455
34 0.11535
35 0.11795
36 0.12045
37 0.1224
38 0.1273
39 0.1292
40 0.1327
41 0.13705
42 0.1384
43 0.14075
44 0.1427
45 0.14335
46 0.15175
47 0.1529
48 0.15705
49 0.16095
50 0.16455
51 0.1691
52 0.17675
53 0.1802
54 0.18635
55 0.19285
56 0.2
57 0.2028
58 0.20545
59 0.2081
60 0.2126
61 0.22075
62 0.2253
63 0.2281
64 0.23275
65 0.23905
66 0.24135
67 0.24595
68 0.24815
69 0.251
70 0.2545
71 0.25635
72 0.2583
73 0.2603
74 0.26235
75 0.26455
76 0.26525
77 0.2744
78 0.28395
79 0.2877
80 0.2938
81 0.29635
82 0.3046
83 0.31185
84 0.31915
85 0.3274
86 0.33015
87 0.33325
88 0.33535
89 0.3391
90 0.342
91 0.3442
92 0.3474
93 0.34795
94 0.3525
95 0.35485
96 0.3592
97 0.3623
98 0.3654
99 0.37275
100 0.3796
101 0.38405
102 0.38715
103 0.39335
104 0.39725
105 0.4001
106 0.4043
107 0.408
108 0.41075
109 0.4144
110 0.42265
111 0.4264
112 0.4345
113 0.43825
114 0.44175
115 0.4471
116 0.4521
117 0.4535
118 0.45785
119 0.45895
120 0.46445
121 0.46795
122 0.4703
123 0.4799
124 0.4838
125 0.4859
126 0.492
127 0.4961
128 0.5
129 0.5026
130 0.5056
131 0.51005
132 0.51305
133 0.514
134 0.5185
135 0.5236
136 0.53115
137 0.5341
138 0.53605
139 0.53765
140 0.54085
141 0.5446
142 0.5471
143 0.5512
144 0.55235
145 0.5548
146 0.5564
147 0.5597
148 0.56445
149 0.5684
150 0.5747
151 0.577
152 0.5833
153 0.58465
154 0.5866
155 0.5888
156 0.59205
157 0.5949
158 0.5982
159 0.6006
160 0.6071
161 0.60915
162 0.6121
163 0.6168
164 0.61915
165 0.6192
166 0.62155
167 0.6261
168 0.63015
169 0.63235
170 0.6337
171 0.6376
172 0.6425
173 0.64785
174 0.65515
175 0.6577
176 0.66205
177 0.6642
178 0.6687
179 0.671
180 0.67155
181 0.6744
182 0.67625
183 0.68295
184 0.6855
185 0.6929
186 0.6989
187 0.70215
188 0.70795
189 0.71545
190 0.71775
191 0.72035
192 0.7229
193 0.72925
194 0.73255
195 0.7364
196 0.7377
197 0.7391
198 0.7436
199 0.74565
200 0.74985
201 0.7544
202 0.75685
203 0.75995
204 0.7623
205 0.7664
206 0.7689
207 0.7704
208 0.77345
209 0.7758
210 0.7809
211 0.784
212 0.78665
213 0.7882
214 0.79435
215 0.79565
216 0.80025
217 0.8016
218 0.8029
219 0.80645
220 0.8119
221 0.8139
222 0.8165
223 0.82035
224 0.8236
225 0.82545
226 0.82995
227 0.834
228 0.8371
229 0.84095
230 0.8424
231 0.84715
232 0.85135
233 0.8537
234 0.85835
235 0.86
236 0.86085
237 0.8671
238 0.87175
239 0.87225
240 0.87535
241 0.8823
242 0.88535
243 0.8908
244 0.8944
245 0.89585
246 0.90175
247 0.90755
248 0.9112
249 0.9161
250 0.9192
251 0.9249
252 0.9287
253 0.9327
254 0.9338
255 0.93725
256 0.93995
257 0.9446
258 0.9475
259 0.95045
260 0.95365
261 0.95665
262 0.9573
263 0.96385
264 0.9664
265 0.96705
266 0.9714
267 0.97505
268 0.97795
269 0.98015
270 0.98275
271 0.98605
272 0.9866
273 0.9896
274 0.99265
275 0.9952
276 0.9967
277 1.00285
# Generated pool n. 30 for Umax = -13.206932067871094
# Generated a biased pool of 20000 with an acceptance of 0.1528487205505371
# Generated a pool of 20000 with an acceptance of 0.003607374100719422
# Generation repeated 278 times
# Average relative effective sample size: 0.0367497056722641
# Generation efficiency: 0.0035971223021582736
