# Generation 7

0 0.0019
1 0.00515
2 0.00685
3 0.0115
4 0.0122
5 0.0141
6 0.0149
7 0.0166
8 0.0172
9 0.0191
10 0.0215
11 0.0228
12 0.0261
13 0.02695
14 0.028
15 0.0295
16 0.03175
17 0.0342
18 0.0349
19 0.04
20 0.0419
21 0.04605
22 0.049
23 0.0506
24 0.05345
25 0.05545
26 0.0564
27 0.05915
28 0.062
29 0.06445
30 0.0657
31 0.0679
32 0.06985
33 0.0723
34 0.07515
35 0.07835
36 0.0794
37 0.08265
38 0.08515
39 0.08765
40 0.0897
41 0.09205
42 0.09515
43 0.09745
44 0.1015
45 0.1023
46 0.1028
47 0.1037
48 0.1071
49 0.1087
50 0.1119
51 0.1141
52 0.1178
53 0.11895
54 0.1222
55 0.1243
56 0.1276
57 0.1307
58 0.13195
59 0.13295
60 0.13415
61 0.1366
62 0.14055
63 0.1425
64 0.1451
65 0.1464
66 0.1513
67 0.1533
68 0.1542
69 0.1578
70 0.1588
71 0.16145
72 0.1641
73 0.16655
74 0.1683
75 0.172
76 0.17405
77 0.17665
78 0.17945
79 0.1814
80 0.1824
81 0.1863
82 0.18795
83 0.19045
84 0.19255
85 0.19385
86 0.1977
87 0.20095
88 0.2021
89 0.2027
90 0.20485
91 0.2088
92 0.21125
93 0.2134
94 0.2143
95 0.21715
96 0.21925
97 0.22215
98 0.22475
99 0.2291
100 0.22965
101 0.23095
102 0.2335
103 0.2368
104 0.2399
105 0.24235
106 0.2436
107 0.2441
108 0.24545
109 0.24685
110 0.2496
111 0.25215
112 0.25685
113 0.2587
114 0.26065
115 0.26275
116 0.26435
117 0.2661
118 0.2681
119 0.27205
120 0.2736
121 0.27575
122 0.27795
123 0.28055
124 0.28135
125 0.2842
126 0.2849
127 0.2862
128 0.2897
129 0.29225
130 0.29495
131 0.2971
132 0.2989
133 0.3012
134 0.30435
135 0.30615
136 0.3095
137 0.312
138 0.31505
139 0.31755
140 0.31955
141 0.3212
142 0.32265
143 0.3249
144 0.328
145 0.3308
146 0.3333
147 0.3349
148 0.3376
149 0.33945
150 0.34225
151 0.3447
152 0.3492
153 0.35165
154 0.3545
155 0.3567
156 0.3601
157 0.36185
158 0.36535
159 0.3677
160 0.3713
161 0.3739
162 0.37625
163 0.37725
164 0.3803
165 0.38355
166 0.38805
167 0.39035
168 0.3923
169 0.39395
170 0.39465
171 0.39745
172 0.3991
173 0.40165
174 0.40415
175 0.4056
176 0.40775
177 0.4082
178 0.4107
179 0.412
180 0.41295
181 0.41655
182 0.4189
183 0.41995
184 0.422
185 0.424
186 0.42565
187 0.42785
188 0.42945
189 0.4305
190 0.4319
191 0.43425
192 0.43505
193 0.43825
194 0.4403
195 0.44225
196 0.4451
197 0.4466
198 0.44915
199 0.45165
200 0.45495
201 0.45665
202 0.458
203 0.46135
204 0.46415
205 0.46755
206 0.4688
207 0.4709
208 0.4734
209 0.47845
210 0.4805
211 0.48305
212 0.48405
213 0.48565
214 0.4875
215 0.49095
216 0.49445
217 0.49655
218 0.49815
219 0.5
220 0.5027
221 0.50515
222 0.50625
223 0.5101
224 0.51175
225 0.5148
226 0.5165
227 0.51875
228 0.5206
229 0.5229
230 0.5242
231 0.52705
232 0.5283
233 0.53105
234 0.5319
235 0.53265
236 0.5339
237 0.53495
238 0.5367
239 0.53925
240 0.54095
241 0.542
242 0.548
243 0.55085
244 0.5541
245 0.55565
246 0.5575
247 0.55875
248 0.5615
249 0.56345
250 0.56545
251 0.56765
252 0.5692
253 0.57115
254 0.5744
255 0.57465
256 0.5764
257 0.578
258 0.58085
259 0.5848
260 0.5878
261 0.59085
262 0.5933
263 0.59565
264 0.59835
265 0.6009
266 0.60345
267 0.60735
268 0.6102
269 0.6108
270 0.61215
271 0.61365
272 0.61555
273 0.6194
274 0.62355
275 0.6256
276 0.62735
277 0.6302
278 0.63205
279 0.63525
280 0.6362
281 0.6383
282 0.64045
283 0.6433
284 0.64555
285 0.6489
286 0.6537
287 0.6555
288 0.65725
289 0.66185
290 0.66475
291 0.66645
292 0.66765
293 0.6692
294 0.6737
295 0.67595
296 0.67785
297 0.68035
298 0.68135
299 0.6845
300 0.68785
301 0.68965
302 0.69085
303 0.69395
304 0.69435
305 0.6969
306 0.6989
307 0.7003
308 0.7029
309 0.7046
310 0.7053
311 0.7067
312 0.7085
313 0.71205
314 0.71595
315 0.7176
316 0.71945
317 0.7246
318 0.72705
319 0.72765
320 0.72975
321 0.7323
322 0.73775
323 0.74
324 0.7451
325 0.74765
326 0.7495
327 0.75215
328 0.75385
329 0.7567
330 0.75835
331 0.75985
332 0.761
333 0.76285
334 0.76635
335 0.76905
336 0.77065
337 0.77425
338 0.7756
339 0.77805
340 0.7816
341 0.78385
342 0.7862
343 0.7899
344 0.7906
345 0.7924
346 0.79385
347 0.7948
348 0.79685
349 0.7974
350 0.8019
351 0.80465
352 0.80825
353 0.8104
354 0.8142
355 0.8164
356 0.8188
357 0.82035
358 0.82415
359 0.8265
360 0.8276
361 0.83095
362 0.8337
363 0.836
364 0.8375
365 0.83935
366 0.8413
367 0.8444
368 0.84735
369 0.8506
370 0.851
371 0.8558
372 0.85865
373 0.8621
374 0.86425
375 0.8668
376 0.8694
377 0.8711
378 0.87415
379 0.8769
380 0.8778
381 0.8799
382 0.88115
383 0.8821
384 0.8834
385 0.8856
386 0.88765
387 0.89165
388 0.89525
389 0.8969
390 0.8991
391 0.9018
392 0.90425
393 0.9082
394 0.90855
395 0.9111
396 0.9135
397 0.91515
398 0.91765
399 0.92055
400 0.92225
401 0.92455
402 0.92505
403 0.927
404 0.9275
405 0.9295
406 0.9323
407 0.9352
408 0.93775
409 0.94
410 0.9425
411 0.94525
412 0.9473
413 0.9486
414 0.9521
415 0.95335
416 0.9584
417 0.9608
418 0.9639
419 0.96465
420 0.9677
421 0.9689
422 0.97025
423 0.9706
424 0.9726
425 0.9778
426 0.98135
427 0.98225
428 0.9857
429 0.98825
430 0.99175
431 0.99385
432 0.9958
433 0.99855
434 1.00165
# Generated pool n. 7 for Umax = 279.6348876953125
# Generated a biased pool of 20000 with an acceptance of 0.09462986886501312
# Generated a pool of 20000 with an acceptance of 0.0023026436781609207
# Generation repeated 435 times
# Average relative effective sample size: 0.017169510945677757
# Generation efficiency: 0.0022988505747126436
