# Generation 11

0 0.00225
1 0.0038
2 0.00475
3 0.008
4 0.0088
5 0.0097
6 0.01085
7 0.01175
8 0.0132
9 0.014
10 0.01585
11 0.0182
12 0.01935
13 0.0208
14 0.02265
15 0.0228
16 0.02355
17 0.02435
18 0.02515
19 0.02775
20 0.0287
21 0.0312
22 0.03255
23 0.03295
24 0.03315
25 0.0343
26 0.03575
27 0.0382
28 0.03985
29 0.04225
30 0.043
31 0.04355
32 0.04505
33 0.04555
34 0.046
35 0.04765
36 0.04875
37 0.0522
38 0.054
39 0.0559
40 0.05605
41 0.05755
42 0.0582
43 0.0583
44 0.06005
45 0.0608
46 0.0627
47 0.06355
48 0.06545
49 0.06675
50 0.06735
51 0.0687
52 0.0698
53 0.07275
54 0.0733
55 0.07545
56 0.07655
57 0.07815
58 0.07925
59 0.08
60 0.0811
61 0.08295
62 0.0855
63 0.08615
64 0.08705
65 0.0883
66 0.08985
67 0.0908
68 0.09185
69 0.0922
70 0.09265
71 0.09345
72 0.09585
73 0.0969
74 0.09755
75 0.09865
76 0.10055
77 0.1017
78 0.1036
79 0.10525
80 0.10615
81 0.10755
82 0.1105
83 0.11325
84 0.1135
85 0.11425
86 0.1154
87 0.1164
88 0.11965
89 0.12175
90 0.12225
91 0.12255
92 0.12595
93 0.1264
94 0.1282
95 0.1293
96 0.13045
97 0.13225
98 0.13365
99 0.13695
100 0.13815
101 0.13855
102 0.1395
103 0.1401
104 0.14175
105 0.1432
106 0.1446
107 0.1453
108 0.1475
109 0.14895
110 0.15205
111 0.15275
112 0.15415
113 0.1553
114 0.1571
115 0.1579
116 0.1598
117 0.16035
118 0.16185
119 0.16325
120 0.1651
121 0.1662
122 0.1671
123 0.168
124 0.16855
125 0.1694
126 0.17095
127 0.17155
128 0.1733
129 0.17405
130 0.1759
131 0.1769
132 0.17845
133 0.18155
134 0.1829
135 0.1833
136 0.1835
137 0.18415
138 0.1855
139 0.1862
140 0.1868
141 0.1882
142 0.1904
143 0.19105
144 0.19205
145 0.1926
146 0.19305
147 0.1936
148 0.1938
149 0.1946
150 0.19655
151 0.1987
152 0.19975
153 0.2002
154 0.2032
155 0.20335
156 0.2042
157 0.20605
158 0.2066
159 0.2084
160 0.2093
161 0.21035
162 0.21065
163 0.21085
164 0.21295
165 0.2138
166 0.21575
167 0.218
168 0.2188
169 0.22005
170 0.2215
171 0.22275
172 0.22425
173 0.2245
174 0.2254
175 0.22595
176 0.2279
177 0.2292
178 0.23085
179 0.2327
180 0.23495
181 0.23565
182 0.2358
183 0.23815
184 0.2391
185 0.23925
186 0.2394
187 0.2406
188 0.24195
189 0.2424
190 0.2437
191 0.2449
192 0.2454
193 0.2461
194 0.2484
195 0.2492
196 0.24975
197 0.25025
198 0.25115
199 0.25175
200 0.25395
201 0.25605
202 0.25835
203 0.2593
204 0.2597
205 0.2609
206 0.261
207 0.2624
208 0.26295
209 0.26325
210 0.2655
211 0.26665
212 0.26835
213 0.26935
214 0.26955
215 0.27105
216 0.2715
217 0.2741
218 0.2758
219 0.2761
220 0.2765
221 0.2783
222 0.2792
223 0.28065
224 0.28305
225 0.28455
226 0.2872
227 0.28945
228 0.29105
229 0.2928
230 0.2936
231 0.295
232 0.29625
233 0.29905
234 0.3005
235 0.30075
236 0.30255
237 0.30565
238 0.3074
239 0.30925
240 0.3109
241 0.3112
242 0.31165
243 0.3136
244 0.3148
245 0.3163
246 0.3172
247 0.3189
248 0.32115
249 0.3227
250 0.3228
251 0.32455
252 0.3259
253 0.32885
254 0.33055
255 0.33155
256 0.3324
257 0.33465
258 0.3371
259 0.3383
260 0.33945
261 0.3397
262 0.34225
263 0.3432
264 0.3436
265 0.34535
266 0.34685
267 0.34805
268 0.34825
269 0.3489
270 0.34985
271 0.35095
272 0.3539
273 0.35465
274 0.3551
275 0.35535
276 0.3569
277 0.3579
278 0.3592
279 0.36085
280 0.3613
281 0.36185
282 0.3633
283 0.36525
284 0.36635
285 0.3691
286 0.37005
287 0.37135
288 0.37275
289 0.37465
290 0.3755
291 0.37745
292 0.37785
293 0.38
294 0.3804
295 0.3829
296 0.3848
297 0.3859
298 0.3879
299 0.38925
300 0.3909
301 0.3927
302 0.3941
303 0.3964
304 0.3988
305 0.3995
306 0.4011
307 0.40225
308 0.40365
309 0.40445
310 0.40495
311 0.40635
312 0.40675
313 0.4078
314 0.40875
315 0.41175
316 0.41385
317 0.4147
318 0.41705
319 0.419
320 0.42065
321 0.4221
322 0.4235
323 0.4258
324 0.4271
325 0.4302
326 0.43205
327 0.4342
328 0.4353
329 0.4356
330 0.43695
331 0.4389
332 0.44075
333 0.44175
334 0.4422
335 0.44315
336 0.4438
337 0.44455
338 0.445
339 0.4471
340 0.44855
341 0.44925
342 0.4524
343 0.4547
344 0.456
345 0.4576
346 0.46065
347 0.4611
348 0.4621
349 0.46405
350 0.46475
351 0.4652
352 0.4659
353 0.46775
354 0.4703
355 0.4712
356 0.47265
357 0.47465
358 0.47645
359 0.4774
360 0.47895
361 0.4822
362 0.48245
363 0.4842
364 0.48475
365 0.4854
366 0.4858
367 0.4859
368 0.4869
369 0.4897
370 0.4934
371 0.49505
372 0.49585
373 0.49625
374 0.4972
375 0.4991
376 0.5007
377 0.5044
378 0.50555
379 0.50735
380 0.509
381 0.5094
382 0.51045
383 0.51125
384 0.5117
385 0.51325
386 0.51425
387 0.5148
388 0.51575
389 0.51695
390 0.518
391 0.5189
392 0.51935
393 0.5216
394 0.5219
395 0.5231
396 0.52335
397 0.52515
398 0.5267
399 0.5271
400 0.5298
401 0.52995
402 0.53095
403 0.5321
404 0.5326
405 0.53355
406 0.53375
407 0.53695
408 0.53765
409 0.53775
410 0.5394
411 0.5396
412 0.541
413 0.5433
414 0.54405
415 0.5443
416 0.54515
417 0.54695
418 0.5476
419 0.5485
420 0.55
421 0.5514
422 0.55385
423 0.55465
424 0.55485
425 0.5565
426 0.55805
427 0.55965
428 0.5615
429 0.5638
430 0.56505
431 0.56585
432 0.5671
433 0.5677
434 0.5687
435 0.56985
436 0.57035
437 0.57295
438 0.57415
439 0.57585
440 0.57815
441 0.5797
442 0.58165
443 0.58285
444 0.5864
445 0.58725
446 0.5883
447 0.5889
448 0.59105
449 0.59255
450 0.5944
451 0.59515
452 0.596
453 0.59665
454 0.59785
455 0.5996
456 0.5999
457 0.60155
458 0.6025
459 0.6029
460 0.6033
461 0.6049
462 0.60535
463 0.60575
464 0.6064
465 0.60885
466 0.61095
467 0.6114
468 0.6126
469 0.6135
470 0.6143
471 0.6167
472 0.6185
473 0.6211
474 0.62275
475 0.62385
476 0.62435
477 0.625
478 0.62665
479 0.629
480 0.6294
481 0.6305
482 0.63125
483 0.63205
484 0.63275
485 0.63335
486 0.6338
487 0.6344
488 0.6362
489 0.6381
490 0.64135
491 0.6418
492 0.64315
493 0.6447
494 0.6458
495 0.6464
496 0.64855
497 0.65065
498 0.6513
499 0.6551
500 0.65555
501 0.6558
502 0.65695
503 0.65725
504 0.65925
505 0.661
506 0.66265
507 0.6635
508 0.6641
509 0.66495
510 0.66705
511 0.66835
512 0.67075
513 0.6719
514 0.67315
515 0.6734
516 0.6744
517 0.6754
518 0.67695
519 0.6776
520 0.6792
521 0.6796
522 0.6815
523 0.68395
524 0.68495
525 0.6875
526 0.6886
527 0.6893
528 0.68995
529 0.692
530 0.69395
531 0.69525
532 0.6953
533 0.69715
534 0.69915
535 0.70085
536 0.70225
537 0.7026
538 0.70465
539 0.705
540 0.70675
541 0.70805
542 0.70925
543 0.70985
544 0.7106
545 0.7114
546 0.71365
547 0.7142
548 0.71565
549 0.7172
550 0.71825
551 0.71885
552 0.7196
553 0.71975
554 0.72025
555 0.72205
556 0.7224
557 0.7234
558 0.7249
559 0.727
560 0.72745
561 0.7282
562 0.7286
563 0.7298
564 0.73125
565 0.7334
566 0.7366
567 0.73825
568 0.73845
569 0.7389
570 0.74105
571 0.7419
572 0.74315
573 0.7452
574 0.7461
575 0.74785
576 0.74885
577 0.7494
578 0.7496
579 0.75125
580 0.75175
581 0.75215
582 0.75365
583 0.7555
584 0.75725
585 0.75775
586 0.75925
587 0.76115
588 0.7624
589 0.7631
590 0.7637
591 0.7661
592 0.76825
593 0.76975
594 0.771
595 0.7725
596 0.7728
597 0.77355
598 0.7752
599 0.7764
600 0.7778
601 0.77905
602 0.7806
603 0.7819
604 0.7828
605 0.7833
606 0.78445
607 0.78505
608 0.78565
609 0.7876
610 0.78875
611 0.78915
612 0.79015
613 0.7906
614 0.79235
615 0.7944
616 0.7948
617 0.79745
618 0.7986
619 0.79965
620 0.8005
621 0.80135
622 0.80435
623 0.8059
624 0.80785
625 0.8094
626 0.81055
627 0.81185
628 0.8137
629 0.8162
630 0.81785
631 0.81835
632 0.81885
633 0.82105
634 0.82305
635 0.82465
636 0.827
637 0.8302
638 0.83115
639 0.83255
640 0.83395
641 0.83425
642 0.8348
643 0.83635
644 0.83775
645 0.83825
646 0.83925
647 0.8401
648 0.8419
649 0.8437
650 0.8457
651 0.84715
652 0.849
653 0.85
654 0.8513
655 0.85195
656 0.85345
657 0.85425
658 0.85465
659 0.8576
660 0.8585
661 0.85985
662 0.8604
663 0.86235
664 0.8634
665 0.86475
666 0.8658
667 0.8663
668 0.8667
669 0.86715
670 0.86795
671 0.8686
672 0.8711
673 0.8727
674 0.8757
675 0.8778
676 0.87995
677 0.88175
678 0.88365
679 0.8866
680 0.88755
681 0.88885
682 0.89035
683 0.8921
684 0.89375
685 0.8965
686 0.89765
687 0.8983
688 0.89895
689 0.9
690 0.90075
691 0.90225
692 0.9035
693 0.9041
694 0.90625
695 0.9087
696 0.91085
697 0.91265
698 0.9133
699 0.9138
700 0.91425
701 0.9156
702 0.9165
703 0.91665
704 0.91935
705 0.91965
706 0.92165
707 0.9223
708 0.92315
709 0.9248
710 0.92545
711 0.92565
712 0.9265
713 0.9268
714 0.9279
715 0.92805
716 0.92915
717 0.9304
718 0.9313
719 0.93355
720 0.9347
721 0.9356
722 0.9358
723 0.9369
724 0.9383
725 0.94015
726 0.9417
727 0.94405
728 0.94515
729 0.9465
730 0.9469
731 0.9487
732 0.94975
733 0.94995
734 0.95015
735 0.9507
736 0.95335
737 0.95465
738 0.9565
739 0.9568
740 0.957
741 0.9588
742 0.9595
743 0.95975
744 0.96035
745 0.96075
746 0.9635
747 0.9652
748 0.9675
749 0.9685
750 0.9703
751 0.97235
752 0.97425
753 0.97625
754 0.9769
755 0.9786
756 0.98055
757 0.98215
758 0.9829
759 0.9856
760 0.98715
761 0.9893
762 0.9904
763 0.99065
764 0.99215
765 0.99295
766 0.9935
767 0.99725
768 0.9991
769 1.00055
# Generated pool n. 11 for Umax = 79.78440856933594
# Generated a biased pool of 20000 with an acceptance of 0.08234990388154984
# Generated a pool of 20000 with an acceptance of 0.0012994155844155838
# Generation repeated 770 times
# Average relative effective sample size: 0.008410180918872356
# Generation efficiency: 0.0012987012987012987
