# Generation 12

0 0.0008
1 0.0024
2 0.004
3 0.00525
4 0.00695
5 0.00835
6 0.00895
7 0.0097
8 0.01045
9 0.01085
10 0.011
11 0.01155
12 0.01285
13 0.0138
14 0.0153
15 0.0166
16 0.0183
17 0.021
18 0.0224
19 0.0227
20 0.02505
21 0.02635
22 0.02725
23 0.03015
24 0.03165
25 0.0328
26 0.0331
27 0.0339
28 0.03455
29 0.03525
30 0.0356
31 0.037
32 0.03745
33 0.03915
34 0.04095
35 0.04175
36 0.04405
37 0.0451
38 0.04735
39 0.04885
40 0.0504
41 0.0514
42 0.0517
43 0.05335
44 0.0543
45 0.05605
46 0.05645
47 0.05805
48 0.062
49 0.06245
50 0.0631
51 0.06475
52 0.06565
53 0.06785
54 0.0688
55 0.07005
56 0.0706
57 0.072
58 0.07325
59 0.0748
60 0.07595
61 0.0775
62 0.0789
63 0.07945
64 0.08165
65 0.0835
66 0.0851
67 0.08705
68 0.0889
69 0.0906
70 0.0919
71 0.0923
72 0.09445
73 0.0961
74 0.09635
75 0.0978
76 0.0981
77 0.09855
78 0.09955
79 0.10245
80 0.10415
81 0.10515
82 0.1056
83 0.10595
84 0.1068
85 0.10795
86 0.10815
87 0.1097
88 0.1107
89 0.1122
90 0.115
91 0.1158
92 0.1166
93 0.11865
94 0.12005
95 0.12185
96 0.1235
97 0.12395
98 0.1245
99 0.12625
100 0.1278
101 0.12945
102 0.1304
103 0.13205
104 0.1338
105 0.1345
106 0.13645
107 0.13735
108 0.1382
109 0.14255
110 0.1446
111 0.14665
112 0.1475
113 0.14875
114 0.15025
115 0.15135
116 0.15345
117 0.15515
118 0.1563
119 0.1582
120 0.15915
121 0.1598
122 0.16015
123 0.1618
124 0.163
125 0.16435
126 0.1661
127 0.1678
128 0.16855
129 0.17015
130 0.17065
131 0.17165
132 0.173
133 0.1752
134 0.17745
135 0.17905
136 0.18
137 0.1812
138 0.182
139 0.1845
140 0.1869
141 0.1888
142 0.18945
143 0.19105
144 0.19145
145 0.19285
146 0.19535
147 0.1957
148 0.19775
149 0.1983
150 0.2002
151 0.20175
152 0.2023
153 0.20335
154 0.2041
155 0.206
156 0.20755
157 0.20855
158 0.21035
159 0.2113
160 0.2117
161 0.21305
162 0.21345
163 0.2159
164 0.21995
165 0.22185
166 0.2227
167 0.224
168 0.22445
169 0.22515
170 0.2282
171 0.2308
172 0.2321
173 0.23295
174 0.2354
175 0.2367
176 0.23835
177 0.2399
178 0.24175
179 0.24335
180 0.24505
181 0.24615
182 0.2476
183 0.2483
184 0.25
185 0.2506
186 0.2514
187 0.25195
188 0.2533
189 0.25485
190 0.2561
191 0.2575
192 0.25915
193 0.26075
194 0.2616
195 0.26355
196 0.26415
197 0.26505
198 0.26775
199 0.2684
200 0.2694
201 0.26975
202 0.27055
203 0.272
204 0.27275
205 0.2754
206 0.27625
207 0.2779
208 0.27835
209 0.28
210 0.28125
211 0.282
212 0.28315
213 0.28485
214 0.28615
215 0.28725
216 0.28885
217 0.29015
218 0.2921
219 0.29245
220 0.2929
221 0.29325
222 0.295
223 0.29705
224 0.29775
225 0.2982
226 0.29985
227 0.30195
228 0.3036
229 0.3064
230 0.308
231 0.30935
232 0.3121
233 0.3137
234 0.3159
235 0.3179
236 0.31975
237 0.3204
238 0.3215
239 0.3218
240 0.32245
241 0.3227
242 0.32295
243 0.3246
244 0.32615
245 0.32785
246 0.33015
247 0.3312
248 0.33185
249 0.3324
250 0.3331
251 0.33325
252 0.3353
253 0.3364
254 0.33755
255 0.3379
256 0.3392
257 0.3403
258 0.34095
259 0.3422
260 0.3427
261 0.34375
262 0.3453
263 0.34795
264 0.34965
265 0.35015
266 0.35105
267 0.3517
268 0.35355
269 0.35455
270 0.3567
271 0.358
272 0.36005
273 0.3624
274 0.3633
275 0.36445
276 0.36565
277 0.36705
278 0.3701
279 0.3713
280 0.37455
281 0.37585
282 0.37825
283 0.38025
284 0.3804
285 0.3822
286 0.3835
287 0.38575
288 0.3871
289 0.3874
290 0.3887
291 0.39005
292 0.3906
293 0.39275
294 0.39345
295 0.3947
296 0.3965
297 0.39765
298 0.3986
299 0.40105
300 0.4028
301 0.4032
302 0.40655
303 0.4098
304 0.411
305 0.41385
306 0.4163
307 0.41815
308 0.4196
309 0.42055
310 0.421
311 0.42235
312 0.4229
313 0.4244
314 0.42605
315 0.42875
316 0.4293
317 0.4305
318 0.43145
319 0.4332
320 0.43375
321 0.4355
322 0.4379
323 0.4391
324 0.4398
325 0.4411
326 0.4436
327 0.44445
328 0.4449
329 0.44615
330 0.44855
331 0.4498
332 0.453
333 0.4542
334 0.4556
335 0.4569
336 0.45905
337 0.4591
338 0.461
339 0.4615
340 0.4631
341 0.4639
342 0.46475
343 0.46635
344 0.4681
345 0.46885
346 0.46965
347 0.47155
348 0.4745
349 0.47555
350 0.4765
351 0.47855
352 0.48035
353 0.48195
354 0.4833
355 0.48375
356 0.48515
357 0.48805
358 0.48935
359 0.49085
360 0.49185
361 0.4941
362 0.49475
363 0.4955
364 0.49575
365 0.4974
366 0.499
367 0.4993
368 0.49995
369 0.50075
370 0.50165
371 0.5029
372 0.50455
373 0.50665
374 0.5094
375 0.51065
376 0.5118
377 0.51425
378 0.51475
379 0.5191
380 0.5192
381 0.5219
382 0.5233
383 0.52405
384 0.52575
385 0.5263
386 0.527
387 0.5281
388 0.5297
389 0.53015
390 0.5316
391 0.5332
392 0.53435
393 0.536
394 0.5371
395 0.5391
396 0.5401
397 0.5414
398 0.5435
399 0.5438
400 0.5459
401 0.5467
402 0.5476
403 0.5496
404 0.5516
405 0.55455
406 0.55575
407 0.55715
408 0.55845
409 0.56065
410 0.56145
411 0.562
412 0.5639
413 0.5651
414 0.566
415 0.5678
416 0.5705
417 0.5717
418 0.57285
419 0.5759
420 0.5769
421 0.5774
422 0.57805
423 0.57865
424 0.57965
425 0.58155
426 0.58285
427 0.58445
428 0.5851
429 0.5877
430 0.5894
431 0.59155
432 0.59265
433 0.594
434 0.5944
435 0.59595
436 0.59815
437 0.59865
438 0.6014
439 0.60195
440 0.60305
441 0.6053
442 0.60615
443 0.60825
444 0.6089
445 0.60965
446 0.6113
447 0.61265
448 0.6135
449 0.6137
450 0.6153
451 0.61585
452 0.61805
453 0.61895
454 0.62055
455 0.6226
456 0.62435
457 0.6247
458 0.62645
459 0.62785
460 0.6296
461 0.63015
462 0.631
463 0.63255
464 0.63575
465 0.6363
466 0.6376
467 0.639
468 0.64005
469 0.6413
470 0.64325
471 0.64415
472 0.6459
473 0.6462
474 0.6479
475 0.6489
476 0.65195
477 0.65235
478 0.6536
479 0.654
480 0.6548
481 0.6578
482 0.6601
483 0.6627
484 0.6641
485 0.6663
486 0.6667
487 0.6678
488 0.66965
489 0.6707
490 0.6722
491 0.67385
492 0.67465
493 0.6772
494 0.67855
495 0.68035
496 0.6825
497 0.68405
498 0.6848
499 0.68635
500 0.6872
501 0.68845
502 0.69075
503 0.69185
504 0.69265
505 0.69565
506 0.6983
507 0.6997
508 0.70245
509 0.70295
510 0.70355
511 0.70585
512 0.7076
513 0.7108
514 0.71225
515 0.71235
516 0.71505
517 0.7163
518 0.7169
519 0.7175
520 0.7187
521 0.71935
522 0.72025
523 0.7219
524 0.72255
525 0.7236
526 0.72505
527 0.7268
528 0.7287
529 0.73045
530 0.73125
531 0.7333
532 0.73485
533 0.73555
534 0.73615
535 0.73725
536 0.7375
537 0.73855
538 0.73995
539 0.74145
540 0.7439
541 0.7457
542 0.74625
543 0.74735
544 0.74855
545 0.7497
546 0.75115
547 0.75155
548 0.75185
549 0.75345
550 0.75645
551 0.7594
552 0.76025
553 0.76335
554 0.76405
555 0.76505
556 0.76765
557 0.77095
558 0.7718
559 0.77275
560 0.7747
561 0.7762
562 0.77885
563 0.7815
564 0.7829
565 0.78475
566 0.786
567 0.78835
568 0.7904
569 0.7917
570 0.79255
571 0.7934
572 0.7968
573 0.79785
574 0.7989
575 0.7994
576 0.80055
577 0.8026
578 0.8038
579 0.80545
580 0.8069
581 0.80885
582 0.8095
583 0.8114
584 0.8123
585 0.8147
586 0.81605
587 0.81675
588 0.81855
589 0.8191
590 0.81945
591 0.8204
592 0.821
593 0.8229
594 0.8255
595 0.8265
596 0.8278
597 0.8301
598 0.8323
599 0.83475
600 0.83755
601 0.83915
602 0.84115
603 0.8432
604 0.84385
605 0.8457
606 0.84675
607 0.8477
608 0.84995
609 0.85325
610 0.8537
611 0.85505
612 0.8568
613 0.85905
614 0.8598
615 0.86095
616 0.8616
617 0.86275
618 0.8648
619 0.86515
620 0.86765
621 0.86975
622 0.8712
623 0.8714
624 0.87325
625 0.874
626 0.8747
627 0.87585
628 0.87655
629 0.87725
630 0.8794
631 0.88275
632 0.88305
633 0.8857
634 0.88715
635 0.88825
636 0.8904
637 0.8912
638 0.89145
639 0.8924
640 0.89425
641 0.89625
642 0.8977
643 0.8998
644 0.9019
645 0.90195
646 0.90315
647 0.9048
648 0.90565
649 0.9071
650 0.90805
651 0.9111
652 0.9131
653 0.9134
654 0.91455
655 0.91495
656 0.9154
657 0.91715
658 0.9175
659 0.92055
660 0.92105
661 0.9222
662 0.92475
663 0.92525
664 0.92815
665 0.92985
666 0.9312
667 0.9317
668 0.9339
669 0.93555
670 0.93715
671 0.93895
672 0.9401
673 0.9414
674 0.94255
675 0.94565
676 0.94645
677 0.9479
678 0.94845
679 0.9492
680 0.9503
681 0.9524
682 0.95365
683 0.9546
684 0.95525
685 0.9576
686 0.95845
687 0.95955
688 0.96125
689 0.96375
690 0.9638
691 0.9652
692 0.96745
693 0.9681
694 0.97095
695 0.9721
696 0.9734
697 0.974
698 0.9752
699 0.976
700 0.97735
701 0.9784
702 0.97925
703 0.98025
704 0.98145
705 0.98375
706 0.9849
707 0.98675
708 0.98745
709 0.9892
710 0.9896
711 0.99085
712 0.99205
713 0.9933
714 0.99585
715 0.9966
716 0.9977
717 0.9997
718 1.002
# Generated pool n. 12 for Umax = 55.045711517333984
# Generated a biased pool of 20000 with an acceptance of 0.09486573934555054
# Generated a pool of 20000 with an acceptance of 0.0013936022253129338
# Generation repeated 719 times
# Average relative effective sample size: 0.010252563282847404
# Generation efficiency: 0.0013908205841446453
