# Generation 37

0 0.00845
1 0.0111
2 0.0128
3 0.01855
4 0.02205
5 0.03075
6 0.03285
7 0.0357
8 0.04125
9 0.0468
10 0.0572
11 0.0608
12 0.06275
13 0.0683
14 0.07395
15 0.0775
16 0.08255
17 0.08635
18 0.0909
19 0.0934
20 0.09965
21 0.103
22 0.1104
23 0.11225
24 0.1172
25 0.123
26 0.13525
27 0.14085
28 0.1435
29 0.1493
30 0.1544
31 0.162
32 0.16355
33 0.1739
34 0.17445
35 0.18065
36 0.18205
37 0.18325
38 0.1952
39 0.19915
40 0.20115
41 0.2041
42 0.2067
43 0.2112
44 0.21425
45 0.22205
46 0.22335
47 0.22375
48 0.2285
49 0.22875
50 0.23255
51 0.2411
52 0.2412
53 0.24565
54 0.2561
55 0.25935
56 0.2621
57 0.2705
58 0.2767
59 0.2782
60 0.2857
61 0.28965
62 0.29395
63 0.29995
64 0.3038
65 0.3103
66 0.3133
67 0.3184
68 0.31885
69 0.32605
70 0.32835
71 0.33405
72 0.3354
73 0.3405
74 0.3461
75 0.3489
76 0.35345
77 0.35785
78 0.3687
79 0.3752
80 0.37985
81 0.3835
82 0.3867
83 0.39405
84 0.40085
85 0.40385
86 0.41055
87 0.41425
88 0.42395
89 0.4259
90 0.43155
91 0.43555
92 0.44405
93 0.44485
94 0.44695
95 0.44885
96 0.44915
97 0.45605
98 0.46545
99 0.47015
100 0.4757
101 0.47925
102 0.48585
103 0.49215
104 0.49645
105 0.5073
106 0.50895
107 0.51385
108 0.51625
109 0.52685
110 0.53335
111 0.5369
112 0.54445
113 0.54565
114 0.5459
115 0.5507
116 0.5564
117 0.5621
118 0.56565
119 0.5707
120 0.5715
121 0.5769
122 0.5813
123 0.58705
124 0.59145
125 0.59995
126 0.6024
127 0.6057
128 0.61335
129 0.62075
130 0.62765
131 0.636
132 0.63685
133 0.6403
134 0.64675
135 0.6536
136 0.6557
137 0.6612
138 0.66355
139 0.66645
140 0.6694
141 0.6717
142 0.67585
143 0.67765
144 0.6805
145 0.68435
146 0.6929
147 0.70185
148 0.70215
149 0.70815
150 0.71465
151 0.72405
152 0.72885
153 0.73785
154 0.74025
155 0.7436
156 0.7475
157 0.7531
158 0.7572
159 0.765
160 0.7684
161 0.76985
162 0.7775
163 0.78385
164 0.78915
165 0.79435
166 0.798
167 0.80455
168 0.8156
169 0.825
170 0.8273
171 0.8362
172 0.8422
173 0.84255
174 0.84565
175 0.848
176 0.85555
177 0.85875
178 0.8595
179 0.8712
180 0.8751
181 0.8821
182 0.8858
183 0.88975
184 0.8959
185 0.90055
186 0.90325
187 0.90605
188 0.91045
189 0.9129
190 0.9148
191 0.9171
192 0.91765
193 0.9231
194 0.92365
195 0.92625
196 0.93065
197 0.9363
198 0.94225
199 0.9481
200 0.95115
201 0.96355
202 0.96715
203 0.9753
204 0.97845
205 0.98625
206 0.99175
207 0.99395
208 0.99615
209 1.002
# Generated pool n. 37 for Umax = -14.408369064331055
# Generated a biased pool of 20000 with an acceptance of 0.21006426215171814
# Generated a pool of 20000 with an acceptance of 0.00477142857142857
# Generation repeated 210 times
# Average relative effective sample size: 0.05379901081323624
# Generation efficiency: 0.004761904761904762
