# Generation 2

0 0.01335
1 0.0452
2 0.07295
3 0.0967
4 0.1176
5 0.13915
6 0.15505
7 0.16945
8 0.19035
9 0.2101
10 0.23295
11 0.2549
12 0.28065
13 0.301
14 0.3203
15 0.34505
16 0.36405
17 0.3843
18 0.41055
19 0.43075
20 0.4504
21 0.47245
22 0.49555
23 0.5203
24 0.5445
25 0.56485
26 0.58775
27 0.6078
28 0.6261
29 0.64615
30 0.6691
31 0.69185
32 0.7109
33 0.73595
34 0.7593
35 0.78595
36 0.8068
37 0.83865
38 0.8571
39 0.8774
40 0.9003
41 0.9263
42 0.94485
43 0.9746
44 0.9976
45 1.0188
# Generated pool n. 2 for Umax = 930.3113403320312
# Generated a biased pool of 20000 with an acceptance of 0.17755214869976044
# Generated a pool of 20000 with an acceptance of 0.022147826086956524
# Generation repeated 46 times
# Average relative effective sample size: 0.12383030354976654
# Generation efficiency: 0.021739130434782608
