# Generation 25

0 0.0042
1 0.00605
2 0.0101
3 0.0136
4 0.0184
5 0.02275
6 0.02595
7 0.0289
8 0.0296
9 0.0368
10 0.0415
11 0.04395
12 0.04765
13 0.0513
14 0.0569
15 0.0586
16 0.06355
17 0.0663
18 0.06695
19 0.07055
20 0.07395
21 0.08075
22 0.086
23 0.0899
24 0.0906
25 0.0947
26 0.0986
27 0.10325
28 0.10675
29 0.1152
30 0.11575
31 0.1208
32 0.12385
33 0.12745
34 0.13275
35 0.13905
36 0.14265
37 0.14445
38 0.14835
39 0.1525
40 0.1555
41 0.156
42 0.1588
43 0.16055
44 0.1647
45 0.1655
46 0.1689
47 0.1723
48 0.17715
49 0.18095
50 0.1839
51 0.18785
52 0.19155
53 0.1965
54 0.20205
55 0.20575
56 0.20875
57 0.21025
58 0.2125
59 0.21445
60 0.2211
61 0.22585
62 0.228
63 0.2298
64 0.2326
65 0.2401
66 0.2444
67 0.25085
68 0.25655
69 0.26325
70 0.2643
71 0.2695
72 0.27255
73 0.27585
74 0.27875
75 0.2807
76 0.2824
77 0.2882
78 0.29245
79 0.29575
80 0.2986
81 0.3
82 0.30165
83 0.30525
84 0.30965
85 0.3124
86 0.315
87 0.3155
88 0.31595
89 0.3193
90 0.3213
91 0.32395
92 0.3263
93 0.33095
94 0.33525
95 0.33835
96 0.3412
97 0.3433
98 0.3452
99 0.3483
100 0.35315
101 0.35765
102 0.3624
103 0.3634
104 0.37075
105 0.37515
106 0.3815
107 0.3872
108 0.3892
109 0.3921
110 0.396
111 0.3972
112 0.4014
113 0.4045
114 0.41315
115 0.41355
116 0.4171
117 0.41875
118 0.4205
119 0.4223
120 0.42555
121 0.42715
122 0.433
123 0.4357
124 0.43765
125 0.44315
126 0.4468
127 0.45065
128 0.45475
129 0.45785
130 0.45925
131 0.46365
132 0.4647
133 0.4675
134 0.4698
135 0.4753
136 0.4769
137 0.47875
138 0.4821
139 0.48365
140 0.4859
141 0.4905
142 0.49495
143 0.49725
144 0.4974
145 0.50035
146 0.50115
147 0.50485
148 0.50905
149 0.51275
150 0.51475
151 0.5157
152 0.5173
153 0.52225
154 0.52425
155 0.52645
156 0.5317
157 0.53315
158 0.53645
159 0.5404
160 0.54345
161 0.5476
162 0.5531
163 0.5585
164 0.56915
165 0.5698
166 0.57265
167 0.57505
168 0.5776
169 0.5845
170 0.5886
171 0.59265
172 0.59665
173 0.5993
174 0.6056
175 0.6132
176 0.6162
177 0.61815
178 0.62045
179 0.6219
180 0.62935
181 0.63425
182 0.641
183 0.64525
184 0.64585
185 0.64965
186 0.6517
187 0.65365
188 0.6586
189 0.66155
190 0.66445
191 0.6683
192 0.6719
193 0.67765
194 0.67905
195 0.68095
196 0.68485
197 0.6852
198 0.69125
199 0.69315
200 0.6963
201 0.6993
202 0.7047
203 0.7085
204 0.7123
205 0.71455
206 0.71625
207 0.71965
208 0.7283
209 0.7333
210 0.73455
211 0.7388
212 0.74295
213 0.74735
214 0.74865
215 0.7525
216 0.7536
217 0.757
218 0.76435
219 0.76555
220 0.76795
221 0.77125
222 0.7759
223 0.7797
224 0.78375
225 0.78555
226 0.7868
227 0.7886
228 0.79315
229 0.7987
230 0.80615
231 0.809
232 0.81235
233 0.81505
234 0.8172
235 0.81765
236 0.8243
237 0.8299
238 0.8324
239 0.83685
240 0.8423
241 0.8491
242 0.85325
243 0.8571
244 0.85985
245 0.86605
246 0.8689
247 0.8697
248 0.8711
249 0.87505
250 0.8775
251 0.8797
252 0.883
253 0.89005
254 0.8939
255 0.8999
256 0.9022
257 0.90385
258 0.90705
259 0.9134
260 0.9193
261 0.92755
262 0.9298
263 0.9334
264 0.93395
265 0.93655
266 0.94135
267 0.9457
268 0.9483
269 0.95255
270 0.9538
271 0.95725
272 0.9598
273 0.96585
274 0.9698
275 0.97245
276 0.97555
277 0.97905
278 0.9844
279 0.9861
280 0.98765
281 0.9944
282 1.0023
# Generated pool n. 25 for Umax = -10.688003540039062
# Generated a biased pool of 20000 with an acceptance of 0.18126164376735687
# Generated a pool of 20000 with an acceptance of 0.003541696113074206
# Generation repeated 283 times
# Average relative effective sample size: 0.0373280867934227
# Generation efficiency: 0.0035335689045936395
