# Generation 18

0 0.0038
1 0.0057
2 0.00915
3 0.01075
4 0.01415
5 0.0157
6 0.02025
7 0.0234
8 0.0281
9 0.0282
10 0.0312
11 0.03445
12 0.03875
13 0.0403
14 0.04195
15 0.04485
16 0.04785
17 0.053
18 0.05855
19 0.0639
20 0.07055
21 0.07185
22 0.0736
23 0.0746
24 0.08075
25 0.0848
26 0.08545
27 0.0882
28 0.09175
29 0.0969
30 0.0983
31 0.10155
32 0.102
33 0.10565
34 0.1083
35 0.1117
36 0.1199
37 0.12545
38 0.12765
39 0.128
40 0.13115
41 0.1336
42 0.1396
43 0.14205
44 0.146
45 0.14795
46 0.14935
47 0.15645
48 0.15905
49 0.1651
50 0.1698
51 0.17065
52 0.173
53 0.1791
54 0.17935
55 0.18375
56 0.1889
57 0.1904
58 0.1907
59 0.1962
60 0.2048
61 0.21145
62 0.21585
63 0.2197
64 0.222
65 0.224
66 0.2248
67 0.2285
68 0.2349
69 0.23815
70 0.2389
71 0.24435
72 0.24935
73 0.25345
74 0.25855
75 0.25965
76 0.2633
77 0.266
78 0.2691
79 0.27555
80 0.28095
81 0.28895
82 0.2928
83 0.2968
84 0.3006
85 0.3026
86 0.3083
87 0.31175
88 0.3167
89 0.32025
90 0.3231
91 0.33225
92 0.33435
93 0.34095
94 0.3425
95 0.3468
96 0.3513
97 0.3539
98 0.3551
99 0.3582
100 0.3639
101 0.3667
102 0.3689
103 0.37025
104 0.37205
105 0.37555
106 0.38205
107 0.38395
108 0.39
109 0.39215
110 0.39375
111 0.39545
112 0.39565
113 0.40275
114 0.4046
115 0.40705
116 0.4078
117 0.41035
118 0.4155
119 0.41655
120 0.4229
121 0.4238
122 0.42515
123 0.42865
124 0.43155
125 0.4348
126 0.43705
127 0.4399
128 0.446
129 0.44995
130 0.455
131 0.4605
132 0.46445
133 0.4683
134 0.472
135 0.47565
136 0.476
137 0.47795
138 0.48335
139 0.4869
140 0.4888
141 0.49065
142 0.49215
143 0.49755
144 0.499
145 0.50395
146 0.50745
147 0.50885
148 0.51725
149 0.52095
150 0.5228
151 0.5278
152 0.5322
153 0.5374
154 0.5441
155 0.54615
156 0.5484
157 0.55105
158 0.55575
159 0.56275
160 0.56975
161 0.5735
162 0.57665
163 0.58095
164 0.5825
165 0.58335
166 0.58785
167 0.59275
168 0.60055
169 0.60655
170 0.6099
171 0.6141
172 0.6161
173 0.62365
174 0.6284
175 0.63125
176 0.6331
177 0.6384
178 0.6412
179 0.6434
180 0.64555
181 0.65135
182 0.6597
183 0.66235
184 0.6691
185 0.67245
186 0.67515
187 0.6766
188 0.68185
189 0.6894
190 0.69615
191 0.6991
192 0.70195
193 0.7043
194 0.71015
195 0.712
196 0.71625
197 0.71755
198 0.72335
199 0.72775
200 0.73305
201 0.7335
202 0.73595
203 0.73935
204 0.7418
205 0.74645
206 0.74885
207 0.75205
208 0.7532
209 0.75815
210 0.76165
211 0.76715
212 0.769
213 0.7731
214 0.77795
215 0.7827
216 0.78425
217 0.7871
218 0.79035
219 0.7952
220 0.80065
221 0.8039
222 0.809
223 0.81425
224 0.8196
225 0.82105
226 0.82435
227 0.83105
228 0.832
229 0.8343
230 0.8365
231 0.8421
232 0.8449
233 0.84795
234 0.8532
235 0.8553
236 0.85955
237 0.86085
238 0.8635
239 0.86885
240 0.87315
241 0.8766
242 0.8832
243 0.8842
244 0.8911
245 0.89315
246 0.89405
247 0.8971
248 0.9019
249 0.9046
250 0.906
251 0.90865
252 0.9129
253 0.91495
254 0.91775
255 0.92055
256 0.9244
257 0.9276
258 0.93035
259 0.93535
260 0.94285
261 0.94605
262 0.9521
263 0.95635
264 0.96165
265 0.9655
266 0.9711
267 0.97615
268 0.97725
269 0.9794
270 0.9838
271 0.9876
272 0.9902
273 0.99455
274 0.996
275 0.99705
276 0.9998
277 1.00415
# Generated pool n. 18 for Umax = 1.8206915855407715
# Generated a biased pool of 20000 with an acceptance of 0.23579752445220947
# Generated a pool of 20000 with an acceptance of 0.003612050359712228
# Generation repeated 278 times
# Average relative effective sample size: 0.041115935891866684
# Generation efficiency: 0.0035971223021582736
