# Generation 12

0 0.002
1 0.00325
2 0.004
3 0.00505
4 0.0054
5 0.007
6 0.0079
7 0.00925
8 0.0106
9 0.01215
10 0.01295
11 0.0148
12 0.0156
13 0.0177
14 0.0188
15 0.01885
16 0.01945
17 0.02
18 0.0206
19 0.0227
20 0.02365
21 0.0245
22 0.0253
23 0.02645
24 0.02695
25 0.02865
26 0.02985
27 0.0299
28 0.0304
29 0.0315
30 0.0328
31 0.0334
32 0.03505
33 0.0363
34 0.03725
35 0.0393
36 0.0403
37 0.04115
38 0.0422
39 0.04255
40 0.0435
41 0.04435
42 0.04545
43 0.04625
44 0.04805
45 0.0509
46 0.0525
47 0.0536
48 0.05595
49 0.05645
50 0.0571
51 0.05885
52 0.06115
53 0.06285
54 0.063
55 0.06435
56 0.0653
57 0.0666
58 0.06805
59 0.06945
60 0.0715
61 0.0721
62 0.07285
63 0.07515
64 0.0765
65 0.07865
66 0.08055
67 0.08105
68 0.0811
69 0.08315
70 0.08375
71 0.08435
72 0.08775
73 0.08805
74 0.08865
75 0.08915
76 0.0901
77 0.0906
78 0.09185
79 0.092
80 0.0945
81 0.0968
82 0.097
83 0.0988
84 0.10105
85 0.1035
86 0.10495
87 0.1057
88 0.1081
89 0.10885
90 0.11035
91 0.11085
92 0.11185
93 0.11385
94 0.11555
95 0.1181
96 0.11835
97 0.11955
98 0.1212
99 0.12165
100 0.12355
101 0.12505
102 0.1261
103 0.12805
104 0.1292
105 0.13055
106 0.13075
107 0.13305
108 0.1344
109 0.1348
110 0.1358
111 0.13785
112 0.1384
113 0.13875
114 0.1404
115 0.1426
116 0.1445
117 0.14575
118 0.14815
119 0.14995
120 0.15125
121 0.1528
122 0.1546
123 0.15645
124 0.15755
125 0.15935
126 0.1615
127 0.16255
128 0.1632
129 0.1637
130 0.1648
131 0.16495
132 0.1651
133 0.1658
134 0.1665
135 0.16705
136 0.16895
137 0.17065
138 0.17195
139 0.17255
140 0.1748
141 0.1754
142 0.17915
143 0.17985
144 0.1805
145 0.1807
146 0.1825
147 0.18355
148 0.1853
149 0.1871
150 0.18905
151 0.19055
152 0.19125
153 0.19155
154 0.19245
155 0.19445
156 0.196
157 0.1982
158 0.1992
159 0.2003
160 0.20115
161 0.2034
162 0.20445
163 0.2053
164 0.20575
165 0.2084
166 0.20865
167 0.21095
168 0.21145
169 0.21215
170 0.21355
171 0.2151
172 0.21555
173 0.2169
174 0.2182
175 0.21935
176 0.22085
177 0.2213
178 0.223
179 0.22555
180 0.2268
181 0.22805
182 0.23015
183 0.23095
184 0.2323
185 0.2344
186 0.2355
187 0.2387
188 0.2409
189 0.24175
190 0.243
191 0.24385
192 0.2445
193 0.245
194 0.24625
195 0.24845
196 0.24885
197 0.2508
198 0.25195
199 0.2532
200 0.25485
201 0.25525
202 0.25665
203 0.2586
204 0.25885
205 0.2604
206 0.26045
207 0.2633
208 0.2636
209 0.2665
210 0.26745
211 0.2679
212 0.2688
213 0.27
214 0.2706
215 0.272
216 0.27465
217 0.2774
218 0.27765
219 0.2798
220 0.2811
221 0.283
222 0.2838
223 0.2862
224 0.28875
225 0.28985
226 0.2916
227 0.29345
228 0.29435
229 0.2964
230 0.29905
231 0.30235
232 0.30375
233 0.3048
234 0.30675
235 0.30735
236 0.3085
237 0.31065
238 0.31205
239 0.31215
240 0.31495
241 0.31595
242 0.3185
243 0.31915
244 0.3204
245 0.3231
246 0.32585
247 0.3264
248 0.32795
249 0.3298
250 0.33105
251 0.33165
252 0.3334
253 0.3342
254 0.335
255 0.3369
256 0.33785
257 0.33935
258 0.33995
259 0.34125
260 0.3438
261 0.344
262 0.34445
263 0.34615
264 0.3467
265 0.3478
266 0.3486
267 0.34945
268 0.3508
269 0.35305
270 0.35405
271 0.35535
272 0.35735
273 0.3578
274 0.3585
275 0.36175
276 0.3627
277 0.3646
278 0.36635
279 0.3669
280 0.36805
281 0.3694
282 0.37055
283 0.3714
284 0.37245
285 0.37275
286 0.37375
287 0.37455
288 0.3766
289 0.378
290 0.37885
291 0.37925
292 0.3794
293 0.38185
294 0.3823
295 0.38365
296 0.38575
297 0.38785
298 0.38825
299 0.39
300 0.3915
301 0.39245
302 0.39415
303 0.3949
304 0.3965
305 0.39825
306 0.39845
307 0.39935
308 0.4001
309 0.4008
310 0.4019
311 0.4032
312 0.4041
313 0.40565
314 0.40725
315 0.409
316 0.4092
317 0.4106
318 0.4107
319 0.41275
320 0.4136
321 0.4167
322 0.41755
323 0.41945
324 0.42065
325 0.4227
326 0.42445
327 0.425
328 0.42675
329 0.4282
330 0.42955
331 0.43065
332 0.43135
333 0.43645
334 0.43835
335 0.4395
336 0.44005
337 0.44135
338 0.44315
339 0.44545
340 0.44675
341 0.44915
342 0.44985
343 0.45145
344 0.4524
345 0.453
346 0.4534
347 0.455
348 0.45725
349 0.4582
350 0.46025
351 0.46145
352 0.463
353 0.4632
354 0.46465
355 0.46545
356 0.4682
357 0.47045
358 0.4716
359 0.47305
360 0.47375
361 0.47505
362 0.4761
363 0.4768
364 0.4775
365 0.47805
366 0.47935
367 0.4817
368 0.48305
369 0.4859
370 0.48635
371 0.4869
372 0.489
373 0.49075
374 0.4919
375 0.4931
376 0.4945
377 0.49525
378 0.49665
379 0.4972
380 0.49845
381 0.50165
382 0.5031
383 0.5044
384 0.506
385 0.50775
386 0.50965
387 0.5113
388 0.5124
389 0.5127
390 0.5135
391 0.51455
392 0.5164
393 0.5167
394 0.51765
395 0.51805
396 0.51945
397 0.52185
398 0.5239
399 0.525
400 0.52635
401 0.52775
402 0.53065
403 0.5322
404 0.53385
405 0.5357
406 0.5364
407 0.53685
408 0.5376
409 0.5399
410 0.54175
411 0.54205
412 0.54225
413 0.5438
414 0.54515
415 0.5453
416 0.5459
417 0.5468
418 0.54795
419 0.5492
420 0.55005
421 0.55095
422 0.5519
423 0.55525
424 0.5582
425 0.5598
426 0.5606
427 0.56195
428 0.56395
429 0.56525
430 0.56665
431 0.5672
432 0.56765
433 0.56785
434 0.57005
435 0.5708
436 0.5716
437 0.57375
438 0.57555
439 0.57715
440 0.57805
441 0.58125
442 0.58365
443 0.5844
444 0.58575
445 0.5886
446 0.589
447 0.5905
448 0.59095
449 0.59275
450 0.5952
451 0.5958
452 0.59645
453 0.598
454 0.59945
455 0.5996
456 0.60055
457 0.6028
458 0.60345
459 0.6046
460 0.6065
461 0.60915
462 0.6122
463 0.614
464 0.6158
465 0.6173
466 0.619
467 0.6199
468 0.62095
469 0.6214
470 0.62205
471 0.6228
472 0.6235
473 0.62495
474 0.62585
475 0.62665
476 0.62805
477 0.6299
478 0.6323
479 0.6334
480 0.63605
481 0.63765
482 0.63835
483 0.6388
484 0.6396
485 0.64045
486 0.64095
487 0.64215
488 0.6434
489 0.6446
490 0.6454
491 0.6473
492 0.6493
493 0.65035
494 0.65075
495 0.65225
496 0.65335
497 0.65355
498 0.65475
499 0.6549
500 0.6553
501 0.6576
502 0.6586
503 0.66045
504 0.66095
505 0.6616
506 0.66255
507 0.6636
508 0.6638
509 0.66435
510 0.6653
511 0.6671
512 0.6689
513 0.6695
514 0.6708
515 0.67175
516 0.67345
517 0.6742
518 0.67595
519 0.6763
520 0.67645
521 0.67775
522 0.6789
523 0.68
524 0.6808
525 0.68255
526 0.68465
527 0.6861
528 0.6876
529 0.68965
530 0.6904
531 0.69365
532 0.6957
533 0.69615
534 0.6983
535 0.69975
536 0.70115
537 0.7027
538 0.70415
539 0.70425
540 0.7046
541 0.70635
542 0.7071
543 0.70865
544 0.70925
545 0.7101
546 0.71145
547 0.71295
548 0.7131
549 0.7161
550 0.7163
551 0.71795
552 0.7203
553 0.7218
554 0.72335
555 0.72415
556 0.7247
557 0.72525
558 0.7256
559 0.72685
560 0.72895
561 0.7301
562 0.7303
563 0.7312
564 0.7328
565 0.734
566 0.7375
567 0.73775
568 0.73825
569 0.73875
570 0.7404
571 0.7409
572 0.7453
573 0.7469
574 0.74785
575 0.748
576 0.74875
577 0.7501
578 0.75185
579 0.75405
580 0.75455
581 0.7564
582 0.7585
583 0.76005
584 0.76135
585 0.76255
586 0.76385
587 0.7639
588 0.76445
589 0.7663
590 0.768
591 0.76855
592 0.76955
593 0.77065
594 0.77175
595 0.7733
596 0.7757
597 0.7781
598 0.7797
599 0.77985
600 0.7803
601 0.78075
602 0.7813
603 0.7828
604 0.78465
605 0.7851
606 0.78675
607 0.78685
608 0.78735
609 0.78805
610 0.78905
611 0.79105
612 0.7928
613 0.79315
614 0.7943
615 0.797
616 0.79915
617 0.79945
618 0.80035
619 0.8016
620 0.80285
621 0.8038
622 0.80415
623 0.8047
624 0.8059
625 0.80755
626 0.8091
627 0.8114
628 0.8124
629 0.8126
630 0.81525
631 0.81755
632 0.8179
633 0.81935
634 0.82165
635 0.8242
636 0.82505
637 0.82615
638 0.82795
639 0.83065
640 0.83255
641 0.83365
642 0.83415
643 0.83545
644 0.8365
645 0.83755
646 0.83905
647 0.84175
648 0.84325
649 0.84505
650 0.84815
651 0.84945
652 0.8503
653 0.8519
654 0.8533
655 0.85335
656 0.8549
657 0.85655
658 0.85735
659 0.85945
660 0.8599
661 0.8604
662 0.86085
663 0.86185
664 0.8629
665 0.86595
666 0.86685
667 0.86935
668 0.86995
669 0.87205
670 0.8731
671 0.8734
672 0.8744
673 0.8754
674 0.8768
675 0.8783
676 0.8804
677 0.88305
678 0.8844
679 0.88655
680 0.88675
681 0.88735
682 0.8883
683 0.8894
684 0.89035
685 0.8905
686 0.8911
687 0.894
688 0.89635
689 0.89695
690 0.89975
691 0.9016
692 0.9027
693 0.906
694 0.90755
695 0.9088
696 0.9093
697 0.91055
698 0.91165
699 0.9127
700 0.91345
701 0.914
702 0.91565
703 0.9162
704 0.9186
705 0.9196
706 0.9207
707 0.9212
708 0.92165
709 0.92235
710 0.9233
711 0.9241
712 0.9246
713 0.92695
714 0.92835
715 0.92945
716 0.93205
717 0.93275
718 0.93355
719 0.9337
720 0.93555
721 0.93695
722 0.9376
723 0.93825
724 0.94035
725 0.9412
726 0.94165
727 0.94295
728 0.94335
729 0.9445
730 0.94505
731 0.94615
732 0.9474
733 0.9483
734 0.94965
735 0.9499
736 0.9505
737 0.95145
738 0.95435
739 0.95505
740 0.95665
741 0.959
742 0.9594
743 0.95955
744 0.9606
745 0.9609
746 0.96375
747 0.9659
748 0.9668
749 0.96875
750 0.96965
751 0.9717
752 0.9735
753 0.974
754 0.9748
755 0.976
756 0.97695
757 0.97985
758 0.98105
759 0.9825
760 0.98385
761 0.98485
762 0.98655
763 0.9877
764 0.98805
765 0.98845
766 0.98915
767 0.98935
768 0.9908
769 0.99135
770 0.9919
771 0.99275
772 0.9952
773 0.99545
774 0.9957
775 0.99735
776 0.99945
777 1.0018
# Generated pool n. 12 for Umax = 55.96621322631836
# Generated a biased pool of 20000 with an acceptance of 0.1027858778834343
# Generated a pool of 20000 with an acceptance of 0.0012876606683804605
# Generation repeated 778 times
# Average relative effective sample size: 0.008811906911432743
# Generation efficiency: 0.0012853470437017994
