# Generation 23

0 0.00165
1 0.0062
2 0.00775
3 0.01195
4 0.01265
5 0.01545
6 0.0195
7 0.0205
8 0.02265
9 0.02915
10 0.03265
11 0.0376
12 0.0402
13 0.0485
14 0.05275
15 0.05595
16 0.0568
17 0.05915
18 0.0627
19 0.0664
20 0.06965
21 0.0727
22 0.07805
23 0.08085
24 0.0844
25 0.0877
26 0.08885
27 0.09235
28 0.09575
29 0.10205
30 0.10255
31 0.10395
32 0.10725
33 0.10765
34 0.11225
35 0.11505
36 0.11865
37 0.12215
38 0.1292
39 0.13435
40 0.13725
41 0.1415
42 0.14405
43 0.1467
44 0.1515
45 0.1527
46 0.15525
47 0.15845
48 0.1628
49 0.1665
50 0.1676
51 0.1734
52 0.1748
53 0.17835
54 0.1821
55 0.18415
56 0.18745
57 0.1886
58 0.19035
59 0.1914
60 0.1918
61 0.1925
62 0.1948
63 0.1962
64 0.20155
65 0.2037
66 0.2088
67 0.2094
68 0.21455
69 0.21855
70 0.21945
71 0.2242
72 0.2263
73 0.22995
74 0.2343
75 0.23605
76 0.2402
77 0.2435
78 0.2466
79 0.2515
80 0.25445
81 0.26105
82 0.2637
83 0.2683
84 0.2711
85 0.275
86 0.2811
87 0.28405
88 0.28975
89 0.29345
90 0.29675
91 0.29805
92 0.2994
93 0.3009
94 0.30305
95 0.3064
96 0.3092
97 0.3097
98 0.3101
99 0.31365
100 0.31475
101 0.32015
102 0.3217
103 0.32275
104 0.32565
105 0.33035
106 0.33235
107 0.33345
108 0.33815
109 0.345
110 0.3514
111 0.35425
112 0.35815
113 0.3611
114 0.3632
115 0.3653
116 0.36835
117 0.3741
118 0.37475
119 0.3779
120 0.37865
121 0.37985
122 0.38155
123 0.3879
124 0.3927
125 0.3938
126 0.39755
127 0.4
128 0.40135
129 0.40445
130 0.40685
131 0.40905
132 0.4108
133 0.41465
134 0.4182
135 0.42185
136 0.42225
137 0.42705
138 0.4282
139 0.43105
140 0.43515
141 0.4353
142 0.43885
143 0.44075
144 0.4451
145 0.4499
146 0.45335
147 0.45935
148 0.46025
149 0.46705
150 0.4724
151 0.47545
152 0.47915
153 0.4831
154 0.48645
155 0.4876
156 0.4898
157 0.4965
158 0.5005
159 0.50555
160 0.508
161 0.5123
162 0.5126
163 0.51815
164 0.51895
165 0.51925
166 0.5251
167 0.5292
168 0.531
169 0.53685
170 0.5424
171 0.54735
172 0.5508
173 0.55175
174 0.55495
175 0.55695
176 0.55935
177 0.56065
178 0.5633
179 0.56465
180 0.56915
181 0.5719
182 0.57355
183 0.5783
184 0.5823
185 0.5843
186 0.5908
187 0.59825
188 0.60075
189 0.6017
190 0.60485
191 0.60645
192 0.60935
193 0.6105
194 0.6145
195 0.62165
196 0.6232
197 0.6251
198 0.62705
199 0.628
200 0.6297
201 0.63105
202 0.63795
203 0.64115
204 0.64405
205 0.6479
206 0.65245
207 0.6559
208 0.65755
209 0.66035
210 0.6654
211 0.667
212 0.66875
213 0.675
214 0.6786
215 0.68075
216 0.68775
217 0.6891
218 0.6946
219 0.6992
220 0.7024
221 0.70525
222 0.7096
223 0.713
224 0.71745
225 0.71915
226 0.7208
227 0.7257
228 0.7296
229 0.73165
230 0.7347
231 0.74395
232 0.74835
233 0.7546
234 0.7568
235 0.75715
236 0.76235
237 0.76845
238 0.77025
239 0.7759
240 0.78165
241 0.7878
242 0.79225
243 0.7923
244 0.7982
245 0.79925
246 0.8041
247 0.80845
248 0.81075
249 0.8147
250 0.8163
251 0.81835
252 0.82375
253 0.82455
254 0.8255
255 0.8269
256 0.8302
257 0.83475
258 0.8363
259 0.83845
260 0.8415
261 0.84475
262 0.84845
263 0.8508
264 0.85355
265 0.8589
266 0.86125
267 0.8638
268 0.86665
269 0.8673
270 0.8714
271 0.87305
272 0.87705
273 0.88165
274 0.8853
275 0.88905
276 0.8917
277 0.894
278 0.89535
279 0.8964
280 0.89945
281 0.9007
282 0.90295
283 0.90735
284 0.91215
285 0.9178
286 0.91995
287 0.92255
288 0.9229
289 0.92345
290 0.9285
291 0.9286
292 0.9311
293 0.93725
294 0.9401
295 0.94405
296 0.946
297 0.94815
298 0.949
299 0.9493
300 0.95095
301 0.9548
302 0.95695
303 0.96095
304 0.96455
305 0.96625
306 0.9681
307 0.9707
308 0.9737
309 0.9756
310 0.97725
311 0.97945
312 0.9824
313 0.98335
314 0.985
315 0.98965
316 0.9933
317 0.99475
318 0.99635
319 0.9999
320 1.002
# Generated pool n. 23 for Umax = -8.79936408996582
# Generated a biased pool of 20000 with an acceptance of 0.19434280693531036
# Generated a pool of 20000 with an acceptance of 0.003121495327102806
# Generation repeated 321 times
# Average relative effective sample size: 0.03352823480963707
# Generation efficiency: 0.003115264797507788
