# Generation 37

0 0.0046
1 0.0157
2 0.0183
3 0.02305
4 0.0285
5 0.03205
6 0.0369
7 0.04075
8 0.04295
9 0.0439
10 0.0564
11 0.06255
12 0.0671
13 0.07225
14 0.08
15 0.08785
16 0.0967
17 0.10215
18 0.10955
19 0.11405
20 0.121
21 0.12445
22 0.1268
23 0.1312
24 0.1388
25 0.1415
26 0.1443
27 0.1478
28 0.15495
29 0.15865
30 0.1615
31 0.16515
32 0.16765
33 0.1703
34 0.1743
35 0.1805
36 0.1889
37 0.193
38 0.20215
39 0.2095
40 0.21435
41 0.2169
42 0.22345
43 0.22515
44 0.23305
45 0.2376
46 0.2453
47 0.24785
48 0.25685
49 0.26115
50 0.264
51 0.26695
52 0.26935
53 0.27965
54 0.28625
55 0.29595
56 0.299
57 0.30305
58 0.3087
59 0.3139
60 0.31765
61 0.32455
62 0.3316
63 0.3359
64 0.3382
65 0.3443
66 0.34745
67 0.356
68 0.3595
69 0.3649
70 0.3681
71 0.3732
72 0.38
73 0.38495
74 0.3878
75 0.3902
76 0.39505
77 0.4043
78 0.40775
79 0.41145
80 0.416
81 0.4223
82 0.42875
83 0.43345
84 0.44
85 0.44365
86 0.4465
87 0.45475
88 0.46615
89 0.47235
90 0.4775
91 0.48005
92 0.48505
93 0.4877
94 0.4928
95 0.49545
96 0.50085
97 0.50205
98 0.50715
99 0.51355
100 0.51605
101 0.51845
102 0.52145
103 0.52885
104 0.53205
105 0.54105
106 0.548
107 0.55245
108 0.55505
109 0.55895
110 0.5637
111 0.5686
112 0.57345
113 0.5776
114 0.58685
115 0.5968
116 0.60155
117 0.60415
118 0.60945
119 0.6144
120 0.6198
121 0.6232
122 0.62435
123 0.63225
124 0.63735
125 0.64005
126 0.6431
127 0.6457
128 0.65385
129 0.66
130 0.6627
131 0.6708
132 0.6751
133 0.6842
134 0.6914
135 0.702
136 0.7039
137 0.70655
138 0.7172
139 0.72275
140 0.7235
141 0.7275
142 0.7313
143 0.73675
144 0.73975
145 0.74325
146 0.74755
147 0.75415
148 0.76325
149 0.76995
150 0.7772
151 0.7828
152 0.78925
153 0.7966
154 0.79995
155 0.80305
156 0.8063
157 0.81375
158 0.82365
159 0.82505
160 0.8363
161 0.8452
162 0.85305
163 0.8618
164 0.86865
165 0.8704
166 0.8748
167 0.87785
168 0.8812
169 0.885
170 0.8856
171 0.89095
172 0.8935
173 0.8962
174 0.90245
175 0.90875
176 0.91165
177 0.9172
178 0.9228
179 0.9294
180 0.93045
181 0.93295
182 0.9367
183 0.93925
184 0.9449
185 0.9543
186 0.9584
187 0.9655
188 0.9698
189 0.98235
190 0.9852
191 0.9886
192 0.993
193 0.9955
194 1.00145
# Generated pool n. 37 for Umax = -14.409736633300781
# Generated a biased pool of 20000 with an acceptance of 0.17673185467720032
# Generated a pool of 20000 with an acceptance of 0.005135641025641024
# Generation repeated 195 times
# Average relative effective sample size: 0.05509096011519432
# Generation efficiency: 0.005128205128205128
