# Generation 14

0 0.0024
1 0.0035
2 0.00435
3 0.00675
4 0.0081
5 0.0085
6 0.00935
7 0.00985
8 0.0099
9 0.01245
10 0.01465
11 0.0166
12 0.019
13 0.02015
14 0.02275
15 0.0248
16 0.02775
17 0.0284
18 0.02935
19 0.03105
20 0.03155
21 0.0332
22 0.034
23 0.0345
24 0.0363
25 0.0376
26 0.03965
27 0.0408
28 0.0416
29 0.0445
30 0.04545
31 0.04675
32 0.0481
33 0.0483
34 0.04865
35 0.0527
36 0.0546
37 0.05695
38 0.0606
39 0.06215
40 0.0632
41 0.0651
42 0.06705
43 0.06785
44 0.07245
45 0.0732
46 0.0736
47 0.0769
48 0.0776
49 0.0781
50 0.07905
51 0.08115
52 0.0857
53 0.086
54 0.08875
55 0.09005
56 0.09065
57 0.09155
58 0.09295
59 0.0947
60 0.09565
61 0.09775
62 0.1014
63 0.1034
64 0.1055
65 0.10565
66 0.1077
67 0.10895
68 0.11395
69 0.11535
70 0.11675
71 0.11735
72 0.1181
73 0.11905
74 0.12285
75 0.12555
76 0.12645
77 0.1276
78 0.1298
79 0.13175
80 0.134
81 0.13575
82 0.1379
83 0.14075
84 0.14095
85 0.1454
86 0.14645
87 0.14775
88 0.15
89 0.15435
90 0.1555
91 0.1565
92 0.158
93 0.15815
94 0.16065
95 0.1628
96 0.16325
97 0.16505
98 0.166
99 0.1677
100 0.16915
101 0.17235
102 0.17525
103 0.17595
104 0.1793
105 0.1814
106 0.1832
107 0.1848
108 0.18635
109 0.18865
110 0.19005
111 0.1909
112 0.19235
113 0.1951
114 0.19595
115 0.19645
116 0.19735
117 0.1981
118 0.1999
119 0.2012
120 0.20245
121 0.20585
122 0.2064
123 0.20905
124 0.2098
125 0.21065
126 0.21345
127 0.2166
128 0.21775
129 0.21795
130 0.21995
131 0.2228
132 0.22725
133 0.2295
134 0.2305
135 0.23085
136 0.2367
137 0.23855
138 0.24065
139 0.24315
140 0.2458
141 0.2466
142 0.2485
143 0.24935
144 0.25075
145 0.25195
146 0.25405
147 0.25605
148 0.2572
149 0.25925
150 0.2598
151 0.26205
152 0.2622
153 0.26405
154 0.2664
155 0.2675
156 0.2682
157 0.2702
158 0.27125
159 0.2727
160 0.2737
161 0.2758
162 0.2782
163 0.2788
164 0.2805
165 0.28135
166 0.2826
167 0.28415
168 0.28545
169 0.2857
170 0.287
171 0.28765
172 0.28785
173 0.28905
174 0.2918
175 0.2949
176 0.2956
177 0.29655
178 0.29795
179 0.2989
180 0.30145
181 0.303
182 0.3059
183 0.3072
184 0.3095
185 0.31265
186 0.31305
187 0.3167
188 0.3185
189 0.32035
190 0.3213
191 0.3242
192 0.3263
193 0.32765
194 0.3298
195 0.33075
196 0.33445
197 0.33645
198 0.3377
199 0.3396
200 0.3405
201 0.34225
202 0.34355
203 0.34485
204 0.3468
205 0.3495
206 0.35045
207 0.35095
208 0.35195
209 0.35375
210 0.35655
211 0.3567
212 0.35855
213 0.3592
214 0.36195
215 0.36575
216 0.3692
217 0.37505
218 0.37645
219 0.37805
220 0.3792
221 0.37935
222 0.38315
223 0.38385
224 0.38415
225 0.3852
226 0.38805
227 0.38935
228 0.3918
229 0.39235
230 0.39465
231 0.3958
232 0.3973
233 0.40005
234 0.40485
235 0.40815
236 0.4094
237 0.4112
238 0.41325
239 0.4145
240 0.41615
241 0.41775
242 0.41945
243 0.42065
244 0.4222
245 0.4226
246 0.42645
247 0.4295
248 0.43145
249 0.43235
250 0.43415
251 0.43625
252 0.43665
253 0.43865
254 0.44145
255 0.44485
256 0.44845
257 0.4493
258 0.45455
259 0.4551
260 0.4573
261 0.4586
262 0.46075
263 0.46145
264 0.4639
265 0.46455
266 0.46545
267 0.46925
268 0.4712
269 0.47185
270 0.47265
271 0.47475
272 0.47925
273 0.48
274 0.4811
275 0.48215
276 0.4833
277 0.48385
278 0.4844
279 0.48505
280 0.48565
281 0.48825
282 0.49035
283 0.4926
284 0.4934
285 0.49645
286 0.49675
287 0.49705
288 0.49755
289 0.5003
290 0.50345
291 0.50495
292 0.50785
293 0.5121
294 0.5133
295 0.51385
296 0.51475
297 0.5153
298 0.51725
299 0.5192
300 0.5202
301 0.52175
302 0.5239
303 0.52485
304 0.5293
305 0.5298
306 0.5299
307 0.5311
308 0.532
309 0.53345
310 0.53515
311 0.53635
312 0.5381
313 0.539
314 0.5413
315 0.542
316 0.5431
317 0.545
318 0.54675
319 0.54795
320 0.54945
321 0.5526
322 0.55405
323 0.5556
324 0.5563
325 0.55925
326 0.56225
327 0.5624
328 0.5662
329 0.567
330 0.5686
331 0.57015
332 0.57035
333 0.57315
334 0.5752
335 0.57705
336 0.578
337 0.5783
338 0.58235
339 0.58355
340 0.585
341 0.5866
342 0.587
343 0.5876
344 0.58815
345 0.58935
346 0.5897
347 0.5912
348 0.59175
349 0.59225
350 0.59395
351 0.59655
352 0.59885
353 0.5991
354 0.6005
355 0.6011
356 0.60175
357 0.6025
358 0.6035
359 0.60485
360 0.6057
361 0.60915
362 0.61125
363 0.61225
364 0.61355
365 0.6152
366 0.61705
367 0.61735
368 0.61825
369 0.6205
370 0.6234
371 0.62385
372 0.6249
373 0.62555
374 0.6266
375 0.6273
376 0.62835
377 0.6292
378 0.63105
379 0.6316
380 0.63285
381 0.6347
382 0.6355
383 0.63645
384 0.6391
385 0.64095
386 0.64315
387 0.6447
388 0.64745
389 0.64975
390 0.64995
391 0.6515
392 0.6527
393 0.65445
394 0.65625
395 0.6596
396 0.6602
397 0.6615
398 0.6626
399 0.66275
400 0.66325
401 0.66535
402 0.6668
403 0.66825
404 0.67045
405 0.6721
406 0.6733
407 0.67615
408 0.67755
409 0.6782
410 0.6786
411 0.67975
412 0.6806
413 0.68245
414 0.6834
415 0.6844
416 0.6852
417 0.6869
418 0.69075
419 0.6924
420 0.69345
421 0.69555
422 0.6982
423 0.6994
424 0.70275
425 0.70365
426 0.7045
427 0.70625
428 0.7065
429 0.7068
430 0.71055
431 0.7109
432 0.713
433 0.71375
434 0.7156
435 0.7168
436 0.7192
437 0.72115
438 0.72265
439 0.725
440 0.7264
441 0.729
442 0.7314
443 0.73475
444 0.73615
445 0.73815
446 0.7408
447 0.7427
448 0.74455
449 0.7447
450 0.7479
451 0.7488
452 0.75285
453 0.75595
454 0.7595
455 0.7596
456 0.76225
457 0.76305
458 0.76395
459 0.7663
460 0.7689
461 0.77055
462 0.77185
463 0.7723
464 0.7757
465 0.7764
466 0.7778
467 0.7785
468 0.77905
469 0.781
470 0.783
471 0.7831
472 0.7846
473 0.78805
474 0.7918
475 0.79245
476 0.79375
477 0.79565
478 0.7962
479 0.7975
480 0.7981
481 0.79845
482 0.79995
483 0.802
484 0.80315
485 0.80345
486 0.8039
487 0.8043
488 0.8051
489 0.80635
490 0.80745
491 0.80785
492 0.8098
493 0.81045
494 0.8133
495 0.81385
496 0.81835
497 0.81945
498 0.8204
499 0.82205
500 0.82395
501 0.82535
502 0.82765
503 0.8278
504 0.82955
505 0.83095
506 0.8336
507 0.83385
508 0.8355
509 0.83745
510 0.8385
511 0.84215
512 0.84405
513 0.8458
514 0.84825
515 0.8494
516 0.85295
517 0.8554
518 0.8569
519 0.85975
520 0.86225
521 0.86265
522 0.86345
523 0.8676
524 0.87075
525 0.8716
526 0.8729
527 0.8745
528 0.87665
529 0.87845
530 0.87965
531 0.88045
532 0.8826
533 0.88505
534 0.88645
535 0.888
536 0.8896
537 0.89005
538 0.89145
539 0.8928
540 0.897
541 0.8992
542 0.90035
543 0.9042
544 0.90645
545 0.9079
546 0.90855
547 0.9117
548 0.9133
549 0.9139
550 0.9166
551 0.9183
552 0.92085
553 0.921
554 0.9217
555 0.9221
556 0.92445
557 0.9264
558 0.92865
559 0.9296
560 0.9301
561 0.9319
562 0.9327
563 0.93385
564 0.93495
565 0.937
566 0.94015
567 0.94295
568 0.9455
569 0.9466
570 0.9517
571 0.95385
572 0.95585
573 0.95735
574 0.9592
575 0.96115
576 0.96245
577 0.9627
578 0.96335
579 0.9641
580 0.96495
581 0.96635
582 0.96685
583 0.96765
584 0.96925
585 0.97
586 0.97135
587 0.97305
588 0.9741
589 0.97525
590 0.97695
591 0.9803
592 0.9821
593 0.9836
594 0.98555
595 0.98595
596 0.9883
597 0.9892
598 0.9898
599 0.99055
600 0.99265
601 0.9949
602 0.99565
603 0.9963
604 0.99815
605 1.0023
# Generated pool n. 14 for Umax = 26.09093475341797
# Generated a biased pool of 20000 with an acceptance of 0.12611624598503113
# Generated a pool of 20000 with an acceptance of 0.0016539603960396036
# Generation repeated 606 times
# Average relative effective sample size: 0.013259517028927803
# Generation efficiency: 0.0016501650165016502
