# Generation 41

0 0.00225
1 0.00455
2 0.0059
3 0.00745
4 0.0085
5 0.0112
6 0.01415
7 0.01915
8 0.0225
9 0.02515
10 0.0283
11 0.02985
12 0.0336
13 0.03675
14 0.038
15 0.04175
16 0.04445
17 0.0456
18 0.04585
19 0.04835
20 0.05075
21 0.05305
22 0.05545
23 0.0584
24 0.0586
25 0.0613
26 0.0641
27 0.0654
28 0.06665
29 0.0694
30 0.0701
31 0.0727
32 0.07615
33 0.0783
34 0.08
35 0.08165
36 0.0836
37 0.0853
38 0.08805
39 0.09005
40 0.0927
41 0.09435
42 0.0974
43 0.10025
44 0.10285
45 0.1052
46 0.1079
47 0.11035
48 0.11335
49 0.11495
50 0.1194
51 0.1217
52 0.1252
53 0.12795
54 0.12995
55 0.1329
56 0.13615
57 0.13815
58 0.14245
59 0.1433
60 0.14685
61 0.1498
62 0.1528
63 0.1577
64 0.1599
65 0.1615
66 0.16335
67 0.1655
68 0.16755
69 0.17025
70 0.1728
71 0.17335
72 0.1746
73 0.1759
74 0.1774
75 0.17905
76 0.18125
77 0.18195
78 0.1847
79 0.18855
80 0.19335
81 0.1959
82 0.19735
83 0.20075
84 0.20165
85 0.20275
86 0.2044
87 0.2074
88 0.21005
89 0.21255
90 0.21525
91 0.2177
92 0.2203
93 0.2218
94 0.2247
95 0.226
96 0.22635
97 0.2322
98 0.23505
99 0.23745
100 0.2402
101 0.24455
102 0.24525
103 0.2469
104 0.2474
105 0.2496
106 0.25365
107 0.25725
108 0.2599
109 0.26235
110 0.26615
111 0.2695
112 0.27145
113 0.2744
114 0.27475
115 0.2782
116 0.2802
117 0.28185
118 0.28345
119 0.28495
120 0.286
121 0.2877
122 0.2907
123 0.29215
124 0.29535
125 0.2971
126 0.3016
127 0.30585
128 0.3078
129 0.311
130 0.31325
131 0.3151
132 0.3157
133 0.32035
134 0.32205
135 0.3237
136 0.327
137 0.3281
138 0.3296
139 0.33325
140 0.33575
141 0.3375
142 0.3415
143 0.34415
144 0.3467
145 0.34805
146 0.3496
147 0.3526
148 0.3558
149 0.3581
150 0.36075
151 0.36225
152 0.36325
153 0.36455
154 0.36975
155 0.37005
156 0.3712
157 0.37215
158 0.3727
159 0.3743
160 0.37485
161 0.3764
162 0.3798
163 0.38135
164 0.3842
165 0.38835
166 0.39075
167 0.3914
168 0.395
169 0.3995
170 0.403
171 0.4044
172 0.4084
173 0.41315
174 0.41575
175 0.4176
176 0.41865
177 0.4195
178 0.42625
179 0.42755
180 0.4281
181 0.4309
182 0.4322
183 0.4339
184 0.4367
185 0.4397
186 0.44325
187 0.4439
188 0.4474
189 0.45055
190 0.4546
191 0.46035
192 0.4619
193 0.4656
194 0.4707
195 0.47335
196 0.47605
197 0.4798
198 0.483
199 0.4856
200 0.48815
201 0.4911
202 0.4925
203 0.4952
204 0.4988
205 0.50245
206 0.5045
207 0.5069
208 0.511
209 0.51325
210 0.51635
211 0.5186
212 0.52035
213 0.5248
214 0.5288
215 0.53095
216 0.53275
217 0.53555
218 0.5376
219 0.539
220 0.54155
221 0.54455
222 0.548
223 0.5499
224 0.5518
225 0.55275
226 0.5534
227 0.5544
228 0.5571
229 0.55975
230 0.562
231 0.5647
232 0.5666
233 0.56835
234 0.5695
235 0.56995
236 0.5727
237 0.574
238 0.57665
239 0.57835
240 0.58035
241 0.58275
242 0.58755
243 0.59225
244 0.59465
245 0.59555
246 0.5969
247 0.59835
248 0.59845
249 0.60045
250 0.6022
251 0.6041
252 0.608
253 0.6107
254 0.6136
255 0.61595
256 0.6163
257 0.6174
258 0.619
259 0.62105
260 0.6239
261 0.6256
262 0.62705
263 0.6298
264 0.6324
265 0.63455
266 0.63605
267 0.6385
268 0.64155
269 0.6429
270 0.64575
271 0.6484
272 0.6502
273 0.6515
274 0.6532
275 0.6546
276 0.6567
277 0.66075
278 0.6609
279 0.6641
280 0.667
281 0.6684
282 0.67245
283 0.67335
284 0.6754
285 0.67895
286 0.68355
287 0.68685
288 0.68855
289 0.691
290 0.69335
291 0.6977
292 0.69935
293 0.7042
294 0.7064
295 0.7101
296 0.7127
297 0.71465
298 0.71565
299 0.718
300 0.72245
301 0.72415
302 0.7257
303 0.72725
304 0.7284
305 0.73095
306 0.7324
307 0.73345
308 0.7352
309 0.7363
310 0.73985
311 0.74085
312 0.7452
313 0.74765
314 0.74815
315 0.7503
316 0.75165
317 0.75445
318 0.75495
319 0.75595
320 0.7592
321 0.76175
322 0.7631
323 0.76685
324 0.7684
325 0.77185
326 0.77455
327 0.7801
328 0.7835
329 0.78545
330 0.78625
331 0.78835
332 0.7936
333 0.79465
334 0.79825
335 0.7986
336 0.8026
337 0.80535
338 0.8085
339 0.81055
340 0.81235
341 0.81585
342 0.81835
343 0.82075
344 0.8225
345 0.8252
346 0.826
347 0.83005
348 0.83335
349 0.8351
350 0.8379
351 0.8403
352 0.84215
353 0.84525
354 0.8474
355 0.849
356 0.8533
357 0.85415
358 0.85595
359 0.8591
360 0.86055
361 0.86415
362 0.86715
363 0.86955
364 0.8714
365 0.87675
366 0.87935
367 0.88245
368 0.88415
369 0.88755
370 0.8915
371 0.89235
372 0.89555
373 0.89795
374 0.90045
375 0.90425
376 0.908
377 0.91165
378 0.91575
379 0.91875
380 0.92035
381 0.92065
382 0.923
383 0.92515
384 0.9273
385 0.92895
386 0.93135
387 0.9357
388 0.9362
389 0.938
390 0.93975
391 0.943
392 0.94425
393 0.9485
394 0.95045
395 0.9506
396 0.95165
397 0.95265
398 0.9529
399 0.9553
400 0.95735
401 0.9597
402 0.9608
403 0.96425
404 0.965
405 0.9687
406 0.9721
407 0.9742
408 0.9773
409 0.9815
410 0.98375
411 0.9872
412 0.9893
413 0.99195
414 0.99535
415 0.99705
416 0.9997
417 1.0011
# Generated pool n. 41 for Umax = -14.666805267333984
# Generated a biased pool of 20000 with an acceptance of 0.05664641037583351
# Generated a pool of 20000 with an acceptance of 0.002394976076555023
# Generation repeated 418 times
# Average relative effective sample size: 0.016243381425738335
# Generation efficiency: 0.0023923444976076554
