# Generation 10

0 0.0012
1 0.0033
2 0.00435
3 0.007
4 0.00915
5 0.0117
6 0.01475
7 0.01675
8 0.0186
9 0.02095
10 0.02205
11 0.0264
12 0.0291
13 0.03175
14 0.0325
15 0.03405
16 0.03575
17 0.03965
18 0.042
19 0.0442
20 0.0455
21 0.04875
22 0.05045
23 0.0525
24 0.0538
25 0.0546
26 0.0565
27 0.0575
28 0.06095
29 0.06225
30 0.06295
31 0.06375
32 0.06445
33 0.06505
34 0.06835
35 0.0693
36 0.0698
37 0.07175
38 0.07325
39 0.0758
40 0.077
41 0.07775
42 0.0788
43 0.08075
44 0.08255
45 0.08595
46 0.0873
47 0.0887
48 0.09
49 0.09185
50 0.093
51 0.09355
52 0.0966
53 0.0984
54 0.10125
55 0.1028
56 0.1051
57 0.1087
58 0.1104
59 0.11225
60 0.11325
61 0.11415
62 0.11505
63 0.1175
64 0.12055
65 0.1221
66 0.1233
67 0.12675
68 0.12805
69 0.1291
70 0.1301
71 0.13275
72 0.13525
73 0.137
74 0.13885
75 0.13955
76 0.1417
77 0.1443
78 0.14575
79 0.14865
80 0.14975
81 0.1501
82 0.15215
83 0.15335
84 0.15525
85 0.158
86 0.1614
87 0.16425
88 0.1661
89 0.1702
90 0.1717
91 0.17275
92 0.176
93 0.1771
94 0.17765
95 0.1786
96 0.1789
97 0.18075
98 0.18345
99 0.1862
100 0.1888
101 0.19055
102 0.1916
103 0.1946
104 0.19665
105 0.19875
106 0.20025
107 0.204
108 0.20505
109 0.2066
110 0.2069
111 0.2085
112 0.21155
113 0.2147
114 0.21565
115 0.2167
116 0.2218
117 0.22585
118 0.2289
119 0.231
120 0.23435
121 0.2354
122 0.23775
123 0.2393
124 0.24005
125 0.24365
126 0.248
127 0.2517
128 0.2536
129 0.25455
130 0.2549
131 0.25575
132 0.25595
133 0.2585
134 0.25895
135 0.26145
136 0.26345
137 0.26495
138 0.2669
139 0.2678
140 0.26935
141 0.2699
142 0.27265
143 0.2744
144 0.2757
145 0.27795
146 0.27935
147 0.2825
148 0.2847
149 0.28745
150 0.28795
151 0.28845
152 0.29095
153 0.2945
154 0.29565
155 0.2984
156 0.3007
157 0.3026
158 0.30375
159 0.3058
160 0.3074
161 0.31005
162 0.3113
163 0.314
164 0.3151
165 0.3165
166 0.31835
167 0.31965
168 0.32095
169 0.32215
170 0.32455
171 0.3269
172 0.32895
173 0.33135
174 0.33225
175 0.3343
176 0.33635
177 0.33765
178 0.3382
179 0.3388
180 0.3414
181 0.3424
182 0.3464
183 0.34825
184 0.3499
185 0.35255
186 0.3536
187 0.35555
188 0.359
189 0.35985
190 0.36125
191 0.3634
192 0.36385
193 0.3666
194 0.36775
195 0.37075
196 0.3711
197 0.3731
198 0.37565
199 0.3759
200 0.37665
201 0.3792
202 0.3804
203 0.38135
204 0.3838
205 0.38535
206 0.3862
207 0.38685
208 0.38725
209 0.3904
210 0.3917
211 0.39435
212 0.396
213 0.39715
214 0.39805
215 0.40125
216 0.4026
217 0.40325
218 0.4073
219 0.4085
220 0.41345
221 0.41675
222 0.4215
223 0.42395
224 0.4281
225 0.4324
226 0.434
227 0.43685
228 0.4384
229 0.4407
230 0.4453
231 0.4483
232 0.45
233 0.4515
234 0.45555
235 0.4613
236 0.463
237 0.4682
238 0.47175
239 0.47215
240 0.4736
241 0.4752
242 0.4778
243 0.4792
244 0.4806
245 0.48115
246 0.48215
247 0.4872
248 0.48985
249 0.4926
250 0.4933
251 0.49505
252 0.49945
253 0.50185
254 0.5045
255 0.50715
256 0.5085
257 0.51075
258 0.51245
259 0.5155
260 0.51645
261 0.5185
262 0.5194
263 0.5224
264 0.5242
265 0.52565
266 0.5275
267 0.52985
268 0.5315
269 0.5349
270 0.5375
271 0.5387
272 0.54075
273 0.5421
274 0.5463
275 0.54885
276 0.55055
277 0.55115
278 0.5542
279 0.55605
280 0.5612
281 0.56215
282 0.56385
283 0.5676
284 0.5703
285 0.57315
286 0.57455
287 0.5759
288 0.57695
289 0.5803
290 0.5827
291 0.58625
292 0.58685
293 0.58775
294 0.58945
295 0.59235
296 0.5931
297 0.5961
298 0.5982
299 0.60275
300 0.6068
301 0.60775
302 0.6085
303 0.61245
304 0.614
305 0.6151
306 0.6177
307 0.61795
308 0.62015
309 0.6238
310 0.62575
311 0.6267
312 0.6276
313 0.6292
314 0.63105
315 0.6332
316 0.63525
317 0.6378
318 0.63915
319 0.64025
320 0.6426
321 0.64465
322 0.64775
323 0.652
324 0.6548
325 0.6559
326 0.65955
327 0.66485
328 0.66655
329 0.66875
330 0.66935
331 0.6718
332 0.6751
333 0.67525
334 0.67645
335 0.67865
336 0.67915
337 0.68285
338 0.68425
339 0.68665
340 0.6888
341 0.6906
342 0.69195
343 0.6951
344 0.69995
345 0.70195
346 0.7029
347 0.70375
348 0.7048
349 0.70635
350 0.70655
351 0.7094
352 0.71
353 0.71055
354 0.7117
355 0.713
356 0.7173
357 0.7184
358 0.72025
359 0.7226
360 0.72715
361 0.72975
362 0.73125
363 0.7347
364 0.73625
365 0.74035
366 0.7435
367 0.74735
368 0.7515
369 0.75285
370 0.75365
371 0.7561
372 0.7578
373 0.7592
374 0.76015
375 0.7609
376 0.76235
377 0.76405
378 0.7667
379 0.76935
380 0.7702
381 0.7716
382 0.77435
383 0.7784
384 0.7803
385 0.78265
386 0.78355
387 0.7859
388 0.7888
389 0.7903
390 0.7907
391 0.7954
392 0.7964
393 0.7998
394 0.80205
395 0.80355
396 0.80685
397 0.8083
398 0.81005
399 0.81295
400 0.81425
401 0.8194
402 0.8198
403 0.8243
404 0.8266
405 0.82805
406 0.83215
407 0.8328
408 0.83345
409 0.83515
410 0.83755
411 0.83855
412 0.8401
413 0.84115
414 0.8434
415 0.84435
416 0.84585
417 0.8467
418 0.84795
419 0.84975
420 0.85225
421 0.85285
422 0.85415
423 0.8557
424 0.85765
425 0.8588
426 0.8606
427 0.8615
428 0.86375
429 0.8652
430 0.8687
431 0.87205
432 0.8738
433 0.875
434 0.87795
435 0.8821
436 0.88735
437 0.8912
438 0.89335
439 0.89435
440 0.89675
441 0.89875
442 0.89995
443 0.90175
444 0.90475
445 0.90525
446 0.906
447 0.91055
448 0.91135
449 0.914
450 0.9159
451 0.91835
452 0.9214
453 0.92305
454 0.92555
455 0.9285
456 0.93
457 0.9313
458 0.933
459 0.9333
460 0.936
461 0.93755
462 0.9416
463 0.9428
464 0.9438
465 0.9442
466 0.94515
467 0.9467
468 0.9483
469 0.9488
470 0.9506
471 0.9524
472 0.95545
473 0.95765
474 0.95905
475 0.96145
476 0.96225
477 0.96555
478 0.96935
479 0.96975
480 0.97215
481 0.9742
482 0.97565
483 0.97685
484 0.9792
485 0.9807
486 0.98265
487 0.9841
488 0.9856
489 0.98605
490 0.9877
491 0.98905
492 0.9895
493 0.99215
494 0.993
495 0.994
496 0.9964
497 0.99725
498 0.99745
499 0.9989
500 1.00035
# Generated pool n. 10 for Umax = 115.12432098388672
# Generated a biased pool of 20000 with an acceptance of 0.14821836352348328
# Generated a pool of 20000 with an acceptance of 0.0019967065868263453
# Generation repeated 501 times
# Average relative effective sample size: 0.016503289341926575
# Generation efficiency: 0.001996007984031936
