# Generation 17

0 0.0037
1 0.00775
2 0.00885
3 0.01095
4 0.01315
5 0.01335
6 0.0162
7 0.01845
8 0.01915
9 0.02385
10 0.0304
11 0.0329
12 0.03355
13 0.03535
14 0.0378
15 0.04385
16 0.04845
17 0.0494
18 0.05485
19 0.0575
20 0.05935
21 0.06455
22 0.06715
23 0.07375
24 0.0784
25 0.0799
26 0.083
27 0.0867
28 0.08725
29 0.0899
30 0.0923
31 0.0951
32 0.09715
33 0.09935
34 0.10085
35 0.1052
36 0.10615
37 0.1088
38 0.11015
39 0.11085
40 0.11165
41 0.1154
42 0.11835
43 0.11865
44 0.12015
45 0.1236
46 0.1257
47 0.13015
48 0.1316
49 0.1328
50 0.1378
51 0.1398
52 0.1407
53 0.1427
54 0.14485
55 0.14605
56 0.14725
57 0.1491
58 0.15315
59 0.1552
60 0.15775
61 0.1603
62 0.16325
63 0.16475
64 0.16585
65 0.172
66 0.17275
67 0.17485
68 0.176
69 0.1772
70 0.17805
71 0.18155
72 0.1831
73 0.1862
74 0.18815
75 0.19165
76 0.1942
77 0.1967
78 0.19885
79 0.20125
80 0.20255
81 0.20435
82 0.21
83 0.2117
84 0.21465
85 0.2154
86 0.21805
87 0.22
88 0.2253
89 0.226
90 0.2279
91 0.2302
92 0.23145
93 0.2349
94 0.23545
95 0.2384
96 0.2408
97 0.2437
98 0.2469
99 0.24855
100 0.25025
101 0.253
102 0.2542
103 0.2577
104 0.2602
105 0.2657
106 0.26895
107 0.27015
108 0.2706
109 0.2744
110 0.2789
111 0.27915
112 0.28285
113 0.28605
114 0.2892
115 0.2901
116 0.29285
117 0.29375
118 0.29895
119 0.2996
120 0.3011
121 0.30495
122 0.3074
123 0.312
124 0.31335
125 0.31605
126 0.31955
127 0.3212
128 0.32475
129 0.32775
130 0.3302
131 0.33245
132 0.33445
133 0.33475
134 0.33885
135 0.3415
136 0.3481
137 0.35005
138 0.3504
139 0.3547
140 0.35655
141 0.35735
142 0.36
143 0.3644
144 0.3673
145 0.372
146 0.3756
147 0.37825
148 0.38015
149 0.38075
150 0.38325
151 0.3844
152 0.38945
153 0.3895
154 0.3918
155 0.39455
156 0.3959
157 0.39615
158 0.3998
159 0.40205
160 0.40355
161 0.40835
162 0.41235
163 0.4151
164 0.41945
165 0.42165
166 0.42755
167 0.42955
168 0.4323
169 0.4325
170 0.4341
171 0.4377
172 0.44005
173 0.4407
174 0.4443
175 0.4458
176 0.44875
177 0.45135
178 0.45255
179 0.45385
180 0.4556
181 0.45615
182 0.4571
183 0.46105
184 0.46305
185 0.46475
186 0.46835
187 0.4698
188 0.47075
189 0.4742
190 0.47555
191 0.47735
192 0.4781
193 0.4787
194 0.4805
195 0.4857
196 0.48775
197 0.4879
198 0.49435
199 0.4957
200 0.4983
201 0.4988
202 0.5008
203 0.5056
204 0.50835
205 0.51125
206 0.51385
207 0.51875
208 0.5202
209 0.5219
210 0.52345
211 0.5254
212 0.5262
213 0.52905
214 0.53205
215 0.5352
216 0.5367
217 0.54255
218 0.5465
219 0.5517
220 0.5518
221 0.5556
222 0.557
223 0.5624
224 0.56425
225 0.56505
226 0.56595
227 0.5676
228 0.5697
229 0.57265
230 0.5746
231 0.5794
232 0.58255
233 0.58485
234 0.58885
235 0.59175
236 0.59385
237 0.5974
238 0.60275
239 0.60605
240 0.60875
241 0.6097
242 0.61155
243 0.61385
244 0.61785
245 0.6195
246 0.62175
247 0.625
248 0.62845
249 0.632
250 0.6328
251 0.63805
252 0.639
253 0.63995
254 0.6439
255 0.64735
256 0.6484
257 0.65085
258 0.65475
259 0.65565
260 0.65895
261 0.66
262 0.66565
263 0.6673
264 0.67075
265 0.673
266 0.6755
267 0.68055
268 0.6835
269 0.68575
270 0.6895
271 0.6926
272 0.69625
273 0.70185
274 0.70295
275 0.7046
276 0.7087
277 0.71545
278 0.719
279 0.72175
280 0.7242
281 0.72785
282 0.7293
283 0.72975
284 0.7311
285 0.734
286 0.73795
287 0.7405
288 0.746
289 0.7465
290 0.74845
291 0.7515
292 0.7524
293 0.75705
294 0.75805
295 0.76305
296 0.76535
297 0.7656
298 0.7684
299 0.7705
300 0.77355
301 0.7767
302 0.7784
303 0.77885
304 0.7803
305 0.7808
306 0.782
307 0.7852
308 0.78675
309 0.78695
310 0.7904
311 0.7943
312 0.7978
313 0.7996
314 0.8031
315 0.8098
316 0.81275
317 0.81395
318 0.8143
319 0.81525
320 0.81755
321 0.8202
322 0.8222
323 0.8223
324 0.82325
325 0.82605
326 0.8274
327 0.8286
328 0.832
329 0.8346
330 0.84015
331 0.8455
332 0.85025
333 0.8508
334 0.8544
335 0.85885
336 0.8596
337 0.86085
338 0.86485
339 0.8651
340 0.86835
341 0.86905
342 0.8716
343 0.8728
344 0.8763
345 0.87745
346 0.87965
347 0.88505
348 0.88585
349 0.88605
350 0.8884
351 0.89045
352 0.893
353 0.8936
354 0.89705
355 0.899
356 0.9
357 0.90205
358 0.90465
359 0.90545
360 0.9069
361 0.91045
362 0.91345
363 0.9142
364 0.9173
365 0.92155
366 0.92385
367 0.9242
368 0.92765
369 0.93035
370 0.93305
371 0.9363
372 0.9409
373 0.94215
374 0.94665
375 0.9479
376 0.95145
377 0.9531
378 0.954
379 0.9557
380 0.9585
381 0.96075
382 0.96185
383 0.9642
384 0.9654
385 0.9681
386 0.96915
387 0.97365
388 0.9771
389 0.97905
390 0.9814
391 0.9856
392 0.9881
393 0.99275
394 0.99555
395 0.9987
396 1.0013
# Generated pool n. 17 for Umax = 5.8366289138793945
# Generated a biased pool of 20000 with an acceptance of 0.20381613075733185
# Generated a pool of 20000 with an acceptance of 0.0025221662468513846
# Generation repeated 397 times
# Average relative effective sample size: 0.02700771950185299
# Generation efficiency: 0.0025188916876574307
