# Generation 28

0 0.00365
1 0.00725
2 0.0107
3 0.0146
4 0.0171
5 0.0197
6 0.0257
7 0.026
8 0.0324
9 0.03815
10 0.0426
11 0.04635
12 0.05285
13 0.0551
14 0.0607
15 0.06325
16 0.0649
17 0.07045
18 0.07305
19 0.07875
20 0.08315
21 0.0893
22 0.09185
23 0.09885
24 0.10155
25 0.1022
26 0.10345
27 0.1053
28 0.1074
29 0.11265
30 0.11855
31 0.12215
32 0.12465
33 0.12505
34 0.12805
35 0.12995
36 0.13315
37 0.13445
38 0.1402
39 0.1465
40 0.14835
41 0.15175
42 0.157
43 0.15875
44 0.1595
45 0.16335
46 0.16705
47 0.1747
48 0.18135
49 0.18825
50 0.1899
51 0.19395
52 0.2015
53 0.2052
54 0.2068
55 0.21145
56 0.2198
57 0.22175
58 0.2276
59 0.23005
60 0.23245
61 0.234
62 0.2364
63 0.23945
64 0.2412
65 0.24705
66 0.2499
67 0.25265
68 0.2563
69 0.2602
70 0.261
71 0.26375
72 0.26775
73 0.2705
74 0.271
75 0.2738
76 0.2764
77 0.2769
78 0.28375
79 0.28695
80 0.28805
81 0.28965
82 0.29015
83 0.2955
84 0.3001
85 0.303
86 0.30485
87 0.30685
88 0.31135
89 0.312
90 0.3192
91 0.32515
92 0.3288
93 0.3318
94 0.3394
95 0.3455
96 0.3485
97 0.3513
98 0.3549
99 0.35975
100 0.36485
101 0.3689
102 0.369
103 0.372
104 0.37565
105 0.37925
106 0.38515
107 0.39085
108 0.39335
109 0.3961
110 0.3973
111 0.40205
112 0.40305
113 0.40585
114 0.4105
115 0.41515
116 0.4209
117 0.42155
118 0.4245
119 0.42475
120 0.43305
121 0.43475
122 0.43745
123 0.4379
124 0.4441
125 0.44615
126 0.45
127 0.4529
128 0.45355
129 0.45695
130 0.46035
131 0.4643
132 0.472
133 0.47835
134 0.47965
135 0.4821
136 0.48455
137 0.48735
138 0.49245
139 0.5001
140 0.50095
141 0.50915
142 0.5142
143 0.5182
144 0.52225
145 0.52875
146 0.5328
147 0.5382
148 0.54
149 0.545
150 0.5491
151 0.5514
152 0.55385
153 0.5566
154 0.5588
155 0.56305
156 0.5693
157 0.571
158 0.5725
159 0.5745
160 0.5759
161 0.57995
162 0.58505
163 0.5902
164 0.59295
165 0.59635
166 0.5989
167 0.6029
168 0.6061
169 0.61035
170 0.6128
171 0.614
172 0.61765
173 0.62635
174 0.62815
175 0.63275
176 0.64005
177 0.64095
178 0.64335
179 0.6502
180 0.65505
181 0.6579
182 0.66015
183 0.6612
184 0.66665
185 0.66945
186 0.6707
187 0.6733
188 0.67905
189 0.682
190 0.6829
191 0.685
192 0.68765
193 0.6888
194 0.69355
195 0.6989
196 0.70165
197 0.7032
198 0.70345
199 0.7065
200 0.70835
201 0.70995
202 0.71305
203 0.71645
204 0.71815
205 0.725
206 0.72775
207 0.72895
208 0.73445
209 0.7357
210 0.73915
211 0.74035
212 0.7441
213 0.7492
214 0.7537
215 0.75695
216 0.76235
217 0.76645
218 0.7722
219 0.77545
220 0.7794
221 0.78305
222 0.7853
223 0.78645
224 0.7931
225 0.79595
226 0.7985
227 0.80225
228 0.80615
229 0.81155
230 0.8151
231 0.8213
232 0.82555
233 0.82975
234 0.83495
235 0.83815
236 0.8411
237 0.84485
238 0.8527
239 0.8575
240 0.85865
241 0.8602
242 0.8637
243 0.86835
244 0.87235
245 0.8774
246 0.87995
247 0.8829
248 0.885
249 0.89395
250 0.89745
251 0.90345
252 0.9053
253 0.90895
254 0.90985
255 0.9163
256 0.91675
257 0.9231
258 0.9276
259 0.9308
260 0.9327
261 0.9342
262 0.9366
263 0.9396
264 0.9445
265 0.9494
266 0.95205
267 0.9599
268 0.96465
269 0.96715
270 0.9697
271 0.97435
272 0.9821
273 0.9865
274 0.98865
275 0.99435
276 0.99675
277 0.9996
278 1.0014
# Generated pool n. 28 for Umax = -12.467049598693848
# Generated a biased pool of 20000 with an acceptance of 0.17762421071529388
# Generated a pool of 20000 with an acceptance of 0.0035892473118279565
# Generation repeated 279 times
# Average relative effective sample size: 0.03803497552871704
# Generation efficiency: 0.0035842293906810036
