# Generation 39

0 0.0013
1 0.00285
2 0.007
3 0.01205
4 0.01335
5 0.01825
6 0.02225
7 0.02555
8 0.0314
9 0.03235
10 0.03685
11 0.0448
12 0.04825
13 0.0487
14 0.0527
15 0.0562
16 0.0575
17 0.0585
18 0.0618
19 0.0686
20 0.07055
21 0.07655
22 0.07835
23 0.08255
24 0.0849
25 0.0867
26 0.08995
27 0.09375
28 0.09635
29 0.0973
30 0.10145
31 0.10835
32 0.10965
33 0.11285
34 0.11755
35 0.118
36 0.1211
37 0.12775
38 0.1311
39 0.1337
40 0.1367
41 0.1376
42 0.14285
43 0.1448
44 0.14695
45 0.1489
46 0.15085
47 0.15515
48 0.15995
49 0.16525
50 0.16585
51 0.17115
52 0.1783
53 0.179
54 0.18215
55 0.18455
56 0.187
57 0.19475
58 0.19745
59 0.20195
60 0.2069
61 0.212
62 0.2161
63 0.22065
64 0.2229
65 0.22735
66 0.2336
67 0.2372
68 0.2423
69 0.2465
70 0.25255
71 0.2568
72 0.2573
73 0.26055
74 0.26265
75 0.2657
76 0.2693
77 0.2716
78 0.2743
79 0.2763
80 0.2817
81 0.28985
82 0.2992
83 0.30335
84 0.305
85 0.30985
86 0.31495
87 0.317
88 0.3202
89 0.32385
90 0.32685
91 0.33
92 0.33165
93 0.339
94 0.342
95 0.3431
96 0.34775
97 0.351
98 0.35255
99 0.3596
100 0.36285
101 0.36405
102 0.36685
103 0.37305
104 0.37845
105 0.38225
106 0.3826
107 0.38415
108 0.39
109 0.3931
110 0.39475
111 0.39915
112 0.40235
113 0.40815
114 0.4148
115 0.41725
116 0.42065
117 0.4241
118 0.4304
119 0.43345
120 0.43655
121 0.4402
122 0.44355
123 0.44475
124 0.4494
125 0.45635
126 0.46285
127 0.46975
128 0.47105
129 0.47605
130 0.4836
131 0.4868
132 0.4901
133 0.4961
134 0.49945
135 0.50175
136 0.50395
137 0.5063
138 0.51115
139 0.51315
140 0.51725
141 0.5217
142 0.52635
143 0.5297
144 0.53455
145 0.5359
146 0.5379
147 0.54315
148 0.54815
149 0.5495
150 0.5523
151 0.5543
152 0.5568
153 0.5612
154 0.56445
155 0.5705
156 0.57385
157 0.57905
158 0.5849
159 0.5913
160 0.59355
161 0.59445
162 0.60025
163 0.60175
164 0.608
165 0.61135
166 0.6168
167 0.62255
168 0.62555
169 0.6302
170 0.6353
171 0.6375
172 0.63805
173 0.6436
174 0.6474
175 0.6521
176 0.65265
177 0.6565
178 0.66135
179 0.66475
180 0.6652
181 0.6674
182 0.6732
183 0.67855
184 0.6847
185 0.6864
186 0.6907
187 0.69885
188 0.7001
189 0.7029
190 0.706
191 0.7073
192 0.7126
193 0.71595
194 0.72115
195 0.72355
196 0.72945
197 0.7326
198 0.73595
199 0.7381
200 0.74125
201 0.7442
202 0.7538
203 0.7605
204 0.7625
205 0.76815
206 0.76865
207 0.77805
208 0.7847
209 0.79065
210 0.7921
211 0.79685
212 0.80025
213 0.8031
214 0.8046
215 0.8072
216 0.808
217 0.81
218 0.81325
219 0.81475
220 0.81765
221 0.81885
222 0.8201
223 0.8217
224 0.82765
225 0.82855
226 0.8295
227 0.83145
228 0.83405
229 0.8383
230 0.84355
231 0.8478
232 0.854
233 0.8546
234 0.85635
235 0.857
236 0.859
237 0.86315
238 0.8677
239 0.87175
240 0.8726
241 0.8767
242 0.879
243 0.8823
244 0.8868
245 0.8875
246 0.896
247 0.89965
248 0.90555
249 0.90915
250 0.9124
251 0.91505
252 0.91605
253 0.917
254 0.91905
255 0.9212
256 0.92235
257 0.92735
258 0.93225
259 0.9374
260 0.9396
261 0.9461
262 0.95315
263 0.95745
264 0.9583
265 0.96455
266 0.9666
267 0.968
268 0.97
269 0.97025
270 0.9758
271 0.98085
272 0.98135
273 0.9833
274 0.98765
275 0.99365
276 0.9946
277 0.997
278 0.9981
279 0.9999
280 1.00175
# Generated pool n. 39 for Umax = -14.559256553649902
# Generated a biased pool of 20000 with an acceptance of 0.17328563332557678
# Generated a pool of 20000 with an acceptance of 0.0035649466192170793
# Generation repeated 281 times
# Average relative effective sample size: 0.03626985475420952
# Generation efficiency: 0.0035587188612099642
