# Generation 38

0 0.0054
1 0.00735
2 0.01495
3 0.01815
4 0.0212
5 0.0218
6 0.0266
7 0.03005
8 0.0363
9 0.03895
10 0.0418
11 0.04525
12 0.0478
13 0.04935
14 0.05565
15 0.0605
16 0.06715
17 0.07385
18 0.0797
19 0.08235
20 0.08685
21 0.08835
22 0.08985
23 0.0932
24 0.10165
25 0.10535
26 0.1116
27 0.11535
28 0.11715
29 0.12165
30 0.1243
31 0.1259
32 0.12805
33 0.1306
34 0.1336
35 0.1394
36 0.14235
37 0.1443
38 0.1469
39 0.1489
40 0.1544
41 0.16035
42 0.1632
43 0.16745
44 0.16955
45 0.17245
46 0.17365
47 0.1758
48 0.18155
49 0.18345
50 0.18595
51 0.19185
52 0.1949
53 0.1968
54 0.201
55 0.2075
56 0.21185
57 0.21645
58 0.21945
59 0.2222
60 0.22515
61 0.2293
62 0.23155
63 0.23295
64 0.23925
65 0.2431
66 0.2496
67 0.2525
68 0.25445
69 0.25815
70 0.26065
71 0.26305
72 0.26815
73 0.2732
74 0.2788
75 0.2825
76 0.2859
77 0.294
78 0.29615
79 0.2975
80 0.3007
81 0.30335
82 0.30535
83 0.31165
84 0.3138
85 0.31735
86 0.3206
87 0.32495
88 0.32885
89 0.32895
90 0.33355
91 0.3337
92 0.3389
93 0.34005
94 0.34115
95 0.34805
96 0.3508
97 0.3523
98 0.3537
99 0.3563
100 0.3576
101 0.36225
102 0.36715
103 0.3735
104 0.3758
105 0.378
106 0.38085
107 0.38335
108 0.38855
109 0.391
110 0.3923
111 0.4005
112 0.4026
113 0.40355
114 0.4047
115 0.4096
116 0.41455
117 0.4187
118 0.4212
119 0.42345
120 0.4267
121 0.4302
122 0.4343
123 0.44175
124 0.44385
125 0.44725
126 0.45565
127 0.45745
128 0.4639
129 0.4696
130 0.4712
131 0.4731
132 0.47725
133 0.4778
134 0.4816
135 0.4867
136 0.4884
137 0.48905
138 0.4913
139 0.49695
140 0.50335
141 0.50695
142 0.5081
143 0.5084
144 0.5095
145 0.5108
146 0.512
147 0.5156
148 0.51695
149 0.52165
150 0.5242
151 0.53205
152 0.5333
153 0.53725
154 0.54055
155 0.54515
156 0.5497
157 0.55495
158 0.55725
159 0.56205
160 0.5658
161 0.5668
162 0.56755
163 0.5686
164 0.57145
165 0.57885
166 0.58195
167 0.5882
168 0.5909
169 0.59415
170 0.5968
171 0.60005
172 0.60375
173 0.6082
174 0.61165
175 0.61335
176 0.6171
177 0.6182
178 0.6207
179 0.6225
180 0.62865
181 0.6348
182 0.6376
183 0.6386
184 0.64335
185 0.6449
186 0.65225
187 0.6547
188 0.6571
189 0.6578
190 0.662
191 0.66675
192 0.6696
193 0.67265
194 0.6773
195 0.6796
196 0.6812
197 0.68265
198 0.68665
199 0.68925
200 0.69185
201 0.69725
202 0.7034
203 0.70615
204 0.70885
205 0.7119
206 0.71705
207 0.7179
208 0.7198
209 0.728
210 0.72865
211 0.73285
212 0.73435
213 0.73585
214 0.73895
215 0.7418
216 0.74885
217 0.7512
218 0.75395
219 0.75455
220 0.7556
221 0.7584
222 0.76065
223 0.7689
224 0.77365
225 0.7777
226 0.7808
227 0.78335
228 0.78845
229 0.793
230 0.7979
231 0.7997
232 0.8011
233 0.80255
234 0.8052
235 0.8088
236 0.81255
237 0.81695
238 0.82215
239 0.82485
240 0.8271
241 0.82875
242 0.8329
243 0.8358
244 0.8436
245 0.8447
246 0.84615
247 0.8495
248 0.8505
249 0.8566
250 0.8601
251 0.86465
252 0.86535
253 0.86575
254 0.86725
255 0.8687
256 0.8719
257 0.87255
258 0.87395
259 0.8752
260 0.87765
261 0.87905
262 0.8849
263 0.88835
264 0.8901
265 0.892
266 0.89605
267 0.89635
268 0.90215
269 0.90375
270 0.90585
271 0.9076
272 0.91085
273 0.9144
274 0.9211
275 0.927
276 0.92975
277 0.93185
278 0.93455
279 0.93885
280 0.9469
281 0.9506
282 0.9548
283 0.9583
284 0.9588
285 0.96365
286 0.9665
287 0.97315
288 0.97955
289 0.98705
290 0.99145
291 0.99645
292 1.00165
# Generated pool n. 38 for Umax = -14.4905366897583
# Generated a biased pool of 20000 with an acceptance of 0.19407647848129272
# Generated a pool of 20000 with an acceptance of 0.0034186006825938572
# Generation repeated 293 times
# Average relative effective sample size: 0.03918005898594856
# Generation efficiency: 0.0034129692832764505
