# Generation 16

0 0.00475
1 0.00745
2 0.00955
3 0.00975
4 0.01025
5 0.0114
6 0.01385
7 0.01535
8 0.01815
9 0.02085
10 0.02155
11 0.022
12 0.0248
13 0.0259
14 0.0263
15 0.02875
16 0.0301
17 0.0332
18 0.03465
19 0.0351
20 0.0361
21 0.03905
22 0.0403
23 0.04135
24 0.04255
25 0.0437
26 0.0443
27 0.0459
28 0.0483
29 0.04975
30 0.05025
31 0.053
32 0.0556
33 0.05775
34 0.05825
35 0.0602
36 0.061
37 0.0624
38 0.0666
39 0.0709
40 0.0712
41 0.073
42 0.07535
43 0.077
44 0.08035
45 0.0831
46 0.0835
47 0.0885
48 0.08915
49 0.0926
50 0.09385
51 0.0955
52 0.09655
53 0.09765
54 0.1007
55 0.10385
56 0.10445
57 0.10495
58 0.10905
59 0.1128
60 0.1159
61 0.1175
62 0.119
63 0.1202
64 0.12095
65 0.1216
66 0.12585
67 0.12885
68 0.1341
69 0.13905
70 0.13945
71 0.1444
72 0.1457
73 0.1462
74 0.1471
75 0.14755
76 0.14855
77 0.15025
78 0.1507
79 0.15295
80 0.1539
81 0.1544
82 0.15515
83 0.15545
84 0.1565
85 0.1569
86 0.1597
87 0.16015
88 0.16085
89 0.16285
90 0.165
91 0.16665
92 0.1676
93 0.1688
94 0.1707
95 0.1714
96 0.17355
97 0.1739
98 0.1746
99 0.17565
100 0.17935
101 0.1806
102 0.18185
103 0.183
104 0.1854
105 0.1868
106 0.1878
107 0.1897
108 0.19205
109 0.1929
110 0.1938
111 0.19625
112 0.1987
113 0.20035
114 0.20325
115 0.20375
116 0.20485
117 0.2077
118 0.21225
119 0.2156
120 0.21785
121 0.22145
122 0.2242
123 0.22635
124 0.2274
125 0.22915
126 0.22975
127 0.23025
128 0.23355
129 0.23615
130 0.2372
131 0.24045
132 0.2443
133 0.2493
134 0.24935
135 0.25065
136 0.25235
137 0.25515
138 0.25545
139 0.25765
140 0.25955
141 0.26225
142 0.26445
143 0.2658
144 0.2694
145 0.2696
146 0.27045
147 0.27415
148 0.2751
149 0.27535
150 0.2763
151 0.2777
152 0.2781
153 0.2794
154 0.2819
155 0.2829
156 0.283
157 0.2846
158 0.28535
159 0.2862
160 0.2876
161 0.2878
162 0.29035
163 0.2907
164 0.29165
165 0.29365
166 0.2967
167 0.29875
168 0.3031
169 0.30615
170 0.30665
171 0.3085
172 0.3105
173 0.3138
174 0.3142
175 0.3161
176 0.3181
177 0.32165
178 0.3241
179 0.3251
180 0.3271
181 0.32885
182 0.32975
183 0.3318
184 0.33345
185 0.3356
186 0.33775
187 0.3394
188 0.33975
189 0.3414
190 0.34425
191 0.34625
192 0.3484
193 0.34955
194 0.3524
195 0.3538
196 0.35535
197 0.3566
198 0.3594
199 0.3602
200 0.36125
201 0.36275
202 0.36445
203 0.3659
204 0.3687
205 0.37125
206 0.37315
207 0.3759
208 0.3765
209 0.37805
210 0.3802
211 0.3813
212 0.3831
213 0.3849
214 0.38655
215 0.3882
216 0.3896
217 0.39015
218 0.39235
219 0.39445
220 0.3958
221 0.3972
222 0.39805
223 0.39895
224 0.39955
225 0.40095
226 0.40315
227 0.4043
228 0.40545
229 0.4091
230 0.41145
231 0.4123
232 0.41265
233 0.41445
234 0.4151
235 0.4161
236 0.4165
237 0.41815
238 0.41915
239 0.42325
240 0.424
241 0.4247
242 0.4314
243 0.43445
244 0.4364
245 0.4383
246 0.43925
247 0.44025
248 0.44095
249 0.44395
250 0.4445
251 0.44555
252 0.4464
253 0.44775
254 0.44835
255 0.45
256 0.45285
257 0.4535
258 0.45555
259 0.4565
260 0.45855
261 0.4606
262 0.4627
263 0.4659
264 0.466
265 0.46665
266 0.46855
267 0.46935
268 0.47095
269 0.47245
270 0.47385
271 0.4749
272 0.4769
273 0.47865
274 0.47965
275 0.4814
276 0.48295
277 0.4857
278 0.48645
279 0.48795
280 0.4896
281 0.4903
282 0.49175
283 0.4927
284 0.4946
285 0.49535
286 0.49605
287 0.49805
288 0.4999
289 0.50055
290 0.5025
291 0.50385
292 0.5054
293 0.50595
294 0.5073
295 0.5076
296 0.5097
297 0.51115
298 0.51355
299 0.5164
300 0.51675
301 0.51915
302 0.5213
303 0.5223
304 0.52295
305 0.5245
306 0.5288
307 0.5311
308 0.5335
309 0.53375
310 0.5376
311 0.5392
312 0.5435
313 0.5438
314 0.5443
315 0.54475
316 0.54495
317 0.54575
318 0.54895
319 0.55385
320 0.55565
321 0.5607
322 0.56205
323 0.5655
324 0.56815
325 0.57135
326 0.5717
327 0.57285
328 0.57445
329 0.57595
330 0.5773
331 0.5796
332 0.58405
333 0.5852
334 0.58605
335 0.5871
336 0.5887
337 0.5932
338 0.594
339 0.59515
340 0.5962
341 0.5985
342 0.6015
343 0.6016
344 0.60495
345 0.6058
346 0.60695
347 0.61235
348 0.6133
349 0.61505
350 0.6186
351 0.6222
352 0.62305
353 0.6293
354 0.6303
355 0.63245
356 0.6369
357 0.6387
358 0.64
359 0.64065
360 0.6433
361 0.6468
362 0.648
363 0.65115
364 0.65475
365 0.6553
366 0.65695
367 0.6582
368 0.6616
369 0.6621
370 0.6626
371 0.6634
372 0.6649
373 0.66745
374 0.66895
375 0.6711
376 0.67355
377 0.67475
378 0.6753
379 0.6757
380 0.67715
381 0.67865
382 0.68035
383 0.6808
384 0.68215
385 0.6834
386 0.6873
387 0.69415
388 0.6949
389 0.69585
390 0.69695
391 0.7005
392 0.7008
393 0.70095
394 0.70335
395 0.7057
396 0.7065
397 0.7085
398 0.711
399 0.71255
400 0.71525
401 0.7158
402 0.71635
403 0.7187
404 0.71915
405 0.72195
406 0.72335
407 0.72885
408 0.7315
409 0.7334
410 0.7344
411 0.7352
412 0.73665
413 0.73945
414 0.7417
415 0.74255
416 0.74265
417 0.74545
418 0.74715
419 0.7477
420 0.74895
421 0.7496
422 0.75115
423 0.75205
424 0.7529
425 0.7551
426 0.7562
427 0.7576
428 0.7583
429 0.7585
430 0.7592
431 0.76165
432 0.7622
433 0.76395
434 0.7655
435 0.76655
436 0.77105
437 0.77385
438 0.7753
439 0.77795
440 0.77985
441 0.78635
442 0.78745
443 0.78875
444 0.79065
445 0.79075
446 0.793
447 0.79515
448 0.7963
449 0.79705
450 0.7984
451 0.79925
452 0.80105
453 0.80205
454 0.80275
455 0.80525
456 0.807
457 0.80975
458 0.811
459 0.81395
460 0.8142
461 0.8184
462 0.81965
463 0.8199
464 0.8222
465 0.82265
466 0.8275
467 0.83115
468 0.83185
469 0.83265
470 0.8335
471 0.83455
472 0.83535
473 0.83735
474 0.8391
475 0.83925
476 0.8407
477 0.84245
478 0.8444
479 0.8468
480 0.84825
481 0.84885
482 0.8521
483 0.85465
484 0.85605
485 0.85655
486 0.85755
487 0.8582
488 0.85905
489 0.8623
490 0.8628
491 0.8658
492 0.86905
493 0.87125
494 0.87195
495 0.87325
496 0.87555
497 0.8763
498 0.88025
499 0.8822
500 0.8828
501 0.8839
502 0.88535
503 0.8889
504 0.8903
505 0.89285
506 0.89515
507 0.89745
508 0.89935
509 0.9
510 0.901
511 0.9024
512 0.9028
513 0.90565
514 0.90835
515 0.90915
516 0.90945
517 0.9114
518 0.91315
519 0.91755
520 0.91815
521 0.91935
522 0.9207
523 0.9211
524 0.9233
525 0.9252
526 0.92665
527 0.928
528 0.9284
529 0.92885
530 0.9326
531 0.936
532 0.9375
533 0.9386
534 0.94155
535 0.9425
536 0.94475
537 0.9465
538 0.94805
539 0.94955
540 0.9498
541 0.95045
542 0.9515
543 0.9551
544 0.95965
545 0.9603
546 0.9614
547 0.96375
548 0.96465
549 0.9663
550 0.9703
551 0.97055
552 0.9714
553 0.9723
554 0.97435
555 0.9757
556 0.977
557 0.97875
558 0.9792
559 0.9798
560 0.98025
561 0.98385
562 0.986
563 0.98725
564 0.98875
565 0.9907
566 0.99335
567 0.99385
568 0.9949
569 0.99605
570 0.99845
571 1.00075
# Generated pool n. 16 for Umax = 10.981728553771973
# Generated a biased pool of 20000 with an acceptance of 0.13695532083511353
# Generated a pool of 20000 with an acceptance of 0.0017495629370629347
# Generation repeated 572 times
# Average relative effective sample size: 0.015163084492087364
# Generation efficiency: 0.0017482517482517483
