# Generation 23

0 0.00335
1 0.00655
2 0.00865
3 0.0162
4 0.0198
5 0.0268
6 0.03045
7 0.0374
8 0.03965
9 0.0457
10 0.0496
11 0.053
12 0.05955
13 0.06255
14 0.06355
15 0.07315
16 0.08015
17 0.08485
18 0.08815
19 0.09095
20 0.0918
21 0.10345
22 0.1093
23 0.11965
24 0.1265
25 0.1308
26 0.1392
27 0.14415
28 0.1474
29 0.15565
30 0.15975
31 0.16225
32 0.16655
33 0.1687
34 0.1706
35 0.17275
36 0.18
37 0.18445
38 0.1864
39 0.18985
40 0.1928
41 0.2022
42 0.2089
43 0.21235
44 0.2208
45 0.2212
46 0.22175
47 0.22675
48 0.2299
49 0.23555
50 0.2383
51 0.249
52 0.2575
53 0.26115
54 0.2654
55 0.26785
56 0.27215
57 0.2795
58 0.2824
59 0.2875
60 0.29065
61 0.2912
62 0.2935
63 0.3027
64 0.307
65 0.3118
66 0.3174
67 0.3224
68 0.3236
69 0.32865
70 0.33055
71 0.3361
72 0.3435
73 0.3486
74 0.35195
75 0.3541
76 0.3605
77 0.3646
78 0.36635
79 0.36875
80 0.37415
81 0.37715
82 0.3851
83 0.39255
84 0.39425
85 0.39975
86 0.40625
87 0.4126
88 0.4148
89 0.4205
90 0.42735
91 0.4314
92 0.43525
93 0.4366
94 0.43805
95 0.4398
96 0.44895
97 0.45335
98 0.45765
99 0.4651
100 0.4688
101 0.47375
102 0.47625
103 0.47715
104 0.48095
105 0.4865
106 0.48885
107 0.49085
108 0.4932
109 0.49595
110 0.50225
111 0.5048
112 0.50625
113 0.50905
114 0.5149
115 0.51905
116 0.52485
117 0.52865
118 0.5343
119 0.5374
120 0.5481
121 0.5502
122 0.55495
123 0.55935
124 0.56125
125 0.56655
126 0.5732
127 0.58095
128 0.58285
129 0.5874
130 0.59415
131 0.6014
132 0.60435
133 0.609
134 0.61115
135 0.61575
136 0.6199
137 0.62655
138 0.6393
139 0.64135
140 0.6461
141 0.647
142 0.65235
143 0.6572
144 0.66455
145 0.6681
146 0.66995
147 0.67505
148 0.679
149 0.68515
150 0.68755
151 0.6903
152 0.6955
153 0.7036
154 0.7079
155 0.70935
156 0.7104
157 0.71715
158 0.72235
159 0.7287
160 0.73275
161 0.7411
162 0.74155
163 0.74685
164 0.74935
165 0.75105
166 0.7596
167 0.7629
168 0.77035
169 0.77435
170 0.78385
171 0.78875
172 0.79335
173 0.7978
174 0.81
175 0.81165
176 0.81415
177 0.81695
178 0.82415
179 0.8312
180 0.8357
181 0.84065
182 0.84405
183 0.84465
184 0.851
185 0.8544
186 0.86125
187 0.86265
188 0.8678
189 0.86975
190 0.87195
191 0.87745
192 0.886
193 0.88995
194 0.89305
195 0.8956
196 0.89625
197 0.8994
198 0.9048
199 0.9109
200 0.91775
201 0.924
202 0.92695
203 0.93065
204 0.9332
205 0.9378
206 0.9432
207 0.94485
208 0.9468
209 0.9509
210 0.95285
211 0.9563
212 0.9625
213 0.9712
214 0.97535
215 0.9792
216 0.9835
217 0.9857
218 0.98715
219 0.9941
220 0.99775
221 1.0001
# Generated pool n. 23 for Umax = -8.788779258728027
# Generated a biased pool of 20000 with an acceptance of 0.26509955525398254
# Generated a pool of 20000 with an acceptance of 0.004504954954954956
# Generation repeated 222 times
# Average relative effective sample size: 0.05580490082502365
# Generation efficiency: 0.0045045045045045045
