# Generation 4

0 0.00235
1 0.00595
2 0.00895
3 0.0128
4 0.01485
5 0.0187
6 0.02155
7 0.0233
8 0.0246
9 0.0285
10 0.03135
11 0.03305
12 0.0355
13 0.03615
14 0.0377
15 0.03905
16 0.0416
17 0.04545
18 0.04715
19 0.04805
20 0.05055
21 0.05395
22 0.0562
23 0.05805
24 0.0601
25 0.0626
26 0.06365
27 0.0662
28 0.0671
29 0.0718
30 0.0737
31 0.0752
32 0.0775
33 0.0787
34 0.0806
35 0.08225
36 0.08335
37 0.08685
38 0.0874
39 0.08965
40 0.0909
41 0.0936
42 0.0956
43 0.09855
44 0.1002
45 0.1028
46 0.106
47 0.1092
48 0.11265
49 0.11345
50 0.1162
51 0.1185
52 0.1202
53 0.12205
54 0.1252
55 0.12985
56 0.13155
57 0.13375
58 0.1344
59 0.1374
60 0.13795
61 0.13935
62 0.144
63 0.1457
64 0.14735
65 0.14875
66 0.1506
67 0.1538
68 0.15565
69 0.158
70 0.1611
71 0.16195
72 0.16425
73 0.1684
74 0.1716
75 0.1731
76 0.17585
77 0.17805
78 0.18025
79 0.18285
80 0.18615
81 0.18815
82 0.19085
83 0.19395
84 0.1944
85 0.197
86 0.19945
87 0.2026
88 0.20535
89 0.2069
90 0.2085
91 0.21235
92 0.2151
93 0.2189
94 0.2219
95 0.22405
96 0.2258
97 0.22755
98 0.2297
99 0.23225
100 0.2342
101 0.2354
102 0.23815
103 0.24145
104 0.24305
105 0.2473
106 0.24875
107 0.25185
108 0.25465
109 0.258
110 0.2609
111 0.26365
112 0.2671
113 0.27155
114 0.2743
115 0.278
116 0.28265
117 0.2837
118 0.28825
119 0.28965
120 0.2926
121 0.296
122 0.29755
123 0.2992
124 0.30075
125 0.3031
126 0.30685
127 0.3084
128 0.3113
129 0.3124
130 0.31375
131 0.31615
132 0.3208
133 0.32305
134 0.3257
135 0.32735
136 0.3304
137 0.3331
138 0.33485
139 0.3372
140 0.33945
141 0.3417
142 0.34365
143 0.34565
144 0.3467
145 0.34965
146 0.35315
147 0.3559
148 0.3597
149 0.36325
150 0.3665
151 0.3679
152 0.36975
153 0.3704
154 0.37195
155 0.3741
156 0.37675
157 0.3791
158 0.3811
159 0.3841
160 0.38895
161 0.39315
162 0.39435
163 0.39835
164 0.4011
165 0.4029
166 0.4066
167 0.40985
168 0.41165
169 0.4129
170 0.41475
171 0.41735
172 0.41975
173 0.42145
174 0.4239
175 0.42885
176 0.43185
177 0.4332
178 0.4344
179 0.4377
180 0.4396
181 0.4409
182 0.4453
183 0.44805
184 0.44955
185 0.45365
186 0.4571
187 0.46
188 0.46175
189 0.46535
190 0.46725
191 0.46935
192 0.47275
193 0.4742
194 0.4768
195 0.4804
196 0.4869
197 0.48795
198 0.4915
199 0.49325
200 0.4951
201 0.49815
202 0.50085
203 0.50325
204 0.506
205 0.51105
206 0.51345
207 0.51615
208 0.51825
209 0.51985
210 0.5225
211 0.52295
212 0.5263
213 0.5277
214 0.5293
215 0.53215
216 0.53515
217 0.5402
218 0.54345
219 0.5479
220 0.5507
221 0.5512
222 0.55485
223 0.55925
224 0.5651
225 0.56655
226 0.5687
227 0.5719
228 0.5753
229 0.57845
230 0.5829
231 0.5839
232 0.58555
233 0.5878
234 0.5897
235 0.5918
236 0.59525
237 0.59815
238 0.59915
239 0.6019
240 0.606
241 0.60885
242 0.6117
243 0.61365
244 0.61505
245 0.61805
246 0.6219
247 0.62555
248 0.6302
249 0.63145
250 0.6363
251 0.6403
252 0.6424
253 0.6474
254 0.64885
255 0.6533
256 0.65695
257 0.6611
258 0.66275
259 0.6637
260 0.6672
261 0.66815
262 0.6698
263 0.672
264 0.67275
265 0.6743
266 0.67795
267 0.67995
268 0.6839
269 0.6851
270 0.68865
271 0.69255
272 0.6931
273 0.69685
274 0.7003
275 0.7025
276 0.7061
277 0.70795
278 0.71235
279 0.71675
280 0.7184
281 0.72105
282 0.7246
283 0.7275
284 0.73025
285 0.73225
286 0.73475
287 0.73895
288 0.74045
289 0.7441
290 0.7475
291 0.7486
292 0.75325
293 0.7557
294 0.7574
295 0.7609
296 0.7647
297 0.7667
298 0.76995
299 0.7739
300 0.77495
301 0.7764
302 0.7805
303 0.7814
304 0.78195
305 0.7835
306 0.7863
307 0.7889
308 0.79075
309 0.7965
310 0.80025
311 0.8015
312 0.80455
313 0.80755
314 0.81135
315 0.81245
316 0.81605
317 0.81765
318 0.82175
319 0.8234
320 0.8262
321 0.8282
322 0.83005
323 0.83165
324 0.83335
325 0.8367
326 0.8383
327 0.839
328 0.8416
329 0.84685
330 0.848
331 0.8514
332 0.85545
333 0.8593
334 0.86205
335 0.8645
336 0.87075
337 0.87265
338 0.87365
339 0.87625
340 0.87955
341 0.88205
342 0.8841
343 0.885
344 0.88625
345 0.8894
346 0.89135
347 0.89355
348 0.89745
349 0.90185
350 0.90545
351 0.9084
352 0.91175
353 0.9132
354 0.9148
355 0.9195
356 0.9207
357 0.92345
358 0.9249
359 0.92865
360 0.9299
361 0.9316
362 0.93315
363 0.93425
364 0.9368
365 0.94
366 0.943
367 0.94705
368 0.9484
369 0.9523
370 0.9542
371 0.9573
372 0.95975
373 0.96375
374 0.96725
375 0.9698
376 0.97065
377 0.9744
378 0.97545
379 0.9782
380 0.98015
381 0.9833
382 0.98385
383 0.98655
384 0.99025
385 0.99405
386 0.99615
387 0.9991
388 1.00215
# Generated pool n. 4 for Umax = 573.779052734375
# Generated a biased pool of 20000 with an acceptance of 0.04242273420095444
# Generated a pool of 20000 with an acceptance of 0.002576221079691518
# Generation repeated 389 times
# Average relative effective sample size: 0.016615314409136772
# Generation efficiency: 0.002570694087403599
