# Generation 16

0 0.00045
1 0.0015
2 0.005
3 0.0076
4 0.0091
5 0.01055
6 0.0111
7 0.0131
8 0.0146
9 0.0159
10 0.01985
11 0.0221
12 0.0234
13 0.02455
14 0.025
15 0.02735
16 0.03005
17 0.0336
18 0.0347
19 0.0359
20 0.03685
21 0.03835
22 0.0397
23 0.0403
24 0.0423
25 0.0453
26 0.04855
27 0.05435
28 0.0593
29 0.0621
30 0.0626
31 0.06405
32 0.0647
33 0.068
34 0.0701
35 0.0718
36 0.07265
37 0.07635
38 0.08025
39 0.0826
40 0.0831
41 0.0838
42 0.08525
43 0.0864
44 0.0877
45 0.09145
46 0.09255
47 0.09615
48 0.09985
49 0.1013
50 0.10205
51 0.1047
52 0.10515
53 0.1063
54 0.1078
55 0.11045
56 0.11255
57 0.11425
58 0.11705
59 0.1175
60 0.1177
61 0.1205
62 0.12115
63 0.1221
64 0.12385
65 0.1279
66 0.1288
67 0.13245
68 0.13565
69 0.1361
70 0.14035
71 0.1429
72 0.14635
73 0.14745
74 0.14905
75 0.1517
76 0.15185
77 0.15635
78 0.1582
79 0.16085
80 0.16125
81 0.16255
82 0.1636
83 0.16535
84 0.1675
85 0.1696
86 0.1712
87 0.17315
88 0.17385
89 0.1759
90 0.17765
91 0.17885
92 0.18135
93 0.18265
94 0.18295
95 0.18475
96 0.18785
97 0.1911
98 0.19435
99 0.1961
100 0.19675
101 0.19705
102 0.20075
103 0.20125
104 0.2032
105 0.20405
106 0.20685
107 0.20785
108 0.2086
109 0.21105
110 0.21255
111 0.2155
112 0.21655
113 0.21955
114 0.2243
115 0.22475
116 0.2252
117 0.22665
118 0.22755
119 0.2291
120 0.22985
121 0.23075
122 0.2329
123 0.2334
124 0.2353
125 0.23785
126 0.2386
127 0.2398
128 0.2404
129 0.24085
130 0.24495
131 0.2472
132 0.2493
133 0.2496
134 0.2501
135 0.25025
136 0.25045
137 0.25175
138 0.2526
139 0.2542
140 0.25645
141 0.25755
142 0.25985
143 0.26385
144 0.2673
145 0.26765
146 0.26815
147 0.26905
148 0.27135
149 0.27435
150 0.275
151 0.27515
152 0.2783
153 0.2785
154 0.28085
155 0.28425
156 0.28635
157 0.2891
158 0.29145
159 0.2923
160 0.29485
161 0.2952
162 0.29715
163 0.29975
164 0.30215
165 0.3036
166 0.30525
167 0.30615
168 0.30625
169 0.30995
170 0.3116
171 0.3132
172 0.315
173 0.3164
174 0.3182
175 0.32205
176 0.32295
177 0.3254
178 0.3268
179 0.32825
180 0.33205
181 0.3339
182 0.3365
183 0.33975
184 0.342
185 0.3441
186 0.3444
187 0.34695
188 0.34875
189 0.35105
190 0.3519
191 0.35315
192 0.3571
193 0.359
194 0.36075
195 0.36295
196 0.36555
197 0.36715
198 0.36895
199 0.37365
200 0.3742
201 0.3746
202 0.3778
203 0.38075
204 0.3849
205 0.3879
206 0.3889
207 0.39085
208 0.39255
209 0.39695
210 0.40015
211 0.4019
212 0.4048
213 0.4055
214 0.40615
215 0.407
216 0.40805
217 0.40865
218 0.4098
219 0.41215
220 0.41605
221 0.419
222 0.42145
223 0.42305
224 0.42355
225 0.425
226 0.4288
227 0.4298
228 0.4311
229 0.4348
230 0.43645
231 0.4379
232 0.4394
233 0.44365
234 0.4449
235 0.4469
236 0.4496
237 0.4499
238 0.45255
239 0.4568
240 0.4587
241 0.45995
242 0.46045
243 0.46245
244 0.4641
245 0.46565
246 0.4681
247 0.47175
248 0.4731
249 0.4775
250 0.47965
251 0.4799
252 0.48135
253 0.4819
254 0.48265
255 0.48475
256 0.48545
257 0.48675
258 0.4895
259 0.49255
260 0.49555
261 0.49745
262 0.49905
263 0.5001
264 0.501
265 0.50225
266 0.5045
267 0.5093
268 0.5138
269 0.51645
270 0.5189
271 0.5213
272 0.52215
273 0.52355
274 0.5242
275 0.5259
276 0.5287
277 0.53365
278 0.5369
279 0.53925
280 0.54075
281 0.54195
282 0.54355
283 0.54455
284 0.5468
285 0.5507
286 0.5529
287 0.554
288 0.5543
289 0.55645
290 0.55815
291 0.5596
292 0.5614
293 0.56335
294 0.565
295 0.56965
296 0.5705
297 0.5718
298 0.57475
299 0.57785
300 0.58135
301 0.58495
302 0.5871
303 0.5878
304 0.58855
305 0.58915
306 0.5924
307 0.59415
308 0.59515
309 0.5952
310 0.5969
311 0.6006
312 0.6032
313 0.60485
314 0.60705
315 0.60735
316 0.6087
317 0.6098
318 0.61325
319 0.61425
320 0.61675
321 0.6177
322 0.6179
323 0.6191
324 0.61925
325 0.62015
326 0.6227
327 0.6249
328 0.6271
329 0.6288
330 0.6297
331 0.6332
332 0.6361
333 0.63825
334 0.6392
335 0.64195
336 0.64585
337 0.64685
338 0.6493
339 0.65115
340 0.65145
341 0.65395
342 0.6561
343 0.6572
344 0.6575
345 0.6592
346 0.6616
347 0.66255
348 0.6676
349 0.66865
350 0.67155
351 0.6723
352 0.67375
353 0.676
354 0.67715
355 0.67785
356 0.67895
357 0.68255
358 0.6832
359 0.68525
360 0.68635
361 0.68855
362 0.69035
363 0.69315
364 0.6977
365 0.7007
366 0.7019
367 0.7039
368 0.7075
369 0.7098
370 0.71355
371 0.7142
372 0.7153
373 0.7192
374 0.72065
375 0.7218
376 0.72665
377 0.72925
378 0.73105
379 0.7322
380 0.7346
381 0.73665
382 0.73985
383 0.7417
384 0.7443
385 0.7454
386 0.7474
387 0.74765
388 0.75055
389 0.75165
390 0.75315
391 0.7555
392 0.758
393 0.7596
394 0.7615
395 0.76465
396 0.7666
397 0.76815
398 0.77185
399 0.77595
400 0.7797
401 0.78395
402 0.7862
403 0.78785
404 0.78945
405 0.7898
406 0.79365
407 0.7949
408 0.7968
409 0.7984
410 0.80055
411 0.8032
412 0.80715
413 0.80895
414 0.8125
415 0.81605
416 0.8186
417 0.8192
418 0.8238
419 0.8247
420 0.82555
421 0.8285
422 0.83165
423 0.83455
424 0.8384
425 0.8421
426 0.8431
427 0.8454
428 0.8464
429 0.84985
430 0.8532
431 0.8551
432 0.8561
433 0.85685
434 0.85705
435 0.8579
436 0.86
437 0.8628
438 0.86475
439 0.8666
440 0.869
441 0.87265
442 0.87555
443 0.8757
444 0.87675
445 0.88225
446 0.88425
447 0.8871
448 0.89055
449 0.89145
450 0.8943
451 0.89735
452 0.8978
453 0.89985
454 0.90345
455 0.9056
456 0.90825
457 0.90895
458 0.91085
459 0.9132
460 0.9172
461 0.91945
462 0.9252
463 0.9274
464 0.92845
465 0.9301
466 0.93295
467 0.9346
468 0.93595
469 0.93605
470 0.9383
471 0.93925
472 0.9407
473 0.94195
474 0.9421
475 0.94235
476 0.9445
477 0.94835
478 0.9499
479 0.9533
480 0.95505
481 0.9568
482 0.95755
483 0.9578
484 0.96
485 0.9608
486 0.96205
487 0.96455
488 0.96765
489 0.96945
490 0.97135
491 0.97605
492 0.9778
493 0.9788
494 0.9814
495 0.9829
496 0.9836
497 0.9846
498 0.98645
499 0.98875
500 0.99205
501 0.99255
502 0.99665
503 0.99845
504 1.0016
# Generated pool n. 16 for Umax = 10.878148078918457
# Generated a biased pool of 20000 with an acceptance of 0.16436709463596344
# Generated a pool of 20000 with an acceptance of 0.001983366336633664
# Generation repeated 505 times
# Average relative effective sample size: 0.01808781921863556
# Generation efficiency: 0.0019801980198019802
