# Generation 43

0 0.00295
1 0.00495
2 0.0068
3 0.0102
4 0.01245
5 0.01415
6 0.0198
7 0.0226
8 0.02645
9 0.0296
10 0.03365
11 0.03425
12 0.03635
13 0.03755
14 0.0401
15 0.04075
16 0.04295
17 0.04705
18 0.0505
19 0.0527
20 0.05545
21 0.0577
22 0.0582
23 0.0602
24 0.0609
25 0.06285
26 0.06395
27 0.06405
28 0.0675
29 0.0699
30 0.07175
31 0.07455
32 0.0785
33 0.0798
34 0.08265
35 0.08385
36 0.0869
37 0.0881
38 0.08905
39 0.0918
40 0.09265
41 0.0945
42 0.09585
43 0.09815
44 0.10145
45 0.104
46 0.10605
47 0.10915
48 0.11325
49 0.11475
50 0.1191
51 0.12015
52 0.1223
53 0.1241
54 0.1266
55 0.13005
56 0.1359
57 0.13925
58 0.14035
59 0.1431
60 0.14575
61 0.14835
62 0.151
63 0.1534
64 0.15625
65 0.1583
66 0.1591
67 0.16085
68 0.1628
69 0.1639
70 0.16505
71 0.1683
72 0.1704
73 0.17375
74 0.17705
75 0.17905
76 0.1811
77 0.18225
78 0.18445
79 0.1881
80 0.19015
81 0.19165
82 0.19175
83 0.19525
84 0.1973
85 0.19945
86 0.2028
87 0.2087
88 0.21255
89 0.2148
90 0.21695
91 0.2183
92 0.2215
93 0.22325
94 0.225
95 0.2291
96 0.2305
97 0.23215
98 0.23535
99 0.23735
100 0.2388
101 0.24275
102 0.24545
103 0.24735
104 0.25205
105 0.2525
106 0.2544
107 0.2568
108 0.25875
109 0.2637
110 0.2681
111 0.27
112 0.2704
113 0.27285
114 0.2746
115 0.2763
116 0.2807
117 0.28325
118 0.28435
119 0.28755
120 0.28875
121 0.2924
122 0.29495
123 0.29815
124 0.30135
125 0.3041
126 0.3068
127 0.3097
128 0.31065
129 0.3138
130 0.3143
131 0.3169
132 0.31855
133 0.3197
134 0.3255
135 0.32705
136 0.33045
137 0.3325
138 0.33595
139 0.33815
140 0.3394
141 0.34385
142 0.34465
143 0.34665
144 0.34925
145 0.35085
146 0.3521
147 0.3545
148 0.35625
149 0.3608
150 0.36235
151 0.36615
152 0.36635
153 0.36845
154 0.3723
155 0.3749
156 0.37605
157 0.3793
158 0.3814
159 0.38275
160 0.3872
161 0.389
162 0.3922
163 0.3955
164 0.3977
165 0.39985
166 0.40415
167 0.4051
168 0.4095
169 0.4116
170 0.4138
171 0.4178
172 0.42145
173 0.4227
174 0.42345
175 0.42485
176 0.42885
177 0.4306
178 0.4338
179 0.43655
180 0.4384
181 0.4418
182 0.44395
183 0.44585
184 0.4469
185 0.45015
186 0.45105
187 0.4541
188 0.4564
189 0.45905
190 0.46135
191 0.46315
192 0.4661
193 0.4698
194 0.4717
195 0.4736
196 0.47765
197 0.4812
198 0.4818
199 0.4846
200 0.4872
201 0.49095
202 0.4953
203 0.49795
204 0.50015
205 0.5018
206 0.5043
207 0.50755
208 0.51055
209 0.5131
210 0.516
211 0.518
212 0.5193
213 0.5213
214 0.5226
215 0.52485
216 0.5267
217 0.52785
218 0.53205
219 0.5337
220 0.53655
221 0.539
222 0.54215
223 0.54325
224 0.545
225 0.54765
226 0.54795
227 0.5507
228 0.5532
229 0.5543
230 0.55655
231 0.5587
232 0.5599
233 0.56285
234 0.56465
235 0.5671
236 0.56875
237 0.571
238 0.57375
239 0.5746
240 0.5755
241 0.5764
242 0.57885
243 0.5802
244 0.5846
245 0.587
246 0.5886
247 0.5899
248 0.5909
249 0.5925
250 0.59455
251 0.59545
252 0.6004
253 0.60405
254 0.60595
255 0.6064
256 0.60915
257 0.60975
258 0.61015
259 0.6137
260 0.6157
261 0.61875
262 0.62095
263 0.62425
264 0.6272
265 0.63065
266 0.63295
267 0.6344
268 0.6378
269 0.6406
270 0.6428
271 0.64515
272 0.64755
273 0.64875
274 0.6506
275 0.651
276 0.6522
277 0.6529
278 0.65605
279 0.6594
280 0.66295
281 0.66475
282 0.6684
283 0.66855
284 0.6719
285 0.6749
286 0.67635
287 0.67805
288 0.679
289 0.6825
290 0.68595
291 0.68795
292 0.68895
293 0.6931
294 0.69435
295 0.6979
296 0.7001
297 0.70115
298 0.70215
299 0.7056
300 0.7061
301 0.70825
302 0.71135
303 0.71305
304 0.7147
305 0.71745
306 0.71935
307 0.72025
308 0.72445
309 0.7286
310 0.72945
311 0.73165
312 0.73485
313 0.7379
314 0.7395
315 0.7415
316 0.74705
317 0.7502
318 0.754
319 0.7556
320 0.75845
321 0.76005
322 0.76345
323 0.76405
324 0.76545
325 0.7673
326 0.76915
327 0.77075
328 0.77405
329 0.77535
330 0.77765
331 0.77995
332 0.7827
333 0.7839
334 0.78425
335 0.7872
336 0.7905
337 0.79085
338 0.7935
339 0.79745
340 0.7989
341 0.80035
342 0.8016
343 0.80575
344 0.80855
345 0.81165
346 0.8125
347 0.81395
348 0.81495
349 0.8174
350 0.82065
351 0.8227
352 0.82555
353 0.82835
354 0.8312
355 0.8349
356 0.8376
357 0.8388
358 0.84155
359 0.84415
360 0.84675
361 0.8485
362 0.85055
363 0.85245
364 0.8557
365 0.8587
366 0.8608
367 0.86155
368 0.8625
369 0.8673
370 0.87005
371 0.8709
372 0.87255
373 0.87535
374 0.8767
375 0.8793
376 0.8808
377 0.883
378 0.8842
379 0.88785
380 0.8903
381 0.8905
382 0.89345
383 0.89605
384 0.8986
385 0.89995
386 0.90225
387 0.9062
388 0.9108
389 0.91555
390 0.9185
391 0.92065
392 0.92305
393 0.9265
394 0.9283
395 0.9299
396 0.93105
397 0.93365
398 0.9364
399 0.93795
400 0.94215
401 0.94375
402 0.94595
403 0.94755
404 0.94855
405 0.95075
406 0.952
407 0.9544
408 0.95735
409 0.9589
410 0.9601
411 0.96215
412 0.9662
413 0.96875
414 0.97275
415 0.97445
416 0.9773
417 0.97995
418 0.98095
419 0.9816
420 0.98545
421 0.98775
422 0.99085
423 0.99355
424 0.9937
425 0.99765
426 0.99925
427 1.0017
# Generated pool n. 43 for Umax = -14.744301795959473
# Generated a biased pool of 20000 with an acceptance of 0.05400795117020607
# Generated a pool of 20000 with an acceptance of 0.0023404205607476633
# Generation repeated 428 times
# Average relative effective sample size: 0.01596229337155819
# Generation efficiency: 0.002336448598130841
