# Generation 44

0 0.0036
1 0.0075
2 0.0132
3 0.01455
4 0.01815
5 0.0226
6 0.02445
7 0.0299
8 0.03345
9 0.03545
10 0.0417
11 0.04465
12 0.05165
13 0.056
14 0.0598
15 0.0647
16 0.0656
17 0.07565
18 0.08005
19 0.085
20 0.0878
21 0.09095
22 0.09645
23 0.09745
24 0.0995
25 0.10385
26 0.10465
27 0.1072
28 0.11405
29 0.11795
30 0.1199
31 0.1244
32 0.12815
33 0.12845
34 0.13315
35 0.1361
36 0.1391
37 0.14375
38 0.1466
39 0.15125
40 0.15715
41 0.1624
42 0.16845
43 0.17595
44 0.181
45 0.1854
46 0.1878
47 0.19165
48 0.1963
49 0.1977
50 0.20105
51 0.2037
52 0.20885
53 0.2161
54 0.2254
55 0.2322
56 0.23805
57 0.23965
58 0.2427
59 0.2433
60 0.24425
61 0.24755
62 0.25065
63 0.25335
64 0.25655
65 0.26215
66 0.26675
67 0.27125
68 0.27835
69 0.28475
70 0.28745
71 0.2918
72 0.2943
73 0.2956
74 0.29805
75 0.30285
76 0.31125
77 0.3156
78 0.32205
79 0.3252
80 0.3277
81 0.3313
82 0.3339
83 0.342
84 0.3469
85 0.35015
86 0.35825
87 0.3628
88 0.3646
89 0.36775
90 0.37345
91 0.3775
92 0.3826
93 0.3856
94 0.3896
95 0.39335
96 0.39745
97 0.40035
98 0.41085
99 0.4158
100 0.41875
101 0.4233
102 0.42445
103 0.4307
104 0.4356
105 0.44285
106 0.4449
107 0.4491
108 0.45095
109 0.4544
110 0.46015
111 0.46935
112 0.47105
113 0.47565
114 0.48055
115 0.4857
116 0.4899
117 0.4937
118 0.49615
119 0.49715
120 0.50225
121 0.508
122 0.5112
123 0.5126
124 0.51625
125 0.51985
126 0.52225
127 0.52395
128 0.5267
129 0.5289
130 0.53565
131 0.5396
132 0.5495
133 0.5517
134 0.5567
135 0.5662
136 0.5681
137 0.57245
138 0.5735
139 0.57825
140 0.5811
141 0.58565
142 0.58855
143 0.59525
144 0.59935
145 0.6036
146 0.60795
147 0.6111
148 0.61495
149 0.62335
150 0.6294
151 0.6356
152 0.6415
153 0.64535
154 0.6499
155 0.65415
156 0.6569
157 0.658
158 0.6612
159 0.66715
160 0.67315
161 0.6776
162 0.67825
163 0.68475
164 0.69005
165 0.69515
166 0.69675
167 0.70005
168 0.70565
169 0.71255
170 0.7208
171 0.7236
172 0.72815
173 0.7329
174 0.73605
175 0.7368
176 0.74385
177 0.7504
178 0.7548
179 0.7581
180 0.76265
181 0.7673
182 0.76825
183 0.77595
184 0.7781
185 0.78345
186 0.7854
187 0.79015
188 0.79495
189 0.79725
190 0.80065
191 0.80225
192 0.8094
193 0.81005
194 0.81155
195 0.8127
196 0.8146
197 0.82115
198 0.832
199 0.837
200 0.8387
201 0.84565
202 0.8483
203 0.85285
204 0.8563
205 0.8595
206 0.8633
207 0.865
208 0.87395
209 0.87795
210 0.8831
211 0.8853
212 0.88785
213 0.89325
214 0.89555
215 0.9008
216 0.91015
217 0.91575
218 0.91645
219 0.9222
220 0.9243
221 0.9278
222 0.9358
223 0.9437
224 0.94885
225 0.9521
226 0.9538
227 0.9557
228 0.9613
229 0.96485
230 0.9691
231 0.97265
232 0.9733
233 0.9754
234 0.9807
235 0.98555
236 0.9876
237 0.99695
238 1.0004
# Generated pool n. 44 for Umax = -14.7739839553833
# Generated a biased pool of 20000 with an acceptance of 0.11071822047233582
# Generated a pool of 20000 with an acceptance of 0.004185774058577408
# Generation repeated 239 times
# Average relative effective sample size: 0.03819799795746803
# Generation efficiency: 0.0041841004184100415
