# Generation 13

0 5e-05
1 0.00205
2 0.0033
3 0.00645
4 0.00875
5 0.00885
6 0.0109
7 0.0118
8 0.0154
9 0.0169
10 0.0184
11 0.0198
12 0.02015
13 0.0206
14 0.02085
15 0.02255
16 0.0231
17 0.02365
18 0.02475
19 0.026
20 0.02805
21 0.03075
22 0.031
23 0.03395
24 0.03445
25 0.0349
26 0.03775
27 0.03995
28 0.0401
29 0.0413
30 0.0427
31 0.0434
32 0.0446
33 0.04635
34 0.0496
35 0.05105
36 0.05175
37 0.0538
38 0.05435
39 0.0554
40 0.0575
41 0.05795
42 0.0596
43 0.06265
44 0.06395
45 0.06675
46 0.0682
47 0.0702
48 0.07095
49 0.074
50 0.07535
51 0.0765
52 0.07825
53 0.0792
54 0.07995
55 0.0827
56 0.085
57 0.0862
58 0.08715
59 0.0894
60 0.0917
61 0.09335
62 0.0966
63 0.09675
64 0.09715
65 0.09845
66 0.09975
67 0.103
68 0.10515
69 0.1064
70 0.10665
71 0.11105
72 0.11275
73 0.11555
74 0.1163
75 0.11895
76 0.12125
77 0.12265
78 0.1247
79 0.1257
80 0.1269
81 0.1278
82 0.12815
83 0.12975
84 0.1328
85 0.134
86 0.1351
87 0.1362
88 0.13735
89 0.1391
90 0.1396
91 0.1422
92 0.14265
93 0.1437
94 0.14405
95 0.14485
96 0.14675
97 0.1474
98 0.14775
99 0.1496
100 0.1525
101 0.1546
102 0.15515
103 0.1565
104 0.15695
105 0.1598
106 0.1612
107 0.162
108 0.1647
109 0.1664
110 0.168
111 0.1686
112 0.1696
113 0.171
114 0.1757
115 0.17755
116 0.1779
117 0.1791
118 0.1796
119 0.18405
120 0.1857
121 0.18615
122 0.1864
123 0.1891
124 0.19275
125 0.19305
126 0.19505
127 0.1958
128 0.1967
129 0.1978
130 0.19915
131 0.20005
132 0.20225
133 0.20255
134 0.2026
135 0.2044
136 0.2065
137 0.20825
138 0.20995
139 0.2117
140 0.2152
141 0.2174
142 0.2222
143 0.2234
144 0.22625
145 0.2283
146 0.22985
147 0.23015
148 0.231
149 0.23315
150 0.23605
151 0.2376
152 0.23925
153 0.2409
154 0.2419
155 0.24225
156 0.24275
157 0.2433
158 0.24445
159 0.24605
160 0.2474
161 0.2508
162 0.2531
163 0.25445
164 0.2554
165 0.2564
166 0.2573
167 0.2583
168 0.2586
169 0.26015
170 0.2618
171 0.2644
172 0.266
173 0.2672
174 0.2694
175 0.27135
176 0.2729
177 0.2742
178 0.2744
179 0.2776
180 0.2788
181 0.28035
182 0.28235
183 0.28465
184 0.28515
185 0.28575
186 0.28695
187 0.2886
188 0.2907
189 0.2926
190 0.2941
191 0.29585
192 0.2966
193 0.29825
194 0.29935
195 0.3001
196 0.30265
197 0.3041
198 0.3066
199 0.3075
200 0.3082
201 0.3099
202 0.31035
203 0.3117
204 0.31535
205 0.31695
206 0.3175
207 0.3195
208 0.31985
209 0.32095
210 0.3211
211 0.3222
212 0.32515
213 0.3252
214 0.32645
215 0.3278
216 0.32885
217 0.32985
218 0.331
219 0.33215
220 0.33325
221 0.3346
222 0.33595
223 0.33795
224 0.33905
225 0.3405
226 0.34235
227 0.343
228 0.3449
229 0.3466
230 0.34765
231 0.349
232 0.3497
233 0.3512
234 0.35195
235 0.3534
236 0.35485
237 0.3562
238 0.3581
239 0.35945
240 0.3605
241 0.36145
242 0.36465
243 0.36755
244 0.36945
245 0.37045
246 0.37075
247 0.3716
248 0.37415
249 0.37555
250 0.37865
251 0.3801
252 0.38165
253 0.38295
254 0.38425
255 0.3858
256 0.38655
257 0.3912
258 0.3927
259 0.395
260 0.39675
261 0.3988
262 0.3996
263 0.40025
264 0.40135
265 0.40265
266 0.4048
267 0.40695
268 0.4074
269 0.4093
270 0.40955
271 0.412
272 0.41245
273 0.4129
274 0.4157
275 0.41725
276 0.41935
277 0.4208
278 0.42195
279 0.42385
280 0.4246
281 0.42515
282 0.42675
283 0.42955
284 0.4305
285 0.4318
286 0.4331
287 0.43385
288 0.435
289 0.43705
290 0.43725
291 0.43895
292 0.4416
293 0.44245
294 0.44395
295 0.4442
296 0.44515
297 0.4453
298 0.44645
299 0.4494
300 0.4499
301 0.4514
302 0.4519
303 0.4541
304 0.4574
305 0.4588
306 0.4617
307 0.46265
308 0.46445
309 0.4661
310 0.467
311 0.46745
312 0.46805
313 0.46895
314 0.46985
315 0.4725
316 0.4737
317 0.47485
318 0.4761
319 0.4765
320 0.47735
321 0.4788
322 0.4806
323 0.4841
324 0.4849
325 0.4865
326 0.488
327 0.4901
328 0.49085
329 0.49175
330 0.49195
331 0.4945
332 0.4967
333 0.49795
334 0.49905
335 0.50005
336 0.50025
337 0.503
338 0.50435
339 0.5048
340 0.50605
341 0.50655
342 0.508
343 0.50895
344 0.51345
345 0.51395
346 0.51735
347 0.5183
348 0.5211
349 0.5221
350 0.5247
351 0.5284
352 0.53055
353 0.53135
354 0.53245
355 0.53365
356 0.5347
357 0.53645
358 0.53805
359 0.53915
360 0.54075
361 0.54255
362 0.5465
363 0.54905
364 0.5492
365 0.5504
366 0.55195
367 0.5525
368 0.55425
369 0.55535
370 0.55775
371 0.5579
372 0.5605
373 0.56235
374 0.56635
375 0.56845
376 0.56935
377 0.5716
378 0.5727
379 0.57455
380 0.5758
381 0.57795
382 0.57855
383 0.5811
384 0.5834
385 0.58595
386 0.5869
387 0.58835
388 0.5906
389 0.593
390 0.59435
391 0.5953
392 0.59695
393 0.59945
394 0.6006
395 0.60135
396 0.60285
397 0.60435
398 0.60465
399 0.6054
400 0.60775
401 0.61085
402 0.61355
403 0.61535
404 0.61575
405 0.6169
406 0.6184
407 0.6194
408 0.62145
409 0.6229
410 0.6262
411 0.6279
412 0.63245
413 0.6341
414 0.6356
415 0.63795
416 0.63905
417 0.64005
418 0.64125
419 0.64275
420 0.6436
421 0.64525
422 0.64565
423 0.6464
424 0.6473
425 0.6478
426 0.64935
427 0.64995
428 0.6512
429 0.65285
430 0.65555
431 0.65725
432 0.6574
433 0.65915
434 0.65975
435 0.6624
436 0.66425
437 0.6665
438 0.669
439 0.6734
440 0.6764
441 0.67675
442 0.6776
443 0.67955
444 0.6805
445 0.68105
446 0.6815
447 0.68285
448 0.6873
449 0.6879
450 0.6898
451 0.69105
452 0.69285
453 0.693
454 0.6943
455 0.6956
456 0.6976
457 0.7002
458 0.701
459 0.70205
460 0.70535
461 0.70695
462 0.70705
463 0.7095
464 0.7118
465 0.7127
466 0.71425
467 0.71695
468 0.7175
469 0.72015
470 0.72215
471 0.7232
472 0.72395
473 0.72405
474 0.725
475 0.72645
476 0.72885
477 0.7294
478 0.73105
479 0.7343
480 0.73735
481 0.7376
482 0.73835
483 0.74125
484 0.7445
485 0.74735
486 0.7491
487 0.7503
488 0.751
489 0.75275
490 0.7532
491 0.7559
492 0.75685
493 0.7574
494 0.7579
495 0.7602
496 0.7613
497 0.7636
498 0.7643
499 0.7665
500 0.76725
501 0.76865
502 0.7697
503 0.77205
504 0.77435
505 0.7749
506 0.7758
507 0.77895
508 0.7792
509 0.78135
510 0.78305
511 0.7839
512 0.78555
513 0.78595
514 0.78645
515 0.788
516 0.7914
517 0.7932
518 0.7937
519 0.79475
520 0.7963
521 0.79845
522 0.7993
523 0.8007
524 0.80335
525 0.80565
526 0.8084
527 0.80965
528 0.81085
529 0.8117
530 0.81385
531 0.8144
532 0.8147
533 0.81495
534 0.8178
535 0.81925
536 0.81955
537 0.8221
538 0.82455
539 0.8255
540 0.8262
541 0.82645
542 0.82665
543 0.82905
544 0.8299
545 0.83065
546 0.83175
547 0.83355
548 0.8345
549 0.8351
550 0.83645
551 0.84005
552 0.84095
553 0.8416
554 0.84305
555 0.8449
556 0.84575
557 0.84785
558 0.85155
559 0.85315
560 0.8545
561 0.8547
562 0.8557
563 0.8572
564 0.8589
565 0.86405
566 0.86625
567 0.8673
568 0.86795
569 0.8694
570 0.8711
571 0.87315
572 0.87475
573 0.8776
574 0.87835
575 0.88015
576 0.881
577 0.88165
578 0.8829
579 0.8837
580 0.885
581 0.886
582 0.8882
583 0.8912
584 0.89345
585 0.89725
586 0.8997
587 0.9012
588 0.90185
589 0.90255
590 0.9034
591 0.90415
592 0.9056
593 0.9069
594 0.9074
595 0.9081
596 0.90905
597 0.9098
598 0.91175
599 0.9141
600 0.9167
601 0.9203
602 0.92055
603 0.9216
604 0.9232
605 0.9248
606 0.92595
607 0.92715
608 0.9284
609 0.93065
610 0.93185
611 0.93195
612 0.9338
613 0.93435
614 0.9346
615 0.93525
616 0.93665
617 0.9373
618 0.9403
619 0.9407
620 0.9414
621 0.9444
622 0.94545
623 0.9481
624 0.95065
625 0.9529
626 0.9556
627 0.9557
628 0.95785
629 0.95835
630 0.9596
631 0.9609
632 0.9625
633 0.96365
634 0.96415
635 0.9646
636 0.9658
637 0.96705
638 0.96825
639 0.96985
640 0.97055
641 0.9711
642 0.9713
643 0.97375
644 0.9743
645 0.9749
646 0.97515
647 0.97675
648 0.97925
649 0.9806
650 0.98115
651 0.9825
652 0.98315
653 0.98385
654 0.9843
655 0.9866
656 0.9887
657 0.99185
658 0.9921
659 0.99425
660 0.9962
661 0.99915
662 0.9995
663 1.0014
# Generated pool n. 13 for Umax = 38.20048141479492
# Generated a biased pool of 20000 with an acceptance of 0.11303296685218811
# Generated a pool of 20000 with an acceptance of 0.001508132530120481
# Generation repeated 664 times
# Average relative effective sample size: 0.011368823237717152
# Generation efficiency: 0.0015060240963855422
