# Generation 31

0 0.00525
1 0.00755
2 0.00845
3 0.0132
4 0.0153
5 0.01775
6 0.0257
7 0.0273
8 0.0322
9 0.03795
10 0.04475
11 0.0516
12 0.05815
13 0.0618
14 0.06815
15 0.07415
16 0.0759
17 0.0796
18 0.08835
19 0.0958
20 0.1031
21 0.10455
22 0.1065
23 0.10855
24 0.1162
25 0.11885
26 0.12585
27 0.12965
28 0.1313
29 0.1387
30 0.14575
31 0.15045
32 0.15865
33 0.1608
34 0.16645
35 0.16815
36 0.176
37 0.17635
38 0.1835
39 0.188
40 0.19015
41 0.1936
42 0.19735
43 0.1994
44 0.2079
45 0.2136
46 0.21675
47 0.2201
48 0.22225
49 0.223
50 0.22465
51 0.227
52 0.2319
53 0.23645
54 0.2431
55 0.24945
56 0.25025
57 0.2533
58 0.2588
59 0.2611
60 0.2673
61 0.2728
62 0.28005
63 0.28355
64 0.2871
65 0.2905
66 0.2916
67 0.299
68 0.3019
69 0.3056
70 0.30705
71 0.3102
72 0.31565
73 0.31895
74 0.3269
75 0.33405
76 0.33875
77 0.34335
78 0.3477
79 0.3531
80 0.3602
81 0.36545
82 0.3671
83 0.3713
84 0.37505
85 0.3811
86 0.38255
87 0.3919
88 0.39565
89 0.39995
90 0.40935
91 0.41465
92 0.42035
93 0.42615
94 0.43015
95 0.4346
96 0.43745
97 0.44295
98 0.4463
99 0.4466
100 0.4473
101 0.44835
102 0.4527
103 0.4555
104 0.46295
105 0.46865
106 0.4746
107 0.4796
108 0.487
109 0.48955
110 0.4961
111 0.49935
112 0.5079
113 0.5123
114 0.51685
115 0.51885
116 0.5272
117 0.5304
118 0.53595
119 0.5378
120 0.54105
121 0.55075
122 0.55915
123 0.56305
124 0.5734
125 0.5786
126 0.5793
127 0.58165
128 0.5865
129 0.59015
130 0.59195
131 0.59595
132 0.59805
133 0.6014
134 0.60245
135 0.6065
136 0.61405
137 0.61875
138 0.62
139 0.6209
140 0.6246
141 0.6271
142 0.6356
143 0.64025
144 0.6451
145 0.65065
146 0.65545
147 0.66185
148 0.66405
149 0.6678
150 0.66975
151 0.677
152 0.6831
153 0.6862
154 0.69345
155 0.69685
156 0.7008
157 0.70705
158 0.7157
159 0.7218
160 0.72805
161 0.7315
162 0.7375
163 0.7389
164 0.74255
165 0.74575
166 0.7497
167 0.7521
168 0.75565
169 0.7619
170 0.76285
171 0.7661
172 0.76825
173 0.7721
174 0.77855
175 0.7851
176 0.7917
177 0.794
178 0.7952
179 0.7965
180 0.80425
181 0.8075
182 0.8127
183 0.8152
184 0.8208
185 0.8244
186 0.82755
187 0.8287
188 0.83375
189 0.8356
190 0.842
191 0.8457
192 0.84885
193 0.85295
194 0.8557
195 0.85885
196 0.8613
197 0.86505
198 0.86865
199 0.87165
200 0.8751
201 0.87885
202 0.88445
203 0.89545
204 0.8979
205 0.9017
206 0.9071
207 0.9125
208 0.91545
209 0.92055
210 0.9266
211 0.9306
212 0.935
213 0.93825
214 0.9405
215 0.9412
216 0.9446
217 0.9501
218 0.9554
219 0.95665
220 0.9611
221 0.96515
222 0.97045
223 0.97735
224 0.98595
225 0.9901
226 0.9904
227 0.99675
228 0.99885
229 1.007
# Generated pool n. 31 for Umax = -13.482027053833008
# Generated a biased pool of 20000 with an acceptance of 0.19278521835803986
# Generated a pool of 20000 with an acceptance of 0.004378260869565216
# Generation repeated 230 times
# Average relative effective sample size: 0.04728982597589493
# Generation efficiency: 0.004347826086956522
