# Generation 40

0 0.00335
1 0.00545
2 0.00875
3 0.01365
4 0.0145
5 0.0175
6 0.01985
7 0.0259
8 0.02925
9 0.03275
10 0.0351
11 0.0398
12 0.0407
13 0.0441
14 0.0447
15 0.04745
16 0.0492
17 0.05185
18 0.0534
19 0.0564
20 0.0578
21 0.06165
22 0.0653
23 0.06845
24 0.07155
25 0.07775
26 0.0834
27 0.0871
28 0.0902
29 0.09255
30 0.09345
31 0.09385
32 0.0948
33 0.09825
34 0.1025
35 0.1055
36 0.108
37 0.1126
38 0.11635
39 0.11885
40 0.12285
41 0.12725
42 0.129
43 0.13135
44 0.13755
45 0.14395
46 0.1465
47 0.14855
48 0.15115
49 0.1532
50 0.15735
51 0.1609
52 0.16145
53 0.16425
54 0.1663
55 0.16995
56 0.1723
57 0.17575
58 0.1804
59 0.18185
60 0.1847
61 0.1886
62 0.19275
63 0.1979
64 0.20375
65 0.2049
66 0.2078
67 0.20925
68 0.21235
69 0.21575
70 0.22225
71 0.22525
72 0.2272
73 0.23135
74 0.23345
75 0.23525
76 0.23675
77 0.2398
78 0.2428
79 0.2483
80 0.25325
81 0.26065
82 0.26175
83 0.26235
84 0.26525
85 0.2727
86 0.27735
87 0.2787
88 0.2811
89 0.28645
90 0.28975
91 0.29145
92 0.2948
93 0.29555
94 0.30135
95 0.306
96 0.3079
97 0.31155
98 0.31565
99 0.31965
100 0.32355
101 0.326
102 0.32685
103 0.32825
104 0.3323
105 0.33405
106 0.3376
107 0.33895
108 0.3429
109 0.3433
110 0.3456
111 0.3481
112 0.35105
113 0.35405
114 0.35635
115 0.358
116 0.36025
117 0.36155
118 0.36475
119 0.36615
120 0.3698
121 0.37235
122 0.3756
123 0.3798
124 0.38575
125 0.39105
126 0.3952
127 0.3976
128 0.401
129 0.40545
130 0.4066
131 0.4085
132 0.41175
133 0.4146
134 0.4162
135 0.4174
136 0.41925
137 0.42455
138 0.42605
139 0.42865
140 0.4298
141 0.43385
142 0.43665
143 0.4408
144 0.44315
145 0.4463
146 0.44745
147 0.4502
148 0.4545
149 0.45895
150 0.4617
151 0.46765
152 0.4686
153 0.4726
154 0.47325
155 0.4765
156 0.47735
157 0.4826
158 0.4847
159 0.4885
160 0.4924
161 0.49515
162 0.49795
163 0.5003
164 0.504
165 0.5071
166 0.5091
167 0.51105
168 0.51245
169 0.51725
170 0.52275
171 0.5278
172 0.5321
173 0.53485
174 0.5354
175 0.5387
176 0.5432
177 0.5452
178 0.5461
179 0.54935
180 0.55185
181 0.5584
182 0.5635
183 0.5681
184 0.5723
185 0.57415
186 0.577
187 0.57925
188 0.58225
189 0.58345
190 0.5871
191 0.59225
192 0.59305
193 0.5977
194 0.604
195 0.60765
196 0.61085
197 0.6119
198 0.6155
199 0.6185
200 0.6229
201 0.62825
202 0.62965
203 0.6335
204 0.63505
205 0.6366
206 0.63835
207 0.63965
208 0.643
209 0.64535
210 0.64875
211 0.64935
212 0.6525
213 0.6546
214 0.6575
215 0.6597
216 0.66155
217 0.66295
218 0.66485
219 0.66795
220 0.6681
221 0.67005
222 0.67395
223 0.67765
224 0.681
225 0.68735
226 0.69195
227 0.699
228 0.70065
229 0.70145
230 0.70245
231 0.70475
232 0.70645
233 0.70955
234 0.71135
235 0.71505
236 0.71995
237 0.72305
238 0.72495
239 0.7293
240 0.73125
241 0.73455
242 0.7364
243 0.73755
244 0.74055
245 0.74145
246 0.74665
247 0.7498
248 0.7553
249 0.75765
250 0.76125
251 0.76615
252 0.7709
253 0.77485
254 0.7809
255 0.78375
256 0.7871
257 0.79035
258 0.79535
259 0.7992
260 0.8013
261 0.80445
262 0.80825
263 0.80835
264 0.81225
265 0.81755
266 0.82135
267 0.8259
268 0.8272
269 0.83125
270 0.83505
271 0.8371
272 0.84445
273 0.84595
274 0.8491
275 0.85155
276 0.8553
277 0.85775
278 0.86475
279 0.86825
280 0.8723
281 0.87325
282 0.8778
283 0.8805
284 0.88235
285 0.88375
286 0.8866
287 0.88825
288 0.89375
289 0.89485
290 0.8963
291 0.90065
292 0.90625
293 0.9107
294 0.91435
295 0.92025
296 0.92225
297 0.9296
298 0.93375
299 0.9382
300 0.93945
301 0.94015
302 0.94565
303 0.9482
304 0.9516
305 0.95395
306 0.96
307 0.96275
308 0.9646
309 0.9674
310 0.9693
311 0.97105
312 0.9766
313 0.98005
314 0.9853
315 0.9884
316 0.9887
317 0.9931
318 0.998
319 1.0016
# Generated pool n. 40 for Umax = -14.617659568786621
# Generated a biased pool of 20000 with an acceptance of 0.07651123404502869
# Generated a pool of 20000 with an acceptance of 0.0031299999999999995
# Generation repeated 320 times
# Average relative effective sample size: 0.02467171661555767
# Generation efficiency: 0.003125
