# Generation 38

0 0.0017
1 0.0072
2 0.0092
3 0.0153
4 0.0223
5 0.03025
6 0.0321
7 0.0346
8 0.04055
9 0.04425
10 0.04505
11 0.0528
12 0.05935
13 0.06545
14 0.07005
15 0.0739
16 0.07865
17 0.0809
18 0.08685
19 0.08995
20 0.09065
21 0.09415
22 0.0999
23 0.10215
24 0.11
25 0.11675
26 0.12215
27 0.12685
28 0.1315
29 0.1368
30 0.1408
31 0.1443
32 0.1456
33 0.14685
34 0.1494
35 0.15335
36 0.1573
37 0.1628
38 0.1674
39 0.1727
40 0.17425
41 0.17755
42 0.1813
43 0.18335
44 0.186
45 0.18915
46 0.19585
47 0.1989
48 0.20675
49 0.21035
50 0.21255
51 0.2163
52 0.2189
53 0.22245
54 0.22875
55 0.2314
56 0.2367
57 0.24305
58 0.2506
59 0.25365
60 0.2568
61 0.26615
62 0.27065
63 0.276
64 0.2788
65 0.2876
66 0.2906
67 0.29165
68 0.2952
69 0.2998
70 0.30355
71 0.3072
72 0.308
73 0.31145
74 0.31675
75 0.3207
76 0.32355
77 0.325
78 0.32895
79 0.33425
80 0.34
81 0.3458
82 0.34625
83 0.3511
84 0.3546
85 0.3629
86 0.36755
87 0.3726
88 0.37935
89 0.3823
90 0.39265
91 0.39555
92 0.39845
93 0.3993
94 0.40675
95 0.4141
96 0.41635
97 0.42345
98 0.42865
99 0.43025
100 0.43995
101 0.44245
102 0.4485
103 0.45185
104 0.4537
105 0.45845
106 0.4668
107 0.4704
108 0.4725
109 0.47945
110 0.4836
111 0.48845
112 0.4949
113 0.4981
114 0.5015
115 0.5098
116 0.51085
117 0.51135
118 0.5129
119 0.51695
120 0.522
121 0.5234
122 0.52705
123 0.52735
124 0.53125
125 0.53245
126 0.5379
127 0.5441
128 0.54675
129 0.54805
130 0.54945
131 0.5498
132 0.5546
133 0.56405
134 0.57285
135 0.576
136 0.57865
137 0.58245
138 0.58585
139 0.58875
140 0.59465
141 0.6022
142 0.60545
143 0.60845
144 0.6089
145 0.6111
146 0.61305
147 0.61435
148 0.61915
149 0.6261
150 0.63025
151 0.63925
152 0.6432
153 0.6498
154 0.65205
155 0.6559
156 0.66005
157 0.6636
158 0.6643
159 0.6703
160 0.6721
161 0.68065
162 0.68415
163 0.6874
164 0.69185
165 0.69405
166 0.69675
167 0.6993
168 0.70125
169 0.70165
170 0.70435
171 0.70905
172 0.71275
173 0.7174
174 0.7251
175 0.72635
176 0.7266
177 0.72935
178 0.7328
179 0.7344
180 0.7384
181 0.74755
182 0.7515
183 0.75575
184 0.75635
185 0.75985
186 0.76655
187 0.7711
188 0.77335
189 0.7788
190 0.78125
191 0.78695
192 0.7902
193 0.79535
194 0.8005
195 0.8053
196 0.8063
197 0.80805
198 0.8093
199 0.811
200 0.8173
201 0.8231
202 0.8283
203 0.83505
204 0.8378
205 0.84125
206 0.84555
207 0.85305
208 0.85465
209 0.8574
210 0.86085
211 0.86885
212 0.8719
213 0.878
214 0.8829
215 0.88535
216 0.89275
217 0.9
218 0.9095
219 0.9126
220 0.92
221 0.924
222 0.92635
223 0.932
224 0.9373
225 0.9456
226 0.95035
227 0.955
228 0.95815
229 0.96035
230 0.96525
231 0.97275
232 0.9773
233 0.98395
234 0.9869
235 0.9881
236 0.99295
237 0.99575
238 0.99735
239 1.00305
# Generated pool n. 38 for Umax = -14.490572929382324
# Generated a biased pool of 20000 with an acceptance of 0.20553313195705414
# Generated a pool of 20000 with an acceptance of 0.004179375
# Generation repeated 240 times
# Average relative effective sample size: 0.04949371516704559
# Generation efficiency: 0.004166666666666667
