# Generation 15

0 0.00155
1 0.00215
2 0.00425
3 0.00575
4 0.0073
5 0.0089
6 0.01125
7 0.0141
8 0.0154
9 0.0164
10 0.01795
11 0.01845
12 0.0197
13 0.0222
14 0.0239
15 0.02605
16 0.0268
17 0.028
18 0.02875
19 0.02975
20 0.03155
21 0.03215
22 0.0336
23 0.0371
24 0.03745
25 0.03935
26 0.0395
27 0.0411
28 0.04295
29 0.04505
30 0.0468
31 0.049
32 0.0501
33 0.0519
34 0.0535
35 0.05365
36 0.0563
37 0.05675
38 0.0573
39 0.05755
40 0.0577
41 0.05945
42 0.0614
43 0.0627
44 0.06465
45 0.06805
46 0.0688
47 0.06975
48 0.0703
49 0.07085
50 0.0716
51 0.07295
52 0.07425
53 0.07555
54 0.07645
55 0.0783
56 0.07965
57 0.08025
58 0.0826
59 0.0836
60 0.085
61 0.0858
62 0.0891
63 0.0894
64 0.09225
65 0.09405
66 0.09465
67 0.0976
68 0.0978
69 0.098
70 0.09925
71 0.1001
72 0.1009
73 0.1028
74 0.1042
75 0.10515
76 0.10555
77 0.1079
78 0.1097
79 0.1113
80 0.11385
81 0.11515
82 0.11755
83 0.1178
84 0.1189
85 0.1198
86 0.1214
87 0.1227
88 0.1243
89 0.1252
90 0.12805
91 0.12835
92 0.13065
93 0.13265
94 0.13485
95 0.1362
96 0.137
97 0.13765
98 0.13875
99 0.14035
100 0.14295
101 0.1443
102 0.1449
103 0.1464
104 0.14655
105 0.14875
106 0.152
107 0.153
108 0.15405
109 0.1556
110 0.15625
111 0.15705
112 0.158
113 0.1586
114 0.1612
115 0.1655
116 0.166
117 0.167
118 0.16795
119 0.16895
120 0.1699
121 0.1732
122 0.1758
123 0.17625
124 0.17745
125 0.18005
126 0.1818
127 0.1843
128 0.1882
129 0.1896
130 0.19075
131 0.191
132 0.192
133 0.19295
134 0.1935
135 0.1936
136 0.1947
137 0.19495
138 0.19705
139 0.19895
140 0.1994
141 0.20095
142 0.2032
143 0.2046
144 0.20645
145 0.20705
146 0.20775
147 0.2081
148 0.20885
149 0.2102
150 0.21045
151 0.21335
152 0.2155
153 0.2178
154 0.2182
155 0.22275
156 0.22475
157 0.22775
158 0.2282
159 0.22845
160 0.22955
161 0.23065
162 0.23165
163 0.2319
164 0.2344
165 0.2361
166 0.2371
167 0.2377
168 0.2407
169 0.2444
170 0.24715
171 0.2489
172 0.2509
173 0.2532
174 0.2539
175 0.25465
176 0.2555
177 0.25685
178 0.25905
179 0.26095
180 0.26215
181 0.2634
182 0.26455
183 0.26685
184 0.2699
185 0.27115
186 0.2727
187 0.274
188 0.27505
189 0.2759
190 0.2789
191 0.2795
192 0.2796
193 0.28055
194 0.2823
195 0.28475
196 0.2858
197 0.28625
198 0.287
199 0.2898
200 0.29435
201 0.29635
202 0.2973
203 0.29965
204 0.3002
205 0.3032
206 0.30445
207 0.30595
208 0.3096
209 0.3104
210 0.3106
211 0.311
212 0.31265
213 0.3131
214 0.31485
215 0.31615
216 0.31675
217 0.318
218 0.31845
219 0.31945
220 0.3245
221 0.3265
222 0.32885
223 0.3306
224 0.3311
225 0.3335
226 0.3341
227 0.3352
228 0.3354
229 0.3364
230 0.33805
231 0.33995
232 0.3405
233 0.3435
234 0.3448
235 0.3452
236 0.34875
237 0.3527
238 0.35335
239 0.35395
240 0.3563
241 0.35665
242 0.35815
243 0.3593
244 0.36185
245 0.3623
246 0.36325
247 0.36435
248 0.36445
249 0.3656
250 0.3677
251 0.3715
252 0.37325
253 0.3749
254 0.37665
255 0.378
256 0.3796
257 0.3802
258 0.38135
259 0.38445
260 0.3852
261 0.3862
262 0.38915
263 0.3901
264 0.3911
265 0.39135
266 0.3927
267 0.39405
268 0.39505
269 0.3955
270 0.3958
271 0.4002
272 0.4015
273 0.403
274 0.4047
275 0.40545
276 0.4065
277 0.40725
278 0.4091
279 0.41015
280 0.4124
281 0.4136
282 0.41715
283 0.41735
284 0.4197
285 0.42145
286 0.42525
287 0.4261
288 0.42865
289 0.43
290 0.4336
291 0.4346
292 0.4364
293 0.4366
294 0.4372
295 0.4422
296 0.44375
297 0.44595
298 0.4486
299 0.45025
300 0.45155
301 0.4526
302 0.4535
303 0.455
304 0.4552
305 0.456
306 0.4562
307 0.457
308 0.45855
309 0.459
310 0.4604
311 0.4626
312 0.4642
313 0.4671
314 0.468
315 0.4692
316 0.4726
317 0.47425
318 0.4749
319 0.4761
320 0.47685
321 0.47765
322 0.47985
323 0.48245
324 0.4842
325 0.4848
326 0.4867
327 0.4877
328 0.4902
329 0.49095
330 0.492
331 0.49255
332 0.49375
333 0.49535
334 0.4968
335 0.49755
336 0.501
337 0.5033
338 0.50485
339 0.50605
340 0.5069
341 0.5075
342 0.5099
343 0.5105
344 0.51225
345 0.51425
346 0.51525
347 0.5174
348 0.51845
349 0.5215
350 0.5228
351 0.524
352 0.5259
353 0.52885
354 0.52925
355 0.5319
356 0.534
357 0.53685
358 0.54135
359 0.5426
360 0.5443
361 0.545
362 0.5457
363 0.54625
364 0.54805
365 0.5505
366 0.5519
367 0.5541
368 0.5551
369 0.55655
370 0.5578
371 0.5579
372 0.5584
373 0.5615
374 0.56235
375 0.56445
376 0.56455
377 0.5669
378 0.56805
379 0.5694
380 0.56995
381 0.57165
382 0.5733
383 0.57435
384 0.57625
385 0.57775
386 0.5796
387 0.5812
388 0.58235
389 0.5838
390 0.58665
391 0.5872
392 0.58915
393 0.58935
394 0.59095
395 0.5923
396 0.59495
397 0.5962
398 0.5963
399 0.597
400 0.6001
401 0.6009
402 0.6036
403 0.6059
404 0.61
405 0.61185
406 0.61225
407 0.61295
408 0.61515
409 0.61615
410 0.61825
411 0.6194
412 0.6202
413 0.6213
414 0.62245
415 0.6231
416 0.6236
417 0.6242
418 0.62485
419 0.626
420 0.62695
421 0.6294
422 0.6303
423 0.63105
424 0.63585
425 0.63775
426 0.639
427 0.64025
428 0.64215
429 0.64505
430 0.6467
431 0.6486
432 0.6499
433 0.6527
434 0.65415
435 0.6557
436 0.65925
437 0.66215
438 0.66485
439 0.6669
440 0.66795
441 0.66865
442 0.6725
443 0.6734
444 0.67515
445 0.6754
446 0.67875
447 0.6806
448 0.68085
449 0.68205
450 0.6864
451 0.6878
452 0.68935
453 0.69055
454 0.69185
455 0.69315
456 0.6952
457 0.69625
458 0.69705
459 0.69775
460 0.69815
461 0.70105
462 0.7017
463 0.7027
464 0.7054
465 0.7072
466 0.7083
467 0.70965
468 0.7111
469 0.71335
470 0.71485
471 0.71545
472 0.71645
473 0.71695
474 0.71965
475 0.7207
476 0.7221
477 0.723
478 0.7238
479 0.7253
480 0.72625
481 0.72655
482 0.72755
483 0.7309
484 0.7357
485 0.73585
486 0.73835
487 0.73945
488 0.74065
489 0.74105
490 0.7432
491 0.7448
492 0.74655
493 0.7477
494 0.7478
495 0.75045
496 0.75255
497 0.7553
498 0.7568
499 0.7582
500 0.7591
501 0.76005
502 0.76035
503 0.7608
504 0.7637
505 0.7651
506 0.76645
507 0.76855
508 0.7693
509 0.77095
510 0.77225
511 0.77345
512 0.7762
513 0.7767
514 0.77985
515 0.7802
516 0.78135
517 0.7817
518 0.7823
519 0.78265
520 0.78435
521 0.78625
522 0.78735
523 0.78845
524 0.7894
525 0.79135
526 0.79285
527 0.79375
528 0.7951
529 0.7976
530 0.7996
531 0.80045
532 0.8031
533 0.80425
534 0.80825
535 0.8109
536 0.81235
537 0.81275
538 0.81315
539 0.81335
540 0.81435
541 0.8153
542 0.81695
543 0.8189
544 0.8196
545 0.82075
546 0.8216
547 0.8234
548 0.8251
549 0.8258
550 0.82725
551 0.82815
552 0.82985
553 0.83255
554 0.83525
555 0.83645
556 0.83755
557 0.83975
558 0.8404
559 0.8413
560 0.843
561 0.8446
562 0.8461
563 0.84635
564 0.84705
565 0.8489
566 0.8502
567 0.85105
568 0.8515
569 0.85215
570 0.85405
571 0.8556
572 0.8594
573 0.86045
574 0.8614
575 0.86555
576 0.8668
577 0.8694
578 0.871
579 0.87295
580 0.87605
581 0.8791
582 0.88035
583 0.88045
584 0.8815
585 0.88335
586 0.88465
587 0.88565
588 0.887
589 0.8906
590 0.8924
591 0.893
592 0.896
593 0.89645
594 0.8972
595 0.89775
596 0.90065
597 0.9024
598 0.90385
599 0.9056
600 0.90685
601 0.9083
602 0.9107
603 0.9138
604 0.9158
605 0.91795
606 0.9188
607 0.92065
608 0.92105
609 0.923
610 0.9245
611 0.92565
612 0.92695
613 0.9273
614 0.9291
615 0.9306
616 0.9314
617 0.93365
618 0.9346
619 0.935
620 0.9372
621 0.938
622 0.9404
623 0.9407
624 0.94165
625 0.9428
626 0.94475
627 0.94675
628 0.9489
629 0.95
630 0.9513
631 0.9526
632 0.95325
633 0.95345
634 0.95375
635 0.9543
636 0.9549
637 0.9563
638 0.9568
639 0.95825
640 0.95965
641 0.96445
642 0.96505
643 0.96685
644 0.9683
645 0.96885
646 0.97125
647 0.97205
648 0.9733
649 0.97445
650 0.9748
651 0.9753
652 0.97645
653 0.97735
654 0.98095
655 0.98195
656 0.9828
657 0.9846
658 0.988
659 0.99125
660 0.99275
661 0.9933
662 0.9943
663 0.99575
664 0.99625
665 0.9972
666 0.99945
667 1.00085
# Generated pool n. 15 for Umax = 17.466537475585938
# Generated a biased pool of 20000 with an acceptance of 0.14114563167095184
# Generated a pool of 20000 with an acceptance of 0.00149827844311377
# Generation repeated 668 times
# Average relative effective sample size: 0.011892805807292461
# Generation efficiency: 0.0014970059880239522
