# Generation 29

0 0.00365
1 0.00635
2 0.01195
3 0.02155
4 0.02595
5 0.03175
6 0.0423
7 0.04835
8 0.05075
9 0.0538
10 0.05655
11 0.06005
12 0.069
13 0.07705
14 0.08195
15 0.0836
16 0.08815
17 0.09465
18 0.09715
19 0.10195
20 0.10325
21 0.1056
22 0.1086
23 0.11305
24 0.12075
25 0.12365
26 0.1246
27 0.1334
28 0.1375
29 0.14425
30 0.1483
31 0.15275
32 0.1573
33 0.1659
34 0.1715
35 0.17455
36 0.1774
37 0.1784
38 0.1791
39 0.18205
40 0.18555
41 0.187
42 0.19175
43 0.1983
44 0.2027
45 0.20795
46 0.2114
47 0.2147
48 0.21915
49 0.22635
50 0.23345
51 0.23615
52 0.24235
53 0.25
54 0.25405
55 0.2551
56 0.25845
57 0.26425
58 0.26865
59 0.27625
60 0.2782
61 0.2821
62 0.2885
63 0.29035
64 0.2954
65 0.2992
66 0.30395
67 0.30965
68 0.3166
69 0.32195
70 0.326
71 0.33125
72 0.337
73 0.33895
74 0.34435
75 0.3517
76 0.3549
77 0.3594
78 0.36315
79 0.37145
80 0.37425
81 0.37955
82 0.3849
83 0.38985
84 0.3929
85 0.39675
86 0.40235
87 0.40605
88 0.41375
89 0.41785
90 0.42465
91 0.4262
92 0.43095
93 0.43755
94 0.44475
95 0.4482
96 0.45475
97 0.46035
98 0.463
99 0.46825
100 0.474
101 0.4801
102 0.48585
103 0.491
104 0.4943
105 0.4991
106 0.5024
107 0.51305
108 0.5231
109 0.5245
110 0.52935
111 0.5396
112 0.54105
113 0.5451
114 0.54685
115 0.55345
116 0.5603
117 0.5621
118 0.5679
119 0.5723
120 0.5782
121 0.5838
122 0.58695
123 0.5949
124 0.60025
125 0.60475
126 0.60735
127 0.6124
128 0.61575
129 0.61835
130 0.62235
131 0.6269
132 0.63095
133 0.6362
134 0.6391
135 0.6446
136 0.6514
137 0.65845
138 0.6639
139 0.6719
140 0.6756
141 0.68215
142 0.68505
143 0.69325
144 0.69815
145 0.70585
146 0.70705
147 0.70925
148 0.71775
149 0.7245
150 0.7287
151 0.7325
152 0.73695
153 0.74025
154 0.74625
155 0.7504
156 0.7525
157 0.75595
158 0.76535
159 0.7714
160 0.77855
161 0.7794
162 0.78375
163 0.78785
164 0.78975
165 0.7936
166 0.7975
167 0.80345
168 0.8051
169 0.8174
170 0.8199
171 0.8233
172 0.82685
173 0.8329
174 0.8423
175 0.8466
176 0.8478
177 0.851
178 0.8586
179 0.86125
180 0.8663
181 0.8697
182 0.8743
183 0.88275
184 0.88495
185 0.88875
186 0.8914
187 0.895
188 0.89875
189 0.9009
190 0.90725
191 0.91085
192 0.91965
193 0.92525
194 0.9306
195 0.93835
196 0.94485
197 0.9489
198 0.95875
199 0.96245
200 0.96545
201 0.97005
202 0.9775
203 0.98235
204 0.98415
205 0.98885
206 0.9915
207 0.9931
208 1.0007
# Generated pool n. 29 for Umax = -12.869657516479492
# Generated a biased pool of 20000 with an acceptance of 0.1795954406261444
# Generated a pool of 20000 with an acceptance of 0.004788038277511964
# Generation repeated 209 times
# Average relative effective sample size: 0.04635239019989967
# Generation efficiency: 0.004784688995215311
