# Generation 10

0 0.0015
1 0.0033
2 0.00735
3 0.00835
4 0.01015
5 0.01045
6 0.0131
7 0.0154
8 0.016
9 0.01795
10 0.0193
11 0.02005
12 0.02185
13 0.0235
14 0.0248
15 0.02615
16 0.02925
17 0.03215
18 0.0343
19 0.03605
20 0.0393
21 0.0407
22 0.0413
23 0.0433
24 0.04455
25 0.0461
26 0.0467
27 0.0481
28 0.0494
29 0.05275
30 0.05485
31 0.0562
32 0.058
33 0.0589
34 0.0595
35 0.06005
36 0.0617
37 0.06235
38 0.06305
39 0.06415
40 0.0667
41 0.0668
42 0.0697
43 0.07125
44 0.07165
45 0.07385
46 0.07565
47 0.07815
48 0.0816
49 0.0832
50 0.08595
51 0.0863
52 0.0865
53 0.08835
54 0.0888
55 0.09015
56 0.09215
57 0.09325
58 0.0953
59 0.09795
60 0.0987
61 0.09915
62 0.10075
63 0.10085
64 0.1036
65 0.10485
66 0.10905
67 0.11005
68 0.1119
69 0.11395
70 0.11485
71 0.1177
72 0.1184
73 0.1204
74 0.12105
75 0.12265
76 0.1236
77 0.12465
78 0.12735
79 0.1299
80 0.1303
81 0.1317
82 0.1338
83 0.1344
84 0.1347
85 0.1353
86 0.13705
87 0.1402
88 0.1418
89 0.1438
90 0.14625
91 0.1504
92 0.15125
93 0.1522
94 0.1531
95 0.15525
96 0.15675
97 0.15945
98 0.16115
99 0.1623
100 0.16355
101 0.16575
102 0.16885
103 0.17025
104 0.1709
105 0.17245
106 0.1734
107 0.17545
108 0.1769
109 0.17915
110 0.18005
111 0.1829
112 0.18415
113 0.18545
114 0.18655
115 0.1886
116 0.1908
117 0.1917
118 0.19275
119 0.1949
120 0.1975
121 0.19845
122 0.2003
123 0.2006
124 0.20185
125 0.20255
126 0.20345
127 0.2043
128 0.20695
129 0.20935
130 0.2109
131 0.2122
132 0.21285
133 0.2141
134 0.21595
135 0.21645
136 0.21825
137 0.21905
138 0.22105
139 0.22215
140 0.2234
141 0.22445
142 0.2258
143 0.22645
144 0.22795
145 0.2311
146 0.2325
147 0.2331
148 0.234
149 0.23525
150 0.2356
151 0.23665
152 0.23855
153 0.2406
154 0.2434
155 0.2454
156 0.2464
157 0.24765
158 0.24795
159 0.24855
160 0.2499
161 0.2526
162 0.25525
163 0.25585
164 0.25615
165 0.25825
166 0.26145
167 0.26435
168 0.26555
169 0.26735
170 0.2693
171 0.27115
172 0.27295
173 0.275
174 0.27635
175 0.27685
176 0.2776
177 0.2804
178 0.2823
179 0.28265
180 0.28445
181 0.28555
182 0.28795
183 0.29015
184 0.2913
185 0.293
186 0.29495
187 0.296
188 0.29835
189 0.3
190 0.3021
191 0.30335
192 0.30635
193 0.3065
194 0.3079
195 0.30945
196 0.30985
197 0.3107
198 0.31235
199 0.31325
200 0.3148
201 0.3163
202 0.318
203 0.31805
204 0.3203
205 0.32095
206 0.32325
207 0.3245
208 0.32625
209 0.32635
210 0.3274
211 0.3293
212 0.33015
213 0.3315
214 0.33365
215 0.3344
216 0.3362
217 0.33705
218 0.3384
219 0.33955
220 0.3417
221 0.3421
222 0.3433
223 0.34495
224 0.3456
225 0.34745
226 0.3489
227 0.35065
228 0.3517
229 0.35495
230 0.3565
231 0.35955
232 0.3626
233 0.36275
234 0.36385
235 0.365
236 0.36625
237 0.36705
238 0.3693
239 0.3705
240 0.372
241 0.37545
242 0.3769
243 0.3783
244 0.38035
245 0.38115
246 0.38275
247 0.38395
248 0.386
249 0.38855
250 0.3892
251 0.39055
252 0.39115
253 0.39155
254 0.3923
255 0.39285
256 0.3938
257 0.39535
258 0.3971
259 0.39805
260 0.39835
261 0.39975
262 0.40105
263 0.4026
264 0.4043
265 0.40655
266 0.4076
267 0.409
268 0.41075
269 0.41085
270 0.41155
271 0.41235
272 0.41375
273 0.4153
274 0.417
275 0.4184
276 0.41975
277 0.4204
278 0.4212
279 0.424
280 0.42575
281 0.4271
282 0.4287
283 0.4303
284 0.4317
285 0.43515
286 0.43705
287 0.43865
288 0.4413
289 0.44185
290 0.44305
291 0.44665
292 0.44775
293 0.44905
294 0.44945
295 0.4524
296 0.45405
297 0.45445
298 0.45555
299 0.4568
300 0.4587
301 0.46045
302 0.4632
303 0.46445
304 0.46615
305 0.46715
306 0.46755
307 0.4691
308 0.472
309 0.4728
310 0.47595
311 0.47625
312 0.478
313 0.47905
314 0.4815
315 0.4828
316 0.48495
317 0.48705
318 0.4872
319 0.48995
320 0.49195
321 0.4937
322 0.4952
323 0.4969
324 0.4975
325 0.5001
326 0.50175
327 0.50265
328 0.50345
329 0.5051
330 0.50655
331 0.5078
332 0.50865
333 0.51025
334 0.51075
335 0.5116
336 0.51315
337 0.51415
338 0.51495
339 0.5157
340 0.5176
341 0.5198
342 0.52125
343 0.52185
344 0.5235
345 0.5269
346 0.52785
347 0.5308
348 0.53165
349 0.53325
350 0.5348
351 0.5363
352 0.5373
353 0.53915
354 0.54225
355 0.5433
356 0.5454
357 0.54645
358 0.5475
359 0.5492
360 0.5499
361 0.5526
362 0.5533
363 0.55385
364 0.55515
365 0.55645
366 0.5586
367 0.561
368 0.5632
369 0.5653
370 0.5674
371 0.5676
372 0.5684
373 0.5716
374 0.5722
375 0.57265
376 0.5747
377 0.57695
378 0.57995
379 0.58035
380 0.5811
381 0.5832
382 0.58375
383 0.58405
384 0.58505
385 0.5858
386 0.5876
387 0.5892
388 0.591
389 0.5923
390 0.5934
391 0.59565
392 0.59695
393 0.5976
394 0.601
395 0.60165
396 0.6027
397 0.6061
398 0.60675
399 0.6075
400 0.6104
401 0.6115
402 0.6135
403 0.6139
404 0.61595
405 0.6181
406 0.6207
407 0.6227
408 0.62395
409 0.62485
410 0.62595
411 0.62765
412 0.6279
413 0.63075
414 0.63135
415 0.6327
416 0.6343
417 0.6352
418 0.63585
419 0.6372
420 0.63835
421 0.6394
422 0.6417
423 0.643
424 0.6444
425 0.6457
426 0.6476
427 0.64965
428 0.65045
429 0.65215
430 0.6529
431 0.6543
432 0.65545
433 0.6562
434 0.6575
435 0.65895
436 0.66015
437 0.66085
438 0.66235
439 0.6646
440 0.6659
441 0.66755
442 0.6681
443 0.6695
444 0.67095
445 0.6718
446 0.67495
447 0.6763
448 0.677
449 0.67985
450 0.6813
451 0.6825
452 0.68355
453 0.68495
454 0.68645
455 0.6884
456 0.69015
457 0.69155
458 0.69345
459 0.69505
460 0.6964
461 0.69695
462 0.69835
463 0.7001
464 0.7022
465 0.7045
466 0.70615
467 0.7066
468 0.70745
469 0.70935
470 0.71025
471 0.71145
472 0.71195
473 0.7141
474 0.7164
475 0.7176
476 0.71835
477 0.71935
478 0.7222
479 0.7241
480 0.7254
481 0.72735
482 0.7296
483 0.73115
484 0.7332
485 0.73495
486 0.73625
487 0.739
488 0.74015
489 0.74265
490 0.7451
491 0.74865
492 0.7512
493 0.7525
494 0.7547
495 0.7559
496 0.75645
497 0.75915
498 0.76065
499 0.76335
500 0.76585
501 0.76625
502 0.7679
503 0.7692
504 0.7709
505 0.7732
506 0.7741
507 0.77495
508 0.7753
509 0.77665
510 0.7789
511 0.78035
512 0.7811
513 0.78315
514 0.7841
515 0.7861
516 0.7866
517 0.78715
518 0.7872
519 0.78905
520 0.7929
521 0.7938
522 0.7941
523 0.7965
524 0.79765
525 0.79875
526 0.79995
527 0.80065
528 0.80155
529 0.8032
530 0.8036
531 0.806
532 0.80745
533 0.8084
534 0.80905
535 0.81095
536 0.8125
537 0.81375
538 0.81515
539 0.8163
540 0.81725
541 0.8175
542 0.8202
543 0.82325
544 0.8255
545 0.82635
546 0.8285
547 0.8297
548 0.8315
549 0.8337
550 0.8347
551 0.8365
552 0.8377
553 0.8393
554 0.8424
555 0.8456
556 0.8462
557 0.84705
558 0.84925
559 0.85
560 0.8515
561 0.8528
562 0.8556
563 0.8581
564 0.86105
565 0.8617
566 0.8622
567 0.8643
568 0.86515
569 0.86615
570 0.8677
571 0.86825
572 0.8713
573 0.87375
574 0.8749
575 0.87805
576 0.8793
577 0.88055
578 0.88185
579 0.8825
580 0.88475
581 0.88585
582 0.88705
583 0.8887
584 0.8906
585 0.891
586 0.8942
587 0.8956
588 0.8985
589 0.90005
590 0.90135
591 0.9039
592 0.90485
593 0.9061
594 0.9067
595 0.90805
596 0.90915
597 0.9094
598 0.91185
599 0.9125
600 0.91355
601 0.9136
602 0.9149
603 0.91755
604 0.91965
605 0.92175
606 0.92225
607 0.9226
608 0.9232
609 0.92485
610 0.9267
611 0.927
612 0.93025
613 0.9316
614 0.9331
615 0.9362
616 0.93825
617 0.9391
618 0.9414
619 0.94315
620 0.94625
621 0.9494
622 0.95075
623 0.95355
624 0.95445
625 0.9553
626 0.95695
627 0.95865
628 0.9602
629 0.96265
630 0.9633
631 0.96455
632 0.9655
633 0.96595
634 0.96665
635 0.96895
636 0.97145
637 0.9718
638 0.97265
639 0.97325
640 0.9751
641 0.9754
642 0.97715
643 0.97855
644 0.9798
645 0.98045
646 0.9832
647 0.987
648 0.9889
649 0.99115
650 0.9916
651 0.99405
652 0.99495
653 0.9996
654 1.00095
# Generated pool n. 10 for Umax = 113.47582244873047
# Generated a biased pool of 20000 with an acceptance of 0.08848366886377335
# Generated a pool of 20000 with an acceptance of 0.001528167938931296
# Generation repeated 655 times
# Average relative effective sample size: 0.01029802393168211
# Generation efficiency: 0.0015267175572519084
