# Generation 9

0 0.0009
1 0.00285
2 0.00395
3 0.0064
4 0.00705
5 0.0079
6 0.0094
7 0.01
8 0.0125
9 0.01385
10 0.0141
11 0.01485
12 0.01775
13 0.0195
14 0.02095
15 0.0237
16 0.02495
17 0.02575
18 0.02675
19 0.0282
20 0.03055
21 0.03395
22 0.03475
23 0.03785
24 0.0393
25 0.04135
26 0.04455
27 0.04615
28 0.0476
29 0.04925
30 0.05205
31 0.0541
32 0.0552
33 0.0562
34 0.05925
35 0.0606
36 0.0621
37 0.0628
38 0.06415
39 0.0647
40 0.0665
41 0.068
42 0.0702
43 0.07125
44 0.0725
45 0.07365
46 0.0741
47 0.0762
48 0.0784
49 0.0791
50 0.07955
51 0.0819
52 0.0845
53 0.0859
54 0.0865
55 0.08875
56 0.0903
57 0.09235
58 0.09415
59 0.09535
60 0.09795
61 0.10175
62 0.10365
63 0.10465
64 0.1079
65 0.1081
66 0.1098
67 0.1126
68 0.11365
69 0.1181
70 0.1197
71 0.1227
72 0.1248
73 0.1277
74 0.12935
75 0.1309
76 0.1316
77 0.13315
78 0.1354
79 0.1362
80 0.1377
81 0.13945
82 0.14035
83 0.1424
84 0.14365
85 0.14525
86 0.14625
87 0.1474
88 0.1488
89 0.1514
90 0.15335
91 0.1545
92 0.1568
93 0.1571
94 0.1577
95 0.1596
96 0.16235
97 0.1629
98 0.1646
99 0.1672
100 0.1683
101 0.1695
102 0.1714
103 0.17345
104 0.17445
105 0.17655
106 0.179
107 0.18075
108 0.1814
109 0.18255
110 0.18345
111 0.18615
112 0.1883
113 0.19025
114 0.19215
115 0.1935
116 0.19415
117 0.1958
118 0.19605
119 0.1987
120 0.1997
121 0.2015
122 0.20235
123 0.20525
124 0.20675
125 0.2088
126 0.2096
127 0.2102
128 0.2121
129 0.2134
130 0.21595
131 0.2187
132 0.222
133 0.22435
134 0.2267
135 0.2287
136 0.2305
137 0.23205
138 0.2347
139 0.2353
140 0.23765
141 0.2399
142 0.242
143 0.24265
144 0.24325
145 0.24455
146 0.24485
147 0.2478
148 0.24995
149 0.2514
150 0.2523
151 0.25395
152 0.25655
153 0.258
154 0.2602
155 0.2617
156 0.2624
157 0.26285
158 0.2635
159 0.26405
160 0.2652
161 0.2664
162 0.2675
163 0.27035
164 0.2732
165 0.27445
166 0.2756
167 0.27715
168 0.2783
169 0.2802
170 0.2836
171 0.2874
172 0.2891
173 0.29015
174 0.2919
175 0.2941
176 0.2956
177 0.29775
178 0.29825
179 0.29935
180 0.30105
181 0.3033
182 0.3048
183 0.30545
184 0.3068
185 0.30965
186 0.31095
187 0.31335
188 0.31535
189 0.317
190 0.32
191 0.3218
192 0.32305
193 0.3248
194 0.32685
195 0.32745
196 0.32785
197 0.32885
198 0.3297
199 0.33185
200 0.3326
201 0.33375
202 0.33465
203 0.33675
204 0.33775
205 0.3404
206 0.34345
207 0.34605
208 0.3492
209 0.3521
210 0.35245
211 0.3536
212 0.35395
213 0.3556
214 0.3574
215 0.35835
216 0.36005
217 0.36115
218 0.36225
219 0.3641
220 0.3661
221 0.36685
222 0.369
223 0.3713
224 0.37325
225 0.3786
226 0.38035
227 0.3811
228 0.3818
229 0.38505
230 0.3863
231 0.3879
232 0.38905
233 0.3909
234 0.39235
235 0.39375
236 0.3965
237 0.3974
238 0.3989
239 0.40145
240 0.4037
241 0.4045
242 0.40565
243 0.4067
244 0.4076
245 0.4091
246 0.41125
247 0.4121
248 0.4138
249 0.41555
250 0.4163
251 0.4196
252 0.4207
253 0.42365
254 0.42425
255 0.4252
256 0.427
257 0.42805
258 0.42935
259 0.431
260 0.43445
261 0.4349
262 0.43595
263 0.43725
264 0.4403
265 0.4409
266 0.4438
267 0.4446
268 0.4461
269 0.448
270 0.45065
271 0.4515
272 0.4556
273 0.45655
274 0.45765
275 0.4598
276 0.463
277 0.4635
278 0.4654
279 0.4664
280 0.4684
281 0.4701
282 0.47295
283 0.4744
284 0.47495
285 0.4767
286 0.4773
287 0.47865
288 0.48005
289 0.4824
290 0.4861
291 0.4885
292 0.49035
293 0.49135
294 0.49165
295 0.4921
296 0.49425
297 0.49585
298 0.4981
299 0.5015
300 0.503
301 0.5036
302 0.50485
303 0.50545
304 0.5067
305 0.50825
306 0.5097
307 0.51175
308 0.5126
309 0.51545
310 0.51885
311 0.5203
312 0.5212
313 0.5235
314 0.52435
315 0.52575
316 0.52775
317 0.5293
318 0.53255
319 0.53365
320 0.53435
321 0.53695
322 0.53765
323 0.538
324 0.5399
325 0.54065
326 0.5424
327 0.54395
328 0.5455
329 0.5463
330 0.5474
331 0.54885
332 0.54965
333 0.55095
334 0.55345
335 0.556
336 0.559
337 0.56015
338 0.5623
339 0.5648
340 0.56525
341 0.5665
342 0.56685
343 0.56835
344 0.5719
345 0.573
346 0.57475
347 0.5766
348 0.57875
349 0.58185
350 0.58365
351 0.5853
352 0.58605
353 0.5872
354 0.58965
355 0.59055
356 0.59095
357 0.5924
358 0.59555
359 0.59645
360 0.59805
361 0.59975
362 0.6005
363 0.603
364 0.6057
365 0.6071
366 0.6093
367 0.6099
368 0.61035
369 0.6118
370 0.6131
371 0.61565
372 0.6184
373 0.61865
374 0.6191
375 0.62105
376 0.62365
377 0.6246
378 0.6267
379 0.63005
380 0.63085
381 0.632
382 0.6341
383 0.6358
384 0.6375
385 0.6401
386 0.6415
387 0.64255
388 0.644
389 0.64525
390 0.64565
391 0.6461
392 0.64855
393 0.65065
394 0.65235
395 0.65395
396 0.65705
397 0.65805
398 0.66065
399 0.66145
400 0.664
401 0.66495
402 0.6682
403 0.6691
404 0.67005
405 0.6714
406 0.67215
407 0.67375
408 0.6751
409 0.6773
410 0.679
411 0.6797
412 0.68135
413 0.68305
414 0.68375
415 0.6848
416 0.68605
417 0.6865
418 0.6879
419 0.6895
420 0.69055
421 0.69085
422 0.6917
423 0.69355
424 0.6947
425 0.69825
426 0.70025
427 0.70075
428 0.7043
429 0.7063
430 0.7092
431 0.71175
432 0.71275
433 0.71495
434 0.7155
435 0.7169
436 0.7177
437 0.71865
438 0.72
439 0.7218
440 0.72315
441 0.72435
442 0.7248
443 0.7255
444 0.72745
445 0.73045
446 0.73195
447 0.73515
448 0.73745
449 0.7395
450 0.73985
451 0.74055
452 0.74135
453 0.74305
454 0.74555
455 0.7467
456 0.7502
457 0.7513
458 0.7534
459 0.7546
460 0.75605
461 0.7595
462 0.7619
463 0.76415
464 0.76525
465 0.76735
466 0.7678
467 0.76935
468 0.77025
469 0.7733
470 0.77465
471 0.77595
472 0.77715
473 0.77885
474 0.78035
475 0.78155
476 0.7829
477 0.78445
478 0.78615
479 0.7874
480 0.78965
481 0.79165
482 0.7931
483 0.7945
484 0.79815
485 0.8003
486 0.80115
487 0.8019
488 0.80225
489 0.80425
490 0.80535
491 0.8073
492 0.80875
493 0.8094
494 0.80965
495 0.8106
496 0.8121
497 0.8135
498 0.81465
499 0.81525
500 0.8178
501 0.82145
502 0.8244
503 0.8256
504 0.82675
505 0.82725
506 0.828
507 0.83165
508 0.83275
509 0.83405
510 0.83445
511 0.8382
512 0.83975
513 0.84095
514 0.84285
515 0.84455
516 0.84655
517 0.84755
518 0.848
519 0.8492
520 0.8507
521 0.8528
522 0.8537
523 0.85595
524 0.8577
525 0.8607
526 0.8625
527 0.86375
528 0.8644
529 0.86495
530 0.86565
531 0.86705
532 0.86885
533 0.8701
534 0.87155
535 0.8733
536 0.8746
537 0.8766
538 0.87815
539 0.87895
540 0.88085
541 0.8817
542 0.88265
543 0.88505
544 0.88895
545 0.8912
546 0.89185
547 0.8933
548 0.89465
549 0.896
550 0.89755
551 0.8981
552 0.89945
553 0.901
554 0.9032
555 0.9043
556 0.90675
557 0.90765
558 0.9088
559 0.9098
560 0.91065
561 0.9119
562 0.91385
563 0.91575
564 0.91685
565 0.9188
566 0.92145
567 0.9237
568 0.92475
569 0.92645
570 0.92995
571 0.93275
572 0.93645
573 0.9374
574 0.93875
575 0.9414
576 0.94275
577 0.94525
578 0.9478
579 0.94855
580 0.95005
581 0.9526
582 0.9552
583 0.9564
584 0.95735
585 0.9583
586 0.9602
587 0.9608
588 0.96115
589 0.96205
590 0.96425
591 0.9652
592 0.9676
593 0.9682
594 0.96895
595 0.9705
596 0.9727
597 0.9751
598 0.97695
599 0.97755
600 0.97895
601 0.97935
602 0.9805
603 0.9812
604 0.9828
605 0.98475
606 0.987
607 0.9883
608 0.98935
609 0.9922
610 0.99345
611 0.99595
612 0.9975
613 0.99945
614 0.9997
615 1.0025
# Generated pool n. 9 for Umax = 158.0646209716797
# Generated a biased pool of 20000 with an acceptance of 0.07416608184576035
# Generated a pool of 20000 with an acceptance of 0.0016274350649350634
# Generation repeated 616 times
# Average relative effective sample size: 0.010769744403660297
# Generation efficiency: 0.0016233766233766235
