# Generation 26

0 0.0018
1 0.00365
2 0.005
3 0.00915
4 0.00935
5 0.01085
6 0.0124
7 0.0138
8 0.0162
9 0.01665
10 0.0179
11 0.0192
12 0.0249
13 0.02595
14 0.02985
15 0.03235
16 0.03255
17 0.03335
18 0.03375
19 0.0351
20 0.0361
21 0.03735
22 0.0384
23 0.0401
24 0.0416
25 0.04255
26 0.04505
27 0.048
28 0.04995
29 0.05055
30 0.0535
31 0.05425
32 0.05775
33 0.0602
34 0.06145
35 0.06295
36 0.0638
37 0.0646
38 0.0663
39 0.0705
40 0.0724
41 0.074
42 0.07645
43 0.07785
44 0.08025
45 0.08055
46 0.0844
47 0.08565
48 0.08765
49 0.08915
50 0.0896
51 0.091
52 0.0936
53 0.0951
54 0.09675
55 0.09855
56 0.10065
57 0.10145
58 0.1036
59 0.10535
60 0.10605
61 0.10895
62 0.1091
63 0.11005
64 0.11225
65 0.113
66 0.11535
67 0.116
68 0.1168
69 0.1191
70 0.12115
71 0.1227
72 0.1234
73 0.12555
74 0.12745
75 0.12945
76 0.12985
77 0.1308
78 0.1325
79 0.1364
80 0.1394
81 0.13995
82 0.14445
83 0.145
84 0.14655
85 0.14715
86 0.15075
87 0.1538
88 0.1574
89 0.1581
90 0.16005
91 0.1616
92 0.1644
93 0.16815
94 0.17025
95 0.1737
96 0.17565
97 0.1769
98 0.1792
99 0.18065
100 0.18405
101 0.1842
102 0.1849
103 0.18815
104 0.1892
105 0.1914
106 0.1921
107 0.1949
108 0.19735
109 0.19855
110 0.20075
111 0.20335
112 0.2044
113 0.208
114 0.2093
115 0.21125
116 0.21455
117 0.21515
118 0.21535
119 0.21875
120 0.2222
121 0.22295
122 0.2238
123 0.22705
124 0.22885
125 0.22985
126 0.2325
127 0.2337
128 0.2342
129 0.23495
130 0.23635
131 0.23665
132 0.24005
133 0.2411
134 0.24195
135 0.24415
136 0.24895
137 0.25025
138 0.25195
139 0.25435
140 0.2559
141 0.2562
142 0.25715
143 0.2588
144 0.2596
145 0.26195
146 0.2632
147 0.2671
148 0.27095
149 0.272
150 0.27285
151 0.2739
152 0.2749
153 0.2757
154 0.279
155 0.2843
156 0.2855
157 0.2873
158 0.2911
159 0.2918
160 0.29375
161 0.2977
162 0.29805
163 0.30085
164 0.30105
165 0.3037
166 0.3057
167 0.30695
168 0.30895
169 0.30915
170 0.31015
171 0.3116
172 0.31285
173 0.31435
174 0.3164
175 0.31765
176 0.3201
177 0.3227
178 0.32475
179 0.32585
180 0.3294
181 0.3296
182 0.332
183 0.33345
184 0.335
185 0.337
186 0.3374
187 0.33865
188 0.339
189 0.34145
190 0.34405
191 0.34675
192 0.347
193 0.34755
194 0.3495
195 0.35025
196 0.3517
197 0.35235
198 0.3548
199 0.35575
200 0.3589
201 0.35975
202 0.36225
203 0.3628
204 0.36695
205 0.36845
206 0.37085
207 0.37145
208 0.3744
209 0.3763
210 0.3788
211 0.38135
212 0.38245
213 0.38645
214 0.3894
215 0.39375
216 0.3956
217 0.39715
218 0.3996
219 0.40105
220 0.40235
221 0.40585
222 0.40905
223 0.40965
224 0.4142
225 0.41795
226 0.4203
227 0.4225
228 0.42415
229 0.42555
230 0.4277
231 0.42835
232 0.4303
233 0.4316
234 0.43255
235 0.4351
236 0.43665
237 0.4369
238 0.43815
239 0.4401
240 0.4419
241 0.44285
242 0.44445
243 0.44765
244 0.45
245 0.4526
246 0.45345
247 0.45485
248 0.4562
249 0.45905
250 0.4605
251 0.46375
252 0.46615
253 0.46945
254 0.47135
255 0.47395
256 0.4772
257 0.47995
258 0.4806
259 0.48175
260 0.4853
261 0.488
262 0.48975
263 0.49125
264 0.49185
265 0.49745
266 0.4984
267 0.4994
268 0.5012
269 0.5017
270 0.5036
271 0.5049
272 0.50635
273 0.5093
274 0.50995
275 0.51155
276 0.51465
277 0.52015
278 0.52305
279 0.52345
280 0.52845
281 0.53055
282 0.5344
283 0.5362
284 0.53645
285 0.53955
286 0.54255
287 0.54495
288 0.5461
289 0.5463
290 0.5467
291 0.54675
292 0.5484
293 0.5521
294 0.5547
295 0.55765
296 0.56125
297 0.5634
298 0.56405
299 0.5656
300 0.5664
301 0.5691
302 0.5703
303 0.57035
304 0.5709
305 0.57245
306 0.57445
307 0.5765
308 0.5778
309 0.5798
310 0.5815
311 0.5835
312 0.58485
313 0.5871
314 0.5886
315 0.58955
316 0.5906
317 0.59085
318 0.59425
319 0.5966
320 0.60095
321 0.6027
322 0.60305
323 0.60505
324 0.60675
325 0.60935
326 0.61205
327 0.61375
328 0.6164
329 0.61795
330 0.61885
331 0.6213
332 0.62225
333 0.623
334 0.6242
335 0.62595
336 0.6277
337 0.6296
338 0.63385
339 0.6356
340 0.6364
341 0.63905
342 0.63995
343 0.64075
344 0.642
345 0.64375
346 0.64605
347 0.64755
348 0.64895
349 0.65095
350 0.65335
351 0.6544
352 0.6548
353 0.6552
354 0.65965
355 0.66065
356 0.6632
357 0.6654
358 0.66875
359 0.67195
360 0.67415
361 0.67915
362 0.6827
363 0.6848
364 0.6877
365 0.6901
366 0.69255
367 0.69465
368 0.6957
369 0.6973
370 0.6994
371 0.70095
372 0.7019
373 0.7028
374 0.70355
375 0.7056
376 0.70635
377 0.70725
378 0.71255
379 0.71565
380 0.71705
381 0.71805
382 0.7194
383 0.72085
384 0.72205
385 0.7248
386 0.7268
387 0.72765
388 0.7282
389 0.73255
390 0.7356
391 0.7379
392 0.7396
393 0.74125
394 0.7432
395 0.74415
396 0.7443
397 0.74595
398 0.7483
399 0.7511
400 0.75325
401 0.75425
402 0.7589
403 0.76175
404 0.76385
405 0.76745
406 0.76825
407 0.7692
408 0.77015
409 0.772
410 0.77515
411 0.776
412 0.78155
413 0.78235
414 0.78265
415 0.7834
416 0.78355
417 0.78585
418 0.78865
419 0.791
420 0.79155
421 0.7945
422 0.79765
423 0.79985
424 0.80275
425 0.80435
426 0.805
427 0.8057
428 0.80615
429 0.80745
430 0.80965
431 0.8109
432 0.8128
433 0.8143
434 0.8152
435 0.8157
436 0.81765
437 0.81845
438 0.81975
439 0.82235
440 0.82665
441 0.827
442 0.82925
443 0.83105
444 0.83285
445 0.83385
446 0.838
447 0.8402
448 0.84195
449 0.8444
450 0.84795
451 0.84925
452 0.85195
453 0.8532
454 0.8564
455 0.85865
456 0.8602
457 0.86135
458 0.864
459 0.8664
460 0.86665
461 0.87015
462 0.87225
463 0.873
464 0.87385
465 0.8752
466 0.87575
467 0.8779
468 0.88235
469 0.88425
470 0.88605
471 0.8883
472 0.89025
473 0.89235
474 0.89325
475 0.8943
476 0.8972
477 0.90175
478 0.9034
479 0.905
480 0.9071
481 0.9093
482 0.91005
483 0.91365
484 0.91775
485 0.91915
486 0.91945
487 0.92075
488 0.92145
489 0.9229
490 0.92445
491 0.9279
492 0.9317
493 0.9356
494 0.9367
495 0.93955
496 0.9409
497 0.94295
498 0.94435
499 0.94665
500 0.9482
501 0.94995
502 0.9519
503 0.95205
504 0.9539
505 0.95515
506 0.9607
507 0.9611
508 0.96295
509 0.96485
510 0.96715
511 0.9695
512 0.971
513 0.97365
514 0.97485
515 0.9772
516 0.9783
517 0.98
518 0.98155
519 0.9867
520 0.9875
521 0.9896
522 0.9911
523 0.99425
524 0.99435
525 0.9961
526 0.9993
527 1.0001
# Generated pool n. 26 for Umax = -11.397768020629883
# Generated a biased pool of 20000 with an acceptance of 0.1656458079814911
# Generated a pool of 20000 with an acceptance of 0.001894128787878788
# Generation repeated 528 times
# Average relative effective sample size: 0.017188798636198044
# Generation efficiency: 0.001893939393939394
