# Generation 8

0 0.0023
1 0.0041
2 0.0062
3 0.00845
4 0.0108
5 0.0137
6 0.0167
7 0.01845
8 0.01895
9 0.02035
10 0.0221
11 0.0254
12 0.028
13 0.03155
14 0.03225
15 0.0328
16 0.0344
17 0.03545
18 0.0382
19 0.04035
20 0.04235
21 0.04515
22 0.047
23 0.04725
24 0.04825
25 0.04945
26 0.0516
27 0.0534
28 0.05565
29 0.05715
30 0.06045
31 0.06225
32 0.064
33 0.0646
34 0.0665
35 0.0681
36 0.07155
37 0.073
38 0.0767
39 0.07795
40 0.08115
41 0.0831
42 0.0847
43 0.0869
44 0.08735
45 0.08955
46 0.09045
47 0.0932
48 0.0947
49 0.0979
50 0.10025
51 0.1018
52 0.1025
53 0.1046
54 0.10535
55 0.10655
56 0.1073
57 0.10815
58 0.1113
59 0.114
60 0.1158
61 0.11655
62 0.1188
63 0.12305
64 0.1255
65 0.12645
66 0.12945
67 0.1307
68 0.13275
69 0.1357
70 0.1374
71 0.1394
72 0.1427
73 0.14645
74 0.14785
75 0.14905
76 0.15075
77 0.15505
78 0.1571
79 0.1599
80 0.16205
81 0.16235
82 0.16295
83 0.164
84 0.1644
85 0.16715
86 0.16845
87 0.17025
88 0.1709
89 0.17405
90 0.1761
91 0.17675
92 0.1781
93 0.17995
94 0.1832
95 0.1852
96 0.18685
97 0.1878
98 0.1899
99 0.1923
100 0.1943
101 0.195
102 0.19685
103 0.199
104 0.20055
105 0.2013
106 0.20315
107 0.2038
108 0.2059
109 0.2068
110 0.2091
111 0.2117
112 0.21445
113 0.2181
114 0.2202
115 0.22035
116 0.22335
117 0.22525
118 0.2265
119 0.2284
120 0.231
121 0.23195
122 0.23445
123 0.23655
124 0.23755
125 0.2388
126 0.23975
127 0.24115
128 0.24435
129 0.2478
130 0.2498
131 0.25105
132 0.2527
133 0.25455
134 0.25785
135 0.2597
136 0.26315
137 0.2634
138 0.26505
139 0.2668
140 0.2684
141 0.2686
142 0.2707
143 0.273
144 0.27445
145 0.2766
146 0.2778
147 0.2796
148 0.28105
149 0.28255
150 0.28415
151 0.28465
152 0.28655
153 0.289
154 0.28955
155 0.29125
156 0.2931
157 0.29625
158 0.29735
159 0.2994
160 0.3014
161 0.30325
162 0.3041
163 0.3067
164 0.30845
165 0.3102
166 0.31155
167 0.31375
168 0.3172
169 0.31805
170 0.3193
171 0.3212
172 0.3236
173 0.32565
174 0.32815
175 0.3317
176 0.3336
177 0.33585
178 0.3379
179 0.33845
180 0.3394
181 0.34225
182 0.34285
183 0.3476
184 0.3488
185 0.34955
186 0.35035
187 0.35085
188 0.35125
189 0.35195
190 0.35295
191 0.35415
192 0.356
193 0.3569
194 0.358
195 0.3608
196 0.36275
197 0.36435
198 0.366
199 0.36625
200 0.3693
201 0.37185
202 0.37335
203 0.37575
204 0.37695
205 0.3809
206 0.3819
207 0.3835
208 0.38625
209 0.38745
210 0.3888
211 0.3903
212 0.3919
213 0.3962
214 0.39755
215 0.398
216 0.39895
217 0.39925
218 0.4014
219 0.40385
220 0.40515
221 0.407
222 0.40945
223 0.41105
224 0.41235
225 0.41335
226 0.41505
227 0.41715
228 0.41865
229 0.4207
230 0.42445
231 0.42665
232 0.42825
233 0.42975
234 0.431
235 0.4336
236 0.4355
237 0.43805
238 0.4394
239 0.4433
240 0.4453
241 0.44705
242 0.4477
243 0.45055
244 0.4523
245 0.4539
246 0.4567
247 0.45905
248 0.4603
249 0.4638
250 0.4639
251 0.46725
252 0.46885
253 0.4722
254 0.4736
255 0.47675
256 0.4795
257 0.47995
258 0.48205
259 0.4846
260 0.48545
261 0.48795
262 0.48975
263 0.4922
264 0.49735
265 0.49835
266 0.49905
267 0.5008
268 0.50195
269 0.5055
270 0.5084
271 0.5116
272 0.51285
273 0.51485
274 0.5176
275 0.51985
276 0.52305
277 0.52485
278 0.5267
279 0.5278
280 0.5294
281 0.53095
282 0.53255
283 0.5339
284 0.5366
285 0.53915
286 0.54025
287 0.54155
288 0.54225
289 0.5436
290 0.5458
291 0.54725
292 0.5486
293 0.55165
294 0.554
295 0.55615
296 0.55765
297 0.5593
298 0.5606
299 0.56295
300 0.56635
301 0.56745
302 0.5701
303 0.5721
304 0.5732
305 0.574
306 0.5764
307 0.57825
308 0.5797
309 0.58085
310 0.5824
311 0.5857
312 0.58795
313 0.58965
314 0.59045
315 0.5927
316 0.5947
317 0.59565
318 0.59645
319 0.59905
320 0.60085
321 0.6032
322 0.6046
323 0.60805
324 0.6107
325 0.614
326 0.6165
327 0.62065
328 0.6236
329 0.62505
330 0.62675
331 0.6281
332 0.6296
333 0.63105
334 0.6318
335 0.63335
336 0.6341
337 0.63535
338 0.6364
339 0.63755
340 0.63995
341 0.64245
342 0.64395
343 0.6475
344 0.65
345 0.65055
346 0.65235
347 0.6559
348 0.6585
349 0.65865
350 0.6608
351 0.66185
352 0.6636
353 0.6656
354 0.66645
355 0.66955
356 0.671
357 0.6723
358 0.67505
359 0.6765
360 0.67775
361 0.6799
362 0.68215
363 0.6824
364 0.68395
365 0.6854
366 0.68675
367 0.68895
368 0.691
369 0.6925
370 0.694
371 0.6968
372 0.70055
373 0.70255
374 0.70475
375 0.7065
376 0.708
377 0.70965
378 0.71165
379 0.71275
380 0.7165
381 0.71745
382 0.7191
383 0.7208
384 0.7227
385 0.7238
386 0.72605
387 0.7277
388 0.73
389 0.7313
390 0.7338
391 0.7369
392 0.73805
393 0.7417
394 0.7441
395 0.7471
396 0.7492
397 0.7496
398 0.75365
399 0.7558
400 0.75885
401 0.762
402 0.7639
403 0.76615
404 0.76815
405 0.76925
406 0.77035
407 0.7715
408 0.77275
409 0.7749
410 0.77685
411 0.77985
412 0.7826
413 0.7857
414 0.78755
415 0.78955
416 0.7926
417 0.79495
418 0.79745
419 0.79915
420 0.80145
421 0.8038
422 0.80525
423 0.8069
424 0.80885
425 0.81135
426 0.813
427 0.8141
428 0.81665
429 0.8186
430 0.8241
431 0.82515
432 0.8265
433 0.82695
434 0.8281
435 0.82945
436 0.83295
437 0.83395
438 0.83505
439 0.8367
440 0.83805
441 0.84075
442 0.84225
443 0.84415
444 0.8462
445 0.84825
446 0.8505
447 0.85315
448 0.8549
449 0.85635
450 0.85785
451 0.85845
452 0.86215
453 0.86355
454 0.86475
455 0.8653
456 0.86765
457 0.8696
458 0.87005
459 0.87105
460 0.8728
461 0.87485
462 0.87565
463 0.8781
464 0.8782
465 0.87875
466 0.8815
467 0.88195
468 0.88455
469 0.8864
470 0.8898
471 0.89205
472 0.89285
473 0.8937
474 0.89535
475 0.89855
476 0.89985
477 0.9022
478 0.9027
479 0.9038
480 0.90495
481 0.90585
482 0.90705
483 0.90885
484 0.9111
485 0.9125
486 0.9142
487 0.91785
488 0.9199
489 0.9237
490 0.9257
491 0.9276
492 0.92785
493 0.9291
494 0.93065
495 0.9328
496 0.9359
497 0.93785
498 0.93945
499 0.9421
500 0.94405
501 0.94575
502 0.94695
503 0.94775
504 0.94945
505 0.95015
506 0.9526
507 0.9546
508 0.9556
509 0.95755
510 0.95825
511 0.9593
512 0.96195
513 0.9629
514 0.9646
515 0.9664
516 0.9683
517 0.9703
518 0.9733
519 0.975
520 0.97675
521 0.97885
522 0.98045
523 0.9814
524 0.9832
525 0.98575
526 0.98915
527 0.99195
528 0.9944
529 0.99595
530 0.9987
531 1.0008
# Generated pool n. 8 for Umax = 212.99111938476562
# Generated a biased pool of 20000 with an acceptance of 0.08224587142467499
# Generated a pool of 20000 with an acceptance of 0.0018812030075187956
# Generation repeated 532 times
# Average relative effective sample size: 0.01312323659658432
# Generation efficiency: 0.0018796992481203006
