# Generation 28

0 0.0037
1 0.00375
2 0.0101
3 0.016
4 0.02285
5 0.03025
6 0.03635
7 0.04065
8 0.04455
9 0.05095
10 0.0549
11 0.05845
12 0.0589
13 0.0691
14 0.07195
15 0.07695
16 0.0795
17 0.0813
18 0.08685
19 0.09095
20 0.0966
21 0.09965
22 0.10155
23 0.10335
24 0.10845
25 0.11355
26 0.117
27 0.12085
28 0.12285
29 0.12885
30 0.13205
31 0.13285
32 0.1378
33 0.14075
34 0.14595
35 0.14895
36 0.15135
37 0.1588
38 0.1665
39 0.1673
40 0.17125
41 0.1723
42 0.17335
43 0.174
44 0.1764
45 0.17785
46 0.1835
47 0.18985
48 0.19155
49 0.19835
50 0.2052
51 0.20815
52 0.21285
53 0.21415
54 0.21475
55 0.21915
56 0.22215
57 0.23065
58 0.2368
59 0.24035
60 0.24625
61 0.25115
62 0.25495
63 0.2569
64 0.25885
65 0.2611
66 0.2681
67 0.27555
68 0.2794
69 0.28565
70 0.28985
71 0.2976
72 0.29885
73 0.3036
74 0.308
75 0.3108
76 0.3166
77 0.32015
78 0.3278
79 0.33225
80 0.3361
81 0.3393
82 0.34285
83 0.3445
84 0.34905
85 0.3558
86 0.3589
87 0.362
88 0.3648
89 0.3707
90 0.37465
91 0.382
92 0.39025
93 0.39795
94 0.3997
95 0.4046
96 0.4098
97 0.4138
98 0.41785
99 0.4239
100 0.4273
101 0.429
102 0.4353
103 0.4433
104 0.44835
105 0.455
106 0.4652
107 0.4695
108 0.47465
109 0.4793
110 0.48465
111 0.4863
112 0.48875
113 0.49055
114 0.4943
115 0.49655
116 0.49745
117 0.50145
118 0.5043
119 0.5064
120 0.5115
121 0.51395
122 0.5199
123 0.5285
124 0.5348
125 0.5426
126 0.54585
127 0.54755
128 0.54875
129 0.55615
130 0.56045
131 0.5647
132 0.56955
133 0.57135
134 0.57805
135 0.58035
136 0.5823
137 0.58925
138 0.59685
139 0.6063
140 0.6085
141 0.6123
142 0.6168
143 0.6178
144 0.6197
145 0.624
146 0.625
147 0.636
148 0.641
149 0.64705
150 0.6511
151 0.6519
152 0.6559
153 0.66145
154 0.66375
155 0.66585
156 0.67025
157 0.67295
158 0.67525
159 0.67585
160 0.6762
161 0.6795
162 0.68025
163 0.6883
164 0.68925
165 0.69315
166 0.69885
167 0.7033
168 0.70425
169 0.7089
170 0.7132
171 0.7165
172 0.71795
173 0.72275
174 0.7274
175 0.7285
176 0.73075
177 0.73495
178 0.742
179 0.7446
180 0.7457
181 0.7503
182 0.75415
183 0.7595
184 0.76445
185 0.7712
186 0.77715
187 0.77945
188 0.78145
189 0.7856
190 0.79185
191 0.7972
192 0.8018
193 0.80255
194 0.80875
195 0.8112
196 0.8138
197 0.8168
198 0.8211
199 0.82705
200 0.83095
201 0.8361
202 0.8387
203 0.84335
204 0.8447
205 0.84695
206 0.85045
207 0.8518
208 0.85485
209 0.8623
210 0.8681
211 0.8698
212 0.8756
213 0.87785
214 0.88015
215 0.88305
216 0.88605
217 0.89235
218 0.8979
219 0.90175
220 0.90645
221 0.9078
222 0.91115
223 0.9172
224 0.9173
225 0.91825
226 0.91995
227 0.9245
228 0.92645
229 0.9315
230 0.9378
231 0.9403
232 0.94775
233 0.95125
234 0.9568
235 0.96015
236 0.96205
237 0.96555
238 0.97185
239 0.97235
240 0.97895
241 0.98555
242 0.98785
243 0.9957
244 0.99685
245 1.00775
# Generated pool n. 28 for Umax = -12.472614288330078
# Generated a biased pool of 20000 with an acceptance of 0.2135138064622879
# Generated a pool of 20000 with an acceptance of 0.0040965447154471535
# Generation repeated 246 times
# Average relative effective sample size: 0.04560687392950058
# Generation efficiency: 0.0040650406504065045
