# Generation 22

0 0.0015
1 0.0056
2 0.01315
3 0.0169
4 0.025
5 0.0305
6 0.034
7 0.0392
8 0.04035
9 0.0491
10 0.0532
11 0.05385
12 0.0578
13 0.0598
14 0.06155
15 0.06635
16 0.06925
17 0.07425
18 0.07715
19 0.0807
20 0.08455
21 0.0852
22 0.08795
23 0.09135
24 0.09535
25 0.09995
26 0.1032
27 0.10635
28 0.11015
29 0.115
30 0.1179
31 0.1213
32 0.12835
33 0.1306
34 0.1396
35 0.1441
36 0.1477
37 0.1483
38 0.15055
39 0.154
40 0.1551
41 0.1586
42 0.16475
43 0.1667
44 0.16815
45 0.17455
46 0.17635
47 0.17925
48 0.18185
49 0.18515
50 0.18715
51 0.18865
52 0.1953
53 0.197
54 0.2005
55 0.20075
56 0.2049
57 0.20635
58 0.20775
59 0.21205
60 0.2166
61 0.2192
62 0.2246
63 0.23265
64 0.23895
65 0.2422
66 0.2486
67 0.2532
68 0.25895
69 0.2615
70 0.2699
71 0.27375
72 0.2811
73 0.2837
74 0.28695
75 0.29335
76 0.2991
77 0.30135
78 0.3038
79 0.3066
80 0.3087
81 0.31275
82 0.32285
83 0.3276
84 0.32835
85 0.3312
86 0.3329
87 0.33605
88 0.34025
89 0.34605
90 0.3486
91 0.3508
92 0.3527
93 0.35505
94 0.3572
95 0.3631
96 0.3649
97 0.3655
98 0.36845
99 0.3809
100 0.38655
101 0.38875
102 0.3915
103 0.398
104 0.4006
105 0.40735
106 0.4105
107 0.41355
108 0.41875
109 0.42255
110 0.42425
111 0.43015
112 0.43095
113 0.43665
114 0.43975
115 0.44535
116 0.44815
117 0.4494
118 0.45305
119 0.45345
120 0.45715
121 0.46165
122 0.4633
123 0.46895
124 0.47245
125 0.47715
126 0.4829
127 0.48775
128 0.49385
129 0.4971
130 0.50435
131 0.50675
132 0.5128
133 0.51425
134 0.51505
135 0.5173
136 0.52065
137 0.5223
138 0.52885
139 0.53005
140 0.5312
141 0.53345
142 0.5365
143 0.53905
144 0.543
145 0.5447
146 0.5499
147 0.5541
148 0.5616
149 0.56745
150 0.56995
151 0.57525
152 0.5807
153 0.58395
154 0.5864
155 0.5888
156 0.5903
157 0.6021
158 0.60885
159 0.61005
160 0.6146
161 0.61835
162 0.62455
163 0.6292
164 0.6327
165 0.636
166 0.64155
167 0.64465
168 0.6493
169 0.64995
170 0.65295
171 0.6601
172 0.6646
173 0.6667
174 0.6679
175 0.67105
176 0.67395
177 0.6762
178 0.68125
179 0.6849
180 0.68965
181 0.6949
182 0.69735
183 0.703
184 0.7059
185 0.7077
186 0.7108
187 0.7138
188 0.71595
189 0.71985
190 0.7212
191 0.7221
192 0.724
193 0.72735
194 0.73175
195 0.73665
196 0.73765
197 0.74305
198 0.7465
199 0.75145
200 0.75825
201 0.76105
202 0.763
203 0.76675
204 0.76695
205 0.77245
206 0.77695
207 0.7802
208 0.7884
209 0.7951
210 0.7961
211 0.79695
212 0.79915
213 0.8014
214 0.8081
215 0.81215
216 0.8155
217 0.81825
218 0.81955
219 0.8241
220 0.8285
221 0.83165
222 0.83605
223 0.8384
224 0.84165
225 0.848
226 0.8528
227 0.8549
228 0.85845
229 0.8616
230 0.8642
231 0.867
232 0.87265
233 0.87505
234 0.88635
235 0.8883
236 0.89295
237 0.89555
238 0.8978
239 0.9047
240 0.91095
241 0.91745
242 0.92015
243 0.9271
244 0.9314
245 0.93445
246 0.93925
247 0.944
248 0.9456
249 0.94855
250 0.95165
251 0.9537
252 0.95895
253 0.96315
254 0.96845
255 0.9711
256 0.9765
257 0.9806
258 0.98655
259 0.989
260 0.99485
261 0.99965
262 1.0013
# Generated pool n. 22 for Umax = -7.505052089691162
# Generated a biased pool of 20000 with an acceptance of 0.23943328857421875
# Generated a pool of 20000 with an acceptance of 0.0038072243346007574
# Generation repeated 263 times
# Average relative effective sample size: 0.04795033857226372
# Generation efficiency: 0.0038022813688212928
