# Generation 41

0 0.00805
1 0.01015
2 0.01025
3 0.01255
4 0.01545
5 0.0197
6 0.02225
7 0.0254
8 0.0275
9 0.02785
10 0.0365
11 0.04175
12 0.0475
13 0.04995
14 0.0523
15 0.05585
16 0.0628
17 0.0671
18 0.0691
19 0.07145
20 0.0756
21 0.0782
22 0.08205
23 0.0867
24 0.08735
25 0.09025
26 0.09245
27 0.097
28 0.1012
29 0.10505
30 0.10835
31 0.11295
32 0.1171
33 0.1192
34 0.12245
35 0.1244
36 0.12825
37 0.13015
38 0.1349
39 0.1356
40 0.1381
41 0.1416
42 0.14475
43 0.1511
44 0.15295
45 0.15515
46 0.16075
47 0.1646
48 0.1695
49 0.17485
50 0.17705
51 0.1823
52 0.1858
53 0.1883
54 0.18935
55 0.1921
56 0.19445
57 0.1979
58 0.20015
59 0.20155
60 0.20465
61 0.2065
62 0.2083
63 0.2134
64 0.21655
65 0.2209
66 0.22715
67 0.2314
68 0.2377
69 0.2391
70 0.2432
71 0.25
72 0.2546
73 0.2566
74 0.2579
75 0.26395
76 0.2659
77 0.2704
78 0.2777
79 0.28085
80 0.2886
81 0.29245
82 0.29465
83 0.30205
84 0.30425
85 0.30695
86 0.3077
87 0.3117
88 0.3137
89 0.3169
90 0.318
91 0.3241
92 0.32915
93 0.3362
94 0.34185
95 0.34575
96 0.3498
97 0.3525
98 0.35415
99 0.35715
100 0.3602
101 0.3656
102 0.3671
103 0.3685
104 0.3732
105 0.37915
106 0.3815
107 0.3825
108 0.389
109 0.39005
110 0.3952
111 0.40075
112 0.405
113 0.41
114 0.41325
115 0.41365
116 0.4173
117 0.41995
118 0.4246
119 0.4268
120 0.43205
121 0.4339
122 0.4354
123 0.44035
124 0.44215
125 0.44535
126 0.45025
127 0.456
128 0.46215
129 0.46585
130 0.47305
131 0.4789
132 0.4846
133 0.48805
134 0.49
135 0.4918
136 0.49455
137 0.49695
138 0.49985
139 0.50285
140 0.50655
141 0.51265
142 0.51765
143 0.5202
144 0.52555
145 0.5278
146 0.5288
147 0.5321
148 0.5383
149 0.53975
150 0.54115
151 0.54265
152 0.54725
153 0.55005
154 0.55075
155 0.5532
156 0.55635
157 0.55935
158 0.56185
159 0.56485
160 0.56655
161 0.57245
162 0.57675
163 0.57995
164 0.5821
165 0.58855
166 0.59065
167 0.5955
168 0.59825
169 0.603
170 0.6096
171 0.6115
172 0.6174
173 0.619
174 0.624
175 0.6264
176 0.6307
177 0.6323
178 0.63875
179 0.64305
180 0.64815
181 0.6506
182 0.65335
183 0.65975
184 0.6636
185 0.66955
186 0.6724
187 0.6749
188 0.6786
189 0.685
190 0.69025
191 0.6936
192 0.6973
193 0.69925
194 0.70095
195 0.70535
196 0.70655
197 0.71135
198 0.71555
199 0.71965
200 0.72265
201 0.72445
202 0.7264
203 0.72755
204 0.73115
205 0.73315
206 0.73765
207 0.74075
208 0.74515
209 0.7515
210 0.75525
211 0.7582
212 0.763
213 0.7656
214 0.7677
215 0.76995
216 0.77325
217 0.77935
218 0.78535
219 0.78995
220 0.7928
221 0.7962
222 0.79815
223 0.8012
224 0.80385
225 0.80575
226 0.80975
227 0.81265
228 0.8163
229 0.8202
230 0.82475
231 0.82745
232 0.83185
233 0.83675
234 0.84255
235 0.84555
236 0.8495
237 0.8528
238 0.8562
239 0.86355
240 0.86495
241 0.86885
242 0.8737
243 0.87995
244 0.88375
245 0.88835
246 0.89145
247 0.89515
248 0.89765
249 0.89945
250 0.9005
251 0.9023
252 0.9032
253 0.90355
254 0.9112
255 0.9135
256 0.9164
257 0.92085
258 0.92265
259 0.9254
260 0.9302
261 0.93545
262 0.9382
263 0.9419
264 0.9438
265 0.9449
266 0.9461
267 0.9472
268 0.94725
269 0.9502
270 0.95295
271 0.95365
272 0.9585
273 0.96065
274 0.96545
275 0.9685
276 0.97225
277 0.9768
278 0.98125
279 0.98735
280 0.9899
281 0.99355
282 0.99875
283 1.0002
# Generated pool n. 41 for Umax = -14.666935920715332
# Generated a biased pool of 20000 with an acceptance of 0.0866580680012703
# Generated a pool of 20000 with an acceptance of 0.003521830985915493
# Generation repeated 284 times
# Average relative effective sample size: 0.029058892279863358
# Generation efficiency: 0.0035211267605633804
