# Generation 25

0 0.00415
1 0.01065
2 0.0133
3 0.0147
4 0.01575
5 0.01775
6 0.02115
7 0.0225
8 0.0285
9 0.03245
10 0.03325
11 0.0358
12 0.0379
13 0.0397
14 0.04195
15 0.04585
16 0.049
17 0.05695
18 0.06095
19 0.06395
20 0.06825
21 0.0688
22 0.0704
23 0.07255
24 0.0762
25 0.0786
26 0.0798
27 0.0849
28 0.08815
29 0.08855
30 0.09105
31 0.0946
32 0.10035
33 0.10225
34 0.1058
35 0.10785
36 0.1092
37 0.11125
38 0.1143
39 0.1158
40 0.1171
41 0.11735
42 0.12335
43 0.12605
44 0.13165
45 0.1368
46 0.1384
47 0.14115
48 0.14325
49 0.1445
50 0.1479
51 0.15365
52 0.16045
53 0.1672
54 0.169
55 0.16985
56 0.17525
57 0.1773
58 0.17925
59 0.18055
60 0.1847
61 0.18665
62 0.19255
63 0.1962
64 0.2004
65 0.20245
66 0.208
67 0.2106
68 0.21945
69 0.22575
70 0.22845
71 0.22895
72 0.2308
73 0.23115
74 0.2373
75 0.23985
76 0.24305
77 0.2485
78 0.25
79 0.2515
80 0.2571
81 0.26145
82 0.26325
83 0.26505
84 0.27095
85 0.2726
86 0.2739
87 0.27665
88 0.28425
89 0.2892
90 0.29205
91 0.297
92 0.30105
93 0.30845
94 0.3097
95 0.31195
96 0.31505
97 0.31905
98 0.323
99 0.3266
100 0.33075
101 0.33475
102 0.33535
103 0.3389
104 0.3419
105 0.34855
106 0.35165
107 0.3568
108 0.36045
109 0.3644
110 0.3648
111 0.3675
112 0.372
113 0.3751
114 0.37885
115 0.3812
116 0.3827
117 0.38655
118 0.38815
119 0.3928
120 0.39495
121 0.39685
122 0.3998
123 0.40535
124 0.40615
125 0.40995
126 0.4141
127 0.4189
128 0.423
129 0.4265
130 0.427
131 0.4299
132 0.43125
133 0.4357
134 0.43955
135 0.44225
136 0.4489
137 0.45055
138 0.4512
139 0.45245
140 0.4525
141 0.4536
142 0.4542
143 0.4569
144 0.46145
145 0.4631
146 0.4644
147 0.4659
148 0.471
149 0.4735
150 0.477
151 0.48095
152 0.4821
153 0.48785
154 0.4902
155 0.4948
156 0.498
157 0.49875
158 0.5025
159 0.50415
160 0.50625
161 0.51085
162 0.51555
163 0.51635
164 0.5186
165 0.51905
166 0.52065
167 0.5236
168 0.5257
169 0.52755
170 0.5319
171 0.534
172 0.5376
173 0.53905
174 0.54605
175 0.55185
176 0.55505
177 0.5607
178 0.5637
179 0.568
180 0.5693
181 0.5717
182 0.5729
183 0.5794
184 0.5831
185 0.58545
186 0.5882
187 0.59005
188 0.59045
189 0.5919
190 0.59395
191 0.6017
192 0.60315
193 0.60515
194 0.607
195 0.60965
196 0.61075
197 0.613
198 0.618
199 0.6229
200 0.6267
201 0.6283
202 0.63055
203 0.63165
204 0.63385
205 0.63735
206 0.64195
207 0.6479
208 0.6497
209 0.65255
210 0.6587
211 0.6602
212 0.663
213 0.66555
214 0.66675
215 0.66895
216 0.67175
217 0.6747
218 0.67845
219 0.6808
220 0.6852
221 0.6915
222 0.6949
223 0.69675
224 0.7005
225 0.7068
226 0.7098
227 0.71315
228 0.7185
229 0.7226
230 0.72285
231 0.7275
232 0.73035
233 0.7306
234 0.7314
235 0.73335
236 0.7349
237 0.7381
238 0.7407
239 0.7471
240 0.7509
241 0.75685
242 0.7647
243 0.7664
244 0.77045
245 0.78025
246 0.7841
247 0.7846
248 0.78995
249 0.796
250 0.7996
251 0.8053
252 0.8115
253 0.8153
254 0.81725
255 0.82005
256 0.8255
257 0.82655
258 0.82975
259 0.83155
260 0.83275
261 0.83685
262 0.8373
263 0.8383
264 0.8442
265 0.8476
266 0.85145
267 0.85455
268 0.85875
269 0.86125
270 0.8649
271 0.8658
272 0.86995
273 0.87105
274 0.87355
275 0.87425
276 0.877
277 0.8774
278 0.88115
279 0.88435
280 0.8864
281 0.88935
282 0.8902
283 0.8945
284 0.89795
285 0.89935
286 0.9007
287 0.9032
288 0.90555
289 0.9061
290 0.90945
291 0.9109
292 0.91445
293 0.91685
294 0.9203
295 0.9225
296 0.9255
297 0.92895
298 0.93575
299 0.9394
300 0.9453
301 0.94615
302 0.94965
303 0.9514
304 0.95385
305 0.95695
306 0.9602
307 0.96325
308 0.96565
309 0.9673
310 0.9716
311 0.97615
312 0.9771
313 0.97955
314 0.98015
315 0.98405
316 0.987
317 0.9911
318 0.99505
319 1.0003
# Generated pool n. 25 for Umax = -10.715126037597656
# Generated a biased pool of 20000 with an acceptance of 0.14264243841171265
# Generated a pool of 20000 with an acceptance of 0.0031259374999999985
# Generation repeated 320 times
# Average relative effective sample size: 0.030212415382266045
# Generation efficiency: 0.003125
