# epoch	step	nll	ecut	ecut_viol	grad_norm	val_nll	val_ecut	val_ecut_viol	val_ress_zx	LR
1	27	-9.666895866394043	0.0	0.0	43.88808059692383	-9.697946548461914	332.0970458984375	322.19384765625	0.009989552199840546	9.757729755661011e-05
2	54	-9.829427719116211	0.0	0.0	203.38694763183594	-9.677839279174805	338.31512451171875	328.3287353515625	0.01954902522265911	9.05463412215599e-05
3	81	-9.662065505981445	0.0	0.0	43.01326370239258	-9.720207214355469	320.979736328125	311.0826416015625	0.017784733325242996	7.959536998847742e-05
4	108	-9.935257911682129	0.0	0.0	180.90402221679688	-9.793926239013672	313.8327941894531	303.9030456542969	0.01937044970691204	6.57963412215599e-05
5	135	-10.049707412719727	0.0	0.0	146.99974060058594	-9.961066246032715	304.7101745605469	294.6607971191406	0.014772392809391022	5.05e-05
6	162	-9.992748260498047	0.0	0.0	99.30516052246094	-10.085013389587402	293.1617431640625	282.89111328125	0.02070280723273754	3.5203658778440106e-05
7	189	-10.155471801757812	0.0	0.0	93.9629898071289	-10.175559997558594	280.2144775390625	269.87261962890625	0.028543751686811447	2.1404630011522586e-05
8	216	-10.279138565063477	0.0	0.0	78.67095947265625	-10.249835014343262	275.6385498046875	265.2913818359375	0.02185276709496975	1.0453658778440107e-05
9	243	-10.313545227050781	0.0	0.0	119.91969299316406	-10.310758590698242	271.495849609375	261.1146240234375	0.03615403175354004	3.4227024433899e-06
10	270	-10.343565940856934	0.0	0.0	371.3226623535156	-10.338360786437988	269.85906982421875	259.4795837402344	0.027379801496863365	1e-06
# Best epoch: 9
