# epoch	step	nll	ecut	ecut_viol	grad_norm	val_nll	val_ecut	val_ecut_viol	val_ress_zx	LR
1	27	-2.148998260498047	0.0	0.0	21.11015510559082	-2.1903035640716553	436.16497802734375	433.55462646484375	0.029704002663493156	9.757729755661011e-05
2	54	-2.188715934753418	0.0	0.0	16.43219566345215	-2.2712230682373047	422.03228759765625	419.42047119140625	0.045361727476119995	9.05463412215599e-05
3	81	-2.246678352355957	0.0	0.0	18.753843307495117	-2.27351713180542	421.4773864746094	418.8076171875	0.03542140871286392	7.959536998847742e-05
4	108	-2.312649726867676	0.0	0.0	12.312963485717773	-2.286592483520508	406.5021667480469	403.8567810058594	0.04980034381151199	6.57963412215599e-05
5	135	-2.3656461238861084	0.0	0.0	9.134108543395996	-2.326587438583374	399.38348388671875	396.67401123046875	0.032903194427490234	5.05e-05
6	162	-2.351266384124756	0.0	0.0	15.619630813598633	-2.3435001373291016	402.1645202636719	399.5067138671875	0.04192972183227539	3.5203658778440106e-05
7	189	-2.4366602897644043	0.0	0.0	18.551116943359375	-2.3699023723602295	391.2007751464844	388.51483154296875	0.03415035828948021	2.1404630011522586e-05
8	216	-2.411586284637451	0.0	0.0	18.62439727783203	-2.4025609493255615	388.45111083984375	385.7496032714844	0.04105045646429062	1.0453658778440107e-05
9	243	-2.5092267990112305	0.0	0.0	10.41256332397461	-2.4170897006988525	390.01531982421875	387.32611083984375	0.038526006042957306	3.4227024433899e-06
10	270	-2.4559664726257324	0.0	0.0	20.754467010498047	-2.429635524749756	386.63665771484375	383.9283447265625	0.04138388857245445	1e-06
# Best epoch: 4
