# epoch	step	nll	ecut	ecut_viol	grad_norm	val_nll	val_ecut	val_ecut_viol	val_ress_zx	LR
1	27	-27.160003662109375	0.0	0.0	191.33465576171875	-27.25320053100586	509.2571716308594	482.39208984375	0.03637262433767319	9.757729755661011e-05
2	54	-27.50617790222168	0.0	0.0	122.41388702392578	-27.52510643005371	492.8394775390625	465.381103515625	0.04940270632505417	9.05463412215599e-05
3	81	-27.729259490966797	0.0	0.0	173.5701904296875	-27.651243209838867	471.5655212402344	443.669921875	0.05089461803436279	7.959536998847742e-05
4	108	-27.779109954833984	0.0	0.0	95.42206573486328	-27.796310424804688	474.9859313964844	447.16180419921875	0.05806129798293114	6.57963412215599e-05
5	135	-27.589757919311523	0.0	0.0	169.98512268066406	-27.643484115600586	477.75274658203125	449.859130859375	0.03537512570619583	5.05e-05
6	162	-27.96840476989746	0.0	0.0	98.49100494384766	-27.87784194946289	460.02178955078125	431.89166259765625	0.03928230702877045	3.5203658778440106e-05
7	189	-28.167633056640625	0.0	0.0	140.88861083984375	-28.154510498046875	454.02386474609375	425.6813659667969	0.0810956358909607	2.1404630011522586e-05
8	216	-28.18426513671875	0.0	0.0	100.47285461425781	-28.209373474121094	448.8772888183594	420.4948425292969	0.08329284191131592	1.0453658778440107e-05
9	243	-28.332935333251953	0.0	0.0	123.66071319580078	-28.331390380859375	446.3013610839844	417.78900146484375	0.08247216790914536	3.4227024433899e-06
10	270	-28.360366821289062	0.0	0.0	76.19033813476562	-28.406970977783203	442.102783203125	413.4927978515625	0.06295599043369293	1e-06
# Best epoch: 8
