# epoch	step	nll	ecut	ecut_viol	grad_norm	val_nll	val_ecut	val_ecut_viol	val_ress_zx	LR
1	27	-13.126791000366211	0.0	0.0	59.2125129699707	-13.168601036071777	283.5392761230469	269.85137939453125	0.02272375486791134	9.757729755661011e-05
2	54	-13.297920227050781	0.0	0.0	62.25123977661133	-13.389867782592773	283.6414794921875	270.2309265136719	0.021407149732112885	9.05463412215599e-05
3	81	-13.224782943725586	0.0	0.0	189.54368591308594	-13.21331787109375	281.14324951171875	267.4544677734375	0.019769446924328804	7.959536998847742e-05
4	108	-13.431312561035156	0.0	0.0	94.13981628417969	-13.452892303466797	266.7867431640625	253.24758911132812	0.024782516062259674	6.57963412215599e-05
5	135	-13.51824951171875	0.0	0.0	43.62300109863281	-13.64108943939209	255.7119598388672	242.12850952148438	0.037051551043987274	5.05e-05
6	162	-13.69892406463623	0.0	0.0	49.53458023071289	-13.701998710632324	234.26048278808594	220.23126220703125	0.033863361924886703	3.5203658778440106e-05
7	189	-13.976140975952148	0.0	0.0	52.277557373046875	-13.842500686645508	229.85043334960938	215.72166442871094	0.045332323759794235	2.1404630011522586e-05
8	216	-13.870159149169922	0.0	0.0	79.8671875	-13.912652969360352	228.4755859375	214.3086395263672	0.05457171052694321	1.0453658778440107e-05
9	243	-13.96955680847168	0.0	0.0	501.32391357421875	-13.938326835632324	221.4105682373047	207.15927124023438	0.049457959830760956	3.4227024433899e-06
10	270	-14.065200805664062	0.0	0.0	42.87367630004883	-13.978693962097168	224.1685791015625	210.02500915527344	0.05359010025858879	1e-06
# Best epoch: 8
