# epoch	step	nll	ecut	ecut_viol	grad_norm	val_nll	val_ecut	val_ecut_viol	val_ress_zx	LR
1	27	-28.165517807006836	0.0	0.0	109.54469299316406	-28.39528465270996	504.8091735839844	477.37188720703125	0.03906720131635666	9.757729755661011e-05
2	54	-28.759273529052734	0.0	0.0	156.8116455078125	-28.586774826049805	465.0793151855469	436.2506103515625	0.036411017179489136	9.05463412215599e-05
3	81	-28.736846923828125	0.0	0.0	122.68073272705078	-28.800640106201172	449.39776611328125	420.4327392578125	0.030582431703805923	7.959536998847742e-05
4	108	-28.583967208862305	0.0	0.0	106.61087799072266	-28.770374298095703	459.5294189453125	430.1844177246094	0.03901126980781555	6.57963412215599e-05
5	135	-29.084144592285156	0.0	0.0	86.49256896972656	-29.180767059326172	470.29559326171875	440.99200439453125	0.05232195556163788	5.05e-05
6	162	-29.217397689819336	0.0	0.0	94.45750427246094	-29.31859588623047	456.8194580078125	427.44842529296875	0.08417187631130219	3.5203658778440106e-05
7	189	-29.4108943939209	0.0	0.0	126.15518951416016	-29.487966537475586	435.8677978515625	406.1568298339844	0.05069884657859802	2.1404630011522586e-05
8	216	-29.50508689880371	0.0	0.0	103.40047454833984	-29.53359603881836	434.1968688964844	404.541259765625	0.09133747220039368	1.0453658778440107e-05
9	243	-29.65418815612793	0.0	0.0	126.6246566772461	-29.610916137695312	428.5108642578125	398.6261901855469	0.09782598912715912	3.4227024433899e-06
10	270	-29.695674896240234	0.0	0.0	119.76445007324219	-29.689891815185547	425.83538818359375	395.93798828125	0.1121198982000351	1e-06
# Best epoch: 10
