# epoch	step	nll	ecut	ecut_viol	grad_norm	val_nll	val_ecut	val_ecut_viol	val_ress_zx	LR
1	27	-37.02143096923828	0.0	0.0	119.37606048583984	-37.036312103271484	774.431396484375	738.5849609375	0.02129429392516613	9.757729755661011e-05
2	54	-37.349830627441406	0.0	0.0	136.52423095703125	-37.5328369140625	753.4769287109375	716.4928588867188	0.02566707134246826	9.05463412215599e-05
3	81	-37.58941650390625	0.0	0.0	157.84095764160156	-37.65381622314453	730.4506225585938	693.5838623046875	0.022670021280646324	7.959536998847742e-05
4	108	-37.62795639038086	0.0	0.0	111.29838562011719	-37.51891326904297	716.912841796875	679.5147705078125	0.03180226311087608	6.57963412215599e-05
5	135	-37.67962646484375	0.0	0.0	177.11900329589844	-37.72389602661133	708.6492919921875	671.203857421875	0.032911740243434906	5.05e-05
6	162	-37.93317794799805	0.0	0.0	141.9801025390625	-37.95081329345703	695.0101928710938	657.2380981445312	0.050382133573293686	3.5203658778440106e-05
7	189	-38.09650421142578	0.0	0.0	295.7574768066406	-38.0667610168457	684.7169799804688	646.3886108398438	0.05694609507918358	2.1404630011522586e-05
8	216	-38.12725067138672	0.0	0.0	100.41718292236328	-38.118412017822266	679.28271484375	640.8355102539062	0.05689387768507004	1.0453658778440107e-05
9	243	-38.30554962158203	0.0	0.0	95.19988250732422	-38.26389694213867	674.7783203125	636.4103393554688	0.07198895514011383	3.4227024433899e-06
10	270	-38.21659851074219	0.0	0.0	38.33066940307617	-38.31037902832031	676.036376953125	637.614990234375	0.0748346745967865	1e-06
# Best epoch: 10
