# epoch	step	nll	ecut	ecut_viol	grad_norm	val_nll	val_ecut	val_ecut_viol	val_ress_zx	LR
1	27	-0.4001934230327606	0.0	0.0	3.0250089168548584	-0.3994584083557129	1090.2672119140625	1089.928466796875	0.004631614312529564	1.4720887892512898e-05
2	54	-0.6209502220153809	0.0	0.0	2.5894112586975098	-0.6010005474090576	1030.72509765625	1030.0947265625	0.006550234742462635	2.851210519515696e-05
3	81	-0.6361691355705261	0.0	0.0	4.4997663497924805	-0.66643226146698	1009.7001953125	1008.9149780273438	0.006494700908660889	5.028853872814779e-05
4	108	-0.702547550201416	0.0	0.0	3.0857739448547363	-0.6576299667358398	1002.8302612304688	1001.97900390625	0.0073011089116334915	7.833678680135194e-05
5	135	-0.7185088396072388	0.0	0.0	4.286481857299805	-0.7230576276779175	977.8815307617188	976.9682006835938	0.007038211449980736	0.0001104499721691862
6	162	-0.8469369411468506	0.0	0.0	4.317338943481445	-0.895721435546875	891.869384765625	890.6354370117188	0.010596068575978279	0.00014410138236510013
7	189	-1.0247994661331177	0.0	0.0	6.606248378753662	-0.9630717039108276	840.9578857421875	839.5043334960938	0.012339669279754162	0.00017664327513976246
8	216	-1.093640685081482	0.0	0.0	4.584167003631592	-1.0618513822555542	802.9569091796875	801.3187866210938	0.009868607856333256	0.0002055152066998506
9	243	-1.1081087589263916	0.0	0.0	6.43431282043457	-1.1077945232391357	761.74267578125	760.0220947265625	0.016424311324954033	0.00022844549117643985
10	270	-1.291649341583252	0.0	0.0	15.403152465820312	-1.2164504528045654	706.4305419921875	704.5148315429688	0.01194335799664259	0.00024362994019690677
11	297	-1.2907078266143799	0.0	0.0	7.438364505767822	-1.3343524932861328	681.8547973632812	679.88818359375	0.02018968015909195	0.000249873819068998
12	324	-1.4122689962387085	0.0	0.0	10.129638671875	-1.3985183238983154	660.7322998046875	658.7320556640625	0.01637769490480423	0.0002490831148795666
13	351	-1.5242462158203125	0.0	0.0	11.834854125976562	-1.5183857679367065	634.244384765625	632.1549682617188	0.02126830816268921	0.0002456179920635089
14	378	-1.5600438117980957	0.0	0.0	7.788966655731201	-1.5568288564682007	620.2199096679688	618.023193359375	0.013627100735902786	0.0002396906279377499
15	405	-1.636850118637085	0.0	0.0	13.137375831604004	-1.5934209823608398	600.697998046875	598.4808349609375	0.0175740085542202	0.00023150769222457458
16	432	-1.6050453186035156	0.0	0.0	12.81170654296875	-1.6298904418945312	557.2516479492188	554.8519287109375	0.01820306107401848	0.00022135449978155481
17	459	-1.7061551809310913	0.0	0.0	18.49949073791504	-1.755133032798767	554.1531372070312	551.8265380859375	0.02236150950193405	0.00020958506251313652
18	486	-1.7388184070587158	0.0	0.0	12.468037605285645	-1.7784518003463745	535.6396484375	533.2932739257812	0.025601161643862724	0.0001966097460186159
19	513	-1.8146400451660156	0.0	0.0	11.51022720336914	-1.8347142934799194	511.65570068359375	509.2353515625	0.015762820839881897	0.0001828809613528205
20	540	-1.8944368362426758	0.0	0.0	13.392009735107422	-1.862837553024292	501.7772216796875	499.350341796875	0.030286192893981934	0.00016887739078564148
21	567	-1.9674652814865112	0.0	0.0	16.783382415771484	-1.9457674026489258	495.55682373046875	493.0901794433594	0.03402695432305336	0.00015508729756170373
22	594	-1.9661097526550293	0.0	0.0	15.65158748626709	-1.9983279705047607	487.89007568359375	485.40179443359375	0.016702616587281227	0.00014199150159967716
23	621	-2.0383405685424805	0.0	0.0	10.674482345581055	-2.0373668670654297	481.52252197265625	479.0883483886719	0.026833951473236084	0.00013004661471843258
24	648	-2.012495756149292	0.0	0.0	11.20078182220459	-2.0782530307769775	457.60205078125	455.0408935546875	0.02143247239291668	0.00011966911992830905
25	675	-2.0904269218444824	0.0	0.0	12.323088645935059	-2.042499542236328	447.3115234375	444.6878356933594	0.02419271133840084	0.00011122084989569658
26	702	-2.085085391998291	0.0	0.0	19.699926376342773	-2.1168410778045654	445.6627197265625	443.1209411621094	0.04118473827838898	0.00010499637090408714
27	729	-2.173414707183838	0.0	0.0	10.802292823791504	-2.172926425933838	440.25848388671875	437.7115478515625	0.033968523144721985	0.00010121271219569881
28	756	-2.1976068019866943	0.0	0.0	16.305660247802734	-2.1780776977539062	428.23681640625	425.67376708984375	0.03702589496970177	0.00010000179880126917
# Best epoch: 26
