# epoch	step	nll	ecut	ecut_viol	grad_norm	val_nll	val_ecut	val_ecut_viol	val_ress_zx	LR
1	27	-0.8747501373291016	0.0	0.0	7.865161895751953	-0.8674167394638062	675.8973388671875	674.5919799804688	0.021136997267603874	9.757729755661011e-05
2	54	-0.8911112546920776	0.0	0.0	5.150116443634033	-0.9206203818321228	663.2809448242188	662.0167236328125	0.026627719402313232	9.05463412215599e-05
3	81	-0.9438702464103699	0.0	0.0	5.431028842926025	-0.9475688934326172	646.2159423828125	644.89111328125	0.03000849112868309	7.959536998847742e-05
4	108	-1.0220649242401123	0.0	0.0	6.782232761383057	-0.969641923904419	627.681884765625	626.2877197265625	0.030248111113905907	6.57963412215599e-05
5	135	-1.0098634958267212	0.0	0.0	5.9236860275268555	-1.0177550315856934	614.4159545898438	612.989013671875	0.03157569468021393	5.05e-05
6	162	-1.07353675365448	0.0	0.0	5.421691417694092	-1.0417059659957886	603.80224609375	602.3529663085938	0.034464046359062195	3.5203658778440106e-05
7	189	-1.1461819410324097	0.0	0.0	4.5663580894470215	-1.0870130062103271	598.7352294921875	597.3217163085938	0.03673302382230759	2.1404630011522586e-05
8	216	-1.116328239440918	0.0	0.0	5.8095293045043945	-1.1072883605957031	594.6702880859375	593.2368774414062	0.03741887956857681	1.0453658778440107e-05
9	243	-1.0673632621765137	0.0	0.0	4.133739471435547	-1.1230454444885254	591.7823486328125	590.3485717773438	0.035699568688869476	3.4227024433899e-06
10	270	-1.1274824142456055	0.0	0.0	5.616244316101074	-1.1311776638031006	590.968017578125	589.5255126953125	0.03786487877368927	1e-06
# Best epoch: 10
