# epoch	step	nll	ecut	ecut_viol	grad_norm	val_nll	val_ecut	val_ecut_viol	val_ress_zx	LR
1	27	-1.4552578926086426	0.0	0.0	5.5968146324157715	-1.504043459892273	1528.115966796875	1527.346435546875	0.0	1.4720887892512898e-05
2	54	-2.8200016021728516	0.0	0.0	5.1796956062316895	-2.8636043071746826	1450.529052734375	1448.88916015625	0.0	2.851210519515696e-05
3	81	-3.69868803024292	0.0	0.0	7.69829797744751	-3.7522740364074707	1377.673095703125	1373.98486328125	0.0	5.028853872814779e-05
4	108	-4.5446367263793945	0.0	0.0	10.578376770019531	-4.653367042541504	1339.171142578125	1334.21044921875	0.0	7.833678680135194e-05
5	135	-5.660068511962891	0.0	0.0	28.66112518310547	-5.780864715576172	1146.893310546875	1141.03466796875	0.0003333333588670939	0.0001104499721691862
6	162	-6.621236324310303	0.0	0.0	27.42569351196289	-6.634779930114746	1074.3822021484375	1067.337158203125	0.0003333333588670939	0.00014410138236510013
7	189	-6.940024375915527	0.0	0.0	98.1924819946289	-7.336236953735352	1006.5929565429688	999.083984375	0.000853972916956991	0.00017664327513976246
8	216	-7.351860046386719	0.0	0.0	47.296119689941406	-7.1476898193359375	971.183837890625	963.3190307617188	0.0009151552803814411	0.0002055152066998506
9	243	-7.840807914733887	0.0	0.0	43.88822555541992	-7.998722076416016	899.7042846679688	891.2111206054688	0.0013947435654699802	0.00022844549117643985
10	270	-7.816831111907959	0.0	0.0	96.22367095947266	-8.055331230163574	875.8976440429688	867.0780029296875	0.0018439895939081907	0.00024362994019690677
11	297	-8.63333797454834	0.0	0.0	42.4668083190918	-8.586000442504883	814.0668334960938	804.88232421875	0.0025386076886206865	0.000249873819068998
12	324	-8.957103729248047	0.0	0.0	34.01573944091797	-8.94455623626709	769.8934326171875	760.951171875	0.0031760591082274914	0.0002490831148795666
13	351	-9.028831481933594	0.0	0.0	86.73648834228516	-9.293027877807617	721.5429077148438	711.9721069335938	0.002719392767176032	0.0002456179920635089
14	378	-9.224803924560547	0.0	0.0	70.97056579589844	-9.333930969238281	691.0987548828125	681.4140014648438	0.004292196128517389	0.0002396906279377499
15	405	-9.454996109008789	0.0	0.0	96.68864440917969	-9.448406219482422	642.394287109375	632.5536499023438	0.004332490265369415	0.00023150769222457458
16	432	-9.870315551757812	0.0	0.0	65.17990112304688	-9.974380493164062	579.8580322265625	569.3010864257812	0.00582251837477088	0.00022135449978155481
17	459	-9.592782974243164	0.0	0.0	92.58294677734375	-9.279297828674316	557.4339599609375	546.9915771484375	0.00488064531236887	0.00020958506251313652
18	486	-10.106700897216797	0.0	0.0	67.56428527832031	-10.083837509155273	552.7665405273438	542.583984375	0.006663569249212742	0.0001966097460186159
19	513	-10.181867599487305	0.0	0.0	47.09188461303711	-10.090583801269531	512.1047973632812	501.76544189453125	0.006956466939300299	0.0001828809613528205
20	540	-10.671648979187012	0.0	0.0	96.7890853881836	-10.748408317565918	476.62103271484375	465.9733581542969	0.009684212505817413	0.00016887739078564148
21	567	-10.933478355407715	0.0	0.0	60.123287200927734	-10.977523803710938	449.5684509277344	438.613037109375	0.008273866958916187	0.00015508729756170373
22	594	-10.910704612731934	0.0	0.0	53.89088439941406	-10.884893417358398	445.5655212402344	434.3971862792969	0.003842767793685198	0.00014199150159967716
23	621	-11.269498825073242	0.0	0.0	80.73448181152344	-11.256705284118652	409.3333740234375	398.08514404296875	0.011110307648777962	0.00013004661471843258
24	648	-11.317221641540527	0.0	0.0	65.08463287353516	-11.364072799682617	388.2269287109375	376.81951904296875	0.014309126883745193	0.00011966911992830905
25	675	-11.572806358337402	0.0	0.0	61.95637130737305	-11.6218900680542	372.183837890625	360.4849853515625	0.015831340104341507	0.00011122084989569658
26	702	-11.531112670898438	0.0	0.0	125.84732055664062	-11.59007453918457	387.6012878417969	376.0465087890625	0.01616854779422283	0.00010499637090408714
27	729	-11.694796562194824	0.0	0.0	62.10506057739258	-11.799193382263184	358.848876953125	347.149658203125	0.02311587706208229	0.00010121271219569881
28	756	-11.903013229370117	0.0	0.0	41.38268280029297	-11.809576034545898	329.9136657714844	317.5689392089844	0.013563725166022778	0.00010000179880126917
# Best epoch: 27
