# epoch	step	nll	ecut	ecut_viol	grad_norm	val_nll	val_ecut	val_ecut_viol	val_ress_zx	LR
1	27	-39.71674346923828	0.0	0.0	102.86181640625	-39.586570739746094	650.6422729492188	611.2533569335938	0.0390811413526535	9.757729755661011e-05
2	54	-39.98668670654297	0.0	0.0	239.4362335205078	-39.654808044433594	639.9400634765625	600.0075073242188	0.03414138779044151	9.05463412215599e-05
3	81	-39.985652923583984	0.0	0.0	111.67483520507812	-40.07371139526367	627.9154663085938	588.413818359375	0.05241794511675835	7.959536998847742e-05
4	108	-40.16309356689453	0.0	0.0	351.33160400390625	-40.1441535949707	612.7786254882812	572.61865234375	0.042472369968891144	6.57963412215599e-05
5	135	-40.09023666381836	0.0	0.0	379.7034912109375	-39.88013458251953	608.3305053710938	568.0048828125	0.03777372092008591	5.05e-05
6	162	-40.24058532714844	0.0	0.0	146.76431274414062	-40.327392578125	603.9938354492188	563.5551147460938	0.06678038090467453	3.5203658778440106e-05
7	189	-40.26527404785156	0.0	0.0	152.037841796875	-40.367919921875	600.5576171875	560.0521850585938	0.045653775334358215	2.1404630011522586e-05
8	216	-40.68778991699219	0.0	0.0	185.7410125732422	-40.69071578979492	587.3748779296875	546.5224609375	0.03887246921658516	1.0453658778440107e-05
9	243	-40.79633331298828	0.0	0.0	81.35124206542969	-40.79999542236328	593.3605346679688	552.463623046875	0.0858081504702568	3.4227024433899e-06
10	270	-40.86655807495117	0.0	0.0	123.20927429199219	-40.87846374511719	586.798583984375	545.6976928710938	0.07031866163015366	1e-06
# Best epoch: 9
