# epoch	step	nll	ecut	ecut_viol	grad_norm	val_nll	val_ecut	val_ecut_viol	val_ress_zx	LR
1	27	-17.627758026123047	0.0	0.0	92.6384506225586	-17.803115844726562	424.437744140625	406.3293151855469	0.013545237481594086	9.757729755661011e-05
2	54	-18.038433074951172	0.0	0.0	67.14382934570312	-18.091535568237305	407.8794860839844	389.5714111328125	0.02992534451186657	9.05463412215599e-05
3	81	-18.25377655029297	0.0	0.0	59.12957000732422	-18.208728790283203	382.8482666015625	364.11053466796875	0.018887750804424286	7.959536998847742e-05
4	108	-18.524145126342773	0.0	0.0	41.07728576660156	-18.313426971435547	377.12359619140625	358.3804626464844	0.03801476210355759	6.57963412215599e-05
5	135	-18.458423614501953	0.0	0.0	84.69293212890625	-18.5142879486084	362.4991455078125	343.4839782714844	0.03913962468504906	5.05e-05
6	162	-18.615253448486328	0.0	0.0	56.9664421081543	-18.54688262939453	360.0417175292969	340.91168212890625	0.042871713638305664	3.5203658778440106e-05
7	189	-18.690502166748047	0.0	0.0	88.10507202148438	-18.68629264831543	355.34136962890625	336.191162109375	0.04848642274737358	2.1404630011522586e-05
8	216	-18.80362319946289	0.0	0.0	48.63816452026367	-18.73500633239746	352.5954284667969	333.49505615234375	0.04912054166197777	1.0453658778440107e-05
9	243	-18.925661087036133	0.0	0.0	61.516780853271484	-18.817914962768555	348.1213073730469	328.907470703125	0.052502479404211044	3.4227024433899e-06
10	270	-18.850784301757812	0.0	0.0	33.00768280029297	-18.850833892822266	346.120361328125	326.88482666015625	0.06044936180114746	1e-06
# Best epoch: 10
