# epoch	step	nll	ecut	ecut_viol	grad_norm	val_nll	val_ecut	val_ecut_viol	val_ress_zx	LR
1	27	-34.428260803222656	0.0	0.0	205.210205078125	-34.393104553222656	850.274169921875	816.4117431640625	0.020654795691370964	9.757729755661011e-05
2	54	-34.81378936767578	0.0	0.0	130.0847930908203	-34.78199005126953	835.53271484375	801.501220703125	0.023029614239931107	9.05463412215599e-05
3	81	-34.92974853515625	0.0	0.0	126.24535369873047	-35.009063720703125	827.282958984375	792.6110229492188	0.034504055976867676	7.959536998847742e-05
4	108	-34.944297790527344	0.0	0.0	171.61000061035156	-34.99612808227539	830.51220703125	795.845703125	0.024285446852445602	6.57963412215599e-05
5	135	-34.97658920288086	0.0	0.0	181.65599060058594	-35.2098388671875	811.5233154296875	776.3839721679688	0.028737662360072136	5.05e-05
6	162	-35.32246780395508	0.0	0.0	78.92803192138672	-35.31073760986328	801.33642578125	766.076171875	0.02807966247200966	3.5203658778440106e-05
7	189	-35.38047790527344	0.0	0.0	103.13732147216797	-35.412994384765625	803.1359252929688	767.6124877929688	0.028150059282779694	2.1404630011522586e-05
8	216	-35.44660949707031	0.0	0.0	153.0968017578125	-35.45293426513672	801.0484619140625	765.4047241210938	0.03720078617334366	1.0453658778440107e-05
9	243	-35.58430480957031	0.0	0.0	65.36445617675781	-35.53936767578125	800.5997314453125	764.8828125	0.037444449961185455	3.4227024433899e-06
10	270	-35.66219711303711	0.0	0.0	34.77326583862305	-35.576622009277344	800.9855346679688	765.18896484375	0.04077420383691788	1e-06
# Best epoch: 10
