# epoch	step	nll	ecut	ecut_viol	grad_norm	val_nll	val_ecut	val_ecut_viol	val_ress_zx	LR
1	27	-23.161664962768555	0.0	0.0	68.69754028320312	-23.20583152770996	337.63177490234375	314.1348876953125	0.04902555048465729	9.757729755661011e-05
2	54	-23.663585662841797	0.0	0.0	48.33863830566406	-23.597225189208984	318.65496826171875	294.5606384277344	0.0337819904088974	9.05463412215599e-05
3	81	-23.6212215423584	0.0	0.0	87.00360870361328	-23.611858367919922	305.18975830078125	280.81829833984375	0.05274044722318649	7.959536998847742e-05
4	108	-23.47423553466797	0.0	0.0	95.46467590332031	-23.650869369506836	305.85919189453125	281.4576416015625	0.05623319372534752	6.57963412215599e-05
5	135	-23.80841827392578	0.0	0.0	52.953975677490234	-23.847373962402344	295.60614013671875	270.99359130859375	0.08411014080047607	5.05e-05
6	162	-23.932788848876953	0.0	0.0	112.58096313476562	-23.841949462890625	302.69488525390625	278.1927185058594	0.05337951332330704	3.5203658778440106e-05
7	189	-24.044708251953125	0.0	0.0	49.25681686401367	-23.95075035095215	297.01361083984375	272.3241882324219	0.08593397587537766	2.1404630011522586e-05
8	216	-24.187795639038086	0.0	0.0	43.62461853027344	-24.06683349609375	292.2557067871094	267.4551696777344	0.07158529758453369	1.0453658778440107e-05
9	243	-24.147823333740234	0.0	0.0	69.0671157836914	-24.106969833374023	289.43597412109375	264.597412109375	0.06208633631467819	3.4227024433899e-06
10	270	-24.203048706054688	0.0	0.0	92.03580474853516	-24.14037322998047	283.0599060058594	258.1226501464844	0.09133969247341156	1e-06
# Best epoch: 10
