# epoch	step	nll	ecut	ecut_viol	grad_norm	val_nll	val_ecut	val_ecut_viol	val_ress_zx	LR
1	27	-11.086668968200684	0.0	0.0	43.40166473388672	-11.524588584899902	1615.140380859375	1614.277099609375	0.0	1.4720887892512898e-05
2	54	-18.770292282104492	0.0	0.0	406.5242614746094	-19.140562057495117	1563.8919677734375	1558.701171875	0.0	2.851210519515696e-05
3	81	-23.965839385986328	0.0	0.0	62.842044830322266	-24.288753509521484	1583.5887451171875	1574.129638671875	0.0	5.028853872814779e-05
4	108	-28.8635311126709	0.0	0.0	231.1840057373047	-28.687108993530273	1604.6494140625	1587.733642578125	0.0	7.833678680135194e-05
5	135	-29.317190170288086	0.0	0.0	480.90093994140625	-29.583877563476562	1574.81103515625	1552.7064208984375	0.0	0.0001104499721691862
6	162	-28.8720760345459	0.0	0.0	347.5710144042969	-28.874874114990234	1523.52001953125	1501.91455078125	0.0	0.00014410138236510013
7	189	-30.64241600036621	0.0	0.0	423.4977111816406	-31.039867401123047	1446.8333740234375	1422.602294921875	0.0	0.00017664327513976246
8	216	-32.89155578613281	0.0	0.0	192.20126342773438	-29.270864486694336	1361.71533203125	1335.6409912109375	0.0	0.0002055152066998506
9	243	-25.972105026245117	0.0	0.0	1022.4006958007812	-27.836116790771484	1261.390869140625	1235.329345703125	0.0	0.00022844549117643985
10	270	-31.833364486694336	0.0	0.0	554.6271362304688	-32.31077194213867	1273.905029296875	1248.654541015625	0.0	0.00024362994019690677
11	297	-32.633705139160156	0.0	0.0	236.0664825439453	-33.10525131225586	1178.919677734375	1152.20068359375	0.0	0.000249873819068998
12	324	-33.7672119140625	0.0	0.0	302.95928955078125	-34.31163787841797	1151.601806640625	1121.3597412109375	0.0006666667177341878	0.0002490831148795666
13	351	-32.721405029296875	0.0	0.0	860.8216552734375	-31.24783706665039	1138.9744873046875	1105.75146484375	0.0003333333588670939	0.0002456179920635089
14	378	-35.54102325439453	0.0	0.0	302.2824401855469	-35.968482971191406	1130.527099609375	1097.7720947265625	0.0012484135804697871	0.0002396906279377499
15	405	-36.44560241699219	0.0	0.0	413.93896484375	-36.573448181152344	1134.421142578125	1101.680419921875	0.0010000000474974513	0.00023150769222457458
16	432	-37.41020584106445	0.0	0.0	282.4571838378906	-36.8006477355957	1111.4757080078125	1077.5225830078125	0.001928223529830575	0.00022135449978155481
17	459	-36.926631927490234	0.0	0.0	308.0329284667969	-36.75879669189453	1093.45654296875	1058.7078857421875	0.0023256270214915276	0.00020958506251313652
18	486	-37.532981872558594	0.0	0.0	318.9693908691406	-38.31490707397461	1089.044921875	1053.501220703125	0.006905659567564726	0.0001966097460186159
19	513	-38.031455993652344	0.0	0.0	438.4883728027344	-37.7878303527832	1081.527587890625	1045.97705078125	0.004886026494204998	0.0001828809613528205
20	540	-38.52519226074219	0.0	0.0	305.7886047363281	-38.40800476074219	1105.5479736328125	1069.4344482421875	0.006069280207157135	0.00016887739078564148
21	567	-38.79603576660156	0.0	0.0	285.3116149902344	-38.694419860839844	1107.190673828125	1070.348388671875	0.006695536430925131	0.00015508729756170373
22	594	-38.94424057006836	0.0	0.0	221.33123779296875	-38.93193054199219	1078.47509765625	1041.390380859375	0.009478191845119	0.00014199150159967716
23	621	-39.262428283691406	0.0	0.0	347.3304443359375	-38.98847198486328	1063.226318359375	1025.364990234375	0.008759047836065292	0.00013004661471843258
24	648	-39.277069091796875	0.0	0.0	188.4049072265625	-39.36822509765625	1055.8421630859375	1017.7506713867188	0.014464972540736198	0.00011966911992830905
25	675	-39.54452133178711	0.0	0.0	184.61036682128906	-39.584861755371094	1042.137939453125	1003.9442749023438	0.010007205419242382	0.00011122084989569658
26	702	-39.92985153198242	0.0	0.0	95.25918579101562	-39.87902069091797	1041.88671875	1002.9488525390625	0.018167760223150253	0.00010499637090408714
27	729	-40.05388259887695	0.0	0.0	195.13482666015625	-40.01216506958008	1039.579345703125	1000.1976928710938	0.01614437624812126	0.00010121271219569881
28	756	-39.967342376708984	0.0	0.0	273.5260314941406	-39.8455810546875	1029.392578125	989.8663940429688	0.0184192918241024	0.00010000179880126917
# Best epoch: 28
