# epoch	step	nll	ecut	ecut_viol	grad_norm	val_nll	val_ecut	val_ecut_viol	val_ress_zx	LR
1	27	-30.13614273071289	0.0	0.0	175.00083923339844	-30.25728416442871	629.173583984375	599.09619140625	0.02096129022538662	9.757729755661011e-05
2	54	-30.867877960205078	0.0	0.0	67.02759552001953	-30.910856246948242	592.439208984375	561.590087890625	0.0514102503657341	9.05463412215599e-05
3	81	-30.59770965576172	0.0	0.0	102.53226470947266	-30.874656677246094	591.8856201171875	561.0192260742188	0.02724830061197281	7.959536998847742e-05
4	108	-30.85739517211914	0.0	0.0	102.0286636352539	-31.10055160522461	598.9506225585938	567.9091796875	0.042912065982818604	6.57963412215599e-05
5	135	-30.866390228271484	0.0	0.0	152.9875946044922	-30.952131271362305	571.3572387695312	539.8373413085938	0.027841169387102127	5.05e-05
6	162	-30.86345672607422	0.0	0.0	173.4994659423828	-31.155691146850586	562.13623046875	530.5465698242188	0.051382701843976974	3.5203658778440106e-05
7	189	-31.25599479675293	0.0	0.0	85.3416519165039	-31.274694442749023	555.2568359375	523.5382080078125	0.047224994748830795	2.1404630011522586e-05
8	216	-31.374603271484375	0.0	0.0	95.8659439086914	-31.50063133239746	546.7088623046875	514.794677734375	0.06162431091070175	1.0453658778440107e-05
9	243	-31.525177001953125	0.0	0.0	73.24564361572266	-31.5589599609375	543.2901611328125	511.3360290527344	0.06879685819149017	3.4227024433899e-06
10	270	-31.52016830444336	0.0	0.0	210.12136840820312	-31.596027374267578	541.345458984375	509.31500244140625	0.07146283984184265	1e-06
# Best epoch: 10
