# epoch	step	nll	ecut	ecut_viol	grad_norm	val_nll	val_ecut	val_ecut_viol	val_ress_zx	LR
1	27	-44.136573791503906	0.0	0.0	249.28652954101562	-44.119956970214844	956.4827880859375	916.1407470703125	0.012874629348516464	9.757729755661011e-05
2	54	-44.837646484375	0.0	0.0	120.30953979492188	-45.03350830078125	968.04248046875	925.5052490234375	0.031736865639686584	9.05463412215599e-05
3	81	-44.9793815612793	0.0	0.0	371.8974609375	-45.06986618041992	945.482421875	902.1514892578125	0.03372545540332794	7.959536998847742e-05
4	108	-44.78972625732422	0.0	0.0	374.9515686035156	-45.043426513671875	935.20166015625	891.7552490234375	0.03428836911916733	6.57963412215599e-05
5	135	-45.117401123046875	0.0	0.0	449.9247741699219	-45.03263473510742	919.3927612304688	875.625732421875	0.02825857326388359	5.05e-05
6	162	-45.3148307800293	0.0	0.0	145.06674194335938	-45.43275451660156	908.9676513671875	864.9114990234375	0.0285280030220747	3.5203658778440106e-05
7	189	-45.37248229980469	0.0	0.0	230.09304809570312	-45.48890686035156	910.78466796875	866.1761474609375	0.030978089198470116	2.1404630011522586e-05
8	216	-45.5079345703125	0.0	0.0	131.66441345214844	-45.518760681152344	907.069091796875	862.3241577148438	0.052041538059711456	1.0453658778440107e-05
9	243	-45.676719665527344	0.0	0.0	79.17259979248047	-45.65604782104492	903.0872802734375	858.1911010742188	0.053026191890239716	3.4227024433899e-06
10	270	-45.784358978271484	0.0	0.0	120.01061248779297	-45.719764709472656	898.069091796875	853.0662841796875	0.05352305993437767	1e-06
# Best epoch: 10
