# epoch	step	nll	ecut	ecut_viol	grad_norm	val_nll	val_ecut	val_ecut_viol	val_ress_zx	LR
1	27	-2.86995267868042	0.0	0.0	14.399188995361328	-2.887179136276245	443.05572509765625	439.87469482421875	0.02134212851524353	9.757729755661011e-05
2	54	-2.937854528427124	0.0	0.0	13.987150192260742	-2.897428274154663	427.65325927734375	424.3775634765625	0.02740745060145855	9.05463412215599e-05
3	81	-2.9229676723480225	0.0	0.0	25.679719924926758	-2.9700047969818115	425.3861999511719	422.1540222167969	0.030955275520682335	7.959536998847742e-05
4	108	-2.916987895965576	0.0	0.0	15.403700828552246	-2.9893290996551514	424.3091735839844	421.00360107421875	0.03489864245057106	6.57963412215599e-05
5	135	-3.0497310161590576	0.0	0.0	13.865276336669922	-3.046546459197998	409.1824645996094	405.8826904296875	0.03846978768706322	5.05e-05
6	162	-3.07210636138916	0.0	0.0	21.78761100769043	-3.085285186767578	403.53436279296875	400.248046875	0.03633793443441391	3.5203658778440106e-05
7	189	-3.163350820541382	0.0	0.0	15.911297798156738	-3.127697706222534	396.04278564453125	392.7037048339844	0.04151792451739311	2.1404630011522586e-05
8	216	-3.130817174911499	0.0	0.0	16.385562896728516	-3.1487159729003906	395.74267578125	392.3887939453125	0.03797826170921326	1.0453658778440107e-05
9	243	-3.1590113639831543	0.0	0.0	16.362224578857422	-3.1747050285339355	393.3011169433594	389.96356201171875	0.03603455796837807	3.4227024433899e-06
10	270	-3.2483391761779785	0.0	0.0	16.6650333404541	-3.1851868629455566	392.6861267089844	389.3462829589844	0.03644128143787384	1e-06
# Best epoch: 7
