# epoch	step	nll	ecut	ecut_viol	grad_norm	val_nll	val_ecut	val_ecut_viol	val_ress_zx	LR
1	27	-10.690290451049805	0.0	0.0	71.49601745605469	-10.769316673278809	304.4560241699219	293.62310791015625	0.017624428495764732	9.757729755661011e-05
2	54	-10.887598991394043	0.0	0.0	61.982513427734375	-10.831466674804688	294.1217041015625	283.1258544921875	0.01970181241631508	9.05463412215599e-05
3	81	-11.008934020996094	0.0	0.0	113.72892761230469	-11.024755477905273	284.28826904296875	273.32354736328125	0.02480481192469597	7.959536998847742e-05
4	108	-11.092987060546875	0.0	0.0	67.42619323730469	-11.039819717407227	271.8709716796875	260.6334228515625	0.01886114291846752	6.57963412215599e-05
5	135	-11.272224426269531	0.0	0.0	130.4066162109375	-11.098104476928711	268.8050537109375	257.63232421875	0.02549458108842373	5.05e-05
6	162	-11.17737102508545	0.0	0.0	158.07069396972656	-11.107383728027344	264.4998779296875	253.31163024902344	0.023022040724754333	3.5203658778440106e-05
7	189	-11.366477012634277	0.0	0.0	46.75022888183594	-11.302862167358398	254.8204345703125	243.49972534179688	0.023786738514900208	2.1404630011522586e-05
8	216	-11.533903121948242	0.0	0.0	87.77825927734375	-11.43293285369873	248.6395721435547	237.2025604248047	0.026916060596704483	1.0453658778440107e-05
9	243	-11.578634262084961	0.0	0.0	46.369346618652344	-11.46252727508545	245.13427734375	233.6126708984375	0.028538234531879425	3.4227024433899e-06
10	270	-11.550551414489746	0.0	0.0	214.19418334960938	-11.502578735351562	244.9898681640625	233.52099609375	0.030051682144403458	1e-06
# Best epoch: 10
