# epoch	step	nll	ecut	ecut_viol	grad_norm	val_nll	val_ecut	val_ecut_viol	val_ress_zx	LR
1	27	-38.20634078979492	0.0	0.0	133.6140594482422	-38.17454147338867	727.8644409179688	691.4586181640625	0.02044578641653061	9.757729755661011e-05
2	54	-38.49390411376953	0.0	0.0	296.43524169921875	-38.1348762512207	683.7239990234375	645.532958984375	0.041261814534664154	9.05463412215599e-05
3	81	-38.82841491699219	0.0	0.0	165.557373046875	-38.70470428466797	652.3197631835938	613.7557373046875	0.02379801869392395	7.959536998847742e-05
4	108	-38.716896057128906	0.0	0.0	112.255615234375	-38.876373291015625	647.0824584960938	608.4619140625	0.035295017063617706	6.57963412215599e-05
5	135	-38.82971954345703	0.0	0.0	236.12503051757812	-38.86587142944336	630.9841918945312	591.796630859375	0.05903276428580284	5.05e-05
6	162	-39.12174987792969	0.0	0.0	196.70054626464844	-39.04419708251953	622.6124877929688	583.2720947265625	0.03204072266817093	3.5203658778440106e-05
7	189	-39.28094482421875	0.0	0.0	116.70731353759766	-39.38315963745117	614.903076171875	575.590087890625	0.06093611568212509	2.1404630011522586e-05
8	216	-39.35005569458008	0.0	0.0	129.8343963623047	-39.42203140258789	610.6943969726562	571.0736694335938	0.04340466111898422	1.0453658778440107e-05
9	243	-39.54649353027344	0.0	0.0	138.21929931640625	-39.51821517944336	601.0645141601562	561.3954467773438	0.07712718844413757	3.4227024433899e-06
10	270	-39.55712890625	0.0	0.0	104.8936996459961	-39.604164123535156	606.2576904296875	566.4970703125	0.06609049439430237	1e-06
# Best epoch: 9
