# epoch	step	nll	ecut	ecut_viol	grad_norm	val_nll	val_ecut	val_ecut_viol	val_ress_zx	LR
1	27	-34.03024673461914	0.0	0.0	90.361083984375	-34.240901947021484	554.1107788085938	520.69482421875	0.047308944165706635	9.757729755661011e-05
2	54	-34.57168197631836	0.0	0.0	114.81809997558594	-34.531673431396484	513.2037353515625	478.8760681152344	0.057097017765045166	9.05463412215599e-05
3	81	-34.414649963378906	0.0	0.0	176.43775939941406	-34.20125961303711	512.1165771484375	477.29852294921875	0.061368804425001144	7.959536998847742e-05
4	108	-34.59910202026367	0.0	0.0	173.67221069335938	-34.6220703125	487.7891540527344	452.6568298339844	0.01920553855597973	6.57963412215599e-05
5	135	-34.6446647644043	0.0	0.0	279.17596435546875	-34.686500549316406	484.50958251953125	449.6167907714844	0.06378861516714096	5.05e-05
6	162	-34.80990219116211	0.0	0.0	106.33039093017578	-34.76830291748047	473.1192321777344	438.0595703125	0.05669932812452316	3.5203658778440106e-05
7	189	-34.997718811035156	0.0	0.0	59.47991180419922	-35.00970458984375	464.5511169433594	429.0953063964844	0.058803729712963104	2.1404630011522586e-05
8	216	-35.089874267578125	0.0	0.0	123.38114166259766	-35.123504638671875	460.357421875	424.9172058105469	0.08314169943332672	1.0453658778440107e-05
9	243	-35.21833038330078	0.0	0.0	118.06159210205078	-35.24187088012695	458.73321533203125	423.1363220214844	0.1052200123667717	3.4227024433899e-06
10	270	-35.31858444213867	0.0	0.0	125.63785552978516	-35.2683219909668	458.85888671875	423.3384704589844	0.11394757032394409	1e-06
# Best epoch: 10
