# epoch	step	nll	ecut	ecut_viol	grad_norm	val_nll	val_ecut	val_ecut_viol	val_ress_zx	LR
1	27	-23.135311126708984	0.0	0.0	118.10515594482422	-23.250877380371094	618.8134155273438	595.4833374023438	0.01728435419499874	9.757729755661011e-05
2	54	-23.294599533081055	0.0	0.0	105.2506332397461	-23.34127426147461	596.4752197265625	573.2708129882812	0.019455868750810623	9.05463412215599e-05
3	81	-23.495952606201172	0.0	0.0	98.18418884277344	-23.55965805053711	570.6395263671875	546.939697265625	0.0398111529648304	7.959536998847742e-05
4	108	-23.801010131835938	0.0	0.0	185.86111450195312	-23.79364585876465	566.7247314453125	542.6988525390625	0.032397180795669556	6.57963412215599e-05
5	135	-23.804075241088867	0.0	0.0	70.54063415527344	-23.76433563232422	543.9915771484375	520.4306030273438	0.03612297773361206	5.05e-05
6	162	-24.00844383239746	0.0	0.0	123.47809600830078	-24.03299331665039	537.6176147460938	513.1531982421875	0.02355274185538292	3.5203658778440106e-05
7	189	-24.148574829101562	0.0	0.0	103.20223236083984	-24.179271697998047	528.900634765625	504.54876708984375	0.051757168024778366	2.1404630011522586e-05
8	216	-24.364553451538086	0.0	0.0	51.005802154541016	-24.274959564208984	516.8839111328125	492.4092712402344	0.02658744715154171	1.0453658778440107e-05
9	243	-24.354488372802734	0.0	0.0	152.55886840820312	-24.362579345703125	507.96856689453125	483.3811950683594	0.031665075570344925	3.4227024433899e-06
10	270	-24.47484588623047	0.0	0.0	61.17702102661133	-24.42727279663086	513.916748046875	489.28106689453125	0.05575297400355339	1e-06
# Best epoch: 10
