# epoch	step	nll	ecut	ecut_viol	grad_norm	val_nll	val_ecut	val_ecut_viol	val_ress_zx	LR
1	27	-8.861311912536621	0.0	0.0	41.28367614746094	-9.128981590270996	1614.49560546875	1613.41259765625	0.0	1.4720887892512898e-05
2	54	-14.569482803344727	0.0	0.0	29.698322296142578	-14.819548606872559	1576.15673828125	1571.366943359375	0.0	2.851210519515696e-05
3	81	-20.01700210571289	0.0	0.0	140.9111328125	-20.167945861816406	1584.2860107421875	1574.8988037109375	0.0	5.028853872814779e-05
4	108	-24.07826805114746	0.0	0.0	245.00367736816406	-23.837223052978516	1583.200439453125	1567.0604248046875	0.0	7.833678680135194e-05
5	135	-25.894012451171875	0.0	0.0	381.38134765625	-25.870832443237305	1524.443115234375	1502.771240234375	0.0	0.0001104499721691862
6	162	-26.2398738861084	0.0	0.0	335.220703125	-26.366247177124023	1468.2783203125	1446.2591552734375	0.0	0.00014410138236510013
7	189	-26.79010581970215	0.0	0.0	319.971923828125	-27.764972686767578	1351.010009765625	1327.721923828125	0.0	0.00017664327513976246
8	216	-26.742218017578125	0.0	0.0	199.6126708984375	-26.228321075439453	1330.9222412109375	1308.054931640625	0.0	0.0002055152066998506
9	243	-27.911405563354492	0.0	0.0	342.3041076660156	-28.89069175720215	1245.379638671875	1220.896728515625	0.0006666667177341878	0.00022844549117643985
10	270	-28.189443588256836	0.0	0.0	178.2065887451172	-29.31117057800293	1249.2698974609375	1224.957275390625	0.0003333333588670939	0.00024362994019690677
11	297	-29.949377059936523	0.0	0.0	286.16387939453125	-29.415786743164062	1226.4263916015625	1199.725830078125	0.0011687126243487	0.000249873819068998
12	324	-28.988576889038086	0.0	0.0	210.63438415527344	-29.2655086517334	1191.560791015625	1168.4111328125	0.0006520991446450353	0.0002490831148795666
13	351	-31.009288787841797	0.0	0.0	166.66030883789062	-31.124176025390625	1171.773193359375	1144.54443359375	0.0018882581498473883	0.0002456179920635089
14	378	-31.143524169921875	0.0	0.0	229.3361053466797	-31.20010757446289	1111.52099609375	1083.124267578125	0.002012028358876705	0.0002396906279377499
15	405	-31.674312591552734	0.0	0.0	314.5250244140625	-31.93014907836914	1073.9967041015625	1044.945068359375	0.0026936109643429518	0.00023150769222457458
16	432	-32.565895080566406	0.0	0.0	164.7361297607422	-32.886451721191406	1022.1281127929688	991.5654296875	0.0032082884572446346	0.00022135449978155481
17	459	-32.24836349487305	0.0	0.0	263.8514404296875	-32.145912170410156	1037.5849609375	1007.332763671875	0.0055772787891328335	0.00020958506251313652
18	486	-33.48609924316406	0.0	0.0	153.97109985351562	-33.49949264526367	990.72314453125	959.4642333984375	0.005747879855334759	0.0001966097460186159
19	513	-33.26210403442383	0.0	0.0	141.55154418945312	-33.46832275390625	982.600341796875	951.2305908203125	0.006705378647893667	0.0001828809613528205
20	540	-33.839752197265625	0.0	0.0	184.19932556152344	-33.961002349853516	934.656982421875	902.2159423828125	0.012925105169415474	0.00016887739078564148
21	567	-34.05741882324219	0.0	0.0	124.42655181884766	-33.99666213989258	921.1494140625	888.6376953125	0.009462155401706696	0.00015508729756170373
22	594	-34.1361198425293	0.0	0.0	80.29129028320312	-34.17466735839844	895.2438354492188	862.4617919921875	0.014175688847899437	0.00014199150159967716
23	621	-34.61003112792969	0.0	0.0	90.78514099121094	-34.53815460205078	877.45947265625	843.8563232421875	0.021093932911753654	0.00013004661471843258
24	648	-33.99781036376953	0.0	0.0	155.01963806152344	-33.86570739746094	874.015869140625	840.7299194335938	0.01237969659268856	0.00011966911992830905
25	675	-34.73258590698242	0.0	0.0	127.95538330078125	-34.62136459350586	857.3447265625	823.2908935546875	0.016331346705555916	0.00011122084989569658
26	702	-34.69407653808594	0.0	0.0	108.41214752197266	-34.73100280761719	858.9986572265625	824.9042358398438	0.026335686445236206	0.00010499637090408714
27	729	-34.783443450927734	0.0	0.0	124.05532836914062	-34.91063690185547	835.7540283203125	800.8724365234375	0.010296001099050045	0.00010121271219569881
28	756	-34.51903533935547	0.0	0.0	194.3022918701172	-34.615447998046875	846.7040405273438	812.2320556640625	0.01732894778251648	0.00010000179880126917
# Best epoch: 26
