# epoch	step	nll	ecut	ecut_viol	grad_norm	val_nll	val_ecut	val_ecut_viol	val_ress_zx	LR
1	27	-0.4339604377746582	0.0	0.0	3.5641283988952637	-0.41830509901046753	652.2264404296875	651.4215087890625	0.0424063615500927	9.757729755661011e-05
2	54	-0.47409701347351074	0.0	0.0	5.709852695465088	-0.440900981426239	636.648193359375	635.845703125	0.04232306033372879	9.05463412215599e-05
3	81	-0.5249866843223572	0.0	0.0	3.345660924911499	-0.4588392674922943	618.76611328125	617.900390625	0.036898963153362274	7.959536998847742e-05
4	108	-0.5080695152282715	0.0	0.0	4.827201843261719	-0.47591838240623474	609.7904663085938	608.9193115234375	0.05313456058502197	6.57963412215599e-05
5	135	-0.5372873544692993	0.0	0.0	4.460484981536865	-0.4859579801559448	599.4240112304688	598.535888671875	0.051213398575782776	5.05e-05
6	162	-0.5575588941574097	0.0	0.0	6.463991165161133	-0.5051996111869812	589.474365234375	588.5790405273438	0.05346333235502243	3.5203658778440106e-05
7	189	-0.5874994397163391	0.0	0.0	4.068240165710449	-0.5272960066795349	583.412841796875	582.5125732421875	0.056752439588308334	2.1404630011522586e-05
8	216	-0.6075782179832458	0.0	0.0	3.2643730640411377	-0.5414674282073975	578.1534423828125	577.2545776367188	0.05928494781255722	1.0453658778440107e-05
9	243	-0.5970931649208069	0.0	0.0	3.284240484237671	-0.5518238544464111	576.20361328125	575.3027954101562	0.06131007522344589	3.4227024433899e-06
10	270	-0.5644411444664001	0.0	0.0	4.029603958129883	-0.5542082786560059	575.869384765625	574.97021484375	0.0602942630648613	1e-06
# Best epoch: 9
