# epoch	step	nll	ecut	ecut_viol	grad_norm	val_nll	val_ecut	val_ecut_viol	val_ress_zx	LR
1	27	-19.45014190673828	0.0	0.0	66.82077026367188	-19.368803024291992	390.5954284667969	370.97314453125	0.029758399352431297	9.757729755661011e-05
2	54	-19.6706600189209	0.0	0.0	101.00473022460938	-19.690126419067383	359.01654052734375	338.995361328125	0.031762734055519104	9.05463412215599e-05
3	81	-19.69793701171875	0.0	0.0	77.93689727783203	-19.792987823486328	358.14208984375	338.1442565917969	0.03816188871860504	7.959536998847742e-05
4	108	-19.762435913085938	0.0	0.0	106.89080810546875	-19.80060386657715	346.8280029296875	326.766845703125	0.038518164306879044	6.57963412215599e-05
5	135	-19.863052368164062	0.0	0.0	102.35100555419922	-19.962308883666992	337.2984313964844	317.0437316894531	0.0432770773768425	5.05e-05
6	162	-20.02773094177246	0.0	0.0	87.26849365234375	-20.02808952331543	328.8939208984375	308.41766357421875	0.03012978844344616	3.5203658778440106e-05
7	189	-20.114574432373047	0.0	0.0	74.14265441894531	-20.079975128173828	319.0633850097656	298.40655517578125	0.05317055433988571	2.1404630011522586e-05
8	216	-20.176660537719727	0.0	0.0	64.412841796875	-20.218292236328125	318.2331848144531	297.5425720214844	0.058847930282354355	1.0453658778440107e-05
9	243	-20.238494873046875	0.0	0.0	120.70489501953125	-20.274423599243164	314.45025634765625	293.7620849609375	0.06276066601276398	3.4227024433899e-06
10	270	-20.223114013671875	0.0	0.0	50.43007278442383	-20.302776336669922	314.8987121582031	294.1278076171875	0.06644347310066223	1e-06
# Best epoch: 10
