# epoch	step	nll	ecut	ecut_viol	grad_norm	val_nll	val_ecut	val_ecut_viol	val_ress_zx	LR
1	27	-14.678253173828125	0.0	0.0	54.63346862792969	-14.741633415222168	250.5301971435547	235.6517333984375	0.027385225519537926	9.757729755661011e-05
2	54	-14.7259521484375	0.0	0.0	314.77593994140625	-14.602690696716309	252.84445190429688	238.10031127929688	0.02538151666522026	9.05463412215599e-05
3	81	-14.858824729919434	0.0	0.0	49.98167037963867	-14.701705932617188	232.51242065429688	217.662109375	0.02779374085366726	7.959536998847742e-05
4	108	-14.874613761901855	0.0	0.0	67.72313690185547	-14.898521423339844	224.10519409179688	208.79002380371094	0.03188835829496384	6.57963412215599e-05
5	135	-14.772212028503418	0.0	0.0	120.14137268066406	-14.797538757324219	225.745361328125	210.55032348632812	0.019331958144903183	5.05e-05
6	162	-14.954150199890137	0.0	0.0	73.2075424194336	-15.038875579833984	217.45431518554688	202.007080078125	0.03874765336513519	3.5203658778440106e-05
7	189	-15.314105033874512	0.0	0.0	104.59371948242188	-15.238935470581055	205.48472595214844	189.80809020996094	0.05716351792216301	2.1404630011522586e-05
8	216	-15.382963180541992	0.0	0.0	79.2117919921875	-15.289942741394043	200.8562469482422	185.13677978515625	0.05218598246574402	1.0453658778440107e-05
9	243	-15.384654998779297	0.0	0.0	30.02754020690918	-15.341403007507324	200.41636657714844	184.77572631835938	0.05245120823383331	3.4227024433899e-06
10	270	-15.372309684753418	0.0	0.0	42.19662094116211	-15.359224319458008	201.15328979492188	185.45761108398438	0.06941980123519897	1e-06
# Best epoch: 10
