# epoch	step	nll	ecut	ecut_viol	grad_norm	val_nll	val_ecut	val_ecut_viol	val_ress_zx	LR
1	27	-3.795182228088379	0.0	0.0	21.03169822692871	-3.948401927947998	1578.9569091796875	1578.1322021484375	0.0	1.4720887892512898e-05
2	54	-7.386138439178467	0.0	0.0	15.141590118408203	-7.564412593841553	1526.5888671875	1523.7122802734375	0.0	2.851210519515696e-05
3	81	-11.575553894042969	0.0	0.0	17.480958938598633	-11.710037231445312	1469.3519287109375	1460.404296875	0.0	5.028853872814779e-05
4	108	-14.858556747436523	0.0	0.0	113.70677947998047	-15.212347030639648	1310.682861328125	1297.6669921875	0.0	7.833678680135194e-05
5	135	-17.116628646850586	0.0	0.0	190.54344177246094	-17.188066482543945	1199.79931640625	1183.8203125	0.00035558975650928915	0.0001104499721691862
6	162	-18.963951110839844	0.0	0.0	95.5654067993164	-18.67879295349121	1123.721435546875	1106.00439453125	0.000782325747422874	0.00014410138236510013
7	189	-18.53561782836914	0.0	0.0	252.39251708984375	-18.321659088134766	1095.434326171875	1077.2515869140625	0.0013145261909812689	0.00017664327513976246
8	216	-19.372802734375	0.0	0.0	173.72869873046875	-19.862701416015625	1051.044921875	1033.1312255859375	0.0019002285553142428	0.0002055152066998506
9	243	-20.03160858154297	0.0	0.0	79.48280334472656	-19.41908836364746	1053.184326171875	1034.034912109375	0.0031067561358213425	0.00022844549117643985
10	270	-20.7283992767334	0.0	0.0	40.12537384033203	-20.27682113647461	1048.284912109375	1029.00390625	0.0022857605945318937	0.00024362994019690677
11	297	-20.144489288330078	0.0	0.0	212.41603088378906	-20.248523712158203	1054.3851318359375	1034.673583984375	0.0034299641847610474	0.000249873819068998
12	324	-20.817670822143555	0.0	0.0	182.60317993164062	-21.0858211517334	1025.104248046875	1004.6180419921875	0.003765563014894724	0.0002490831148795666
13	351	-20.976810455322266	0.0	0.0	161.2054443359375	-21.109331130981445	962.6148681640625	942.30322265625	0.005544452928006649	0.0002456179920635089
14	378	-21.07616424560547	0.0	0.0	91.71192932128906	-21.12824058532715	971.9391479492188	951.0145263671875	0.0045570433139801025	0.0002396906279377499
15	405	-21.349021911621094	0.0	0.0	80.5396957397461	-21.72958755493164	900.551513671875	879.7518920898438	0.009032308124005795	0.00023150769222457458
16	432	-21.527809143066406	0.0	0.0	212.73861694335938	-21.65541648864746	878.5555419921875	857.6122436523438	0.0062999725341796875	0.00022135449978155481
17	459	-21.980876922607422	0.0	0.0	126.90023803710938	-22.005727767944336	841.8788452148438	820.0910034179688	0.005647573620080948	0.00020958506251313652
18	486	-22.47646141052246	0.0	0.0	143.7944793701172	-22.22255516052246	794.2135620117188	772.090087890625	0.005618291907012463	0.0001966097460186159
19	513	-22.521530151367188	0.0	0.0	89.26085662841797	-22.31081771850586	788.3786010742188	766.63623046875	0.01112667378038168	0.0001828809613528205
20	540	-22.76131820678711	0.0	0.0	131.01083374023438	-22.70247459411621	740.1973876953125	717.8304443359375	0.014378290623426437	0.00016887739078564148
21	567	-22.82142448425293	0.0	0.0	121.25560760498047	-22.730497360229492	718.3436279296875	695.9417724609375	0.011154699139297009	0.00015508729756170373
22	594	-22.9918212890625	0.0	0.0	116.34347534179688	-23.086210250854492	685.8446044921875	663.108154296875	0.01446525752544403	0.00014199150159967716
23	621	-23.250560760498047	0.0	0.0	165.73977661132812	-23.122358322143555	654.80517578125	631.6768188476562	0.011905032210052013	0.00013004661471843258
24	648	-23.21804428100586	0.0	0.0	92.58185577392578	-23.042556762695312	642.0841064453125	618.6791381835938	0.018396425992250443	0.00011966911992830905
25	675	-23.220958709716797	0.0	0.0	91.35966491699219	-23.24549674987793	619.5839233398438	596.3487548828125	0.031335245817899704	0.00011122084989569658
26	702	-23.258047103881836	0.0	0.0	153.06723022460938	-23.221450805664062	597.2572631835938	574.1227416992188	0.01888107694685459	0.00010499637090408714
27	729	-22.844717025756836	0.0	0.0	127.28559112548828	-22.820646286010742	606.0863037109375	583.3511962890625	0.022795677185058594	0.00010121271219569881
28	756	-23.151220321655273	0.0	0.0	89.2646255493164	-23.11945343017578	588.5706787109375	565.7793579101562	0.01518961787223816	0.00010000179880126917
# Best epoch: 25
