# epoch	step	nll	ecut	ecut_viol	grad_norm	val_nll	val_ecut	val_ecut_viol	val_ress_zx	LR
1	27	-0.1251223385334015	0.0	0.0	3.9058079719543457	-0.12250944972038269	584.49755859375	584.181884765625	0.09833192080259323	9.757729755661011e-05
2	54	-0.15411688387393951	0.0	0.0	3.2458572387695312	-0.12656265497207642	575.0234375	574.67626953125	0.1041555255651474	9.05463412215599e-05
3	81	-0.13538025319576263	0.0	0.0	3.562857151031494	-0.15004605054855347	554.721923828125	554.3460693359375	0.11167566478252411	7.959536998847742e-05
4	108	-0.17140355706214905	0.0	0.0	4.023326396942139	-0.16051730513572693	550.2007446289062	549.8453369140625	0.10931026935577393	6.57963412215599e-05
5	135	-0.20396476984024048	0.0	0.0	3.0229086875915527	-0.1865411251783371	529.4832763671875	529.0595703125	0.11526703834533691	5.05e-05
6	162	-0.19240587949752808	0.0	0.0	3.3550143241882324	-0.19039544463157654	526.4252319335938	526.0169067382812	0.11755824089050293	3.5203658778440106e-05
7	189	-0.2149423062801361	0.0	0.0	4.783034801483154	-0.19540266692638397	520.2347412109375	519.81298828125	0.11932136863470078	2.1404630011522586e-05
8	216	-0.19287459552288055	0.0	0.0	3.2164342403411865	-0.2139960527420044	516.6807861328125	516.2576904296875	0.11862318962812424	1.0453658778440107e-05
9	243	-0.2308133840560913	0.0	0.0	2.295064926147461	-0.21503323316574097	515.5260009765625	515.1030883789062	0.12087204307317734	3.4227024433899e-06
10	270	-0.23211900889873505	0.0	0.0	2.8146414756774902	-0.2177700698375702	514.2457885742188	513.8214721679688	0.12161187827587128	1e-06
# Best epoch: 10
