# epoch	step	nll	ecut	ecut_viol	grad_norm	val_nll	val_ecut	val_ecut_viol	val_ress_zx	LR
1	27	-36.032188415527344	0.0	0.0	98.16139221191406	-35.95960235595703	798.5678100585938	763.3916015625	0.02148336172103882	9.757729755661011e-05
2	54	-36.23668670654297	0.0	0.0	82.43260955810547	-36.22344970703125	792.8060913085938	757.1422119140625	0.023081734776496887	9.05463412215599e-05
3	81	-36.010108947753906	0.0	0.0	142.6324005126953	-36.16509246826172	770.947265625	735.1752319335938	0.023029332980513573	7.959536998847742e-05
4	108	-36.12946319580078	0.0	0.0	155.64202880859375	-36.05897521972656	762.9427490234375	726.9855346679688	0.02230737917125225	6.57963412215599e-05
5	135	-36.446903228759766	0.0	0.0	160.2939453125	-36.296783447265625	757.8717651367188	721.4622802734375	0.029290109872817993	5.05e-05
6	162	-36.52375030517578	0.0	0.0	146.1057891845703	-36.588050842285156	743.1806030273438	706.4352416992188	0.04867646098136902	3.5203658778440106e-05
7	189	-36.652679443359375	0.0	0.0	99.7718276977539	-36.6803092956543	737.498779296875	700.8199462890625	0.03310718387365341	2.1404630011522586e-05
8	216	-36.817359924316406	0.0	0.0	144.79791259765625	-36.81275939941406	723.5911865234375	686.578857421875	0.031333573162555695	1.0453658778440107e-05
9	243	-36.86344909667969	0.0	0.0	120.51392364501953	-36.860015869140625	723.0116577148438	686.0601806640625	0.06532168388366699	3.4227024433899e-06
10	270	-36.958343505859375	0.0	0.0	62.457275390625	-36.94398498535156	722.81298828125	685.7786865234375	0.04218114912509918	1e-06
# Best epoch: 9
