# epoch	step	nll	ecut	ecut_viol	grad_norm	val_nll	val_ecut	val_ecut_viol	val_ress_zx	LR
1	27	-5.300151348114014	0.0	0.0	35.56040573120117	-5.324343681335449	440.3306884765625	434.9356384277344	0.01661103218793869	9.757729755661011e-05
2	54	-5.313843727111816	0.0	0.0	34.449764251708984	-5.378468990325928	432.9005126953125	427.55731201171875	0.012442822568118572	9.05463412215599e-05
3	81	-5.502979278564453	0.0	0.0	23.466144561767578	-5.436795711517334	424.0097351074219	418.5685729980469	0.018246371299028397	7.959536998847742e-05
4	108	-5.484336853027344	0.0	0.0	32.60039520263672	-5.499936580657959	417.181884765625	411.73193359375	0.010639715008437634	6.57963412215599e-05
5	135	-5.54380989074707	0.0	0.0	41.25812530517578	-5.519392967224121	414.8897399902344	409.304931640625	0.013550776056945324	5.05e-05
6	162	-5.709229946136475	0.0	0.0	29.767099380493164	-5.60824728012085	395.73065185546875	390.1400146484375	0.021839698776602745	3.5203658778440106e-05
7	189	-5.7192230224609375	0.0	0.0	30.4104061126709	-5.661425590515137	397.1806335449219	391.52239990234375	0.01177741028368473	2.1404630011522586e-05
8	216	-5.703164577484131	0.0	0.0	31.164182662963867	-5.756823539733887	392.05975341796875	386.4179382324219	0.016334859654307365	1.0453658778440107e-05
9	243	-5.801136016845703	0.0	0.0	23.833663940429688	-5.78621768951416	386.1092224121094	380.44842529296875	0.026871277019381523	3.4227024433899e-06
10	270	-5.770078182220459	0.0	0.0	35.83556365966797	-5.8121185302734375	387.24462890625	381.59747314453125	0.029019435867667198	1e-06
# Best epoch: 10
