# epoch	step	nll	ecut	ecut_viol	grad_norm	val_nll	val_ecut	val_ecut_viol	val_ress_zx	LR
1	27	-6.0897064208984375	0.0	0.0	24.79366683959961	-6.433112621307373	1602.6927490234375	1601.6751708984375	0.0	1.4720887892512898e-05
2	54	-10.244810104370117	0.0	0.0	38.03400802612305	-10.529783248901367	1560.3651123046875	1556.6146240234375	0.0	2.851210519515696e-05
3	81	-16.406875610351562	0.0	0.0	53.563533782958984	-16.549514770507812	1556.2415771484375	1547.1195068359375	0.0	5.028853872814779e-05
4	108	-20.24907875061035	0.0	0.0	282.5794372558594	-20.58242416381836	1442.022216796875	1425.2337646484375	0.0	7.833678680135194e-05
5	135	-22.305578231811523	0.0	0.0	68.65775299072266	-22.229095458984375	1311.367919921875	1292.3753662109375	0.0003333333588670939	0.0001104499721691862
6	162	-23.199188232421875	0.0	0.0	259.8572998046875	-22.924291610717773	1175.4739990234375	1155.376708984375	0.0	0.00014410138236510013
7	189	-23.83023452758789	0.0	0.0	381.0820007324219	-22.681135177612305	1099.539306640625	1078.13037109375	0.0	0.00017664327513976246
8	216	-23.499736785888672	0.0	0.0	313.1601257324219	-23.4965877532959	1072.88134765625	1052.17529296875	0.0	0.0002055152066998506
9	243	-24.770858764648438	0.0	0.0	132.46969604492188	-24.81790542602539	1054.830322265625	1031.96533203125	0.0022244779393076897	0.00022844549117643985
10	270	-18.958744049072266	0.0	0.0	439.81243896484375	-22.547870635986328	1049.75830078125	1028.74755859375	0.0	0.00024362994019690677
11	297	-25.589107513427734	0.0	0.0	83.78929138183594	-25.2885799407959	1066.24072265625	1042.6268310546875	0.0010905636008828878	0.000249873819068998
12	324	-25.802961349487305	0.0	0.0	125.63652038574219	-26.14382553100586	1036.90625	1011.91455078125	0.003865666687488556	0.0002490831148795666
13	351	-26.060791015625	0.0	0.0	82.8302001953125	-26.035377502441406	1009.8924560546875	984.73193359375	0.0058693354949355125	0.0002456179920635089
14	378	-26.445175170898438	0.0	0.0	175.20297241210938	-26.533727645874023	1023.2501220703125	998.64892578125	0.003899869043380022	0.0002396906279377499
15	405	-26.357473373413086	0.0	0.0	126.1781005859375	-26.691726684570312	1032.459228515625	1007.0257568359375	0.004157622344791889	0.00023150769222457458
16	432	-27.277990341186523	0.0	0.0	110.64419555664062	-27.152809143066406	978.2568359375	952.4811401367188	0.006401672028005123	0.00022135449978155481
17	459	-27.484655380249023	0.0	0.0	83.3814926147461	-27.555065155029297	951.5089111328125	924.9718627929688	0.009373779408633709	0.00020958506251313652
18	486	-27.051618576049805	0.0	0.0	163.73243713378906	-27.30447006225586	960.7457275390625	934.38623046875	0.005672284867614508	0.0001966097460186159
19	513	-27.5830135345459	0.0	0.0	151.60401916503906	-27.731449127197266	889.8675537109375	863.2147827148438	0.008168079890310764	0.0001828809613528205
20	540	-28.377302169799805	0.0	0.0	202.49205017089844	-28.164363861083984	874.2111206054688	846.56982421875	0.014448892325162888	0.00016887739078564148
21	567	-28.401809692382812	0.0	0.0	106.05438232421875	-28.292938232421875	842.2738037109375	815.2425537109375	0.013107025995850563	0.00015508729756170373
22	594	-28.353940963745117	0.0	0.0	78.81727600097656	-28.52205467224121	823.74951171875	795.99560546875	0.01622902788221836	0.00014199150159967716
23	621	-28.856731414794922	0.0	0.0	78.4454116821289	-28.78070068359375	811.7269897460938	783.5003662109375	0.025262385606765747	0.00013004661471843258
24	648	-28.725177764892578	0.0	0.0	87.12664794921875	-28.802188873291016	761.7443237304688	733.17138671875	0.019735295325517654	0.00011966911992830905
25	675	-29.044158935546875	0.0	0.0	85.17683410644531	-28.901668548583984	736.3492431640625	707.8717651367188	0.019571863114833832	0.00011122084989569658
26	702	-28.606693267822266	0.0	0.0	133.89747619628906	-28.713634490966797	713.2814331054688	684.7658081054688	0.021851707249879837	0.00010499637090408714
27	729	-29.148792266845703	0.0	0.0	137.44424438476562	-28.899890899658203	682.9220581054688	653.6906127929688	0.029983041808009148	0.00010121271219569881
28	756	-29.24703598022461	0.0	0.0	75.34471130371094	-29.26968002319336	681.8334350585938	652.467529296875	0.019718565046787262	0.00010000179880126917
# Best epoch: 27
