# epoch	step	nll	ecut	ecut_viol	grad_norm	val_nll	val_ecut	val_ecut_viol	val_ress_zx	LR
1	27	-24.62457847595215	0.0	0.0	130.5158233642578	-24.746807098388672	562.9127197265625	538.1135864257812	0.025824597105383873	9.757729755661011e-05
2	54	-25.04567527770996	0.0	0.0	174.66514587402344	-24.921768188476562	527.2306518554688	502.1203308105469	0.03587905317544937	9.05463412215599e-05
3	81	-25.07864761352539	0.0	0.0	140.06103515625	-25.077800750732422	513.524169921875	488.4208984375	0.0363646075129509	7.959536998847742e-05
4	108	-25.205289840698242	0.0	0.0	150.7156982421875	-25.13623809814453	496.438720703125	470.77490234375	0.040553417056798935	6.57963412215599e-05
5	135	-25.084739685058594	0.0	0.0	126.85809326171875	-25.182464599609375	502.00775146484375	476.6941833496094	0.033970899879932404	5.05e-05
6	162	-25.271499633789062	0.0	0.0	114.80224609375	-25.27318572998047	507.6547546386719	482.2479248046875	0.015914278104901314	3.5203658778440106e-05
7	189	-25.454557418823242	0.0	0.0	59.010780334472656	-25.516647338867188	483.5662841796875	457.9764099121094	0.02569713443517685	2.1404630011522586e-05
8	216	-25.64236068725586	0.0	0.0	76.60582733154297	-25.621044158935547	478.8651123046875	453.0474548339844	0.025602979585528374	1.0453658778440107e-05
9	243	-25.729629516601562	0.0	0.0	167.0801239013672	-25.69668197631836	473.681640625	447.77301025390625	0.023923654109239578	3.4227024433899e-06
10	270	-25.78304672241211	0.0	0.0	90.87451934814453	-25.81612777709961	471.1372985839844	445.1331787109375	0.025971274822950363	1e-06
# Best epoch: 4
