# epoch	step	nll	ecut	ecut_viol	grad_norm	val_nll	val_ecut	val_ecut_viol	val_ress_zx	LR
1	27	-31.71759605407715	0.0	0.0	178.61669921875	-31.904922485351562	583.1002807617188	551.8832397460938	0.03358820080757141	9.757729755661011e-05
2	54	-32.16383361816406	0.0	0.0	59.74048614501953	-32.090389251708984	553.3392333984375	521.4168701171875	0.03487234562635422	9.05463412215599e-05
3	81	-31.588979721069336	0.0	0.0	92.84556579589844	-31.84084129333496	554.5836181640625	522.8970336914062	0.02766244485974312	7.959536998847742e-05
4	108	-32.120765686035156	0.0	0.0	184.0476531982422	-31.947399139404297	546.8333740234375	514.7785034179688	0.03453727066516876	6.57963412215599e-05
5	135	-32.24310302734375	0.0	0.0	216.8253173828125	-32.30294418334961	523.6397094726562	491.04437255859375	0.03573988378047943	5.05e-05
6	162	-32.45027160644531	0.0	0.0	101.14064025878906	-32.437110900878906	527.5968627929688	494.7540283203125	0.05281729996204376	3.5203658778440106e-05
7	189	-32.532867431640625	0.0	0.0	72.6922378540039	-32.56293487548828	502.13702392578125	469.18548583984375	0.03917573019862175	2.1404630011522586e-05
8	216	-32.719451904296875	0.0	0.0	57.11255645751953	-32.69159698486328	498.2433776855469	465.1924743652344	0.0715208500623703	1.0453658778440107e-05
9	243	-32.81175231933594	0.0	0.0	149.20196533203125	-32.79287338256836	494.1023864746094	460.929443359375	0.0521419458091259	3.4227024433899e-06
10	270	-32.88413619995117	0.0	0.0	186.67420959472656	-32.80573272705078	494.663818359375	461.4598083496094	0.05897795408964157	1e-06
# Best epoch: 8
