# epoch	step	nll	ecut	ecut_viol	grad_norm	val_nll	val_ecut	val_ecut_viol	val_ress_zx	LR
1	27	-0.8490413427352905	0.0	0.0	4.72019100189209	-0.8414863348007202	1416.090087890625	1415.4617919921875	0.0	1.4720887892512898e-05
2	54	-1.4732685089111328	0.0	0.0	3.5447020530700684	-1.5137923955917358	1340.920654296875	1339.9027099609375	0.0003333333588670939	2.851210519515696e-05
3	81	-1.9003127813339233	0.0	0.0	6.0215678215026855	-1.8867883682250977	1294.483642578125	1292.656494140625	0.0003333333588670939	5.028853872814779e-05
4	108	-2.1448142528533936	0.0	0.0	10.701971054077148	-2.142512321472168	1266.653076171875	1264.3231201171875	0.0003333333588670939	7.833678680135194e-05
5	135	-2.602922201156616	0.0	0.0	6.58754301071167	-2.622666358947754	1160.21142578125	1157.29345703125	0.0006663908716291189	0.0001104499721691862
6	162	-3.1921935081481934	0.0	0.0	22.990522384643555	-3.132402181625366	1056.3525390625	1052.79541015625	0.000962161342613399	0.00014410138236510013
7	189	-3.5366992950439453	0.0	0.0	17.00912094116211	-3.594642162322998	976.9349975585938	972.6805419921875	0.0016633592313155532	0.00017664327513976246
8	216	-3.7686262130737305	0.0	0.0	18.71224594116211	-3.702462673187256	926.3273315429688	921.8843994140625	0.0016829492524266243	0.0002055152066998506
9	243	-3.9340176582336426	0.0	0.0	17.846988677978516	-3.975888729095459	893.9782104492188	889.2694702148438	0.0016101374058052897	0.00022844549117643985
10	270	-4.040709972381592	0.0	0.0	23.219472885131836	-4.125826835632324	870.4814453125	865.5726318359375	0.004193528555333614	0.00024362994019690677
11	297	-4.243863582611084	0.0	0.0	22.92908477783203	-4.154646873474121	844.1864013671875	838.97216796875	0.0029990263283252716	0.000249873819068998
12	324	-4.41633415222168	0.0	0.0	18.829795837402344	-4.455849647521973	800.1590576171875	794.7210693359375	0.003643577918410301	0.0002490831148795666
13	351	-4.466960430145264	0.0	0.0	41.557823181152344	-4.5857343673706055	782.2218627929688	777.0089721679688	0.0034071244299411774	0.0002456179920635089
14	378	-4.614139080047607	0.0	0.0	37.052154541015625	-4.710592269897461	771.5059814453125	766.35302734375	0.005288628861308098	0.0002396906279377499
15	405	-4.875833988189697	0.0	0.0	30.05425262451172	-4.7918381690979	744.9617919921875	739.3924560546875	0.006244183983653784	0.00023150769222457458
16	432	-4.892612457275391	0.0	0.0	31.92955780029297	-4.920830726623535	725.6718139648438	720.3070068359375	0.005125285591930151	0.00022135449978155481
17	459	-5.0063796043396	0.0	0.0	35.03847885131836	-5.0334038734436035	687.2642822265625	681.63134765625	0.0054513318464159966	0.00020958506251313652
18	486	-5.218677520751953	0.0	0.0	44.131500244140625	-5.113046169281006	670.0001831054688	664.37451171875	0.0034518928732722998	0.0001966097460186159
19	513	-5.424615383148193	0.0	0.0	19.713390350341797	-5.280437469482422	640.09619140625	634.3697509765625	0.005556905642151833	0.0001828809613528205
20	540	-5.435021877288818	0.0	0.0	31.211788177490234	-5.299700736999512	617.665283203125	611.799560546875	0.0036069657653570175	0.00016887739078564148
21	567	-5.3545050621032715	0.0	0.0	28.51934051513672	-5.397690773010254	602.1285400390625	596.4337768554688	0.007615869399160147	0.00015508729756170373
22	594	-5.334132671356201	0.0	0.0	36.4184455871582	-5.274106502532959	598.0946044921875	592.1371459960938	0.007896886207163334	0.00014199150159967716
23	621	-5.526050090789795	0.0	0.0	24.382444381713867	-5.461153984069824	580.1800537109375	574.3131103515625	0.006904663518071175	0.00013004661471843258
24	648	-5.732394695281982	0.0	0.0	56.45818328857422	-5.749805450439453	545.8202514648438	539.678955078125	0.011359437368810177	0.00011966911992830905
25	675	-5.826422691345215	0.0	0.0	63.82850646972656	-5.922891139984131	522.284912109375	516.0374755859375	0.0078012412413954735	0.00011122084989569658
26	702	-5.959418773651123	0.0	0.0	43.653892517089844	-5.976241111755371	498.28662109375	491.73583984375	0.011608443222939968	0.00010499637090408714
27	729	-6.221236228942871	0.0	0.0	27.027446746826172	-6.256664276123047	481.2395935058594	474.7327575683594	0.01524640154093504	0.00010121271219569881
28	756	-6.240281105041504	0.0	0.0	45.72610092163086	-6.2440948486328125	464.0413513183594	457.3914794921875	0.012958668172359467	0.00010000179880126917
# Best epoch: 27
