# epoch	step	nll	ecut	ecut_viol	grad_norm	val_nll	val_ecut	val_ecut_viol	val_ress_zx	LR
1	18	-0.011555563658475876	0.0	0.0	3.1351583003997803	-0.0021496498957276344	391.0121154785156	390.84893798828125	0.2799212336540222	9.875893165300026e-05
2	36	0.005753068253397942	0.0	0.0	3.897292375564575	-0.0052831219509243965	387.38525390625	387.21649169921875	0.2819451093673706	9.509795896116975e-05
3	54	-0.0256384015083313	0.0	0.0	2.7594380378723145	-0.006969713605940342	382.0929870605469	381.9161376953125	0.2803400754928589	8.920065838216748e-05
4	72	-0.06178564578294754	0.0	0.0	3.083134889602661	-0.022053755819797516	379.05718994140625	378.89715576171875	0.28605979681015015	8.136274519200731e-05
5	90	-0.04359462484717369	0.0	0.0	3.3198697566986084	-0.02523021772503853	370.6711730957031	370.46795654296875	0.29281085729599	7.197724508631912e-05
6	108	-0.05661698430776596	0.0	0.0	2.799675941467285	-0.028260137885808945	374.21014404296875	374.02655029296875	0.28457003831863403	6.151478623083756e-05
7	126	-0.06373149156570435	0.0	0.0	2.9331214427948	-0.049571260809898376	375.5977478027344	375.43719482421875	0.2966025471687317	5.05e-05
8	144	-0.08899557590484619	0.0	0.0	2.4409639835357666	-0.05140930414199829	368.54071044921875	368.35345458984375	0.2920912504196167	3.948521376916244e-05
9	162	-0.07020214200019836	0.0	0.0	3.1635165214538574	-0.05610202997922897	366.7444763183594	366.5609130859375	0.29169392585754395	2.9022754913680878e-05
10	180	-0.07571390271186829	0.0	0.0	2.2473514080047607	-0.0648244172334671	369.9913635253906	369.8238525390625	0.298225075006485	1.9637254807992694e-05
11	198	-0.07899223268032074	0.0	0.0	1.9526698589324951	-0.06174081191420555	366.86114501953125	366.6794128417969	0.2973232865333557	1.1799341617832541e-05
12	216	-0.0853993222117424	0.0	0.0	2.2907209396362305	-0.06589341908693314	368.7584228515625	368.5939636230469	0.30023670196533203	5.902041038830257e-06
13	234	-0.08689431846141815	0.0	0.0	1.9333544969558716	-0.06815691292285919	367.09832763671875	366.9227294921875	0.299502432346344	2.241068346999725e-06
14	252	-0.08161953091621399	0.0	0.0	2.5230801105499268	-0.069332554936409	367.12567138671875	366.95062255859375	0.30062711238861084	1e-06
# Best epoch: 14
