# epoch	step	nll	ecut	ecut_viol	grad_norm	val_nll	val_ecut	val_ecut_viol	val_ress_zx	LR
1	27	-11.709840774536133	0.0	0.0	48.601959228515625	-11.845903396606445	356.0921630859375	344.4714050292969	0.009707704186439514	9.757729755661011e-05
2	54	-11.859373092651367	0.0	0.0	116.24319458007812	-12.013221740722656	339.83209228515625	328.0611572265625	0.02118515968322754	9.05463412215599e-05
3	81	-11.970077514648438	0.0	0.0	60.69427490234375	-12.009665489196777	316.12823486328125	303.8232421875	0.020068055018782616	7.959536998847742e-05
4	108	-12.096748352050781	0.0	0.0	68.41890716552734	-12.078619003295898	310.7669677734375	298.68182373046875	0.025800567120313644	6.57963412215599e-05
5	135	-12.254794120788574	0.0	0.0	81.28962707519531	-12.263551712036133	298.98321533203125	286.5798034667969	0.029054200276732445	5.05e-05
6	162	-12.352800369262695	0.0	0.0	53.456199645996094	-12.366718292236328	283.90924072265625	271.4361877441406	0.013848557136952877	3.5203658778440106e-05
7	189	-12.35955810546875	0.0	0.0	63.82910919189453	-12.469982147216797	269.0230712890625	256.2583923339844	0.03072912059724331	2.1404630011522586e-05
8	216	-12.46902847290039	0.0	0.0	42.766666412353516	-12.538256645202637	267.8233337402344	255.1387176513672	0.020540868863463402	1.0453658778440107e-05
9	243	-12.502851486206055	0.0	0.0	28.043405532836914	-12.585775375366211	265.888671875	253.21932983398438	0.028404511511325836	3.4227024433899e-06
10	270	-12.514368057250977	0.0	0.0	91.28942108154297	-12.61117172241211	262.0335693359375	249.2727508544922	0.021939462050795555	1e-06
# Best epoch: 7
