# epoch	step	nll	ecut	ecut_viol	grad_norm	val_nll	val_ecut	val_ecut_viol	val_ress_zx	LR
1	27	-28.869060516357422	0.0	0.0	85.74005126953125	-28.98780059814453	690.4840087890625	661.7685546875	0.031394608318805695	9.757729755661011e-05
2	54	-29.333740234375	0.0	0.0	283.96209716796875	-29.05565643310547	657.826416015625	628.601318359375	0.0275395717471838	9.05463412215599e-05
3	81	-29.265249252319336	0.0	0.0	132.84669494628906	-29.17254638671875	660.5787353515625	631.3593139648438	0.031114621087908745	7.959536998847742e-05
4	108	-29.624752044677734	0.0	0.0	101.8800277709961	-29.56591796875	649.45458984375	619.8370971679688	0.04013175517320633	6.57963412215599e-05
5	135	-29.597036361694336	0.0	0.0	45.68513870239258	-29.62519073486328	631.09375	601.3458251953125	0.034652866423130035	5.05e-05
6	162	-29.774066925048828	0.0	0.0	88.53848266601562	-29.721479415893555	615.59716796875	585.65478515625	0.031565792858600616	3.5203658778440106e-05
7	189	-29.83395004272461	0.0	0.0	130.76014709472656	-29.808866500854492	615.55615234375	585.2646484375	0.03401588648557663	2.1404630011522586e-05
8	216	-29.958251953125	0.0	0.0	76.96044158935547	-29.964269638061523	604.70947265625	574.2811889648438	0.041707925498485565	1.0453658778440107e-05
9	243	-30.135589599609375	0.0	0.0	90.74333953857422	-30.033573150634766	596.549560546875	566.0335693359375	0.04759335145354271	3.4227024433899e-06
10	270	-30.08577537536621	0.0	0.0	57.26095962524414	-30.08224868774414	594.07373046875	563.6275634765625	0.04773422330617905	1e-06
# Best epoch: 10
