# epoch	step	nll	ecut	ecut_viol	grad_norm	val_nll	val_ecut	val_ecut_viol	val_ress_zx	LR
1	27	-22.157926559448242	0.0	0.0	68.74404907226562	-22.175601959228516	344.20452880859375	322.0786437988281	0.05140329524874687	9.757729755661011e-05
2	54	-22.08812713623047	0.0	0.0	97.29786682128906	-22.302532196044922	337.35723876953125	314.8992919921875	0.047471873462200165	9.05463412215599e-05
3	81	-22.341270446777344	0.0	0.0	51.179786682128906	-22.282146453857422	327.7059326171875	304.78033447265625	0.02729267254471779	7.959536998847742e-05
4	108	-22.504676818847656	0.0	0.0	131.32070922851562	-22.421016693115234	323.6114501953125	300.7515869140625	0.04750732704997063	6.57963412215599e-05
5	135	-22.594358444213867	0.0	0.0	73.65443420410156	-22.46280288696289	314.60595703125	291.4779052734375	0.08084863424301147	5.05e-05
6	162	-22.637104034423828	0.0	0.0	137.783447265625	-22.580984115600586	308.9272155761719	285.8233642578125	0.06001690775156021	3.5203658778440106e-05
7	189	-22.672475814819336	0.0	0.0	47.69239807128906	-22.64472007751465	298.054443359375	274.82904052734375	0.06181598827242851	2.1404630011522586e-05
8	216	-22.841611862182617	0.0	0.0	87.53019714355469	-22.74257469177246	296.98553466796875	273.560791015625	0.08818694204092026	1.0453658778440107e-05
9	243	-22.940526962280273	0.0	0.0	98.28546905517578	-22.8169002532959	293.93463134765625	270.3687438964844	0.07461977005004883	3.4227024433899e-06
10	270	-22.948049545288086	0.0	0.0	92.66999053955078	-22.883955001831055	293.005859375	269.4408264160156	0.07652190327644348	1e-06
# Best epoch: 8
