# epoch	step	nll	ecut	ecut_viol	grad_norm	val_nll	val_ecut	val_ecut_viol	val_ress_zx	LR
1	27	-32.77217102050781	0.0	0.0	120.20492553710938	-32.759761810302734	619.8117065429688	588.4500732421875	0.0195197481662035	9.757729755661011e-05
2	54	-33.23981857299805	0.0	0.0	192.12657165527344	-33.149017333984375	567.4708251953125	534.4140014648438	0.02459997497498989	9.05463412215599e-05
3	81	-33.19828414916992	0.0	0.0	138.61654663085938	-33.34267807006836	563.9984741210938	531.041015625	0.05501614511013031	7.959536998847742e-05
4	108	-33.26560974121094	0.0	0.0	141.9188995361328	-33.48907470703125	540.2669067382812	506.6259460449219	0.05378935858607292	6.57963412215599e-05
5	135	-33.442420959472656	0.0	0.0	96.27877807617188	-33.45287322998047	519.3753662109375	485.648681640625	0.05822981521487236	5.05e-05
6	162	-33.75767135620117	0.0	0.0	144.6522979736328	-33.67225646972656	520.9465942382812	487.1877136230469	0.04501288756728172	3.5203658778440106e-05
7	189	-33.723304748535156	0.0	0.0	88.53907012939453	-33.84566116333008	504.3002624511719	470.1864929199219	0.0677739679813385	2.1404630011522586e-05
8	216	-33.853878021240234	0.0	0.0	133.5189666748047	-33.86497116088867	508.7867431640625	474.6014404296875	0.0659044161438942	1.0453658778440107e-05
9	243	-33.93831253051758	0.0	0.0	57.926109313964844	-34.00175857543945	499.453125	465.18231201171875	0.09650435298681259	3.4227024433899e-06
10	270	-34.053279876708984	0.0	0.0	135.40655517578125	-34.07532501220703	496.5105895996094	462.0994567871094	0.06853267550468445	1e-06
# Best epoch: 9
