# epoch	step	nll	ecut	ecut_viol	grad_norm	val_nll	val_ecut	val_ecut_viol	val_ress_zx	LR
1	27	-16.14542007446289	0.0	0.0	59.848934173583984	-15.979312896728516	204.5107421875	187.8342742919922	0.022653117775917053	9.757729755661011e-05
2	54	-16.064838409423828	0.0	0.0	73.40316009521484	-16.058258056640625	203.22842407226562	186.85247802734375	0.027031973004341125	9.05463412215599e-05
3	81	-16.2176570892334	0.0	0.0	57.1877555847168	-16.29488754272461	184.27415466308594	167.59170532226562	0.017709001898765564	7.959536998847742e-05
4	108	-16.119014739990234	0.0	0.0	113.42999267578125	-16.33449363708496	189.4111328125	172.62957763671875	0.03604064881801605	6.57963412215599e-05
5	135	-16.585681915283203	0.0	0.0	164.50242614746094	-16.442081451416016	182.05841064453125	165.04136657714844	0.06315307319164276	5.05e-05
6	162	-16.530296325683594	0.0	0.0	61.964176177978516	-16.535877227783203	173.5265350341797	156.3469696044922	0.04751645773649216	3.5203658778440106e-05
7	189	-16.677967071533203	0.0	0.0	97.14120483398438	-16.629981994628906	166.30503845214844	149.2661590576172	0.042488373816013336	2.1404630011522586e-05
8	216	-16.822200775146484	0.0	0.0	43.69804000854492	-16.685195922851562	167.6722869873047	150.4677734375	0.06333207339048386	1.0453658778440107e-05
9	243	-16.85963249206543	0.0	0.0	48.152679443359375	-16.76941680908203	164.6790771484375	147.4957275390625	0.07472692430019379	3.4227024433899e-06
10	270	-16.860939025878906	0.0	0.0	31.36219024658203	-16.79721450805664	162.91554260253906	145.63133239746094	0.08817334473133087	1e-06
# Best epoch: 10
