# Generation 18

0 0.0029
1 0.01031
2 0.01489
3 0.01801
4 0.0194
5 0.02255
6 0.03234
7 0.03847
8 0.04212
9 0.04713
10 0.05118
11 0.05526
12 0.05685
13 0.06364
14 0.06743
15 0.06877
16 0.07278
17 0.07832
18 0.07995
19 0.08546
20 0.08713
21 0.09126
22 0.09551
23 0.10392
24 0.10463
25 0.10522
26 0.10947
27 0.11215
28 0.11642
29 0.11998
30 0.12764
31 0.13122
32 0.13271
33 0.13599
34 0.13991
35 0.14374
36 0.14468
37 0.14719
38 0.15108
39 0.15498
40 0.15634
41 0.16002
42 0.16548
43 0.16709
44 0.16726
45 0.17271
46 0.17716
47 0.18043
48 0.18255
49 0.18969
50 0.19735
51 0.20101
52 0.20504
53 0.21004
54 0.21926
55 0.22339
56 0.22704
57 0.22785
58 0.22817
59 0.22992
60 0.23772
61 0.24027
62 0.2421
63 0.24896
64 0.25615
65 0.25873
66 0.26391
67 0.2677
68 0.27044
69 0.27496
70 0.28094
71 0.28334
72 0.28621
73 0.28856
74 0.29062
75 0.29366
76 0.29823
77 0.30458
78 0.30541
79 0.31048
80 0.31426
81 0.31677
82 0.32295
83 0.32466
84 0.32732
85 0.32875
86 0.33482
87 0.33945
88 0.34184
89 0.34576
90 0.35087
91 0.35378
92 0.35768
93 0.36081
94 0.36481
95 0.37046
96 0.37606
97 0.38059
98 0.38848
99 0.39455
100 0.39654
101 0.39885
102 0.4034
103 0.40634
104 0.40982
105 0.41491
106 0.42057
107 0.42659
108 0.43309
109 0.43647
110 0.44333
111 0.44498
112 0.44933
113 0.45558
114 0.45803
115 0.46193
116 0.46318
117 0.46503
118 0.46727
119 0.47205
120 0.47994
121 0.48296
122 0.4873
123 0.49246
124 0.49604
125 0.49934
126 0.50235
127 0.50537
128 0.50861
129 0.51163
130 0.51644
131 0.52083
132 0.52752
133 0.52987
134 0.53024
135 0.53477
136 0.5409
137 0.54302
138 0.54562
139 0.54999
140 0.55624
141 0.55888
142 0.56388
143 0.56821
144 0.5715
145 0.57597
146 0.57747
147 0.58282
148 0.58446
149 0.58951
150 0.59729
151 0.60015
152 0.60325
153 0.60648
154 0.61316
155 0.61655
156 0.61925
157 0.62207
158 0.6249
159 0.62752
160 0.63052
161 0.63199
162 0.63501
163 0.63798
164 0.6409
165 0.64324
166 0.64564
167 0.64748
168 0.65371
169 0.65937
170 0.6629
171 0.67055
172 0.67457
173 0.67502
174 0.67716
175 0.67971
176 0.69024
177 0.69435
178 0.69779
179 0.69932
180 0.69985
181 0.70663
182 0.70775
183 0.71453
184 0.72026
185 0.72668
186 0.73109
187 0.73254
188 0.73633
189 0.74258
190 0.74924
191 0.75238
192 0.75992
193 0.76431
194 0.76725
195 0.77255
196 0.77766
197 0.78139
198 0.78884
199 0.7916
200 0.79521
201 0.79706
202 0.79914
203 0.80318
204 0.80554
205 0.80772
206 0.81015
207 0.81451
208 0.81811
209 0.82024
210 0.82538
211 0.82667
212 0.82975
213 0.83126
214 0.83244
215 0.83954
216 0.84126
217 0.84523
218 0.84705
219 0.85379
220 0.85527
221 0.85693
222 0.86256
223 0.86642
224 0.87039
225 0.88157
226 0.88238
227 0.88758
228 0.88832
229 0.89071
230 0.89469
231 0.8991
232 0.90371
233 0.90616
234 0.90664
235 0.90754
236 0.91258
237 0.9167
238 0.92156
239 0.92483
240 0.9264
241 0.92889
242 0.9307
243 0.93503
244 0.93833
245 0.94342
246 0.94535
247 0.95011
248 0.95729
249 0.9597
250 0.96165
251 0.96549
252 0.96634
253 0.96922
254 0.97211
255 0.97401
256 0.97954
257 0.98018
258 0.98136
259 0.98546
260 0.98957
261 0.99286
262 0.99828
263 1.00581
# Generated pool n. 18 for Umax = -14.544755935668945
# Generated a biased pool of 100000 with an acceptance of 0.687942624092102
# Generated a pool of 100000 with an acceptance of 0.019049431818181816
# Generation repeated 264 times
# Average relative effective sample size: 0.37424418330192566
# Generation efficiency: 0.003787878787878788
