# Generation 2

0 0.00096
1 0.00208
2 0.0032
3 0.00395
4 0.00458
5 0.00565
6 0.00632
7 0.00734
8 0.00874
9 0.0094
10 0.00994
11 0.01052
12 0.01089
13 0.01105
14 0.01126
15 0.01234
16 0.01277
17 0.01398
18 0.01508
19 0.0161
20 0.01682
21 0.01836
22 0.01956
23 0.02038
24 0.02098
25 0.02201
26 0.02261
27 0.02315
28 0.0237
29 0.02415
30 0.02484
31 0.02604
32 0.02718
33 0.02776
34 0.02864
35 0.0297
36 0.03045
37 0.03173
38 0.03249
39 0.03333
40 0.03404
41 0.0348
42 0.0353
43 0.03583
44 0.03646
45 0.03715
46 0.03837
47 0.03894
48 0.03964
49 0.0401
50 0.04068
51 0.04107
52 0.04185
53 0.04266
54 0.04368
55 0.04432
56 0.04527
57 0.04641
58 0.0469
59 0.04736
60 0.0477
61 0.04817
62 0.04891
63 0.04968
64 0.05093
65 0.05174
66 0.05207
67 0.05247
68 0.05378
69 0.05513
70 0.05612
71 0.05739
72 0.05774
73 0.05873
74 0.05989
75 0.06045
76 0.06164
77 0.06314
78 0.06374
79 0.06431
80 0.06471
81 0.06505
82 0.06616
83 0.06736
84 0.06799
85 0.06911
86 0.06993
87 0.07108
88 0.07124
89 0.0718
90 0.07239
91 0.07313
92 0.07371
93 0.07439
94 0.07524
95 0.07617
96 0.07725
97 0.07786
98 0.07869
99 0.07936
100 0.07998
101 0.08091
102 0.08197
103 0.08333
104 0.08416
105 0.08533
106 0.0856
107 0.08613
108 0.08696
109 0.08735
110 0.08811
111 0.08902
112 0.08973
113 0.09065
114 0.09109
115 0.09167
116 0.09212
117 0.09236
118 0.09272
119 0.09406
120 0.09508
121 0.09539
122 0.09673
123 0.0982
124 0.09919
125 0.09953
126 0.09993
127 0.10054
128 0.10141
129 0.10219
130 0.10273
131 0.10338
132 0.10419
133 0.10505
134 0.10594
135 0.10739
136 0.10817
137 0.10869
138 0.10942
139 0.11038
140 0.11182
141 0.1128
142 0.11305
143 0.11423
144 0.11496
145 0.11565
146 0.11665
147 0.11759
148 0.11885
149 0.11958
150 0.12015
151 0.12109
152 0.1223
153 0.12317
154 0.12387
155 0.12465
156 0.1251
157 0.12635
158 0.12667
159 0.12797
160 0.12882
161 0.12974
162 0.13024
163 0.13146
164 0.13228
165 0.13315
166 0.13374
167 0.13447
168 0.13542
169 0.13654
170 0.13752
171 0.13822
172 0.13868
173 0.13957
174 0.14031
175 0.14113
176 0.14172
177 0.14259
178 0.14359
179 0.14475
180 0.14541
181 0.1467
182 0.14707
183 0.14788
184 0.14862
185 0.14994
186 0.15079
187 0.15197
188 0.15345
189 0.1542
190 0.15517
191 0.15564
192 0.15684
193 0.15694
194 0.15816
195 0.15886
196 0.1596
197 0.16092
198 0.16221
199 0.16273
200 0.16359
201 0.16426
202 0.16538
203 0.16605
204 0.16643
205 0.1679
206 0.16868
207 0.16931
208 0.16975
209 0.17061
210 0.17125
211 0.17219
212 0.17297
213 0.17384
214 0.17405
215 0.17448
216 0.17554
217 0.17615
218 0.17649
219 0.17768
220 0.17861
221 0.17983
222 0.18051
223 0.18102
224 0.18189
225 0.183
226 0.18369
227 0.18433
228 0.18476
229 0.18526
230 0.18582
231 0.18697
232 0.18864
233 0.18991
234 0.19072
235 0.19124
236 0.19192
237 0.19271
238 0.19315
239 0.19339
240 0.19414
241 0.19516
242 0.19614
243 0.19689
244 0.19764
245 0.19852
246 0.19902
247 0.19969
248 0.20096
249 0.20185
250 0.20346
251 0.20433
252 0.2052
253 0.20582
254 0.20683
255 0.20747
256 0.20859
257 0.20942
258 0.21073
259 0.21105
260 0.21199
261 0.21227
262 0.21343
263 0.21422
264 0.21463
265 0.21532
266 0.21649
267 0.21703
268 0.21801
269 0.21876
270 0.21985
271 0.22083
272 0.22212
273 0.22265
274 0.22396
275 0.22484
276 0.22605
277 0.22735
278 0.22804
279 0.22862
280 0.22932
281 0.23047
282 0.23133
283 0.23237
284 0.23345
285 0.23414
286 0.23421
287 0.23476
288 0.23538
289 0.23623
290 0.23657
291 0.23762
292 0.23859
293 0.23908
294 0.24036
295 0.24184
296 0.24232
297 0.24301
298 0.2434
299 0.2439
300 0.24486
301 0.24583
302 0.24664
303 0.2481
304 0.24834
305 0.2494
306 0.24994
307 0.2507
308 0.25132
309 0.2519
310 0.25297
311 0.25378
312 0.25412
313 0.2546
314 0.25559
315 0.25681
316 0.25759
317 0.258
318 0.25842
319 0.25891
320 0.25991
321 0.26035
322 0.2612
323 0.26202
324 0.26256
325 0.26403
326 0.26493
327 0.26544
328 0.26584
329 0.26674
330 0.26749
331 0.26858
332 0.26878
333 0.27001
334 0.27102
335 0.27167
336 0.27201
337 0.27221
338 0.27258
339 0.27399
340 0.2752
341 0.27648
342 0.2775
343 0.27845
344 0.27959
345 0.28047
346 0.28101
347 0.28183
348 0.28297
349 0.28332
350 0.2843
351 0.28469
352 0.2854
353 0.28666
354 0.28747
355 0.28852
356 0.28899
357 0.29023
358 0.29096
359 0.29117
360 0.292
361 0.29296
362 0.29386
363 0.29454
364 0.29531
365 0.29608
366 0.29665
367 0.29749
368 0.29781
369 0.2987
370 0.29958
371 0.3003
372 0.30068
373 0.30177
374 0.3028
375 0.30345
376 0.30433
377 0.30496
378 0.30546
379 0.30659
380 0.30709
381 0.30792
382 0.30934
383 0.31005
384 0.31063
385 0.3112
386 0.31228
387 0.31328
388 0.31394
389 0.31476
390 0.31563
391 0.31632
392 0.31698
393 0.31825
394 0.31886
395 0.31941
396 0.32013
397 0.32097
398 0.32214
399 0.32355
400 0.3241
401 0.32492
402 0.32584
403 0.3264
404 0.32735
405 0.32816
406 0.32931
407 0.33024
408 0.33056
409 0.33121
410 0.33198
411 0.33232
412 0.33297
413 0.33399
414 0.33473
415 0.33562
416 0.33629
417 0.33698
418 0.33784
419 0.33925
420 0.34029
421 0.34089
422 0.34153
423 0.34218
424 0.34254
425 0.34275
426 0.34336
427 0.34408
428 0.34468
429 0.34628
430 0.34718
431 0.34811
432 0.34884
433 0.34925
434 0.34994
435 0.35069
436 0.3515
437 0.3523
438 0.35306
439 0.35378
440 0.35493
441 0.35536
442 0.35625
443 0.35723
444 0.35766
445 0.35814
446 0.35921
447 0.36007
448 0.36055
449 0.36109
450 0.36218
451 0.3632
452 0.36421
453 0.3645
454 0.36519
455 0.36548
456 0.36675
457 0.36803
458 0.36831
459 0.36889
460 0.36917
461 0.37027
462 0.37116
463 0.37232
464 0.3727
465 0.37333
466 0.37378
467 0.37519
468 0.37553
469 0.37646
470 0.37722
471 0.37812
472 0.37921
473 0.37959
474 0.38008
475 0.38079
476 0.38141
477 0.38282
478 0.38448
479 0.38477
480 0.38563
481 0.38584
482 0.38641
483 0.38721
484 0.38745
485 0.38822
486 0.38868
487 0.38954
488 0.39044
489 0.39081
490 0.39164
491 0.39232
492 0.39276
493 0.39401
494 0.39481
495 0.39527
496 0.39588
497 0.39673
498 0.39792
499 0.39919
500 0.39985
501 0.40098
502 0.40153
503 0.40205
504 0.40281
505 0.40337
506 0.40447
507 0.40593
508 0.40681
509 0.40744
510 0.40825
511 0.40885
512 0.40949
513 0.41056
514 0.4121
515 0.41282
516 0.41317
517 0.41365
518 0.41468
519 0.4149
520 0.41576
521 0.41666
522 0.41779
523 0.41852
524 0.41888
525 0.42014
526 0.42067
527 0.4212
528 0.4215
529 0.42261
530 0.42298
531 0.42376
532 0.4243
533 0.42512
534 0.42583
535 0.42693
536 0.4278
537 0.4285
538 0.42979
539 0.43021
540 0.43126
541 0.43248
542 0.43334
543 0.43431
544 0.43461
545 0.4351
546 0.43603
547 0.43658
548 0.43703
549 0.43749
550 0.43778
551 0.43845
552 0.43917
553 0.4394
554 0.4398
555 0.4402
556 0.44149
557 0.44241
558 0.44368
559 0.44384
560 0.445
561 0.44622
562 0.44653
563 0.44711
564 0.44757
565 0.44855
566 0.44922
567 0.44981
568 0.45095
569 0.45221
570 0.45311
571 0.45404
572 0.45472
573 0.45585
574 0.4571
575 0.45775
576 0.45851
577 0.45883
578 0.46004
579 0.46106
580 0.4619
581 0.46288
582 0.46355
583 0.46472
584 0.46602
585 0.46739
586 0.46855
587 0.46936
588 0.47042
589 0.471
590 0.47132
591 0.47179
592 0.47235
593 0.47347
594 0.47442
595 0.47519
596 0.47585
597 0.47693
598 0.47771
599 0.47803
600 0.47846
601 0.47904
602 0.47955
603 0.47991
604 0.48085
605 0.48268
606 0.48398
607 0.4843
608 0.48474
609 0.48533
610 0.48576
611 0.48638
612 0.4878
613 0.48855
614 0.48903
615 0.48957
616 0.49072
617 0.49203
618 0.49318
619 0.49444
620 0.49498
621 0.4953
622 0.49581
623 0.49647
624 0.49709
625 0.4974
626 0.49865
627 0.49925
628 0.50013
629 0.50119
630 0.50155
631 0.5028
632 0.50328
633 0.50403
634 0.50523
635 0.50608
636 0.50662
637 0.50763
638 0.50816
639 0.50936
640 0.50972
641 0.51122
642 0.51211
643 0.51292
644 0.5141
645 0.51485
646 0.51603
647 0.51679
648 0.51721
649 0.51774
650 0.5185
651 0.51882
652 0.52003
653 0.52113
654 0.52145
655 0.52274
656 0.52354
657 0.52426
658 0.52569
659 0.52648
660 0.52788
661 0.52836
662 0.52897
663 0.53015
664 0.53102
665 0.53196
666 0.53256
667 0.53346
668 0.53493
669 0.5358
670 0.53638
671 0.53765
672 0.53849
673 0.53923
674 0.54036
675 0.54114
676 0.54189
677 0.54249
678 0.54304
679 0.54411
680 0.54462
681 0.54538
682 0.54668
683 0.5475
684 0.54842
685 0.5489
686 0.54958
687 0.55006
688 0.55085
689 0.55113
690 0.55209
691 0.5528
692 0.55342
693 0.55457
694 0.5558
695 0.55636
696 0.55769
697 0.55844
698 0.55904
699 0.56017
700 0.56098
701 0.5615
702 0.56267
703 0.56341
704 0.56416
705 0.56514
706 0.56568
707 0.56624
708 0.56718
709 0.56824
710 0.56875
711 0.57024
712 0.57116
713 0.57241
714 0.57251
715 0.57304
716 0.57353
717 0.57462
718 0.57526
719 0.57594
720 0.57626
721 0.5769
722 0.57748
723 0.57862
724 0.57966
725 0.57994
726 0.58059
727 0.58081
728 0.58095
729 0.58239
730 0.58365
731 0.58408
732 0.58532
733 0.58609
734 0.58688
735 0.58748
736 0.58829
737 0.58906
738 0.58975
739 0.59044
740 0.59106
741 0.59225
742 0.59342
743 0.59457
744 0.59506
745 0.59655
746 0.59723
747 0.59804
748 0.59874
749 0.60001
750 0.60098
751 0.60231
752 0.60324
753 0.60411
754 0.60536
755 0.60673
756 0.6073
757 0.60812
758 0.60884
759 0.60914
760 0.61005
761 0.61138
762 0.6127
763 0.61308
764 0.6146
765 0.61513
766 0.6156
767 0.61594
768 0.61667
769 0.61764
770 0.61939
771 0.62021
772 0.62102
773 0.62181
774 0.62269
775 0.62312
776 0.62407
777 0.62541
778 0.62641
779 0.62727
780 0.62767
781 0.62847
782 0.62962
783 0.63044
784 0.63124
785 0.63215
786 0.6329
787 0.63336
788 0.63417
789 0.6356
790 0.63678
791 0.63751
792 0.6382
793 0.63892
794 0.64017
795 0.64066
796 0.64149
797 0.64209
798 0.64265
799 0.64334
800 0.64499
801 0.64569
802 0.64644
803 0.64727
804 0.64863
805 0.64908
806 0.65004
807 0.65077
808 0.65134
809 0.6516
810 0.65248
811 0.65359
812 0.65472
813 0.65594
814 0.65681
815 0.65717
816 0.65848
817 0.65962
818 0.66107
819 0.66213
820 0.66311
821 0.66325
822 0.66455
823 0.66534
824 0.66614
825 0.66685
826 0.66796
827 0.66829
828 0.6687
829 0.66975
830 0.67072
831 0.67108
832 0.67183
833 0.67284
834 0.673
835 0.67366
836 0.6752
837 0.67592
838 0.67634
839 0.6766
840 0.67768
841 0.67824
842 0.67863
843 0.67952
844 0.68059
845 0.68091
846 0.68206
847 0.68308
848 0.68355
849 0.68397
850 0.68502
851 0.68582
852 0.68755
853 0.68827
854 0.68918
855 0.68964
856 0.69026
857 0.69136
858 0.69237
859 0.6933
860 0.69399
861 0.69521
862 0.69583
863 0.69644
864 0.6974
865 0.69887
866 0.69926
867 0.69945
868 0.70028
869 0.70058
870 0.70185
871 0.70284
872 0.70401
873 0.70463
874 0.70515
875 0.70598
876 0.70663
877 0.70801
878 0.70849
879 0.70961
880 0.71003
881 0.71099
882 0.71228
883 0.71335
884 0.71441
885 0.71534
886 0.71584
887 0.71633
888 0.71646
889 0.71684
890 0.71774
891 0.71922
892 0.72009
893 0.72045
894 0.72179
895 0.72324
896 0.72423
897 0.72534
898 0.72656
899 0.72714
900 0.72845
901 0.72934
902 0.73113
903 0.73163
904 0.73257
905 0.73351
906 0.73422
907 0.73502
908 0.7361
909 0.73769
910 0.73827
911 0.7388
912 0.73936
913 0.73982
914 0.7402
915 0.7409
916 0.74172
917 0.74306
918 0.74398
919 0.74462
920 0.74552
921 0.7464
922 0.74689
923 0.74737
924 0.74801
925 0.74874
926 0.74896
927 0.74934
928 0.75057
929 0.75098
930 0.75151
931 0.75226
932 0.75299
933 0.7537
934 0.75479
935 0.75619
936 0.75714
937 0.75751
938 0.7578
939 0.75872
940 0.75948
941 0.76033
942 0.76075
943 0.76115
944 0.76197
945 0.76289
946 0.76338
947 0.76436
948 0.76512
949 0.76599
950 0.76688
951 0.76786
952 0.76905
953 0.77034
954 0.77107
955 0.77136
956 0.77236
957 0.7731
958 0.77381
959 0.77473
960 0.77598
961 0.77654
962 0.77722
963 0.77857
964 0.7794
965 0.77999
966 0.78064
967 0.78216
968 0.78258
969 0.78343
970 0.78402
971 0.78446
972 0.78524
973 0.78608
974 0.78643
975 0.78685
976 0.78723
977 0.78791
978 0.78862
979 0.78973
980 0.7912
981 0.79239
982 0.79299
983 0.79375
984 0.79427
985 0.79481
986 0.79569
987 0.79618
988 0.79715
989 0.79792
990 0.79886
991 0.79959
992 0.80133
993 0.80198
994 0.80255
995 0.80374
996 0.80416
997 0.80479
998 0.80509
999 0.80598
1000 0.80618
1001 0.8064
1002 0.80742
1003 0.80821
1004 0.80955
1005 0.81013
1006 0.81103
1007 0.81175
1008 0.81206
1009 0.81255
1010 0.81335
1011 0.81359
1012 0.81388
1013 0.81488
1014 0.81573
1015 0.81638
1016 0.81771
1017 0.81842
1018 0.81919
1019 0.82039
1020 0.82075
1021 0.82187
1022 0.82221
1023 0.82283
1024 0.82399
1025 0.82408
1026 0.82425
1027 0.8254
1028 0.82607
1029 0.8269
1030 0.82848
1031 0.82933
1032 0.82978
1033 0.83022
1034 0.83098
1035 0.83132
1036 0.83163
1037 0.83206
1038 0.83307
1039 0.83346
1040 0.83415
1041 0.83474
1042 0.83563
1043 0.83698
1044 0.83788
1045 0.83861
1046 0.83935
1047 0.84023
1048 0.84054
1049 0.84109
1050 0.84238
1051 0.84283
1052 0.84401
1053 0.84463
1054 0.8458
1055 0.84746
1056 0.84773
1057 0.84849
1058 0.84939
1059 0.85041
1060 0.85105
1061 0.85209
1062 0.85292
1063 0.85338
1064 0.85475
1065 0.85513
1066 0.85606
1067 0.85639
1068 0.85709
1069 0.85871
1070 0.85977
1071 0.86011
1072 0.86036
1073 0.86142
1074 0.8619
1075 0.8631
1076 0.86366
1077 0.86416
1078 0.86587
1079 0.86677
1080 0.86805
1081 0.86927
1082 0.87016
1083 0.87117
1084 0.87174
1085 0.8723
1086 0.87306
1087 0.87362
1088 0.87463
1089 0.8755
1090 0.87568
1091 0.87712
1092 0.87782
1093 0.87816
1094 0.87879
1095 0.87952
1096 0.88048
1097 0.88122
1098 0.88248
1099 0.88327
1100 0.88396
1101 0.88465
1102 0.88505
1103 0.88549
1104 0.88624
1105 0.88666
1106 0.88733
1107 0.88766
1108 0.88861
1109 0.88903
1110 0.88962
1111 0.8904
1112 0.89104
1113 0.89141
1114 0.89234
1115 0.89273
1116 0.89294
1117 0.89376
1118 0.89452
1119 0.89556
1120 0.89629
1121 0.89748
1122 0.89816
1123 0.89869
1124 0.8997
1125 0.90061
1126 0.90126
1127 0.90221
1128 0.90305
1129 0.90393
1130 0.90447
1131 0.90542
1132 0.906
1133 0.90702
1134 0.9079
1135 0.9084
1136 0.90955
1137 0.91077
1138 0.91094
1139 0.91239
1140 0.91368
1141 0.91398
1142 0.91468
1143 0.91622
1144 0.91639
1145 0.91744
1146 0.91773
1147 0.91897
1148 0.91962
1149 0.92079
1150 0.92093
1151 0.92146
1152 0.92169
1153 0.92241
1154 0.92284
1155 0.92323
1156 0.92373
1157 0.92481
1158 0.92533
1159 0.92615
1160 0.92726
1161 0.92799
1162 0.92896
1163 0.92946
1164 0.93015
1165 0.93132
1166 0.93231
1167 0.93353
1168 0.93415
1169 0.93506
1170 0.93564
1171 0.93651
1172 0.93699
1173 0.93773
1174 0.93833
1175 0.93922
1176 0.94007
1177 0.94061
1178 0.94155
1179 0.94235
1180 0.9426
1181 0.94315
1182 0.94437
1183 0.94508
1184 0.94618
1185 0.94726
1186 0.9478
1187 0.94845
1188 0.94977
1189 0.95013
1190 0.95088
1191 0.95146
1192 0.95197
1193 0.95294
1194 0.9537
1195 0.95458
1196 0.95501
1197 0.95577
1198 0.95647
1199 0.95744
1200 0.95839
1201 0.95901
1202 0.95975
1203 0.96079
1204 0.96094
1205 0.96145
1206 0.96215
1207 0.96296
1208 0.96347
1209 0.96379
1210 0.96481
1211 0.9651
1212 0.96595
1213 0.96667
1214 0.96767
1215 0.96899
1216 0.96993
1217 0.97116
1218 0.97192
1219 0.97261
1220 0.97372
1221 0.9747
1222 0.97546
1223 0.97584
1224 0.97642
1225 0.977
1226 0.97729
1227 0.97775
1228 0.97813
1229 0.97823
1230 0.97909
1231 0.97983
1232 0.98038
1233 0.98142
1234 0.98269
1235 0.98353
1236 0.98445
1237 0.9848
1238 0.98551
1239 0.98594
1240 0.98674
1241 0.98725
1242 0.98836
1243 0.98915
1244 0.9895
1245 0.99021
1246 0.99068
1247 0.9913
1248 0.99299
1249 0.99383
1250 0.99435
1251 0.99516
1252 0.99539
1253 0.99645
1254 0.99755
1255 0.99801
1256 0.99848
1257 0.99955
1258 1.00003
# Generated pool n. 2 for Umax = 533.6115112304688
# Generated a biased pool of 100000 with an acceptance of 0.11206064373254776
# Generated a pool of 100000 with an acceptance of 0.003971525019857032
# Generation repeated 1259 times
# Average relative effective sample size: 0.032545533031225204
# Generation efficiency: 0.0007942811755361397
