# Generation 9

0 0.00207
1 0.00523
2 0.00547
3 0.00711
4 0.00792
5 0.00887
6 0.01029
7 0.01164
8 0.01422
9 0.01538
10 0.01658
11 0.0175
12 0.02057
13 0.02262
14 0.02325
15 0.02426
16 0.02514
17 0.02572
18 0.02726
19 0.02747
20 0.02916
21 0.03012
22 0.03089
23 0.03192
24 0.03329
25 0.0334
26 0.03458
27 0.03557
28 0.03731
29 0.03907
30 0.04034
31 0.04342
32 0.04419
33 0.04631
34 0.04766
35 0.04896
36 0.05018
37 0.0515
38 0.05175
39 0.05342
40 0.05537
41 0.0567
42 0.05749
43 0.06023
44 0.06148
45 0.06209
46 0.06391
47 0.06578
48 0.06718
49 0.06863
50 0.06914
51 0.07026
52 0.07234
53 0.07484
54 0.07517
55 0.0772
56 0.07966
57 0.0823
58 0.08294
59 0.08455
60 0.08588
61 0.08626
62 0.08731
63 0.08811
64 0.09054
65 0.0914
66 0.09211
67 0.09332
68 0.09336
69 0.09449
70 0.09608
71 0.09805
72 0.09974
73 0.10079
74 0.10208
75 0.10337
76 0.10442
77 0.1058
78 0.10766
79 0.10841
80 0.10891
81 0.11018
82 0.11044
83 0.11318
84 0.11414
85 0.11546
86 0.11561
87 0.11737
88 0.1184
89 0.12
90 0.12113
91 0.12247
92 0.1237
93 0.12507
94 0.12611
95 0.12821
96 0.12949
97 0.13026
98 0.13249
99 0.13361
100 0.13516
101 0.13674
102 0.13748
103 0.13844
104 0.13854
105 0.13941
106 0.14083
107 0.14196
108 0.14297
109 0.14434
110 0.14497
111 0.14514
112 0.14785
113 0.14822
114 0.14928
115 0.15131
116 0.15349
117 0.15459
118 0.15615
119 0.15737
120 0.15788
121 0.16009
122 0.1603
123 0.16107
124 0.16239
125 0.1648
126 0.16614
127 0.16631
128 0.16799
129 0.16839
130 0.17098
131 0.1734
132 0.17543
133 0.17644
134 0.17751
135 0.17897
136 0.18022
137 0.18093
138 0.18211
139 0.18327
140 0.18466
141 0.18508
142 0.18662
143 0.18744
144 0.18908
145 0.19125
146 0.1923
147 0.19256
148 0.19526
149 0.19613
150 0.19675
151 0.19792
152 0.19945
153 0.20259
154 0.204
155 0.20531
156 0.20715
157 0.20815
158 0.21037
159 0.21188
160 0.21416
161 0.21527
162 0.21571
163 0.21759
164 0.21919
165 0.2212
166 0.2223
167 0.22366
168 0.22627
169 0.2273
170 0.22889
171 0.23055
172 0.23198
173 0.23316
174 0.23371
175 0.23689
176 0.2388
177 0.2415
178 0.2425
179 0.24465
180 0.24502
181 0.24705
182 0.24891
183 0.25006
184 0.25037
185 0.2509
186 0.25126
187 0.25179
188 0.25295
189 0.25359
190 0.25465
191 0.25577
192 0.25651
193 0.25678
194 0.25698
195 0.26121
196 0.26209
197 0.26342
198 0.26392
199 0.26446
200 0.26629
201 0.26735
202 0.26866
203 0.27031
204 0.27173
205 0.27301
206 0.27359
207 0.27446
208 0.27555
209 0.27775
210 0.27833
211 0.28124
212 0.28275
213 0.28483
214 0.28524
215 0.28546
216 0.28733
217 0.28744
218 0.28866
219 0.29025
220 0.29089
221 0.29207
222 0.29282
223 0.29383
224 0.29435
225 0.297
226 0.30009
227 0.30232
228 0.30348
229 0.3045
230 0.30674
231 0.3076
232 0.30806
233 0.30855
234 0.3094
235 0.30996
236 0.31136
237 0.3119
238 0.31386
239 0.31607
240 0.31836
241 0.31944
242 0.32176
243 0.32382
244 0.32402
245 0.32495
246 0.32654
247 0.3281
248 0.32838
249 0.32989
250 0.3322
251 0.33236
252 0.33298
253 0.33492
254 0.33793
255 0.34061
256 0.34294
257 0.34475
258 0.34622
259 0.34826
260 0.34887
261 0.35023
262 0.3527
263 0.3532
264 0.35409
265 0.35563
266 0.35854
267 0.36112
268 0.3618
269 0.36272
270 0.36388
271 0.36523
272 0.36679
273 0.36847
274 0.36976
275 0.37058
276 0.37216
277 0.37308
278 0.37387
279 0.37533
280 0.37765
281 0.37846
282 0.37925
283 0.38094
284 0.38201
285 0.38386
286 0.38401
287 0.38563
288 0.3858
289 0.38641
290 0.38743
291 0.38792
292 0.38878
293 0.39036
294 0.39188
295 0.39421
296 0.39669
297 0.3981
298 0.39996
299 0.40151
300 0.40235
301 0.403
302 0.40449
303 0.40546
304 0.40636
305 0.40806
306 0.40856
307 0.40903
308 0.40924
309 0.4117
310 0.41244
311 0.41489
312 0.41594
313 0.41859
314 0.41968
315 0.42038
316 0.42124
317 0.42177
318 0.42293
319 0.42475
320 0.42721
321 0.4295
322 0.42982
323 0.43036
324 0.43146
325 0.43283
326 0.43406
327 0.43472
328 0.43521
329 0.43627
330 0.43793
331 0.44044
332 0.44355
333 0.445
334 0.44543
335 0.44691
336 0.44935
337 0.45023
338 0.45069
339 0.45338
340 0.4557
341 0.45673
342 0.45757
343 0.45896
344 0.46049
345 0.46159
346 0.46358
347 0.46468
348 0.46557
349 0.46768
350 0.46924
351 0.47012
352 0.47144
353 0.47195
354 0.47378
355 0.47588
356 0.47728
357 0.47856
358 0.4798
359 0.48008
360 0.4811
361 0.48241
362 0.48319
363 0.48353
364 0.48547
365 0.48819
366 0.48977
367 0.4918
368 0.49349
369 0.49514
370 0.49684
371 0.4976
372 0.49869
373 0.49919
374 0.50061
375 0.50261
376 0.50422
377 0.50472
378 0.50486
379 0.50694
380 0.50711
381 0.50843
382 0.51067
383 0.51282
384 0.5146
385 0.51547
386 0.51709
387 0.5184
388 0.52017
389 0.52093
390 0.52221
391 0.52385
392 0.52457
393 0.52665
394 0.52857
395 0.53097
396 0.53251
397 0.53387
398 0.53528
399 0.53596
400 0.53671
401 0.53887
402 0.53963
403 0.54013
404 0.54107
405 0.54268
406 0.54537
407 0.54641
408 0.54734
409 0.5487
410 0.54905
411 0.54995
412 0.55227
413 0.55238
414 0.55368
415 0.55491
416 0.55628
417 0.55677
418 0.55967
419 0.56125
420 0.56281
421 0.56468
422 0.56658
423 0.56807
424 0.57067
425 0.57103
426 0.57154
427 0.57517
428 0.57736
429 0.57808
430 0.5795
431 0.58022
432 0.58162
433 0.58268
434 0.5842
435 0.58534
436 0.58814
437 0.58924
438 0.59126
439 0.59228
440 0.59286
441 0.59566
442 0.59676
443 0.59856
444 0.60006
445 0.60045
446 0.60284
447 0.60407
448 0.60535
449 0.60589
450 0.60669
451 0.60774
452 0.60931
453 0.60949
454 0.61013
455 0.61194
456 0.61398
457 0.61502
458 0.61655
459 0.61781
460 0.61877
461 0.62061
462 0.6224
463 0.62368
464 0.6261
465 0.62795
466 0.63055
467 0.63257
468 0.6336
469 0.63437
470 0.63484
471 0.63658
472 0.63676
473 0.63816
474 0.64021
475 0.64214
476 0.64455
477 0.64457
478 0.64525
479 0.64699
480 0.64833
481 0.64979
482 0.65175
483 0.65293
484 0.6541
485 0.65669
486 0.65712
487 0.65869
488 0.65966
489 0.66104
490 0.6612
491 0.66268
492 0.66489
493 0.66635
494 0.66848
495 0.6708
496 0.67192
497 0.67288
498 0.67417
499 0.67543
500 0.67648
501 0.67911
502 0.68092
503 0.68142
504 0.6826
505 0.68436
506 0.68625
507 0.68771
508 0.68999
509 0.69209
510 0.69272
511 0.69433
512 0.69589
513 0.69819
514 0.69997
515 0.70189
516 0.70358
517 0.70491
518 0.70559
519 0.70993
520 0.7111
521 0.71231
522 0.71477
523 0.71489
524 0.71606
525 0.71742
526 0.7185
527 0.71929
528 0.72085
529 0.72205
530 0.72237
531 0.72445
532 0.72517
533 0.72676
534 0.72901
535 0.72988
536 0.73019
537 0.73097
538 0.73272
539 0.73344
540 0.73505
541 0.73649
542 0.73719
543 0.73804
544 0.73836
545 0.73868
546 0.7404
547 0.7423
548 0.74312
549 0.74331
550 0.74521
551 0.74608
552 0.74784
553 0.75026
554 0.75284
555 0.75414
556 0.75509
557 0.75696
558 0.75851
559 0.75947
560 0.76149
561 0.76223
562 0.76391
563 0.76468
564 0.76656
565 0.7675
566 0.76863
567 0.76922
568 0.77007
569 0.77057
570 0.77203
571 0.77288
572 0.77447
573 0.77551
574 0.77721
575 0.77775
576 0.77888
577 0.78026
578 0.78133
579 0.78369
580 0.78529
581 0.78661
582 0.78892
583 0.79098
584 0.79189
585 0.79331
586 0.79475
587 0.79669
588 0.7978
589 0.8005
590 0.80305
591 0.80453
592 0.80593
593 0.80816
594 0.80921
595 0.81084
596 0.81177
597 0.81327
598 0.81383
599 0.81627
600 0.81837
601 0.82031
602 0.82265
603 0.82322
604 0.82471
605 0.82617
606 0.82832
607 0.82951
608 0.83043
609 0.83156
610 0.83401
611 0.83586
612 0.83673
613 0.83881
614 0.83972
615 0.84052
616 0.84085
617 0.84296
618 0.84373
619 0.84542
620 0.84685
621 0.84768
622 0.84924
623 0.85114
624 0.85245
625 0.85484
626 0.85615
627 0.85872
628 0.86017
629 0.86162
630 0.86282
631 0.86437
632 0.86519
633 0.86657
634 0.86875
635 0.87108
636 0.8728
637 0.87366
638 0.87588
639 0.87826
640 0.87933
641 0.88126
642 0.88238
643 0.88316
644 0.88465
645 0.88672
646 0.88796
647 0.88982
648 0.89227
649 0.89395
650 0.89463
651 0.89525
652 0.89697
653 0.89824
654 0.89916
655 0.90089
656 0.90154
657 0.9022
658 0.90305
659 0.90426
660 0.90611
661 0.90894
662 0.91139
663 0.91295
664 0.91423
665 0.91503
666 0.91547
667 0.9172
668 0.91737
669 0.91767
670 0.91913
671 0.92159
672 0.92317
673 0.92582
674 0.92709
675 0.92737
676 0.92868
677 0.92979
678 0.93062
679 0.93353
680 0.93449
681 0.93586
682 0.93719
683 0.93902
684 0.94073
685 0.94237
686 0.9433
687 0.94342
688 0.945
689 0.94659
690 0.94815
691 0.9487
692 0.94912
693 0.95071
694 0.95182
695 0.95195
696 0.95257
697 0.95287
698 0.9548
699 0.95657
700 0.9581
701 0.95942
702 0.96044
703 0.96083
704 0.96251
705 0.96348
706 0.96462
707 0.96643
708 0.9698
709 0.97155
710 0.97206
711 0.97423
712 0.97488
713 0.97671
714 0.97781
715 0.97852
716 0.98152
717 0.98244
718 0.98348
719 0.98435
720 0.98655
721 0.9873
722 0.98957
723 0.9917
724 0.9923
725 0.99306
726 0.99336
727 0.99553
728 0.9966
729 0.99818
730 0.99826
731 0.99857
732 0.99943
733 1.00061
# Generated pool n. 9 for Umax = -2.334998607635498
# Generated a biased pool of 100000 with an acceptance of 0.44482147693634033
# Generated a pool of 100000 with an acceptance of 0.006816144414168932
# Generation repeated 734 times
# Average relative effective sample size: 0.10888751596212387
# Generation efficiency: 0.0013623978201634877
