# Generation 4

0 0.00068
1 0.00133
2 0.0022
3 0.00239
4 0.00316
5 0.00344
6 0.00394
7 0.00423
8 0.00454
9 0.00472
10 0.00514
11 0.00549
12 0.00572
13 0.00591
14 0.00654
15 0.00712
16 0.00739
17 0.00806
18 0.00845
19 0.00899
20 0.00905
21 0.01012
22 0.01045
23 0.0111
24 0.01135
25 0.01177
26 0.0127
27 0.01317
28 0.0137
29 0.01405
30 0.01459
31 0.01499
32 0.01519
33 0.01542
34 0.0156
35 0.01602
36 0.01625
37 0.01677
38 0.01745
39 0.01799
40 0.0188
41 0.01917
42 0.01949
43 0.01985
44 0.02058
45 0.02095
46 0.02121
47 0.02187
48 0.0223
49 0.02262
50 0.02297
51 0.02332
52 0.02361
53 0.02385
54 0.02432
55 0.02497
56 0.02548
57 0.02565
58 0.0258
59 0.02625
60 0.02694
61 0.0277
62 0.02793
63 0.02817
64 0.02832
65 0.02887
66 0.02913
67 0.02956
68 0.02998
69 0.03005
70 0.03079
71 0.03188
72 0.03212
73 0.03291
74 0.03336
75 0.03382
76 0.03404
77 0.03431
78 0.03475
79 0.03504
80 0.03557
81 0.03581
82 0.03651
83 0.03693
84 0.03738
85 0.03759
86 0.0381
87 0.03824
88 0.03829
89 0.03863
90 0.03878
91 0.03892
92 0.03919
93 0.0393
94 0.03993
95 0.04027
96 0.04066
97 0.0408
98 0.04125
99 0.04142
100 0.04164
101 0.0418
102 0.04212
103 0.04258
104 0.04293
105 0.04319
106 0.04386
107 0.04463
108 0.04471
109 0.04478
110 0.04503
111 0.04561
112 0.04593
113 0.04651
114 0.04662
115 0.04693
116 0.04757
117 0.04786
118 0.04822
119 0.04885
120 0.04914
121 0.04943
122 0.04958
123 0.04977
124 0.0503
125 0.05082
126 0.0511
127 0.0513
128 0.0518
129 0.05238
130 0.0525
131 0.05302
132 0.05351
133 0.05403
134 0.05463
135 0.05478
136 0.05509
137 0.0556
138 0.0558
139 0.05622
140 0.05652
141 0.05707
142 0.05737
143 0.05795
144 0.05833
145 0.05871
146 0.05893
147 0.05905
148 0.05929
149 0.06004
150 0.06027
151 0.06084
152 0.06146
153 0.06215
154 0.06243
155 0.06273
156 0.06294
157 0.0636
158 0.06386
159 0.06441
160 0.06523
161 0.06536
162 0.06572
163 0.06635
164 0.06668
165 0.06737
166 0.06806
167 0.06861
168 0.0689
169 0.06939
170 0.07
171 0.07112
172 0.07146
173 0.07174
174 0.07214
175 0.07286
176 0.0736
177 0.07431
178 0.07486
179 0.07525
180 0.07553
181 0.07624
182 0.07645
183 0.07675
184 0.077
185 0.07751
186 0.0779
187 0.07814
188 0.07821
189 0.07845
190 0.07897
191 0.07947
192 0.08004
193 0.08012
194 0.08055
195 0.08096
196 0.08117
197 0.08124
198 0.08179
199 0.08208
200 0.08236
201 0.08312
202 0.08328
203 0.08385
204 0.08459
205 0.08503
206 0.08543
207 0.08638
208 0.08661
209 0.08715
210 0.08789
211 0.08834
212 0.08891
213 0.08923
214 0.08988
215 0.09047
216 0.0909
217 0.09143
218 0.0917
219 0.09209
220 0.09239
221 0.09281
222 0.09328
223 0.09376
224 0.094
225 0.09415
226 0.09455
227 0.09459
228 0.09492
229 0.09548
230 0.09607
231 0.09654
232 0.09666
233 0.09754
234 0.09762
235 0.09809
236 0.09823
237 0.09847
238 0.09891
239 0.09913
240 0.09987
241 0.10039
242 0.10085
243 0.10113
244 0.10133
245 0.1016
246 0.10183
247 0.10259
248 0.10293
249 0.10312
250 0.10326
251 0.10346
252 0.10395
253 0.10426
254 0.10455
255 0.10497
256 0.10529
257 0.10556
258 0.10629
259 0.10702
260 0.10741
261 0.10801
262 0.10834
263 0.10852
264 0.109
265 0.11008
266 0.11047
267 0.11075
268 0.11096
269 0.11121
270 0.11178
271 0.11193
272 0.11212
273 0.11228
274 0.11253
275 0.11265
276 0.11316
277 0.11368
278 0.11393
279 0.11427
280 0.11478
281 0.11498
282 0.11533
283 0.11585
284 0.11644
285 0.11662
286 0.11675
287 0.11694
288 0.11718
289 0.11726
290 0.1177
291 0.11825
292 0.1187
293 0.11924
294 0.11951
295 0.11973
296 0.12018
297 0.12099
298 0.12137
299 0.12179
300 0.1224
301 0.12306
302 0.1231
303 0.12319
304 0.12361
305 0.12386
306 0.12409
307 0.12482
308 0.12509
309 0.12561
310 0.12596
311 0.12654
312 0.12719
313 0.12779
314 0.1282
315 0.12841
316 0.12892
317 0.12954
318 0.12989
319 0.13006
320 0.13054
321 0.13124
322 0.13142
323 0.13206
324 0.1324
325 0.13263
326 0.13278
327 0.13345
328 0.13453
329 0.1349
330 0.13501
331 0.13527
332 0.13578
333 0.1361
334 0.1364
335 0.13717
336 0.1382
337 0.13844
338 0.13914
339 0.13933
340 0.13963
341 0.14003
342 0.14051
343 0.14079
344 0.14111
345 0.14181
346 0.14234
347 0.14292
348 0.14327
349 0.14355
350 0.14394
351 0.14413
352 0.14495
353 0.14528
354 0.14571
355 0.1462
356 0.14646
357 0.14666
358 0.14741
359 0.14781
360 0.14809
361 0.14897
362 0.14911
363 0.14944
364 0.14973
365 0.15028
366 0.15059
367 0.15073
368 0.15108
369 0.15168
370 0.15212
371 0.15238
372 0.1531
373 0.1539
374 0.15434
375 0.15487
376 0.15538
377 0.1562
378 0.15665
379 0.15725
380 0.15749
381 0.15795
382 0.15834
383 0.15861
384 0.15896
385 0.15944
386 0.16022
387 0.1605
388 0.16081
389 0.16093
390 0.16147
391 0.1618
392 0.16229
393 0.16288
394 0.16318
395 0.16362
396 0.16406
397 0.16445
398 0.1647
399 0.16508
400 0.16528
401 0.16581
402 0.16635
403 0.16698
404 0.16717
405 0.16805
406 0.16906
407 0.16942
408 0.16964
409 0.17033
410 0.17111
411 0.17134
412 0.17207
413 0.17249
414 0.17268
415 0.17279
416 0.17355
417 0.17363
418 0.1744
419 0.1747
420 0.1751
421 0.17564
422 0.17605
423 0.17615
424 0.17621
425 0.17672
426 0.17715
427 0.17774
428 0.17815
429 0.17834
430 0.17872
431 0.17929
432 0.17989
433 0.18035
434 0.18057
435 0.18139
436 0.18181
437 0.18198
438 0.18226
439 0.18268
440 0.18325
441 0.18344
442 0.1838
443 0.1844
444 0.18495
445 0.18547
446 0.18565
447 0.18635
448 0.18675
449 0.18714
450 0.1874
451 0.18744
452 0.18796
453 0.18817
454 0.18836
455 0.18849
456 0.18894
457 0.18906
458 0.18954
459 0.19
460 0.19012
461 0.19094
462 0.1913
463 0.19202
464 0.19241
465 0.19273
466 0.19277
467 0.19299
468 0.19317
469 0.19368
470 0.19402
471 0.19471
472 0.19527
473 0.19557
474 0.19573
475 0.19606
476 0.1962
477 0.19663
478 0.197
479 0.19746
480 0.19759
481 0.19769
482 0.19792
483 0.1981
484 0.1986
485 0.19879
486 0.19905
487 0.19923
488 0.19944
489 0.19982
490 0.19997
491 0.20078
492 0.20104
493 0.2012
494 0.20162
495 0.20196
496 0.20224
497 0.2023
498 0.20287
499 0.203
500 0.20343
501 0.20351
502 0.20369
503 0.20377
504 0.20382
505 0.20407
506 0.20441
507 0.20507
508 0.20623
509 0.20676
510 0.20749
511 0.20839
512 0.20882
513 0.20906
514 0.20913
515 0.20941
516 0.20984
517 0.21016
518 0.21082
519 0.21144
520 0.2122
521 0.21292
522 0.21302
523 0.21314
524 0.21363
525 0.21405
526 0.21439
527 0.21461
528 0.21507
529 0.21565
530 0.2161
531 0.21625
532 0.21674
533 0.21734
534 0.21751
535 0.21782
536 0.21833
537 0.21871
538 0.21912
539 0.21941
540 0.22019
541 0.22118
542 0.22145
543 0.22171
544 0.22212
545 0.22256
546 0.22334
547 0.22369
548 0.22375
549 0.2239
550 0.22417
551 0.22462
552 0.2254
553 0.22582
554 0.22616
555 0.22637
556 0.22673
557 0.22781
558 0.22845
559 0.22877
560 0.22954
561 0.22972
562 0.23036
563 0.2305
564 0.23143
565 0.23176
566 0.23197
567 0.23242
568 0.23271
569 0.23306
570 0.23341
571 0.23391
572 0.2342
573 0.23435
574 0.23457
575 0.2351
576 0.23534
577 0.23577
578 0.23633
579 0.23672
580 0.2371
581 0.23742
582 0.23833
583 0.23883
584 0.23921
585 0.2395
586 0.23992
587 0.24025
588 0.24057
589 0.24102
590 0.24126
591 0.24136
592 0.24147
593 0.24202
594 0.2423
595 0.24289
596 0.2431
597 0.24351
598 0.24395
599 0.2444
600 0.24473
601 0.24492
602 0.24539
603 0.24568
604 0.24638
605 0.24666
606 0.2471
607 0.24741
608 0.24756
609 0.24758
610 0.24805
611 0.24819
612 0.24867
613 0.24898
614 0.24935
615 0.24972
616 0.25074
617 0.25092
618 0.25177
619 0.25206
620 0.25238
621 0.25266
622 0.25317
623 0.25331
624 0.2534
625 0.2538
626 0.25435
627 0.2549
628 0.25537
629 0.25624
630 0.25645
631 0.25665
632 0.25704
633 0.2577
634 0.25814
635 0.25837
636 0.25903
637 0.25935
638 0.25972
639 0.26046
640 0.26095
641 0.26151
642 0.26193
643 0.26247
644 0.26255
645 0.26284
646 0.26323
647 0.26367
648 0.264
649 0.26428
650 0.26448
651 0.26483
652 0.26538
653 0.26609
654 0.26621
655 0.26654
656 0.26695
657 0.26718
658 0.26756
659 0.26783
660 0.26838
661 0.26874
662 0.26918
663 0.26951
664 0.26978
665 0.27005
666 0.27048
667 0.27067
668 0.27099
669 0.27184
670 0.27197
671 0.27214
672 0.27234
673 0.27261
674 0.27311
675 0.27386
676 0.27447
677 0.27501
678 0.27528
679 0.27591
680 0.2763
681 0.27646
682 0.27669
683 0.27728
684 0.27742
685 0.2779
686 0.27831
687 0.27877
688 0.2791
689 0.27938
690 0.27969
691 0.27997
692 0.2803
693 0.28079
694 0.28131
695 0.28156
696 0.28184
697 0.28225
698 0.28296
699 0.28311
700 0.2837
701 0.28404
702 0.28427
703 0.28466
704 0.28483
705 0.28521
706 0.28555
707 0.28596
708 0.28646
709 0.28685
710 0.28706
711 0.28732
712 0.28787
713 0.28802
714 0.28812
715 0.28826
716 0.28836
717 0.2889
718 0.28918
719 0.28958
720 0.2899
721 0.29046
722 0.2908
723 0.29122
724 0.29141
725 0.29185
726 0.29252
727 0.29266
728 0.29349
729 0.29375
730 0.2942
731 0.29463
732 0.29528
733 0.29545
734 0.2959
735 0.29617
736 0.29655
737 0.29705
738 0.29755
739 0.29789
740 0.29853
741 0.29882
742 0.29922
743 0.29969
744 0.30049
745 0.30072
746 0.30112
747 0.30172
748 0.3021
749 0.30229
750 0.30308
751 0.3034
752 0.30348
753 0.30379
754 0.30409
755 0.30427
756 0.30473
757 0.30489
758 0.30497
759 0.3051
760 0.30548
761 0.30606
762 0.30653
763 0.30721
764 0.30797
765 0.3082
766 0.30838
767 0.30891
768 0.30937
769 0.3099
770 0.31039
771 0.31157
772 0.31213
773 0.31263
774 0.31297
775 0.31337
776 0.31431
777 0.31481
778 0.31503
779 0.31526
780 0.31545
781 0.31592
782 0.31617
783 0.31637
784 0.31691
785 0.31718
786 0.31772
787 0.31803
788 0.3183
789 0.31864
790 0.31895
791 0.31928
792 0.31942
793 0.31992
794 0.32045
795 0.32084
796 0.3211
797 0.32143
798 0.32153
799 0.32198
800 0.32237
801 0.32267
802 0.32313
803 0.32341
804 0.32413
805 0.32431
806 0.32473
807 0.3249
808 0.32506
809 0.32577
810 0.32602
811 0.32639
812 0.32713
813 0.32725
814 0.32777
815 0.32822
816 0.32859
817 0.32881
818 0.32893
819 0.32917
820 0.32951
821 0.32987
822 0.33048
823 0.33076
824 0.33143
825 0.33189
826 0.33304
827 0.3334
828 0.3343
829 0.33458
830 0.33486
831 0.33518
832 0.33553
833 0.33587
834 0.33625
835 0.3364
836 0.33698
837 0.33741
838 0.33767
839 0.33809
840 0.33861
841 0.33922
842 0.33944
843 0.33981
844 0.34068
845 0.34096
846 0.34153
847 0.34175
848 0.34197
849 0.34274
850 0.34287
851 0.3433
852 0.34375
853 0.34419
854 0.34433
855 0.34489
856 0.34506
857 0.34567
858 0.34603
859 0.34681
860 0.34729
861 0.34807
862 0.34844
863 0.3491
864 0.34951
865 0.35041
866 0.35048
867 0.35055
868 0.35118
869 0.35152
870 0.35234
871 0.35255
872 0.35316
873 0.35389
874 0.35437
875 0.35494
876 0.35503
877 0.35567
878 0.35618
879 0.35626
880 0.35655
881 0.35695
882 0.35737
883 0.3578
884 0.3583
885 0.35921
886 0.35947
887 0.36019
888 0.36065
889 0.36083
890 0.36084
891 0.36143
892 0.3618
893 0.36212
894 0.36251
895 0.36277
896 0.36351
897 0.36357
898 0.36423
899 0.36485
900 0.36571
901 0.36599
902 0.36663
903 0.36699
904 0.36763
905 0.36885
906 0.36931
907 0.3694
908 0.36952
909 0.36974
910 0.37001
911 0.37042
912 0.37102
913 0.37167
914 0.37259
915 0.37295
916 0.3735
917 0.37419
918 0.37466
919 0.37535
920 0.3761
921 0.37663
922 0.37715
923 0.37746
924 0.37799
925 0.37886
926 0.37906
927 0.37916
928 0.37954
929 0.38041
930 0.38067
931 0.38162
932 0.38178
933 0.3827
934 0.38285
935 0.38319
936 0.38405
937 0.38512
938 0.38525
939 0.38555
940 0.38565
941 0.38567
942 0.38609
943 0.38633
944 0.38682
945 0.38742
946 0.38751
947 0.38812
948 0.38847
949 0.38884
950 0.3893
951 0.38944
952 0.39015
953 0.39065
954 0.3911
955 0.3913
956 0.3918
957 0.39224
958 0.39293
959 0.3934
960 0.39351
961 0.39425
962 0.39478
963 0.39518
964 0.39536
965 0.39576
966 0.39605
967 0.39677
968 0.39712
969 0.39743
970 0.39801
971 0.39843
972 0.39901
973 0.39945
974 0.39949
975 0.39975
976 0.39983
977 0.40027
978 0.40082
979 0.40153
980 0.40198
981 0.40262
982 0.40283
983 0.40302
984 0.40311
985 0.40359
986 0.40386
987 0.40419
988 0.40432
989 0.40526
990 0.40544
991 0.40574
992 0.40596
993 0.40611
994 0.40636
995 0.40663
996 0.40686
997 0.40752
998 0.40802
999 0.4081
1000 0.40834
1001 0.40868
1002 0.40936
1003 0.40948
1004 0.40997
1005 0.4103
1006 0.41049
1007 0.41068
1008 0.4113
1009 0.41169
1010 0.41228
1011 0.41241
1012 0.4127
1013 0.4132
1014 0.41357
1015 0.41393
1016 0.41406
1017 0.41431
1018 0.41449
1019 0.41509
1020 0.41547
1021 0.41581
1022 0.41598
1023 0.41632
1024 0.41651
1025 0.41661
1026 0.41716
1027 0.41778
1028 0.41803
1029 0.41808
1030 0.41837
1031 0.41872
1032 0.41897
1033 0.41935
1034 0.42025
1035 0.42062
1036 0.42111
1037 0.42127
1038 0.42148
1039 0.42196
1040 0.4223
1041 0.42277
1042 0.42295
1043 0.42338
1044 0.42378
1045 0.42415
1046 0.42454
1047 0.42469
1048 0.42514
1049 0.4253
1050 0.42597
1051 0.42632
1052 0.42681
1053 0.4271
1054 0.42756
1055 0.42896
1056 0.42953
1057 0.4299
1058 0.43016
1059 0.43026
1060 0.4309
1061 0.43134
1062 0.43191
1063 0.43263
1064 0.43323
1065 0.43348
1066 0.43382
1067 0.43435
1068 0.43439
1069 0.43491
1070 0.4355
1071 0.43589
1072 0.43638
1073 0.43684
1074 0.43731
1075 0.43788
1076 0.43837
1077 0.43876
1078 0.43921
1079 0.43959
1080 0.4397
1081 0.43999
1082 0.44083
1083 0.44125
1084 0.44171
1085 0.44272
1086 0.44302
1087 0.44338
1088 0.44365
1089 0.444
1090 0.44428
1091 0.4449
1092 0.44547
1093 0.44604
1094 0.44689
1095 0.44728
1096 0.44763
1097 0.44818
1098 0.44827
1099 0.44864
1100 0.44908
1101 0.44939
1102 0.45015
1103 0.45045
1104 0.45119
1105 0.45201
1106 0.45225
1107 0.45269
1108 0.45277
1109 0.45294
1110 0.45342
1111 0.45371
1112 0.45449
1113 0.45471
1114 0.45578
1115 0.45611
1116 0.45678
1117 0.45701
1118 0.45724
1119 0.45768
1120 0.4579
1121 0.45805
1122 0.45861
1123 0.45882
1124 0.45948
1125 0.46004
1126 0.46056
1127 0.46086
1128 0.46128
1129 0.46208
1130 0.46227
1131 0.46291
1132 0.4633
1133 0.46383
1134 0.46415
1135 0.46427
1136 0.46451
1137 0.46478
1138 0.46532
1139 0.466
1140 0.46646
1141 0.46672
1142 0.46737
1143 0.46792
1144 0.46821
1145 0.46844
1146 0.46881
1147 0.46925
1148 0.4702
1149 0.47062
1150 0.47114
1151 0.47163
1152 0.47187
1153 0.47209
1154 0.47226
1155 0.4726
1156 0.47304
1157 0.47361
1158 0.47382
1159 0.47397
1160 0.47467
1161 0.47484
1162 0.47505
1163 0.4754
1164 0.47566
1165 0.47625
1166 0.47664
1167 0.47689
1168 0.47738
1169 0.47769
1170 0.47833
1171 0.4788
1172 0.47922
1173 0.47965
1174 0.47996
1175 0.48067
1176 0.48114
1177 0.48137
1178 0.48212
1179 0.48292
1180 0.48312
1181 0.48333
1182 0.48357
1183 0.48431
1184 0.48481
1185 0.48513
1186 0.48533
1187 0.48545
1188 0.4858
1189 0.48598
1190 0.48665
1191 0.48695
1192 0.48744
1193 0.4876
1194 0.48772
1195 0.48783
1196 0.48799
1197 0.4886
1198 0.48903
1199 0.48957
1200 0.48975
1201 0.4901
1202 0.49042
1203 0.49091
1204 0.49099
1205 0.49111
1206 0.49175
1207 0.49243
1208 0.4929
1209 0.49314
1210 0.49359
1211 0.49395
1212 0.49432
1213 0.49471
1214 0.49557
1215 0.4956
1216 0.49602
1217 0.49632
1218 0.49665
1219 0.4973
1220 0.49769
1221 0.49803
1222 0.49889
1223 0.49931
1224 0.4995
1225 0.5001
1226 0.50065
1227 0.50137
1228 0.50231
1229 0.50288
1230 0.50318
1231 0.50347
1232 0.50375
1233 0.5039
1234 0.50422
1235 0.50451
1236 0.50491
1237 0.50516
1238 0.50523
1239 0.50533
1240 0.50559
1241 0.50596
1242 0.50627
1243 0.50671
1244 0.50686
1245 0.50724
1246 0.50775
1247 0.508
1248 0.50835
1249 0.50874
1250 0.50912
1251 0.50963
1252 0.50973
1253 0.50997
1254 0.51027
1255 0.51047
1256 0.51118
1257 0.51135
1258 0.51169
1259 0.51191
1260 0.51216
1261 0.51244
1262 0.51274
1263 0.51332
1264 0.51352
1265 0.5139
1266 0.51441
1267 0.51479
1268 0.51505
1269 0.51547
1270 0.51595
1271 0.51634
1272 0.51677
1273 0.51742
1274 0.51811
1275 0.51832
1276 0.51851
1277 0.51885
1278 0.51913
1279 0.51969
1280 0.51999
1281 0.52039
1282 0.52113
1283 0.52146
1284 0.52212
1285 0.52308
1286 0.52365
1287 0.52386
1288 0.52434
1289 0.52486
1290 0.5251
1291 0.52572
1292 0.52645
1293 0.52672
1294 0.52708
1295 0.52738
1296 0.5279
1297 0.52912
1298 0.52944
1299 0.5295
1300 0.52998
1301 0.53017
1302 0.53051
1303 0.53086
1304 0.53105
1305 0.53126
1306 0.53169
1307 0.53218
1308 0.53257
1309 0.5331
1310 0.53342
1311 0.53408
1312 0.53418
1313 0.5345
1314 0.53524
1315 0.5359
1316 0.53647
1317 0.53666
1318 0.53689
1319 0.53706
1320 0.53786
1321 0.53832
1322 0.53871
1323 0.53874
1324 0.53909
1325 0.53982
1326 0.54042
1327 0.54108
1328 0.5415
1329 0.54172
1330 0.54226
1331 0.54265
1332 0.54278
1333 0.54313
1334 0.54335
1335 0.54364
1336 0.54398
1337 0.54405
1338 0.54436
1339 0.54496
1340 0.54572
1341 0.54582
1342 0.54623
1343 0.54671
1344 0.547
1345 0.54734
1346 0.54793
1347 0.54879
1348 0.54893
1349 0.54919
1350 0.54972
1351 0.55013
1352 0.55057
1353 0.5511
1354 0.55166
1355 0.55203
1356 0.5522
1357 0.55237
1358 0.55258
1359 0.55272
1360 0.55326
1361 0.5538
1362 0.55428
1363 0.55471
1364 0.55479
1365 0.55528
1366 0.55598
1367 0.55648
1368 0.55708
1369 0.55726
1370 0.55741
1371 0.55762
1372 0.55806
1373 0.55829
1374 0.55885
1375 0.55904
1376 0.55929
1377 0.55981
1378 0.56091
1379 0.56104
1380 0.56182
1381 0.56238
1382 0.56283
1383 0.56347
1384 0.5643
1385 0.56456
1386 0.56516
1387 0.56546
1388 0.56564
1389 0.56648
1390 0.56659
1391 0.56721
1392 0.56726
1393 0.56777
1394 0.56823
1395 0.56866
1396 0.56895
1397 0.56915
1398 0.56961
1399 0.56997
1400 0.57038
1401 0.5708
1402 0.57107
1403 0.57158
1404 0.57187
1405 0.57275
1406 0.57323
1407 0.57338
1408 0.57415
1409 0.57448
1410 0.57468
1411 0.57545
1412 0.57574
1413 0.57625
1414 0.57641
1415 0.57693
1416 0.57706
1417 0.57737
1418 0.57771
1419 0.57804
1420 0.57826
1421 0.57859
1422 0.57869
1423 0.5791
1424 0.57946
1425 0.57974
1426 0.58004
1427 0.58065
1428 0.58139
1429 0.5815
1430 0.58183
1431 0.58217
1432 0.58229
1433 0.58259
1434 0.58335
1435 0.58381
1436 0.58415
1437 0.58478
1438 0.58533
1439 0.5855
1440 0.58576
1441 0.58587
1442 0.58617
1443 0.58642
1444 0.58732
1445 0.58774
1446 0.58796
1447 0.58844
1448 0.58881
1449 0.58918
1450 0.58962
1451 0.59018
1452 0.59074
1453 0.59142
1454 0.59195
1455 0.59221
1456 0.5924
1457 0.59247
1458 0.59286
1459 0.59345
1460 0.5936
1461 0.59454
1462 0.59511
1463 0.59576
1464 0.59616
1465 0.59659
1466 0.59727
1467 0.59773
1468 0.59815
1469 0.59836
1470 0.599
1471 0.59981
1472 0.60003
1473 0.60038
1474 0.60069
1475 0.60138
1476 0.60177
1477 0.60192
1478 0.60205
1479 0.60244
1480 0.60272
1481 0.60313
1482 0.6033
1483 0.60399
1484 0.6045
1485 0.60454
1486 0.60512
1487 0.60541
1488 0.60588
1489 0.60632
1490 0.60711
1491 0.60729
1492 0.60789
1493 0.60832
1494 0.60889
1495 0.60952
1496 0.60998
1497 0.61007
1498 0.6104
1499 0.61116
1500 0.61144
1501 0.61204
1502 0.61232
1503 0.61246
1504 0.61305
1505 0.61361
1506 0.61373
1507 0.61423
1508 0.61462
1509 0.6153
1510 0.61606
1511 0.61654
1512 0.61682
1513 0.61706
1514 0.61801
1515 0.61838
1516 0.6191
1517 0.61944
1518 0.61957
1519 0.61978
1520 0.62015
1521 0.6204
1522 0.62047
1523 0.62112
1524 0.62202
1525 0.62251
1526 0.62282
1527 0.62296
1528 0.62309
1529 0.62339
1530 0.62366
1531 0.62403
1532 0.62415
1533 0.62489
1534 0.62522
1535 0.62565
1536 0.62596
1537 0.62675
1538 0.62687
1539 0.62745
1540 0.62797
1541 0.62802
1542 0.62836
1543 0.62872
1544 0.62932
1545 0.6296
1546 0.62973
1547 0.63017
1548 0.63096
1549 0.63133
1550 0.63157
1551 0.63229
1552 0.63262
1553 0.63282
1554 0.63291
1555 0.63359
1556 0.63392
1557 0.63455
1558 0.63503
1559 0.63538
1560 0.6356
1561 0.63602
1562 0.63658
1563 0.63684
1564 0.63742
1565 0.63798
1566 0.63832
1567 0.63881
1568 0.63901
1569 0.63967
1570 0.64021
1571 0.64033
1572 0.64077
1573 0.64098
1574 0.64182
1575 0.64205
1576 0.64235
1577 0.64259
1578 0.64304
1579 0.64383
1580 0.64405
1581 0.64464
1582 0.64485
1583 0.64563
1584 0.64602
1585 0.64653
1586 0.64674
1587 0.64708
1588 0.64746
1589 0.64819
1590 0.64835
1591 0.64878
1592 0.64904
1593 0.64948
1594 0.64979
1595 0.64986
1596 0.65039
1597 0.65076
1598 0.65148
1599 0.65189
1600 0.65235
1601 0.6529
1602 0.65335
1603 0.65347
1604 0.65404
1605 0.65455
1606 0.65523
1607 0.65552
1608 0.65584
1609 0.65605
1610 0.65632
1611 0.6567
1612 0.65732
1613 0.65736
1614 0.65757
1615 0.65816
1616 0.65853
1617 0.65903
1618 0.65949
1619 0.65974
1620 0.65999
1621 0.66054
1622 0.66102
1623 0.66139
1624 0.66167
1625 0.66216
1626 0.66277
1627 0.66306
1628 0.66334
1629 0.6635
1630 0.66388
1631 0.66411
1632 0.66487
1633 0.66522
1634 0.66601
1635 0.66635
1636 0.66673
1637 0.66703
1638 0.66753
1639 0.66829
1640 0.66858
1641 0.66903
1642 0.66949
1643 0.66968
1644 0.66988
1645 0.67025
1646 0.67049
1647 0.67091
1648 0.67126
1649 0.67176
1650 0.67202
1651 0.6725
1652 0.67319
1653 0.67369
1654 0.67435
1655 0.67482
1656 0.67506
1657 0.67542
1658 0.67568
1659 0.67599
1660 0.67628
1661 0.6769
1662 0.67736
1663 0.6777
1664 0.678
1665 0.6783
1666 0.6789
1667 0.67941
1668 0.68005
1669 0.68072
1670 0.681
1671 0.68149
1672 0.68171
1673 0.68259
1674 0.68291
1675 0.68325
1676 0.68364
1677 0.68408
1678 0.68459
1679 0.68467
1680 0.68507
1681 0.68551
1682 0.68603
1683 0.6865
1684 0.68709
1685 0.68733
1686 0.6877
1687 0.6882
1688 0.68848
1689 0.68877
1690 0.68945
1691 0.69015
1692 0.69059
1693 0.69079
1694 0.69094
1695 0.69175
1696 0.69196
1697 0.69233
1698 0.69267
1699 0.69292
1700 0.69315
1701 0.69349
1702 0.6939
1703 0.69443
1704 0.69477
1705 0.69496
1706 0.69535
1707 0.69568
1708 0.69592
1709 0.69666
1710 0.69696
1711 0.69719
1712 0.69737
1713 0.69756
1714 0.69806
1715 0.69807
1716 0.69886
1717 0.69924
1718 0.6998
1719 0.69995
1720 0.7006
1721 0.70127
1722 0.70222
1723 0.70262
1724 0.70345
1725 0.70398
1726 0.70423
1727 0.70452
1728 0.70467
1729 0.70472
1730 0.70532
1731 0.70546
1732 0.70573
1733 0.70648
1734 0.70678
1735 0.70718
1736 0.70725
1737 0.70763
1738 0.70807
1739 0.70861
1740 0.70938
1741 0.70973
1742 0.71031
1743 0.71083
1744 0.71101
1745 0.71136
1746 0.71178
1747 0.71225
1748 0.71237
1749 0.71312
1750 0.71336
1751 0.7136
1752 0.71388
1753 0.71398
1754 0.71407
1755 0.7147
1756 0.71481
1757 0.71526
1758 0.71578
1759 0.71593
1760 0.71622
1761 0.71654
1762 0.71693
1763 0.71702
1764 0.71739
1765 0.71795
1766 0.7183
1767 0.71868
1768 0.71901
1769 0.7199
1770 0.72013
1771 0.72107
1772 0.72153
1773 0.72181
1774 0.72252
1775 0.72281
1776 0.72369
1777 0.72391
1778 0.72436
1779 0.72459
1780 0.72495
1781 0.72528
1782 0.72558
1783 0.72595
1784 0.72616
1785 0.72649
1786 0.72685
1787 0.72768
1788 0.72809
1789 0.72877
1790 0.72916
1791 0.72973
1792 0.73008
1793 0.73048
1794 0.73102
1795 0.73122
1796 0.73158
1797 0.73191
1798 0.73227
1799 0.73245
1800 0.73279
1801 0.73318
1802 0.73335
1803 0.73434
1804 0.73476
1805 0.7352
1806 0.73562
1807 0.73628
1808 0.73666
1809 0.73693
1810 0.73749
1811 0.73817
1812 0.73838
1813 0.73875
1814 0.73925
1815 0.73946
1816 0.73981
1817 0.74006
1818 0.74067
1819 0.74102
1820 0.74148
1821 0.74159
1822 0.74172
1823 0.7419
1824 0.74258
1825 0.74281
1826 0.74328
1827 0.74342
1828 0.74417
1829 0.74502
1830 0.74525
1831 0.74529
1832 0.74566
1833 0.74594
1834 0.74643
1835 0.74653
1836 0.74694
1837 0.7473
1838 0.7478
1839 0.74875
1840 0.74889
1841 0.74928
1842 0.74943
1843 0.74958
1844 0.74983
1845 0.75035
1846 0.75048
1847 0.75066
1848 0.75125
1849 0.75138
1850 0.75193
1851 0.75256
1852 0.75285
1853 0.75294
1854 0.75316
1855 0.75341
1856 0.75392
1857 0.75424
1858 0.75475
1859 0.75515
1860 0.75608
1861 0.75646
1862 0.75663
1863 0.75694
1864 0.75736
1865 0.75785
1866 0.7584
1867 0.75864
1868 0.75899
1869 0.75934
1870 0.75955
1871 0.76063
1872 0.76092
1873 0.76102
1874 0.76132
1875 0.76159
1876 0.76175
1877 0.76237
1878 0.76291
1879 0.76309
1880 0.76374
1881 0.76402
1882 0.76424
1883 0.76457
1884 0.76468
1885 0.76539
1886 0.7661
1887 0.76632
1888 0.76664
1889 0.76717
1890 0.76759
1891 0.76807
1892 0.76848
1893 0.76883
1894 0.76916
1895 0.76981
1896 0.76991
1897 0.77065
1898 0.77099
1899 0.77108
1900 0.77122
1901 0.77169
1902 0.77227
1903 0.77278
1904 0.77338
1905 0.77396
1906 0.77458
1907 0.77498
1908 0.77515
1909 0.77564
1910 0.77584
1911 0.77611
1912 0.77633
1913 0.77733
1914 0.77777
1915 0.77813
1916 0.77862
1917 0.77885
1918 0.77916
1919 0.78017
1920 0.78078
1921 0.781
1922 0.78141
1923 0.78194
1924 0.78227
1925 0.78308
1926 0.78348
1927 0.78359
1928 0.78389
1929 0.7844
1930 0.78517
1931 0.78586
1932 0.78635
1933 0.78646
1934 0.78687
1935 0.78695
1936 0.7876
1937 0.78794
1938 0.78859
1939 0.78908
1940 0.78985
1941 0.79028
1942 0.79084
1943 0.791
1944 0.79132
1945 0.79213
1946 0.79231
1947 0.79255
1948 0.79293
1949 0.79304
1950 0.79334
1951 0.79395
1952 0.79432
1953 0.79443
1954 0.79479
1955 0.79517
1956 0.7957
1957 0.79625
1958 0.79646
1959 0.79694
1960 0.79704
1961 0.79749
1962 0.7978
1963 0.7982
1964 0.79839
1965 0.7989
1966 0.79922
1967 0.79968
1968 0.80045
1969 0.80062
1970 0.80105
1971 0.80133
1972 0.80158
1973 0.80217
1974 0.80234
1975 0.80327
1976 0.8038
1977 0.80411
1978 0.80429
1979 0.80442
1980 0.80469
1981 0.80498
1982 0.8052
1983 0.80553
1984 0.80595
1985 0.80657
1986 0.80712
1987 0.80755
1988 0.80838
1989 0.80866
1990 0.80908
1991 0.80934
1992 0.80963
1993 0.81006
1994 0.81035
1995 0.81055
1996 0.81072
1997 0.81104
1998 0.81134
1999 0.81187
2000 0.81252
2001 0.8127
2002 0.8131
2003 0.8135
2004 0.81381
2005 0.81408
2006 0.81435
2007 0.81508
2008 0.81562
2009 0.816
2010 0.81643
2011 0.81685
2012 0.81691
2013 0.81769
2014 0.81813
2015 0.81872
2016 0.81959
2017 0.82056
2018 0.8211
2019 0.82202
2020 0.82223
2021 0.82262
2022 0.82298
2023 0.82335
2024 0.82353
2025 0.82375
2026 0.82428
2027 0.82467
2028 0.82481
2029 0.82508
2030 0.82615
2031 0.82684
2032 0.82717
2033 0.82798
2034 0.8283
2035 0.82871
2036 0.82881
2037 0.82902
2038 0.82933
2039 0.82962
2040 0.82969
2041 0.82988
2042 0.83013
2043 0.83046
2044 0.83084
2045 0.83098
2046 0.83172
2047 0.83209
2048 0.83272
2049 0.83354
2050 0.83365
2051 0.83434
2052 0.83473
2053 0.83542
2054 0.83565
2055 0.83598
2056 0.83674
2057 0.83763
2058 0.8384
2059 0.83866
2060 0.83933
2061 0.8396
2062 0.83995
2063 0.84036
2064 0.84085
2065 0.84163
2066 0.84231
2067 0.84288
2068 0.84304
2069 0.84327
2070 0.84339
2071 0.84404
2072 0.84417
2073 0.84448
2074 0.84526
2075 0.84574
2076 0.84668
2077 0.84736
2078 0.8478
2079 0.84799
2080 0.84858
2081 0.84881
2082 0.84922
2083 0.84956
2084 0.84977
2085 0.84986
2086 0.85011
2087 0.85052
2088 0.85074
2089 0.85099
2090 0.85115
2091 0.85145
2092 0.85165
2093 0.85184
2094 0.85261
2095 0.85281
2096 0.85324
2097 0.85336
2098 0.85364
2099 0.85379
2100 0.8542
2101 0.85452
2102 0.85458
2103 0.85507
2104 0.85511
2105 0.85536
2106 0.8562
2107 0.85686
2108 0.85749
2109 0.85842
2110 0.85885
2111 0.85918
2112 0.85974
2113 0.8601
2114 0.86064
2115 0.8609
2116 0.86133
2117 0.86149
2118 0.86152
2119 0.86186
2120 0.86194
2121 0.86247
2122 0.8626
2123 0.86288
2124 0.86313
2125 0.86317
2126 0.86353
2127 0.86374
2128 0.86429
2129 0.86505
2130 0.86592
2131 0.8662
2132 0.86627
2133 0.8667
2134 0.86697
2135 0.86737
2136 0.86803
2137 0.86818
2138 0.86851
2139 0.86867
2140 0.86886
2141 0.86952
2142 0.87026
2143 0.87053
2144 0.8712
2145 0.87192
2146 0.87237
2147 0.87263
2148 0.87321
2149 0.87366
2150 0.87376
2151 0.87394
2152 0.87446
2153 0.87455
2154 0.87487
2155 0.8751
2156 0.87517
2157 0.87536
2158 0.87612
2159 0.87654
2160 0.87684
2161 0.87743
2162 0.87767
2163 0.87858
2164 0.87944
2165 0.87984
2166 0.88029
2167 0.88044
2168 0.88072
2169 0.88111
2170 0.88146
2171 0.88199
2172 0.88279
2173 0.88296
2174 0.88337
2175 0.88397
2176 0.88439
2177 0.88495
2178 0.88564
2179 0.88617
2180 0.88654
2181 0.88674
2182 0.88748
2183 0.888
2184 0.88844
2185 0.88907
2186 0.88958
2187 0.88997
2188 0.89029
2189 0.89105
2190 0.89152
2191 0.89192
2192 0.89238
2193 0.89285
2194 0.89313
2195 0.89374
2196 0.89422
2197 0.89445
2198 0.89458
2199 0.89504
2200 0.89537
2201 0.89589
2202 0.89623
2203 0.89683
2204 0.89711
2205 0.89744
2206 0.89805
2207 0.89837
2208 0.89882
2209 0.89925
2210 0.89948
2211 0.89985
2212 0.9001
2213 0.90069
2214 0.90117
2215 0.90148
2216 0.90201
2217 0.90214
2218 0.90246
2219 0.90279
2220 0.90317
2221 0.90366
2222 0.90485
2223 0.90533
2224 0.90556
2225 0.90614
2226 0.90644
2227 0.90715
2228 0.9077
2229 0.9083
2230 0.90861
2231 0.9092
2232 0.90974
2233 0.91004
2234 0.91027
2235 0.91087
2236 0.91099
2237 0.91141
2238 0.91175
2239 0.91246
2240 0.91265
2241 0.91276
2242 0.91299
2243 0.91333
2244 0.91375
2245 0.91416
2246 0.91498
2247 0.91515
2248 0.91538
2249 0.9157
2250 0.91618
2251 0.91632
2252 0.9164
2253 0.91673
2254 0.91737
2255 0.91756
2256 0.91816
2257 0.91842
2258 0.91901
2259 0.91919
2260 0.9196
2261 0.91982
2262 0.9205
2263 0.92056
2264 0.92075
2265 0.92112
2266 0.9214
2267 0.92161
2268 0.92224
2269 0.92246
2270 0.92276
2271 0.92292
2272 0.92319
2273 0.92396
2274 0.92449
2275 0.92494
2276 0.92545
2277 0.92588
2278 0.92607
2279 0.92649
2280 0.92664
2281 0.92702
2282 0.92722
2283 0.92759
2284 0.92813
2285 0.92848
2286 0.92886
2287 0.92929
2288 0.92992
2289 0.93025
2290 0.93064
2291 0.93123
2292 0.9315
2293 0.9317
2294 0.93188
2295 0.93219
2296 0.93278
2297 0.9329
2298 0.93337
2299 0.9334
2300 0.93367
2301 0.93386
2302 0.93407
2303 0.93456
2304 0.93534
2305 0.93615
2306 0.93652
2307 0.93684
2308 0.9371
2309 0.9376
2310 0.93819
2311 0.93872
2312 0.93912
2313 0.93967
2314 0.93986
2315 0.94021
2316 0.94033
2317 0.94099
2318 0.94145
2319 0.94163
2320 0.9423
2321 0.94257
2322 0.94327
2323 0.94386
2324 0.94417
2325 0.94437
2326 0.94457
2327 0.94491
2328 0.94529
2329 0.94542
2330 0.94591
2331 0.94665
2332 0.94702
2333 0.94729
2334 0.94748
2335 0.94795
2336 0.94805
2337 0.94843
2338 0.94858
2339 0.94921
2340 0.94958
2341 0.95007
2342 0.95065
2343 0.9508
2344 0.95172
2345 0.95228
2346 0.9524
2347 0.95254
2348 0.95288
2349 0.95351
2350 0.95399
2351 0.95418
2352 0.95446
2353 0.95491
2354 0.95519
2355 0.95561
2356 0.95587
2357 0.95645
2358 0.95674
2359 0.95696
2360 0.95784
2361 0.95841
2362 0.95865
2363 0.95914
2364 0.95927
2365 0.95938
2366 0.95962
2367 0.96029
2368 0.96097
2369 0.96129
2370 0.96205
2371 0.96239
2372 0.96267
2373 0.96309
2374 0.96363
2375 0.96399
2376 0.96435
2377 0.96486
2378 0.96529
2379 0.96556
2380 0.96583
2381 0.96629
2382 0.96647
2383 0.96696
2384 0.96772
2385 0.96809
2386 0.96828
2387 0.96898
2388 0.96941
2389 0.96992
2390 0.97011
2391 0.97059
2392 0.97074
2393 0.97149
2394 0.97185
2395 0.97213
2396 0.97262
2397 0.97313
2398 0.97373
2399 0.97424
2400 0.97464
2401 0.97488
2402 0.97553
2403 0.97581
2404 0.97644
2405 0.97665
2406 0.97705
2407 0.97716
2408 0.97768
2409 0.97812
2410 0.97842
2411 0.97861
2412 0.97896
2413 0.97946
2414 0.97975
2415 0.98013
2416 0.98114
2417 0.98182
2418 0.98215
2419 0.98263
2420 0.98296
2421 0.98344
2422 0.984
2423 0.98451
2424 0.98477
2425 0.98511
2426 0.98577
2427 0.98621
2428 0.9866
2429 0.98711
2430 0.98743
2431 0.98777
2432 0.98802
2433 0.98839
2434 0.98849
2435 0.989
2436 0.9894
2437 0.9896
2438 0.9899
2439 0.99049
2440 0.99079
2441 0.99118
2442 0.99197
2443 0.99251
2444 0.99272
2445 0.99316
2446 0.99339
2447 0.99404
2448 0.99478
2449 0.99486
2450 0.99543
2451 0.99562
2452 0.99601
2453 0.99664
2454 0.99708
2455 0.99723
2456 0.99808
2457 0.99823
2458 0.99858
2459 0.99871
2460 0.99893
2461 0.99911
2462 0.99925
2463 0.99976
2464 0.99985
2465 1.00029
# Generated pool n. 4 for Umax = 176.61209106445312
# Generated a biased pool of 100000 with an acceptance of 0.11379580944776535
# Generated a pool of 100000 with an acceptance of 0.0020281630170316343
# Generation repeated 2466 times
# Average relative effective sample size: 0.01567186787724495
# Generation efficiency: 0.00040551500405515005
