# Generation 20

0 0.00071
1 0.00318
2 0.00597
3 0.00971
4 0.01197
5 0.01314
6 0.01395
7 0.01583
8 0.018
9 0.02133
10 0.02336
11 0.02501
12 0.0271
13 0.0274
14 0.02894
15 0.03149
16 0.03282
17 0.0344
18 0.03876
19 0.04198
20 0.04439
21 0.04716
22 0.04948
23 0.0537
24 0.0559
25 0.06101
26 0.06205
27 0.06322
28 0.06469
29 0.06647
30 0.06841
31 0.07247
32 0.07541
33 0.07929
34 0.08356
35 0.08439
36 0.0894
37 0.09268
38 0.09286
39 0.09378
40 0.09673
41 0.09808
42 0.10144
43 0.10227
44 0.10335
45 0.10411
46 0.10584
47 0.10714
48 0.11108
49 0.1128
50 0.11652
51 0.11766
52 0.11889
53 0.1224
54 0.12578
55 0.12764
56 0.13016
57 0.13317
58 0.13607
59 0.13758
60 0.1406
61 0.14326
62 0.14474
63 0.14825
64 0.15081
65 0.15503
66 0.15662
67 0.15934
68 0.16292
69 0.16482
70 0.16636
71 0.16925
72 0.17132
73 0.17208
74 0.17677
75 0.17807
76 0.18111
77 0.1828
78 0.18358
79 0.18573
80 0.18711
81 0.18914
82 0.19143
83 0.19516
84 0.19644
85 0.20066
86 0.20306
87 0.20479
88 0.2072
89 0.21096
90 0.21205
91 0.21446
92 0.2187
93 0.22075
94 0.2232
95 0.22635
96 0.22682
97 0.22754
98 0.22948
99 0.23065
100 0.23509
101 0.23753
102 0.23814
103 0.2385
104 0.24039
105 0.24331
106 0.24391
107 0.24718
108 0.2514
109 0.25181
110 0.25223
111 0.25324
112 0.25382
113 0.25589
114 0.25764
115 0.26073
116 0.26139
117 0.26345
118 0.26458
119 0.26912
120 0.27236
121 0.27759
122 0.27798
123 0.28032
124 0.28321
125 0.28646
126 0.28999
127 0.29266
128 0.29711
129 0.30258
130 0.30489
131 0.30898
132 0.31517
133 0.31769
134 0.31807
135 0.32011
136 0.32068
137 0.32319
138 0.32621
139 0.32948
140 0.33287
141 0.33658
142 0.33967
143 0.34308
144 0.34539
145 0.34828
146 0.35131
147 0.3539
148 0.35831
149 0.36211
150 0.36357
151 0.36594
152 0.36739
153 0.37014
154 0.37195
155 0.37412
156 0.37712
157 0.37861
158 0.38011
159 0.38325
160 0.38671
161 0.38706
162 0.39303
163 0.39438
164 0.39665
165 0.40008
166 0.40299
167 0.40556
168 0.40992
169 0.41461
170 0.41657
171 0.41778
172 0.41967
173 0.42164
174 0.4244
175 0.42482
176 0.42982
177 0.4335
178 0.43563
179 0.44054
180 0.44279
181 0.44662
182 0.45153
183 0.45576
184 0.46045
185 0.46457
186 0.46687
187 0.46919
188 0.4717
189 0.47358
190 0.47774
191 0.47986
192 0.48087
193 0.48237
194 0.48497
195 0.48904
196 0.49205
197 0.49419
198 0.49597
199 0.50059
200 0.50302
201 0.50579
202 0.50714
203 0.51013
204 0.51118
205 0.51643
206 0.52048
207 0.52254
208 0.52492
209 0.52565
210 0.52676
211 0.52694
212 0.53225
213 0.53311
214 0.53549
215 0.5377
216 0.54064
217 0.54173
218 0.54265
219 0.54747
220 0.54819
221 0.55018
222 0.5529
223 0.55329
224 0.55368
225 0.555
226 0.55561
227 0.56182
228 0.56589
229 0.56855
230 0.57099
231 0.5744
232 0.57631
233 0.57986
234 0.584
235 0.58683
236 0.58952
237 0.59031
238 0.59155
239 0.59518
240 0.59664
241 0.60156
242 0.60407
243 0.6062
244 0.6083
245 0.60899
246 0.60993
247 0.61414
248 0.62009
249 0.62106
250 0.6242
251 0.62769
252 0.62994
253 0.6326
254 0.63605
255 0.63988
256 0.64312
257 0.64516
258 0.64775
259 0.64978
260 0.65113
261 0.6518
262 0.65326
263 0.65693
264 0.65908
265 0.66403
266 0.66657
267 0.67102
268 0.67304
269 0.67602
270 0.67801
271 0.68171
272 0.68291
273 0.6858
274 0.68758
275 0.68903
276 0.69148
277 0.69265
278 0.69459
279 0.69602
280 0.69876
281 0.70065
282 0.70449
283 0.70787
284 0.70912
285 0.71091
286 0.71443
287 0.71908
288 0.72013
289 0.72301
290 0.72454
291 0.72639
292 0.72935
293 0.73198
294 0.7369
295 0.73956
296 0.74162
297 0.74338
298 0.74625
299 0.75016
300 0.75284
301 0.75367
302 0.75487
303 0.75723
304 0.75929
305 0.76101
306 0.76363
307 0.76401
308 0.76703
309 0.77012
310 0.77198
311 0.77387
312 0.77591
313 0.77907
314 0.78245
315 0.78422
316 0.78705
317 0.7887
318 0.79136
319 0.79421
320 0.79908
321 0.8016
322 0.80289
323 0.80409
324 0.80481
325 0.80826
326 0.80919
327 0.81024
328 0.81264
329 0.81437
330 0.81664
331 0.8184
332 0.82342
333 0.82625
334 0.8284
335 0.83285
336 0.8343
337 0.83864
338 0.84218
339 0.84536
340 0.84787
341 0.85021
342 0.85157
343 0.85608
344 0.85678
345 0.86011
346 0.86265
347 0.86476
348 0.86769
349 0.86849
350 0.87133
351 0.87282
352 0.87527
353 0.88025
354 0.88179
355 0.88624
356 0.8894
357 0.89326
358 0.89373
359 0.89772
360 0.90003
361 0.90144
362 0.90532
363 0.9076
364 0.91257
365 0.91413
366 0.91738
367 0.92016
368 0.921
369 0.92326
370 0.92616
371 0.92746
372 0.92994
373 0.93096
374 0.9352
375 0.93968
376 0.94185
377 0.94423
378 0.94636
379 0.94852
380 0.95107
381 0.95586
382 0.96025
383 0.96494
384 0.96533
385 0.96973
386 0.97024
387 0.97242
388 0.97265
389 0.97398
390 0.97871
391 0.98009
392 0.98471
393 0.98797
394 0.98828
395 0.99215
396 0.99484
397 0.99614
398 0.99906
399 1.00205
# Generated pool n. 20 for Umax = -14.745604515075684
# Generated a biased pool of 100000 with an acceptance of 0.5397080779075623
# Generated a pool of 100000 with an acceptance of 0.01252562499999999
# Generation repeated 400 times
# Average relative effective sample size: 0.2205447405576706
# Generation efficiency: 0.0025
