# Generation 6

0 0.00101
1 0.0014
2 0.00237
3 0.00255
4 0.00261
5 0.00355
6 0.00434
7 0.00505
8 0.00543
9 0.0055
10 0.00645
11 0.00659
12 0.00721
13 0.00819
14 0.00869
15 0.00896
16 0.01027
17 0.01085
18 0.01139
19 0.01161
20 0.01208
21 0.01287
22 0.01364
23 0.01378
24 0.01436
25 0.01507
26 0.01573
27 0.01611
28 0.01686
29 0.01799
30 0.01851
31 0.01874
32 0.01911
33 0.01934
34 0.01944
35 0.01995
36 0.02109
37 0.02145
38 0.02183
39 0.02255
40 0.02319
41 0.02332
42 0.02366
43 0.02433
44 0.02502
45 0.02657
46 0.02743
47 0.02757
48 0.02843
49 0.02966
50 0.03018
51 0.03051
52 0.03145
53 0.03229
54 0.03395
55 0.0353
56 0.03579
57 0.03625
58 0.03762
59 0.03798
60 0.03871
61 0.03943
62 0.03971
63 0.03994
64 0.04052
65 0.04124
66 0.04193
67 0.04311
68 0.04321
69 0.0444
70 0.04488
71 0.04537
72 0.04602
73 0.04603
74 0.04677
75 0.04752
76 0.04899
77 0.04963
78 0.05034
79 0.05076
80 0.05184
81 0.05241
82 0.05392
83 0.05482
84 0.05576
85 0.05709
86 0.05813
87 0.059
88 0.05962
89 0.05987
90 0.06034
91 0.06116
92 0.06176
93 0.06191
94 0.06209
95 0.06339
96 0.06408
97 0.06431
98 0.06514
99 0.0662
100 0.06719
101 0.06734
102 0.06805
103 0.06911
104 0.06954
105 0.07026
106 0.0707
107 0.07207
108 0.07287
109 0.07371
110 0.07467
111 0.075
112 0.07524
113 0.07546
114 0.07575
115 0.07758
116 0.07818
117 0.0788
118 0.079
119 0.07934
120 0.08004
121 0.08168
122 0.08241
123 0.08313
124 0.08364
125 0.08468
126 0.08518
127 0.08531
128 0.08618
129 0.08642
130 0.08728
131 0.08819
132 0.08961
133 0.09032
134 0.09063
135 0.09112
136 0.09255
137 0.09309
138 0.09399
139 0.09436
140 0.09478
141 0.0963
142 0.09722
143 0.0976
144 0.09891
145 0.09984
146 0.10069
147 0.10145
148 0.1019
149 0.10285
150 0.10374
151 0.10495
152 0.10508
153 0.10585
154 0.10653
155 0.10706
156 0.1079
157 0.10914
158 0.10978
159 0.1104
160 0.11125
161 0.11157
162 0.11213
163 0.11335
164 0.11343
165 0.11422
166 0.11493
167 0.11535
168 0.11569
169 0.11624
170 0.11701
171 0.11713
172 0.11773
173 0.11837
174 0.119
175 0.11942
176 0.12026
177 0.12195
178 0.12342
179 0.1238
180 0.12514
181 0.12621
182 0.12702
183 0.12804
184 0.12856
185 0.12932
186 0.12942
187 0.13027
188 0.13112
189 0.13193
190 0.13279
191 0.13329
192 0.13335
193 0.13403
194 0.13409
195 0.1343
196 0.13456
197 0.13551
198 0.13641
199 0.13685
200 0.13747
201 0.13796
202 0.13886
203 0.13972
204 0.14027
205 0.14059
206 0.14119
207 0.14225
208 0.14274
209 0.14297
210 0.14361
211 0.14443
212 0.14506
213 0.14618
214 0.14695
215 0.14736
216 0.14862
217 0.14885
218 0.14946
219 0.14995
220 0.15013
221 0.15044
222 0.15134
223 0.15158
224 0.15225
225 0.15263
226 0.1535
227 0.15406
228 0.15462
229 0.15491
230 0.1554
231 0.15613
232 0.15689
233 0.15851
234 0.15892
235 0.16047
236 0.16056
237 0.16161
238 0.16228
239 0.16349
240 0.16408
241 0.16439
242 0.16538
243 0.16621
244 0.16695
245 0.16726
246 0.16784
247 0.16847
248 0.16968
249 0.17096
250 0.17155
251 0.17228
252 0.17273
253 0.17295
254 0.17344
255 0.17397
256 0.17433
257 0.17477
258 0.17505
259 0.17551
260 0.17579
261 0.17643
262 0.17681
263 0.17723
264 0.17741
265 0.17821
266 0.17903
267 0.18019
268 0.18062
269 0.18099
270 0.18115
271 0.1825
272 0.18296
273 0.18427
274 0.18499
275 0.18526
276 0.18562
277 0.18697
278 0.18721
279 0.18769
280 0.18812
281 0.18838
282 0.18919
283 0.18968
284 0.18986
285 0.1903
286 0.19109
287 0.19176
288 0.19271
289 0.19359
290 0.19378
291 0.19465
292 0.19536
293 0.19588
294 0.19659
295 0.19711
296 0.19775
297 0.1981
298 0.19895
299 0.19949
300 0.20022
301 0.20128
302 0.20166
303 0.20213
304 0.20258
305 0.20343
306 0.2043
307 0.20554
308 0.20603
309 0.20659
310 0.20714
311 0.20725
312 0.20748
313 0.20793
314 0.20843
315 0.20906
316 0.21006
317 0.21051
318 0.21096
319 0.21117
320 0.21129
321 0.21138
322 0.21202
323 0.21258
324 0.21393
325 0.21443
326 0.2145
327 0.21487
328 0.2163
329 0.21669
330 0.21697
331 0.21729
332 0.21786
333 0.21903
334 0.21963
335 0.22048
336 0.22171
337 0.22226
338 0.22306
339 0.22372
340 0.22411
341 0.22424
342 0.22483
343 0.22525
344 0.22549
345 0.22577
346 0.22678
347 0.22774
348 0.22828
349 0.22972
350 0.22989
351 0.23103
352 0.23159
353 0.23173
354 0.23186
355 0.23252
356 0.233
357 0.23388
358 0.23454
359 0.2348
360 0.23496
361 0.23549
362 0.23643
363 0.23659
364 0.23709
365 0.2375
366 0.23806
367 0.24015
368 0.24119
369 0.24181
370 0.24241
371 0.24334
372 0.24413
373 0.24523
374 0.24601
375 0.24648
376 0.2468
377 0.24754
378 0.24784
379 0.24851
380 0.24909
381 0.24949
382 0.25064
383 0.25089
384 0.25264
385 0.25339
386 0.25394
387 0.255
388 0.25519
389 0.25635
390 0.25714
391 0.25727
392 0.25751
393 0.25813
394 0.2588
395 0.25979
396 0.26115
397 0.26137
398 0.26251
399 0.26294
400 0.26386
401 0.2639
402 0.26465
403 0.26544
404 0.2658
405 0.26654
406 0.26679
407 0.26787
408 0.26808
409 0.26818
410 0.26855
411 0.2687
412 0.26939
413 0.27002
414 0.27042
415 0.27069
416 0.27187
417 0.27266
418 0.27283
419 0.27322
420 0.27489
421 0.27541
422 0.2762
423 0.27737
424 0.2782
425 0.27922
426 0.27977
427 0.27988
428 0.28065
429 0.28111
430 0.2818
431 0.28268
432 0.28302
433 0.2845
434 0.28575
435 0.28593
436 0.28663
437 0.28796
438 0.28823
439 0.28835
440 0.28859
441 0.28947
442 0.29008
443 0.29078
444 0.29153
445 0.29268
446 0.29293
447 0.29365
448 0.29479
449 0.29553
450 0.29624
451 0.29683
452 0.29705
453 0.29781
454 0.2985
455 0.29932
456 0.30026
457 0.30077
458 0.30102
459 0.30142
460 0.30201
461 0.30319
462 0.30373
463 0.30477
464 0.30606
465 0.30647
466 0.30708
467 0.30754
468 0.30815
469 0.3083
470 0.30888
471 0.30955
472 0.30956
473 0.3097
474 0.3101
475 0.31085
476 0.31114
477 0.31302
478 0.31311
479 0.31388
480 0.31418
481 0.31458
482 0.31485
483 0.31509
484 0.31536
485 0.31598
486 0.31657
487 0.31704
488 0.31765
489 0.31882
490 0.31968
491 0.32002
492 0.3206
493 0.32073
494 0.32139
495 0.3221
496 0.32243
497 0.32357
498 0.32369
499 0.32375
500 0.3247
501 0.32588
502 0.32642
503 0.32829
504 0.3292
505 0.32954
506 0.33019
507 0.33076
508 0.33107
509 0.33192
510 0.33239
511 0.33285
512 0.33346
513 0.33418
514 0.33468
515 0.33486
516 0.33559
517 0.33637
518 0.3367
519 0.33685
520 0.33783
521 0.33934
522 0.34027
523 0.34042
524 0.34083
525 0.341
526 0.34192
527 0.34246
528 0.34302
529 0.34313
530 0.34385
531 0.34465
532 0.34487
533 0.34558
534 0.34636
535 0.34776
536 0.34853
537 0.34975
538 0.35034
539 0.35096
540 0.35156
541 0.35157
542 0.35171
543 0.35227
544 0.35265
545 0.35357
546 0.35406
547 0.35466
548 0.35526
549 0.35567
550 0.35676
551 0.35795
552 0.35858
553 0.35886
554 0.36015
555 0.36055
556 0.36105
557 0.36223
558 0.36305
559 0.36449
560 0.36525
561 0.36614
562 0.36727
563 0.36764
564 0.3679
565 0.368
566 0.36997
567 0.37099
568 0.3715
569 0.37227
570 0.37332
571 0.37395
572 0.37442
573 0.37539
574 0.37575
575 0.37619
576 0.37629
577 0.37732
578 0.37896
579 0.37998
580 0.38162
581 0.3822
582 0.38283
583 0.38341
584 0.38446
585 0.3847
586 0.38532
587 0.38647
588 0.38672
589 0.38676
590 0.38797
591 0.38929
592 0.38971
593 0.39039
594 0.39069
595 0.39217
596 0.39315
597 0.39388
598 0.39516
599 0.39645
600 0.39698
601 0.39783
602 0.39841
603 0.39903
604 0.39936
605 0.40071
606 0.40151
607 0.40235
608 0.40261
609 0.40306
610 0.40368
611 0.40404
612 0.40422
613 0.4051
614 0.40545
615 0.40584
616 0.40627
617 0.40644
618 0.40656
619 0.40764
620 0.40806
621 0.40911
622 0.40996
623 0.41013
624 0.41093
625 0.41147
626 0.41201
627 0.41249
628 0.41295
629 0.41319
630 0.41338
631 0.41399
632 0.41517
633 0.41629
634 0.41719
635 0.41752
636 0.41802
637 0.419
638 0.41979
639 0.42039
640 0.42077
641 0.4216
642 0.42236
643 0.42299
644 0.42399
645 0.42436
646 0.425
647 0.42529
648 0.42667
649 0.42771
650 0.42827
651 0.42835
652 0.42904
653 0.42966
654 0.43054
655 0.43119
656 0.43179
657 0.43245
658 0.43362
659 0.43465
660 0.43527
661 0.43632
662 0.43752
663 0.43838
664 0.43923
665 0.43941
666 0.43997
667 0.4401
668 0.44103
669 0.44175
670 0.44208
671 0.4425
672 0.44302
673 0.44332
674 0.44414
675 0.44485
676 0.44541
677 0.44636
678 0.44701
679 0.44785
680 0.44811
681 0.44831
682 0.44845
683 0.44877
684 0.44957
685 0.45032
686 0.45108
687 0.45211
688 0.45263
689 0.45265
690 0.45494
691 0.45585
692 0.45627
693 0.45653
694 0.45693
695 0.45712
696 0.45792
697 0.45871
698 0.45998
699 0.46046
700 0.4616
701 0.46241
702 0.46286
703 0.46399
704 0.46473
705 0.4653
706 0.46578
707 0.46671
708 0.46727
709 0.46775
710 0.46799
711 0.4684
712 0.46893
713 0.46928
714 0.47002
715 0.47037
716 0.47062
717 0.47107
718 0.47137
719 0.47198
720 0.4727
721 0.47343
722 0.47424
723 0.475
724 0.47598
725 0.47635
726 0.47701
727 0.47776
728 0.47841
729 0.47932
730 0.47972
731 0.48068
732 0.48112
733 0.48156
734 0.48268
735 0.48382
736 0.4845
737 0.48527
738 0.48554
739 0.48653
740 0.48656
741 0.48704
742 0.48767
743 0.48794
744 0.48838
745 0.48927
746 0.49068
747 0.49217
748 0.4927
749 0.4929
750 0.49312
751 0.49348
752 0.49428
753 0.49543
754 0.49621
755 0.49814
756 0.49923
757 0.49947
758 0.49983
759 0.50057
760 0.50099
761 0.50215
762 0.50325
763 0.50412
764 0.50542
765 0.50581
766 0.50684
767 0.50777
768 0.50907
769 0.5096
770 0.50988
771 0.51118
772 0.51213
773 0.51226
774 0.51259
775 0.51364
776 0.51423
777 0.51518
778 0.51604
779 0.51695
780 0.51744
781 0.51794
782 0.51902
783 0.52023
784 0.52089
785 0.52154
786 0.52273
787 0.52323
788 0.5236
789 0.52392
790 0.52468
791 0.52512
792 0.5257
793 0.52634
794 0.52721
795 0.52782
796 0.52819
797 0.52887
798 0.5298
799 0.53049
800 0.53063
801 0.53223
802 0.53282
803 0.53315
804 0.53376
805 0.53485
806 0.53516
807 0.53566
808 0.53616
809 0.53704
810 0.53742
811 0.53789
812 0.53981
813 0.54016
814 0.54082
815 0.54182
816 0.54234
817 0.54291
818 0.54305
819 0.5435
820 0.54378
821 0.54395
822 0.54474
823 0.54531
824 0.54592
825 0.54627
826 0.5464
827 0.54711
828 0.54815
829 0.54859
830 0.54887
831 0.54913
832 0.5498
833 0.55081
834 0.55136
835 0.55165
836 0.55198
837 0.55278
838 0.55344
839 0.55486
840 0.55565
841 0.5569
842 0.55749
843 0.55825
844 0.55938
845 0.56047
846 0.56094
847 0.56165
848 0.56179
849 0.56296
850 0.56372
851 0.56481
852 0.56522
853 0.56594
854 0.56634
855 0.56754
856 0.56794
857 0.56825
858 0.56873
859 0.56948
860 0.56962
861 0.56996
862 0.57051
863 0.57223
864 0.57364
865 0.57434
866 0.57491
867 0.57562
868 0.57648
869 0.57732
870 0.57824
871 0.57887
872 0.57932
873 0.57971
874 0.57973
875 0.58023
876 0.58088
877 0.58146
878 0.58175
879 0.58256
880 0.58275
881 0.58312
882 0.58345
883 0.58382
884 0.58434
885 0.58577
886 0.58638
887 0.5867
888 0.58811
889 0.58878
890 0.58987
891 0.59119
892 0.59285
893 0.59369
894 0.59506
895 0.59536
896 0.59586
897 0.59618
898 0.59656
899 0.59769
900 0.59929
901 0.60033
902 0.60059
903 0.60175
904 0.60215
905 0.60269
906 0.60282
907 0.60357
908 0.60475
909 0.60578
910 0.60708
911 0.60765
912 0.60876
913 0.60916
914 0.60938
915 0.61017
916 0.61041
917 0.61122
918 0.61254
919 0.61276
920 0.61426
921 0.61514
922 0.61629
923 0.61715
924 0.61812
925 0.6187
926 0.61935
927 0.62016
928 0.62071
929 0.62158
930 0.62192
931 0.62239
932 0.62329
933 0.62452
934 0.62499
935 0.62567
936 0.62597
937 0.62744
938 0.62827
939 0.6285
940 0.62968
941 0.63069
942 0.6318
943 0.63263
944 0.63395
945 0.63499
946 0.63575
947 0.63602
948 0.63688
949 0.6382
950 0.63887
951 0.63944
952 0.64056
953 0.64083
954 0.64199
955 0.64347
956 0.6441
957 0.64437
958 0.64496
959 0.64604
960 0.64685
961 0.64782
962 0.64789
963 0.64825
964 0.64992
965 0.65028
966 0.65074
967 0.65171
968 0.65276
969 0.65355
970 0.65405
971 0.65473
972 0.65513
973 0.65548
974 0.65588
975 0.65653
976 0.65732
977 0.65797
978 0.65927
979 0.65979
980 0.66055
981 0.66122
982 0.66158
983 0.66267
984 0.66371
985 0.66462
986 0.66502
987 0.6662
988 0.66686
989 0.66789
990 0.66846
991 0.66928
992 0.67031
993 0.67172
994 0.67246
995 0.67294
996 0.67391
997 0.67484
998 0.67551
999 0.67567
1000 0.6759
1001 0.67714
1002 0.67782
1003 0.67837
1004 0.67944
1005 0.68019
1006 0.68067
1007 0.68084
1008 0.68146
1009 0.68177
1010 0.68261
1011 0.68309
1012 0.68452
1013 0.6846
1014 0.68528
1015 0.68583
1016 0.68627
1017 0.68667
1018 0.68701
1019 0.6873
1020 0.68811
1021 0.68896
1022 0.68937
1023 0.69016
1024 0.69062
1025 0.69143
1026 0.69167
1027 0.69249
1028 0.69309
1029 0.69439
1030 0.69466
1031 0.69498
1032 0.69553
1033 0.69627
1034 0.69675
1035 0.69744
1036 0.69791
1037 0.69914
1038 0.70018
1039 0.70094
1040 0.70122
1041 0.70188
1042 0.70204
1043 0.70289
1044 0.70396
1045 0.70539
1046 0.70596
1047 0.70677
1048 0.70773
1049 0.70903
1050 0.70972
1051 0.70997
1052 0.71121
1053 0.71146
1054 0.71277
1055 0.71292
1056 0.71313
1057 0.71324
1058 0.71363
1059 0.71504
1060 0.71574
1061 0.71629
1062 0.7183
1063 0.71882
1064 0.7189
1065 0.71952
1066 0.7208
1067 0.72236
1068 0.7229
1069 0.72347
1070 0.7245
1071 0.7246
1072 0.72522
1073 0.72605
1074 0.72662
1075 0.72716
1076 0.72758
1077 0.72821
1078 0.72854
1079 0.72921
1080 0.73035
1081 0.73055
1082 0.73098
1083 0.73156
1084 0.73177
1085 0.73237
1086 0.73276
1087 0.73455
1088 0.73552
1089 0.73639
1090 0.73694
1091 0.7372
1092 0.73785
1093 0.73848
1094 0.73985
1095 0.74063
1096 0.74187
1097 0.74247
1098 0.74329
1099 0.74426
1100 0.74502
1101 0.7457
1102 0.74654
1103 0.7474
1104 0.74857
1105 0.74911
1106 0.74986
1107 0.75056
1108 0.75136
1109 0.75213
1110 0.75299
1111 0.75377
1112 0.75393
1113 0.75453
1114 0.7551
1115 0.75565
1116 0.75644
1117 0.75668
1118 0.75671
1119 0.75752
1120 0.75767
1121 0.75887
1122 0.75948
1123 0.76046
1124 0.76067
1125 0.7609
1126 0.76169
1127 0.76189
1128 0.76278
1129 0.76281
1130 0.76299
1131 0.76315
1132 0.76381
1133 0.76466
1134 0.76502
1135 0.76557
1136 0.76655
1137 0.7672
1138 0.76781
1139 0.7681
1140 0.76825
1141 0.76913
1142 0.76996
1143 0.77124
1144 0.77155
1145 0.7719
1146 0.77223
1147 0.77309
1148 0.77404
1149 0.77494
1150 0.77512
1151 0.77553
1152 0.77592
1153 0.77711
1154 0.77802
1155 0.77865
1156 0.77987
1157 0.78052
1158 0.78061
1159 0.7811
1160 0.78138
1161 0.78162
1162 0.78281
1163 0.78353
1164 0.78391
1165 0.78452
1166 0.78487
1167 0.78568
1168 0.78704
1169 0.78774
1170 0.78891
1171 0.78908
1172 0.79056
1173 0.79075
1174 0.79148
1175 0.79241
1176 0.79302
1177 0.79304
1178 0.79325
1179 0.79461
1180 0.7956
1181 0.79586
1182 0.79729
1183 0.79815
1184 0.79892
1185 0.80005
1186 0.80033
1187 0.80151
1188 0.8022
1189 0.80267
1190 0.80319
1191 0.80414
1192 0.80512
1193 0.80544
1194 0.80598
1195 0.80756
1196 0.80878
1197 0.80894
1198 0.80944
1199 0.81038
1200 0.81043
1201 0.81152
1202 0.81211
1203 0.81329
1204 0.81435
1205 0.81447
1206 0.81559
1207 0.81665
1208 0.81752
1209 0.81767
1210 0.81871
1211 0.81921
1212 0.81943
1213 0.81987
1214 0.82112
1215 0.82197
1216 0.82281
1217 0.82341
1218 0.82415
1219 0.82483
1220 0.82578
1221 0.8268
1222 0.82714
1223 0.82746
1224 0.82777
1225 0.82873
1226 0.8289
1227 0.82929
1228 0.83032
1229 0.83096
1230 0.83126
1231 0.83167
1232 0.83259
1233 0.83301
1234 0.8338
1235 0.83454
1236 0.83483
1237 0.83532
1238 0.83616
1239 0.8367
1240 0.83812
1241 0.83866
1242 0.83897
1243 0.84032
1244 0.84074
1245 0.84172
1246 0.84222
1247 0.84242
1248 0.84307
1249 0.84453
1250 0.84573
1251 0.84748
1252 0.84784
1253 0.8488
1254 0.84906
1255 0.84964
1256 0.85031
1257 0.851
1258 0.85305
1259 0.85331
1260 0.85417
1261 0.85508
1262 0.85524
1263 0.85578
1264 0.85756
1265 0.85834
1266 0.85923
1267 0.85968
1268 0.86055
1269 0.86065
1270 0.86128
1271 0.86187
1272 0.86268
1273 0.86283
1274 0.86315
1275 0.86343
1276 0.86358
1277 0.86587
1278 0.86637
1279 0.86721
1280 0.86781
1281 0.86851
1282 0.86874
1283 0.86983
1284 0.87038
1285 0.87099
1286 0.87279
1287 0.87352
1288 0.87372
1289 0.87438
1290 0.87533
1291 0.87644
1292 0.87724
1293 0.87811
1294 0.87925
1295 0.87993
1296 0.88054
1297 0.88175
1298 0.8821
1299 0.88267
1300 0.88329
1301 0.88361
1302 0.88391
1303 0.88411
1304 0.88445
1305 0.8851
1306 0.88583
1307 0.88676
1308 0.88739
1309 0.88891
1310 0.88978
1311 0.89094
1312 0.89146
1313 0.89231
1314 0.89252
1315 0.89316
1316 0.89371
1317 0.8943
1318 0.89527
1319 0.89592
1320 0.89649
1321 0.89653
1322 0.89704
1323 0.89811
1324 0.89926
1325 0.89964
1326 0.90028
1327 0.9006
1328 0.90135
1329 0.9024
1330 0.90264
1331 0.90309
1332 0.90379
1333 0.90452
1334 0.90511
1335 0.90533
1336 0.90566
1337 0.90636
1338 0.90735
1339 0.90803
1340 0.90888
1341 0.90994
1342 0.91059
1343 0.91131
1344 0.91141
1345 0.91159
1346 0.91239
1347 0.91333
1348 0.91353
1349 0.91401
1350 0.91473
1351 0.91523
1352 0.91617
1353 0.91678
1354 0.91691
1355 0.91779
1356 0.91814
1357 0.91861
1358 0.91919
1359 0.91975
1360 0.92121
1361 0.92269
1362 0.92385
1363 0.9244
1364 0.92477
1365 0.92492
1366 0.92553
1367 0.92626
1368 0.92768
1369 0.92803
1370 0.92832
1371 0.92864
1372 0.92896
1373 0.92993
1374 0.93146
1375 0.93195
1376 0.93285
1377 0.93367
1378 0.93376
1379 0.93429
1380 0.93468
1381 0.93511
1382 0.93645
1383 0.93732
1384 0.93813
1385 0.93854
1386 0.93903
1387 0.93994
1388 0.94
1389 0.94061
1390 0.94118
1391 0.94136
1392 0.94182
1393 0.94231
1394 0.94389
1395 0.94428
1396 0.94475
1397 0.94576
1398 0.94628
1399 0.94694
1400 0.94823
1401 0.94904
1402 0.94919
1403 0.94942
1404 0.94976
1405 0.95089
1406 0.95112
1407 0.95157
1408 0.95243
1409 0.95259
1410 0.953
1411 0.95322
1412 0.95377
1413 0.954
1414 0.95453
1415 0.95493
1416 0.95588
1417 0.9562
1418 0.95658
1419 0.95723
1420 0.95879
1421 0.95921
1422 0.95954
1423 0.95996
1424 0.96076
1425 0.96116
1426 0.96194
1427 0.96241
1428 0.96315
1429 0.96325
1430 0.96421
1431 0.96445
1432 0.96546
1433 0.96631
1434 0.96661
1435 0.96714
1436 0.96748
1437 0.96802
1438 0.96907
1439 0.9692
1440 0.96975
1441 0.97031
1442 0.9704
1443 0.97113
1444 0.97174
1445 0.9721
1446 0.97268
1447 0.97337
1448 0.97433
1449 0.975
1450 0.97607
1451 0.97682
1452 0.97741
1453 0.97867
1454 0.9788
1455 0.97897
1456 0.9795
1457 0.98002
1458 0.9808
1459 0.98162
1460 0.98181
1461 0.98242
1462 0.98316
1463 0.98351
1464 0.9845
1465 0.98547
1466 0.98605
1467 0.98614
1468 0.98712
1469 0.98774
1470 0.98821
1471 0.98933
1472 0.99005
1473 0.99064
1474 0.99114
1475 0.99135
1476 0.99191
1477 0.99342
1478 0.99405
1479 0.99493
1480 0.99592
1481 0.99598
1482 0.99692
1483 0.99736
1484 0.99825
1485 0.99959
1486 1.00044
# Generated pool n. 6 for Umax = 38.81553649902344
# Generated a biased pool of 100000 with an acceptance of 0.24924318492412567
# Generated a pool of 100000 with an acceptance of 0.0033639542703429743
# Generation repeated 1487 times
# Average relative effective sample size: 0.039122212678194046
# Generation efficiency: 0.0006724949562878278
