# Generation 14

0 0.00126
1 0.00432
2 0.00753
3 0.01078
4 0.01274
5 0.01393
6 0.0208
7 0.02411
8 0.02665
9 0.03404
10 0.03656
11 0.03848
12 0.04078
13 0.04384
14 0.04701
15 0.05076
16 0.05488
17 0.05852
18 0.06085
19 0.06488
20 0.06785
21 0.07391
22 0.07713
23 0.07934
24 0.08164
25 0.08518
26 0.08857
27 0.09176
28 0.09779
29 0.09993
30 0.1008
31 0.10294
32 0.10631
33 0.10795
34 0.11064
35 0.1124
36 0.11482
37 0.11796
38 0.12175
39 0.1234
40 0.12655
41 0.12995
42 0.13045
43 0.13194
44 0.13281
45 0.13968
46 0.14537
47 0.15025
48 0.15545
49 0.15946
50 0.16568
51 0.16812
52 0.17077
53 0.17213
54 0.17647
55 0.17725
56 0.18014
57 0.18268
58 0.18328
59 0.18482
60 0.18753
61 0.1919
62 0.19679
63 0.19995
64 0.20391
65 0.20641
66 0.20928
67 0.21164
68 0.21481
69 0.21882
70 0.22109
71 0.22594
72 0.23149
73 0.23373
74 0.23602
75 0.23757
76 0.23915
77 0.24015
78 0.24176
79 0.24412
80 0.24522
81 0.2496
82 0.25378
83 0.25539
84 0.26025
85 0.26459
86 0.26862
87 0.2704
88 0.27208
89 0.27532
90 0.27924
91 0.28254
92 0.28796
93 0.29015
94 0.29354
95 0.2967
96 0.3022
97 0.30572
98 0.30774
99 0.31122
100 0.3121
101 0.3161
102 0.32157
103 0.3267
104 0.3299
105 0.33284
106 0.33708
107 0.34103
108 0.34542
109 0.34601
110 0.35012
111 0.35351
112 0.35811
113 0.36014
114 0.36676
115 0.37178
116 0.37523
117 0.37917
118 0.38157
119 0.38373
120 0.3847
121 0.38595
122 0.3897
123 0.39381
124 0.39598
125 0.39717
126 0.39801
127 0.40305
128 0.40684
129 0.4116
130 0.41639
131 0.41909
132 0.42191
133 0.42628
134 0.42792
135 0.43008
136 0.43128
137 0.43612
138 0.44066
139 0.44673
140 0.44694
141 0.44957
142 0.45547
143 0.45937
144 0.4615
145 0.46565
146 0.46859
147 0.4726
148 0.47603
149 0.47975
150 0.4829
151 0.4859
152 0.48847
153 0.49089
154 0.49146
155 0.49571
156 0.49942
157 0.50361
158 0.50705
159 0.50986
160 0.51325
161 0.51556
162 0.51666
163 0.52104
164 0.52448
165 0.5297
166 0.53445
167 0.539
168 0.54125
169 0.54284
170 0.54699
171 0.54958
172 0.55444
173 0.55776
174 0.55937
175 0.56194
176 0.56554
177 0.56758
178 0.57071
179 0.57578
180 0.57735
181 0.57853
182 0.58145
183 0.58657
184 0.59316
185 0.59452
186 0.59589
187 0.5983
188 0.60043
189 0.60423
190 0.60695
191 0.60933
192 0.61414
193 0.61637
194 0.61907
195 0.62084
196 0.62322
197 0.62494
198 0.62696
199 0.62912
200 0.63231
201 0.63375
202 0.63539
203 0.63762
204 0.64002
205 0.64241
206 0.64619
207 0.64636
208 0.65087
209 0.6542
210 0.65644
211 0.65854
212 0.66209
213 0.66676
214 0.67006
215 0.67406
216 0.67662
217 0.67967
218 0.68158
219 0.68297
220 0.68814
221 0.68895
222 0.69005
223 0.69214
224 0.69435
225 0.69626
226 0.69887
227 0.70058
228 0.70166
229 0.70506
230 0.70743
231 0.70968
232 0.71331
233 0.71798
234 0.72238
235 0.72342
236 0.72664
237 0.73045
238 0.73298
239 0.73546
240 0.74022
241 0.74496
242 0.74561
243 0.75113
244 0.75283
245 0.75323
246 0.75874
247 0.76247
248 0.7659
249 0.76819
250 0.77
251 0.77272
252 0.77494
253 0.77798
254 0.78126
255 0.78506
256 0.78866
257 0.7901
258 0.79255
259 0.79434
260 0.7958
261 0.79928
262 0.80225
263 0.80715
264 0.80954
265 0.81007
266 0.8121
267 0.81544
268 0.81764
269 0.81957
270 0.82155
271 0.82361
272 0.82915
273 0.83302
274 0.83522
275 0.83997
276 0.84354
277 0.84669
278 0.84704
279 0.85328
280 0.85808
281 0.861
282 0.8641
283 0.8663
284 0.86765
285 0.86868
286 0.86951
287 0.8722
288 0.87503
289 0.8764
290 0.88173
291 0.886
292 0.89008
293 0.89445
294 0.89555
295 0.89906
296 0.90247
297 0.9045
298 0.90596
299 0.91033
300 0.91546
301 0.9203
302 0.92129
303 0.92393
304 0.92818
305 0.93377
306 0.93748
307 0.94034
308 0.94539
309 0.94814
310 0.95462
311 0.95734
312 0.95755
313 0.96067
314 0.96218
315 0.96683
316 0.97102
317 0.97194
318 0.97291
319 0.97418
320 0.97795
321 0.98489
322 0.9864
323 0.99197
324 0.99543
325 0.99688
326 1.001
# Generated pool n. 14 for Umax = -13.247817993164062
# Generated a biased pool of 100000 with an acceptance of 0.6206261515617371
# Generated a pool of 100000 with an acceptance of 0.015305810397553514
# Generation repeated 327 times
# Average relative effective sample size: 0.2710699737071991
# Generation efficiency: 0.0030581039755351682
