# Generation 19

0 0.00297
1 0.00462
2 0.01619
3 0.02042
4 0.02646
5 0.02728
6 0.03154
7 0.03512
8 0.03701
9 0.03942
10 0.04406
11 0.04937
12 0.05508
13 0.05773
14 0.06179
15 0.0676
16 0.07789
17 0.08259
18 0.08447
19 0.08913
20 0.09356
21 0.09737
22 0.10011
23 0.10076
24 0.10822
25 0.11108
26 0.11214
27 0.11427
28 0.12172
29 0.12584
30 0.12759
31 0.13555
32 0.14213
33 0.14572
34 0.15149
35 0.15647
36 0.15866
37 0.16116
38 0.16663
39 0.16684
40 0.1733
41 0.17569
42 0.1773
43 0.17945
44 0.18311
45 0.18633
46 0.19073
47 0.19169
48 0.19271
49 0.19391
50 0.19726
51 0.20296
52 0.20547
53 0.21074
54 0.21894
55 0.2208
56 0.22303
57 0.2232
58 0.22696
59 0.23055
60 0.23196
61 0.23665
62 0.23957
63 0.24589
64 0.24833
65 0.25247
66 0.2534
67 0.25956
68 0.26575
69 0.26704
70 0.27205
71 0.27874
72 0.28451
73 0.28932
74 0.29473
75 0.29961
76 0.30108
77 0.30532
78 0.30825
79 0.31188
80 0.31379
81 0.3165
82 0.31859
83 0.32191
84 0.32392
85 0.32927
86 0.33416
87 0.33554
88 0.33721
89 0.34093
90 0.34461
91 0.3488
92 0.3546
93 0.35799
94 0.36244
95 0.36675
96 0.36781
97 0.37302
98 0.37345
99 0.37676
100 0.37818
101 0.38159
102 0.38201
103 0.38426
104 0.38937
105 0.38983
106 0.39305
107 0.39487
108 0.39945
109 0.40297
110 0.40479
111 0.41056
112 0.4139
113 0.4169
114 0.42098
115 0.42273
116 0.42705
117 0.43195
118 0.43477
119 0.43669
120 0.44034
121 0.44332
122 0.45262
123 0.45666
124 0.46193
125 0.46906
126 0.47399
127 0.48211
128 0.48599
129 0.49318
130 0.49695
131 0.50107
132 0.50246
133 0.50664
134 0.51009
135 0.51344
136 0.51829
137 0.52314
138 0.5248
139 0.53119
140 0.53557
141 0.53963
142 0.54154
143 0.54623
144 0.54831
145 0.55342
146 0.5556
147 0.55734
148 0.56292
149 0.56793
150 0.57363
151 0.57431
152 0.57503
153 0.58062
154 0.58262
155 0.59099
156 0.59242
157 0.59755
158 0.60242
159 0.60466
160 0.60873
161 0.6096
162 0.61234
163 0.61487
164 0.61836
165 0.62475
166 0.62754
167 0.63334
168 0.64057
169 0.64535
170 0.6497
171 0.65115
172 0.6555
173 0.66086
174 0.66269
175 0.66915
176 0.67102
177 0.67503
178 0.67841
179 0.68138
180 0.69007
181 0.69558
182 0.69754
183 0.70388
184 0.70997
185 0.71297
186 0.71539
187 0.71937
188 0.72495
189 0.72879
190 0.73499
191 0.74312
192 0.74506
193 0.74821
194 0.75352
195 0.7565
196 0.76
197 0.76151
198 0.76742
199 0.77041
200 0.77231
201 0.78025
202 0.78469
203 0.78943
204 0.79625
205 0.80302
206 0.81166
207 0.81574
208 0.82238
209 0.82407
210 0.82519
211 0.82971
212 0.83365
213 0.83722
214 0.83934
215 0.84676
216 0.85246
217 0.85744
218 0.86275
219 0.86661
220 0.87109
221 0.87869
222 0.8818
223 0.88411
224 0.88977
225 0.89621
226 0.89738
227 0.90384
228 0.90739
229 0.91258
230 0.91734
231 0.92147
232 0.92261
233 0.93003
234 0.93084
235 0.93442
236 0.93653
237 0.94292
238 0.94527
239 0.94823
240 0.95147
241 0.95696
242 0.95953
243 0.96215
244 0.96517
245 0.96697
246 0.97194
247 0.97558
248 0.97716
249 0.97861
250 0.98152
251 0.98549
252 0.9915
253 0.99299
254 0.99399
255 0.99845
256 1.00306
# Generated pool n. 19 for Umax = -14.663022994995117
# Generated a biased pool of 100000 with an acceptance of 0.7125524282455444
# Generated a pool of 100000 with an acceptance of 0.019514785992217912
# Generation repeated 257 times
# Average relative effective sample size: 0.38045066595077515
# Generation efficiency: 0.0038910505836575876
