# Generation 12

0 0.0029
1 0.00834
2 0.01067
3 0.01337
4 0.01641
5 0.01979
6 0.02288
7 0.02462
8 0.02579
9 0.02786
10 0.03137
11 0.03267
12 0.03389
13 0.03593
14 0.0373
15 0.03831
16 0.03901
17 0.03919
18 0.04089
19 0.04168
20 0.0438
21 0.04731
22 0.0496
23 0.05346
24 0.05386
25 0.05635
26 0.05704
27 0.05781
28 0.06173
29 0.0633
30 0.06583
31 0.06659
32 0.06726
33 0.06955
34 0.07084
35 0.07389
36 0.075
37 0.07792
38 0.08069
39 0.08115
40 0.08206
41 0.08522
42 0.08844
43 0.09052
44 0.09282
45 0.0954
46 0.09777
47 0.10045
48 0.10078
49 0.10273
50 0.10367
51 0.10449
52 0.10666
53 0.10845
54 0.11199
55 0.11293
56 0.11475
57 0.11627
58 0.11839
59 0.11849
60 0.1194
61 0.12349
62 0.1282
63 0.12879
64 0.12897
65 0.13062
66 0.13297
67 0.13497
68 0.1382
69 0.14003
70 0.14174
71 0.14767
72 0.15056
73 0.1521
74 0.15541
75 0.15622
76 0.15767
77 0.15982
78 0.16025
79 0.16181
80 0.16419
81 0.169
82 0.17255
83 0.17414
84 0.17665
85 0.17816
86 0.17926
87 0.18167
88 0.18385
89 0.18692
90 0.1879
91 0.18841
92 0.18975
93 0.19269
94 0.19712
95 0.19982
96 0.20338
97 0.20531
98 0.20684
99 0.20811
100 0.20879
101 0.21209
102 0.21303
103 0.21671
104 0.21741
105 0.22034
106 0.22146
107 0.22313
108 0.22519
109 0.22678
110 0.22886
111 0.23119
112 0.23222
113 0.23251
114 0.23691
115 0.2394
116 0.24147
117 0.24389
118 0.2464
119 0.24881
120 0.25161
121 0.25372
122 0.25724
123 0.25898
124 0.26232
125 0.26336
126 0.26566
127 0.26708
128 0.26836
129 0.2715
130 0.2725
131 0.27317
132 0.275
133 0.27838
134 0.27945
135 0.28115
136 0.28364
137 0.28496
138 0.28697
139 0.29243
140 0.29527
141 0.29674
142 0.29758
143 0.29857
144 0.29947
145 0.30175
146 0.3053
147 0.30573
148 0.30846
149 0.31048
150 0.31339
151 0.31625
152 0.31712
153 0.31817
154 0.31859
155 0.3196
156 0.32255
157 0.32577
158 0.32773
159 0.32991
160 0.33164
161 0.33583
162 0.3392
163 0.34156
164 0.34407
165 0.34675
166 0.34806
167 0.34889
168 0.35051
169 0.35389
170 0.35928
171 0.3619
172 0.36326
173 0.36759
174 0.36898
175 0.37311
176 0.37349
177 0.37653
178 0.37945
179 0.38116
180 0.3836
181 0.38565
182 0.38979
183 0.39276
184 0.39357
185 0.39613
186 0.39843
187 0.39946
188 0.40346
189 0.40634
190 0.40724
191 0.40834
192 0.41316
193 0.41673
194 0.42145
195 0.42359
196 0.42465
197 0.42692
198 0.42968
199 0.43151
200 0.43231
201 0.43312
202 0.43533
203 0.43775
204 0.44119
205 0.44284
206 0.44532
207 0.44625
208 0.44733
209 0.45013
210 0.45117
211 0.45165
212 0.45281
213 0.45555
214 0.45894
215 0.46145
216 0.46549
217 0.46857
218 0.4693
219 0.4707
220 0.47185
221 0.47446
222 0.47645
223 0.47847
224 0.47936
225 0.47964
226 0.48224
227 0.48427
228 0.48492
229 0.48665
230 0.48895
231 0.48915
232 0.49183
233 0.49244
234 0.49617
235 0.50114
236 0.50418
237 0.50906
238 0.51153
239 0.51167
240 0.5131
241 0.51573
242 0.51898
243 0.51926
244 0.52111
245 0.52305
246 0.52566
247 0.52921
248 0.53463
249 0.53826
250 0.54066
251 0.54348
252 0.54469
253 0.54611
254 0.54714
255 0.5502
256 0.55391
257 0.55739
258 0.55827
259 0.56011
260 0.56327
261 0.56559
262 0.56874
263 0.57083
264 0.57239
265 0.57461
266 0.57677
267 0.57841
268 0.58053
269 0.58427
270 0.58552
271 0.59061
272 0.59119
273 0.59288
274 0.59484
275 0.59633
276 0.59883
277 0.59889
278 0.6008
279 0.60397
280 0.60501
281 0.60576
282 0.60717
283 0.60854
284 0.61136
285 0.61209
286 0.61517
287 0.61898
288 0.62183
289 0.6224
290 0.62706
291 0.62922
292 0.63196
293 0.6335
294 0.63535
295 0.63726
296 0.64021
297 0.6411
298 0.64288
299 0.64721
300 0.64998
301 0.65133
302 0.65219
303 0.65544
304 0.65814
305 0.65999
306 0.6636
307 0.66442
308 0.66608
309 0.66775
310 0.67092
311 0.67316
312 0.67464
313 0.67519
314 0.6776
315 0.68034
316 0.68402
317 0.68564
318 0.68826
319 0.69101
320 0.69464
321 0.69528
322 0.6972
323 0.70068
324 0.70278
325 0.70381
326 0.70608
327 0.70653
328 0.70785
329 0.71007
330 0.71223
331 0.71593
332 0.71789
333 0.72172
334 0.72225
335 0.72358
336 0.72604
337 0.72952
338 0.73167
339 0.73392
340 0.73741
341 0.74199
342 0.74328
343 0.74478
344 0.74828
345 0.75034
346 0.75185
347 0.75393
348 0.75726
349 0.76024
350 0.76271
351 0.76405
352 0.76527
353 0.76713
354 0.76831
355 0.77134
356 0.77209
357 0.77651
358 0.77708
359 0.77979
360 0.78353
361 0.78501
362 0.78727
363 0.78864
364 0.79183
365 0.79531
366 0.79785
367 0.79961
368 0.80164
369 0.80274
370 0.80371
371 0.8072
372 0.80932
373 0.81187
374 0.81513
375 0.81595
376 0.81973
377 0.82206
378 0.82497
379 0.83109
380 0.83217
381 0.8331
382 0.83558
383 0.83705
384 0.8405
385 0.84293
386 0.84712
387 0.84904
388 0.8496
389 0.85066
390 0.85463
391 0.85569
392 0.8575
393 0.85832
394 0.86182
395 0.86441
396 0.86583
397 0.86654
398 0.87047
399 0.87379
400 0.87593
401 0.87724
402 0.87978
403 0.88236
404 0.88452
405 0.88459
406 0.88767
407 0.88963
408 0.89307
409 0.89431
410 0.89554
411 0.89886
412 0.89987
413 0.90288
414 0.90491
415 0.9071
416 0.90914
417 0.91203
418 0.9149
419 0.91647
420 0.91706
421 0.91792
422 0.91978
423 0.92245
424 0.92402
425 0.92685
426 0.92762
427 0.93114
428 0.93287
429 0.93391
430 0.93593
431 0.93814
432 0.93869
433 0.94128
434 0.94341
435 0.94439
436 0.94562
437 0.9486
438 0.94947
439 0.95416
440 0.95679
441 0.9619
442 0.96519
443 0.96728
444 0.97031
445 0.97118
446 0.97469
447 0.97645
448 0.97749
449 0.98058
450 0.98237
451 0.98559
452 0.98718
453 0.98803
454 0.99034
455 0.99262
456 0.99591
457 0.99659
458 0.99678
459 0.99707
460 0.99915
461 0.99993
462 1.00034
# Generated pool n. 12 for Umax = -11.300647735595703
# Generated a biased pool of 100000 with an acceptance of 0.5979047417640686
# Generated a pool of 100000 with an acceptance of 0.010802807775377971
# Generation repeated 463 times
# Average relative effective sample size: 0.2050066888332367
# Generation efficiency: 0.0021598272138228943
