# Generation 10

0 0.00241
1 0.00337
2 0.00397
3 0.00616
4 0.00636
5 0.00699
6 0.00826
7 0.01061
8 0.01171
9 0.01366
10 0.01762
11 0.02001
12 0.02044
13 0.02211
14 0.02277
15 0.02334
16 0.02545
17 0.02731
18 0.02914
19 0.02986
20 0.03312
21 0.03434
22 0.03695
23 0.04
24 0.04267
25 0.04445
26 0.04561
27 0.04735
28 0.04761
29 0.05002
30 0.05173
31 0.05306
32 0.0552
33 0.05611
34 0.05653
35 0.05796
36 0.06051
37 0.06264
38 0.06483
39 0.06576
40 0.06685
41 0.06894
42 0.07042
43 0.07328
44 0.07378
45 0.07488
46 0.07547
47 0.07811
48 0.08038
49 0.08068
50 0.08446
51 0.08544
52 0.08683
53 0.08778
54 0.08985
55 0.0916
56 0.09539
57 0.09645
58 0.09913
59 0.09945
60 0.09985
61 0.10125
62 0.10331
63 0.10359
64 0.10504
65 0.10674
66 0.10735
67 0.10907
68 0.1104
69 0.11262
70 0.1147
71 0.11586
72 0.11732
73 0.12119
74 0.12331
75 0.12373
76 0.12494
77 0.12662
78 0.12918
79 0.13161
80 0.13343
81 0.13548
82 0.13839
83 0.13858
84 0.13915
85 0.14042
86 0.1426
87 0.14407
88 0.1445
89 0.14556
90 0.14623
91 0.14697
92 0.14965
93 0.15251
94 0.15499
95 0.15579
96 0.15679
97 0.15885
98 0.16058
99 0.16184
100 0.16425
101 0.1664
102 0.16823
103 0.17021
104 0.17245
105 0.17305
106 0.17542
107 0.17639
108 0.1768
109 0.17781
110 0.18096
111 0.18142
112 0.1849
113 0.18615
114 0.18882
115 0.18975
116 0.19193
117 0.19321
118 0.19458
119 0.19574
120 0.19706
121 0.19804
122 0.19895
123 0.20038
124 0.20237
125 0.20384
126 0.20577
127 0.20795
128 0.21004
129 0.21226
130 0.21353
131 0.21628
132 0.21675
133 0.21961
134 0.22044
135 0.22173
136 0.22317
137 0.22487
138 0.22579
139 0.22819
140 0.23049
141 0.23113
142 0.23299
143 0.23342
144 0.23355
145 0.23414
146 0.2351
147 0.23645
148 0.23873
149 0.23971
150 0.24164
151 0.24349
152 0.24498
153 0.24582
154 0.24693
155 0.24811
156 0.24951
157 0.25167
158 0.25238
159 0.25395
160 0.25545
161 0.25756
162 0.25808
163 0.25863
164 0.26063
165 0.26135
166 0.26445
167 0.2662
168 0.26917
169 0.27024
170 0.2708
171 0.27247
172 0.27415
173 0.27575
174 0.27707
175 0.27852
176 0.27995
177 0.28125
178 0.28249
179 0.28367
180 0.28514
181 0.28826
182 0.28938
183 0.29049
184 0.29297
185 0.29462
186 0.29658
187 0.29767
188 0.29966
189 0.30069
190 0.30306
191 0.30425
192 0.30515
193 0.3071
194 0.30856
195 0.30992
196 0.31191
197 0.31263
198 0.31404
199 0.31489
200 0.31567
201 0.31877
202 0.31956
203 0.32031
204 0.32058
205 0.32152
206 0.32373
207 0.32481
208 0.32597
209 0.32672
210 0.32722
211 0.32895
212 0.33069
213 0.3325
214 0.33411
215 0.33557
216 0.33736
217 0.33947
218 0.34139
219 0.34364
220 0.34419
221 0.34554
222 0.34745
223 0.3495
224 0.35176
225 0.35308
226 0.35697
227 0.35827
228 0.3602
229 0.36149
230 0.36207
231 0.36275
232 0.36483
233 0.36569
234 0.36589
235 0.3676
236 0.36831
237 0.36923
238 0.37195
239 0.37266
240 0.37432
241 0.37646
242 0.37754
243 0.3798
244 0.38249
245 0.3827
246 0.38445
247 0.38601
248 0.38829
249 0.3907
250 0.39144
251 0.3922
252 0.39381
253 0.39475
254 0.39551
255 0.39686
256 0.39733
257 0.39902
258 0.40021
259 0.40053
260 0.40168
261 0.40182
262 0.40361
263 0.40476
264 0.40578
265 0.40697
266 0.40892
267 0.41109
268 0.41348
269 0.41402
270 0.41478
271 0.41651
272 0.41727
273 0.41756
274 0.41984
275 0.42079
276 0.42208
277 0.42334
278 0.42635
279 0.42761
280 0.429
281 0.42934
282 0.43127
283 0.43223
284 0.43423
285 0.43691
286 0.43826
287 0.43943
288 0.44018
289 0.44122
290 0.44331
291 0.44472
292 0.44659
293 0.44828
294 0.4503
295 0.45092
296 0.4515
297 0.45329
298 0.45456
299 0.45557
300 0.4568
301 0.45731
302 0.45806
303 0.45837
304 0.45912
305 0.46037
306 0.46284
307 0.46349
308 0.46376
309 0.4647
310 0.46767
311 0.46928
312 0.47052
313 0.47176
314 0.47249
315 0.47462
316 0.47586
317 0.47811
318 0.47976
319 0.48093
320 0.48142
321 0.48263
322 0.48398
323 0.48604
324 0.48762
325 0.48857
326 0.49034
327 0.49117
328 0.49394
329 0.49503
330 0.4975
331 0.49861
332 0.50342
333 0.50527
334 0.50672
335 0.50858
336 0.50952
337 0.51087
338 0.51218
339 0.51294
340 0.51449
341 0.51823
342 0.51863
343 0.51968
344 0.52117
345 0.52315
346 0.52485
347 0.52558
348 0.52652
349 0.52821
350 0.52946
351 0.53106
352 0.53247
353 0.53419
354 0.53545
355 0.53626
356 0.53686
357 0.53834
358 0.53846
359 0.54116
360 0.54293
361 0.5457
362 0.547
363 0.54979
364 0.55156
365 0.55458
366 0.55654
367 0.55898
368 0.56156
369 0.56203
370 0.56366
371 0.56543
372 0.56824
373 0.56972
374 0.57217
375 0.57353
376 0.57486
377 0.57662
378 0.57711
379 0.57828
380 0.58053
381 0.58451
382 0.58726
383 0.58778
384 0.58828
385 0.58921
386 0.59049
387 0.592
388 0.59459
389 0.5953
390 0.5971
391 0.59931
392 0.60005
393 0.60192
394 0.60434
395 0.60529
396 0.60692
397 0.60764
398 0.60797
399 0.61084
400 0.61225
401 0.61249
402 0.61368
403 0.6154
404 0.61601
405 0.61656
406 0.61725
407 0.61823
408 0.61982
409 0.62237
410 0.62292
411 0.62381
412 0.62535
413 0.62675
414 0.62807
415 0.62917
416 0.63133
417 0.63445
418 0.6346
419 0.6373
420 0.63808
421 0.63907
422 0.6412
423 0.64275
424 0.645
425 0.64598
426 0.6476
427 0.64931
428 0.65159
429 0.65315
430 0.6541
431 0.65546
432 0.65628
433 0.65831
434 0.66013
435 0.66149
436 0.66511
437 0.66637
438 0.66875
439 0.67058
440 0.67162
441 0.67275
442 0.67483
443 0.67738
444 0.67783
445 0.67817
446 0.6794
447 0.68168
448 0.68297
449 0.68476
450 0.68675
451 0.68858
452 0.68989
453 0.69307
454 0.69331
455 0.69442
456 0.69559
457 0.69669
458 0.6972
459 0.69745
460 0.70017
461 0.70229
462 0.70497
463 0.70513
464 0.7069
465 0.70916
466 0.70959
467 0.71068
468 0.71263
469 0.71452
470 0.71541
471 0.71761
472 0.72037
473 0.72332
474 0.72455
475 0.72604
476 0.72711
477 0.72842
478 0.72949
479 0.73062
480 0.73191
481 0.73335
482 0.73409
483 0.73651
484 0.73904
485 0.74025
486 0.74158
487 0.74311
488 0.74582
489 0.74743
490 0.75028
491 0.75116
492 0.75293
493 0.75497
494 0.75732
495 0.75928
496 0.76021
497 0.76131
498 0.76239
499 0.76407
500 0.76563
501 0.76608
502 0.76751
503 0.76769
504 0.76902
505 0.76945
506 0.77043
507 0.77281
508 0.77427
509 0.77524
510 0.77762
511 0.7791
512 0.78013
513 0.78231
514 0.78359
515 0.78405
516 0.78544
517 0.78727
518 0.78864
519 0.79069
520 0.79379
521 0.79425
522 0.795
523 0.79561
524 0.79831
525 0.80101
526 0.80105
527 0.80195
528 0.80324
529 0.80464
530 0.80568
531 0.80693
532 0.8073
533 0.80769
534 0.81126
535 0.81306
536 0.81385
537 0.81445
538 0.81624
539 0.81778
540 0.81801
541 0.81959
542 0.82088
543 0.82171
544 0.82268
545 0.82325
546 0.82494
547 0.82624
548 0.82854
549 0.83024
550 0.83105
551 0.83245
552 0.83436
553 0.83595
554 0.83912
555 0.83953
556 0.8396
557 0.84139
558 0.84231
559 0.84359
560 0.84551
561 0.84739
562 0.84864
563 0.8504
564 0.85152
565 0.85287
566 0.85518
567 0.85686
568 0.85928
569 0.86102
570 0.8621
571 0.86671
572 0.86818
573 0.86942
574 0.87133
575 0.87239
576 0.87339
577 0.87517
578 0.87714
579 0.87812
580 0.88109
581 0.88285
582 0.88362
583 0.88401
584 0.88535
585 0.88617
586 0.88726
587 0.88837
588 0.88926
589 0.89064
590 0.89344
591 0.8944
592 0.89554
593 0.8979
594 0.89913
595 0.9005
596 0.90192
597 0.90279
598 0.90424
599 0.90634
600 0.90728
601 0.9084
602 0.90967
603 0.90981
604 0.91027
605 0.91127
606 0.91367
607 0.91601
608 0.91709
609 0.9192
610 0.92158
611 0.92314
612 0.92514
613 0.92828
614 0.92913
615 0.93009
616 0.9306
617 0.9324
618 0.9328
619 0.93531
620 0.9372
621 0.93899
622 0.94133
623 0.9428
624 0.9451
625 0.94594
626 0.94679
627 0.94887
628 0.95022
629 0.95179
630 0.95405
631 0.95757
632 0.95873
633 0.96113
634 0.96227
635 0.96394
636 0.96534
637 0.96646
638 0.96746
639 0.96777
640 0.969
641 0.97202
642 0.97394
643 0.9748
644 0.97592
645 0.97786
646 0.97889
647 0.98059
648 0.98221
649 0.98422
650 0.98636
651 0.98791
652 0.99086
653 0.99109
654 0.99208
655 0.99374
656 0.9944
657 0.99659
658 1.00037
# Generated pool n. 10 for Umax = -6.7459259033203125
# Generated a biased pool of 100000 with an acceptance of 0.48202571272850037
# Generated a pool of 100000 with an acceptance of 0.0075900606980273105
# Generation repeated 659 times
# Average relative effective sample size: 0.13548913598060608
# Generation efficiency: 0.0015174506828528073
