# Generation 8

0 0.00029
1 0.00102
2 0.00169
3 0.00307
4 0.00488
5 0.00556
6 0.00671
7 0.00732
8 0.00757
9 0.00827
10 0.00959
11 0.00985
12 0.01123
13 0.01161
14 0.01257
15 0.01376
16 0.01421
17 0.01481
18 0.01523
19 0.01536
20 0.01609
21 0.01623
22 0.01688
23 0.01755
24 0.01861
25 0.01968
26 0.02067
27 0.02093
28 0.02107
29 0.02152
30 0.02275
31 0.02312
32 0.02391
33 0.02472
34 0.02486
35 0.02573
36 0.02625
37 0.02704
38 0.02744
39 0.02819
40 0.02878
41 0.02949
42 0.03024
43 0.03048
44 0.03066
45 0.03187
46 0.03284
47 0.03335
48 0.03402
49 0.03472
50 0.03669
51 0.03805
52 0.03882
53 0.03903
54 0.0412
55 0.04218
56 0.04305
57 0.04387
58 0.04442
59 0.04502
60 0.04522
61 0.04626
62 0.04633
63 0.04654
64 0.04727
65 0.04831
66 0.05
67 0.05095
68 0.05207
69 0.05254
70 0.05387
71 0.05607
72 0.05673
73 0.05726
74 0.05821
75 0.05921
76 0.06004
77 0.06057
78 0.06171
79 0.06309
80 0.06429
81 0.06542
82 0.06616
83 0.06696
84 0.06814
85 0.06836
86 0.06897
87 0.0699
88 0.07018
89 0.07114
90 0.07188
91 0.07233
92 0.07245
93 0.0745
94 0.07504
95 0.0755
96 0.07587
97 0.07611
98 0.07692
99 0.07818
100 0.07893
101 0.07991
102 0.08022
103 0.08035
104 0.08154
105 0.08219
106 0.08308
107 0.08386
108 0.08468
109 0.08503
110 0.08518
111 0.08598
112 0.0872
113 0.08809
114 0.08858
115 0.08907
116 0.09107
117 0.09153
118 0.09259
119 0.09272
120 0.0933
121 0.09401
122 0.09425
123 0.09435
124 0.09484
125 0.09535
126 0.096
127 0.09669
128 0.09768
129 0.09848
130 0.09988
131 0.10188
132 0.10231
133 0.10282
134 0.10353
135 0.10456
136 0.10483
137 0.10565
138 0.10704
139 0.10831
140 0.10934
141 0.10996
142 0.11037
143 0.11109
144 0.11182
145 0.11297
146 0.11329
147 0.11337
148 0.11454
149 0.11511
150 0.1158
151 0.11601
152 0.11608
153 0.11752
154 0.11769
155 0.11799
156 0.11877
157 0.1188
158 0.11914
159 0.12013
160 0.12127
161 0.12248
162 0.12276
163 0.12318
164 0.12371
165 0.124
166 0.12546
167 0.12611
168 0.1268
169 0.12772
170 0.12849
171 0.1287
172 0.12928
173 0.13083
174 0.13228
175 0.13323
176 0.13388
177 0.1341
178 0.13536
179 0.13635
180 0.13696
181 0.13819
182 0.13865
183 0.14031
184 0.14109
185 0.14131
186 0.14182
187 0.14266
188 0.14351
189 0.14407
190 0.14452
191 0.1452
192 0.14575
193 0.14597
194 0.14667
195 0.14747
196 0.14764
197 0.14868
198 0.14951
199 0.15012
200 0.1508
201 0.15103
202 0.15146
203 0.1518
204 0.15212
205 0.15273
206 0.15315
207 0.15367
208 0.15391
209 0.155
210 0.15546
211 0.15658
212 0.1577
213 0.15826
214 0.15873
215 0.15905
216 0.16029
217 0.16088
218 0.16156
219 0.16258
220 0.16275
221 0.16394
222 0.16437
223 0.16476
224 0.16561
225 0.16582
226 0.16668
227 0.16816
228 0.16826
229 0.16887
230 0.17018
231 0.17094
232 0.17285
233 0.17332
234 0.17342
235 0.17411
236 0.17531
237 0.17566
238 0.17677
239 0.17806
240 0.17858
241 0.1789
242 0.17933
243 0.17987
244 0.18198
245 0.18255
246 0.18287
247 0.18343
248 0.18365
249 0.18456
250 0.18495
251 0.18566
252 0.18609
253 0.1866
254 0.18686
255 0.1882
256 0.18887
257 0.18999
258 0.19055
259 0.19215
260 0.19236
261 0.19309
262 0.19441
263 0.19596
264 0.19669
265 0.19797
266 0.19918
267 0.19947
268 0.20064
269 0.20155
270 0.20257
271 0.20306
272 0.20358
273 0.20458
274 0.20507
275 0.20521
276 0.20683
277 0.20912
278 0.20998
279 0.21074
280 0.21107
281 0.21246
282 0.21381
283 0.21528
284 0.2157
285 0.21618
286 0.21678
287 0.21703
288 0.21829
289 0.21904
290 0.21987
291 0.2207
292 0.22117
293 0.22153
294 0.22206
295 0.22286
296 0.22333
297 0.22406
298 0.22412
299 0.22476
300 0.22496
301 0.2258
302 0.22735
303 0.22911
304 0.23121
305 0.23209
306 0.23225
307 0.23258
308 0.23276
309 0.23319
310 0.23346
311 0.23419
312 0.23532
313 0.23607
314 0.23682
315 0.23749
316 0.23815
317 0.23848
318 0.23852
319 0.23926
320 0.23947
321 0.23987
322 0.24094
323 0.24198
324 0.24303
325 0.24333
326 0.24418
327 0.24477
328 0.24548
329 0.24576
330 0.24635
331 0.24719
332 0.24793
333 0.24835
334 0.25006
335 0.25087
336 0.2517
337 0.2526
338 0.25418
339 0.25424
340 0.25512
341 0.25553
342 0.25602
343 0.25693
344 0.2576
345 0.2591
346 0.25974
347 0.26059
348 0.26205
349 0.26265
350 0.26339
351 0.26462
352 0.26504
353 0.26531
354 0.26698
355 0.26782
356 0.26844
357 0.26968
358 0.27027
359 0.27191
360 0.27201
361 0.27257
362 0.27291
363 0.27375
364 0.27425
365 0.27454
366 0.27523
367 0.27557
368 0.27688
369 0.27812
370 0.27837
371 0.27891
372 0.28001
373 0.28091
374 0.28141
375 0.282
376 0.28387
377 0.28431
378 0.28456
379 0.28566
380 0.28657
381 0.28686
382 0.28761
383 0.28844
384 0.28902
385 0.29031
386 0.29069
387 0.29083
388 0.29093
389 0.29169
390 0.29213
391 0.29387
392 0.29422
393 0.29448
394 0.29544
395 0.29658
396 0.2969
397 0.29744
398 0.29872
399 0.29976
400 0.30002
401 0.30116
402 0.3018
403 0.30225
404 0.30412
405 0.3051
406 0.30653
407 0.30704
408 0.30838
409 0.30951
410 0.31059
411 0.31185
412 0.31236
413 0.31326
414 0.31443
415 0.31513
416 0.31552
417 0.31662
418 0.31775
419 0.31805
420 0.3192
421 0.31982
422 0.32059
423 0.32123
424 0.32298
425 0.32327
426 0.3236
427 0.32469
428 0.32582
429 0.32715
430 0.3274
431 0.32767
432 0.32862
433 0.32898
434 0.32942
435 0.33066
436 0.33105
437 0.33177
438 0.33229
439 0.33286
440 0.33328
441 0.33379
442 0.33428
443 0.33457
444 0.33547
445 0.33622
446 0.33782
447 0.33918
448 0.33965
449 0.34021
450 0.34129
451 0.34168
452 0.3422
453 0.34271
454 0.34436
455 0.34532
456 0.34677
457 0.3472
458 0.34807
459 0.34926
460 0.35062
461 0.35101
462 0.35143
463 0.35201
464 0.35278
465 0.35312
466 0.35385
467 0.35449
468 0.35616
469 0.35719
470 0.35773
471 0.35855
472 0.35887
473 0.35968
474 0.36074
475 0.36144
476 0.36221
477 0.36253
478 0.36368
479 0.36403
480 0.36415
481 0.36525
482 0.36608
483 0.36652
484 0.36749
485 0.36837
486 0.36906
487 0.37048
488 0.37111
489 0.37177
490 0.37294
491 0.37344
492 0.37512
493 0.37604
494 0.37647
495 0.37695
496 0.37824
497 0.37877
498 0.37941
499 0.37964
500 0.38115
501 0.38253
502 0.38371
503 0.38561
504 0.38629
505 0.38724
506 0.38846
507 0.38935
508 0.39027
509 0.39105
510 0.39218
511 0.3925
512 0.39418
513 0.395
514 0.39626
515 0.39695
516 0.39742
517 0.39812
518 0.39837
519 0.4
520 0.4007
521 0.40088
522 0.40175
523 0.40307
524 0.4041
525 0.40517
526 0.40576
527 0.40701
528 0.40792
529 0.40828
530 0.40932
531 0.40977
532 0.41092
533 0.41206
534 0.41286
535 0.41369
536 0.41465
537 0.41573
538 0.41749
539 0.41891
540 0.41912
541 0.4195
542 0.41987
543 0.42078
544 0.42099
545 0.42143
546 0.42187
547 0.423
548 0.42389
549 0.42497
550 0.42563
551 0.42701
552 0.42812
553 0.42905
554 0.42942
555 0.43071
556 0.43133
557 0.43216
558 0.43262
559 0.43346
560 0.4337
561 0.43402
562 0.43443
563 0.43555
564 0.43733
565 0.43785
566 0.43908
567 0.43951
568 0.44076
569 0.44137
570 0.44249
571 0.4442
572 0.44474
573 0.44531
574 0.4459
575 0.44641
576 0.44819
577 0.44934
578 0.45074
579 0.45178
580 0.45254
581 0.45297
582 0.45348
583 0.45358
584 0.45559
585 0.45609
586 0.45658
587 0.45701
588 0.45743
589 0.45766
590 0.45848
591 0.45885
592 0.45934
593 0.46098
594 0.4621
595 0.46336
596 0.46429
597 0.46452
598 0.46486
599 0.46544
600 0.46586
601 0.46654
602 0.46698
603 0.46861
604 0.46949
605 0.47016
606 0.47095
607 0.47194
608 0.47243
609 0.47317
610 0.47343
611 0.47451
612 0.47557
613 0.4765
614 0.47758
615 0.47785
616 0.47865
617 0.47932
618 0.47947
619 0.47969
620 0.48028
621 0.48085
622 0.48166
623 0.48325
624 0.48371
625 0.48428
626 0.48503
627 0.48593
628 0.48748
629 0.48832
630 0.48859
631 0.48975
632 0.4902
633 0.49082
634 0.49205
635 0.49337
636 0.49378
637 0.49553
638 0.49648
639 0.49725
640 0.49871
641 0.49953
642 0.50021
643 0.50054
644 0.50248
645 0.50334
646 0.50422
647 0.50462
648 0.50485
649 0.50552
650 0.50577
651 0.50606
652 0.5071
653 0.50745
654 0.50799
655 0.50852
656 0.50872
657 0.5094
658 0.5105
659 0.51076
660 0.51252
661 0.51321
662 0.51396
663 0.51517
664 0.51611
665 0.5164
666 0.51754
667 0.5182
668 0.51835
669 0.51889
670 0.51912
671 0.51976
672 0.52044
673 0.5218
674 0.52333
675 0.52445
676 0.52554
677 0.52595
678 0.52691
679 0.52734
680 0.5282
681 0.52904
682 0.52916
683 0.52955
684 0.53019
685 0.53103
686 0.53248
687 0.53325
688 0.53363
689 0.53433
690 0.53523
691 0.53586
692 0.53756
693 0.53822
694 0.53857
695 0.53885
696 0.53895
697 0.53968
698 0.5408
699 0.54127
700 0.5426
701 0.54279
702 0.54397
703 0.54465
704 0.54565
705 0.54695
706 0.54749
707 0.54883
708 0.54943
709 0.54988
710 0.55009
711 0.55149
712 0.55272
713 0.55418
714 0.55458
715 0.55489
716 0.55563
717 0.55615
718 0.55689
719 0.55752
720 0.55807
721 0.55836
722 0.5593
723 0.55968
724 0.56059
725 0.56112
726 0.56167
727 0.56246
728 0.56295
729 0.56342
730 0.56371
731 0.56444
732 0.56527
733 0.56588
734 0.56658
735 0.56722
736 0.56829
737 0.56967
738 0.57093
739 0.57167
740 0.57186
741 0.57252
742 0.57271
743 0.57376
744 0.57383
745 0.57559
746 0.57566
747 0.5764
748 0.5769
749 0.57808
750 0.57907
751 0.57972
752 0.58094
753 0.58165
754 0.58329
755 0.58366
756 0.58482
757 0.5857
758 0.58626
759 0.58725
760 0.5877
761 0.58868
762 0.58987
763 0.59053
764 0.5912
765 0.59232
766 0.59275
767 0.59415
768 0.59508
769 0.59577
770 0.59666
771 0.59712
772 0.59812
773 0.59901
774 0.59947
775 0.60012
776 0.60137
777 0.60217
778 0.60347
779 0.60424
780 0.60431
781 0.60482
782 0.60582
783 0.60661
784 0.60707
785 0.60728
786 0.60795
787 0.60852
788 0.60897
789 0.60982
790 0.61111
791 0.61177
792 0.61297
793 0.61388
794 0.61545
795 0.61575
796 0.6163
797 0.61658
798 0.61716
799 0.61746
800 0.6183
801 0.61907
802 0.61973
803 0.62013
804 0.62118
805 0.6215
806 0.62211
807 0.6232
808 0.62339
809 0.62355
810 0.6248
811 0.62513
812 0.6261
813 0.62628
814 0.62701
815 0.62814
816 0.62831
817 0.62863
818 0.62962
819 0.63057
820 0.63159
821 0.63236
822 0.63311
823 0.6332
824 0.63339
825 0.63467
826 0.63507
827 0.63529
828 0.63682
829 0.63723
830 0.63733
831 0.63773
832 0.63825
833 0.6388
834 0.63909
835 0.64037
836 0.6409
837 0.64168
838 0.64269
839 0.6444
840 0.64501
841 0.64607
842 0.64725
843 0.64828
844 0.6501
845 0.65051
846 0.65157
847 0.6523
848 0.65317
849 0.65352
850 0.65414
851 0.65507
852 0.6559
853 0.65634
854 0.65745
855 0.65868
856 0.65928
857 0.65966
858 0.66018
859 0.66078
860 0.66142
861 0.66204
862 0.66217
863 0.66366
864 0.66417
865 0.66451
866 0.66511
867 0.66621
868 0.66632
869 0.66685
870 0.66737
871 0.66747
872 0.66895
873 0.66971
874 0.67023
875 0.67034
876 0.67107
877 0.67184
878 0.67245
879 0.67314
880 0.6738
881 0.67383
882 0.67503
883 0.67588
884 0.67691
885 0.67822
886 0.67872
887 0.67937
888 0.68085
889 0.68182
890 0.68213
891 0.68387
892 0.68496
893 0.68561
894 0.68642
895 0.68687
896 0.6875
897 0.68828
898 0.68945
899 0.69034
900 0.69124
901 0.69314
902 0.69414
903 0.69424
904 0.69454
905 0.69524
906 0.69605
907 0.69612
908 0.697
909 0.6977
910 0.69837
911 0.69917
912 0.69995
913 0.70183
914 0.70299
915 0.70398
916 0.70455
917 0.70504
918 0.70694
919 0.70716
920 0.70813
921 0.70877
922 0.7096
923 0.71086
924 0.71105
925 0.71142
926 0.71263
927 0.7133
928 0.71395
929 0.71427
930 0.71465
931 0.71491
932 0.71523
933 0.71581
934 0.71622
935 0.71785
936 0.719
937 0.71946
938 0.72092
939 0.72199
940 0.72245
941 0.72362
942 0.72402
943 0.72457
944 0.72638
945 0.72701
946 0.72744
947 0.72804
948 0.72855
949 0.72917
950 0.73011
951 0.73104
952 0.73215
953 0.73227
954 0.73261
955 0.7342
956 0.73516
957 0.7353
958 0.73669
959 0.73804
960 0.73904
961 0.74009
962 0.7408
963 0.74129
964 0.74354
965 0.74431
966 0.74487
967 0.74534
968 0.74611
969 0.74694
970 0.7474
971 0.74762
972 0.74848
973 0.74994
974 0.75087
975 0.75174
976 0.75281
977 0.75349
978 0.75436
979 0.75481
980 0.75551
981 0.75631
982 0.75654
983 0.75718
984 0.75764
985 0.75775
986 0.7581
987 0.75819
988 0.75921
989 0.75951
990 0.76028
991 0.76074
992 0.76183
993 0.76227
994 0.76365
995 0.76453
996 0.7656
997 0.76566
998 0.76684
999 0.76778
1000 0.76826
1001 0.76915
1002 0.76982
1003 0.77017
1004 0.77157
1005 0.77198
1006 0.7723
1007 0.77293
1008 0.77307
1009 0.77399
1010 0.77427
1011 0.77515
1012 0.77566
1013 0.77696
1014 0.77863
1015 0.77874
1016 0.78009
1017 0.7805
1018 0.78119
1019 0.78135
1020 0.78199
1021 0.78306
1022 0.78345
1023 0.78384
1024 0.78436
1025 0.78503
1026 0.78598
1027 0.78676
1028 0.78719
1029 0.78932
1030 0.79003
1031 0.79064
1032 0.79101
1033 0.79124
1034 0.79325
1035 0.79449
1036 0.7961
1037 0.79694
1038 0.79709
1039 0.7976
1040 0.79797
1041 0.79923
1042 0.8006
1043 0.80079
1044 0.80203
1045 0.8027
1046 0.80371
1047 0.80439
1048 0.80566
1049 0.80597
1050 0.80686
1051 0.80742
1052 0.8087
1053 0.80909
1054 0.80976
1055 0.81059
1056 0.8111
1057 0.81158
1058 0.8128
1059 0.81355
1060 0.814
1061 0.81527
1062 0.81656
1063 0.81702
1064 0.8187
1065 0.81996
1066 0.82075
1067 0.82117
1068 0.82144
1069 0.8228
1070 0.82324
1071 0.82375
1072 0.82472
1073 0.82575
1074 0.82653
1075 0.82784
1076 0.828
1077 0.82939
1078 0.83022
1079 0.83088
1080 0.83153
1081 0.83189
1082 0.83231
1083 0.83293
1084 0.83331
1085 0.83405
1086 0.83457
1087 0.8357
1088 0.8363
1089 0.83778
1090 0.83903
1091 0.83999
1092 0.84111
1093 0.8418
1094 0.84223
1095 0.8428
1096 0.84295
1097 0.84373
1098 0.84508
1099 0.84589
1100 0.8474
1101 0.84815
1102 0.84882
1103 0.84942
1104 0.8506
1105 0.85121
1106 0.85154
1107 0.85196
1108 0.85339
1109 0.85423
1110 0.85543
1111 0.856
1112 0.85699
1113 0.85743
1114 0.85789
1115 0.85796
1116 0.85835
1117 0.85958
1118 0.85974
1119 0.8609
1120 0.86144
1121 0.86286
1122 0.86334
1123 0.86459
1124 0.86517
1125 0.86622
1126 0.86655
1127 0.86686
1128 0.86699
1129 0.86758
1130 0.86953
1131 0.87016
1132 0.87136
1133 0.87194
1134 0.87208
1135 0.87215
1136 0.87296
1137 0.87387
1138 0.87503
1139 0.87586
1140 0.87634
1141 0.87783
1142 0.87842
1143 0.87901
1144 0.87984
1145 0.88037
1146 0.88061
1147 0.88226
1148 0.88311
1149 0.88383
1150 0.88435
1151 0.88562
1152 0.88619
1153 0.88678
1154 0.8873
1155 0.8874
1156 0.88854
1157 0.89002
1158 0.89081
1159 0.89219
1160 0.89227
1161 0.89252
1162 0.89395
1163 0.8941
1164 0.89419
1165 0.8944
1166 0.89488
1167 0.89582
1168 0.89633
1169 0.89712
1170 0.89717
1171 0.89838
1172 0.89946
1173 0.89979
1174 0.90067
1175 0.9015
1176 0.90231
1177 0.90308
1178 0.90494
1179 0.90578
1180 0.90609
1181 0.90658
1182 0.90687
1183 0.90741
1184 0.90832
1185 0.90941
1186 0.91106
1187 0.91193
1188 0.91211
1189 0.91295
1190 0.91458
1191 0.91657
1192 0.91721
1193 0.91848
1194 0.91975
1195 0.92171
1196 0.92334
1197 0.9245
1198 0.92506
1199 0.92567
1200 0.92774
1201 0.92884
1202 0.92962
1203 0.93084
1204 0.93167
1205 0.93251
1206 0.93343
1207 0.93497
1208 0.9353
1209 0.93756
1210 0.93829
1211 0.93874
1212 0.9388
1213 0.93902
1214 0.93912
1215 0.93935
1216 0.9395
1217 0.9402
1218 0.9405
1219 0.94134
1220 0.94208
1221 0.94339
1222 0.94467
1223 0.94506
1224 0.94542
1225 0.94618
1226 0.948
1227 0.94915
1228 0.95053
1229 0.95099
1230 0.95201
1231 0.95417
1232 0.95558
1233 0.95657
1234 0.95783
1235 0.95879
1236 0.95911
1237 0.96008
1238 0.96099
1239 0.96146
1240 0.96234
1241 0.96356
1242 0.96401
1243 0.96443
1244 0.96507
1245 0.96567
1246 0.96668
1247 0.96816
1248 0.96851
1249 0.96964
1250 0.97011
1251 0.9703
1252 0.97071
1253 0.97129
1254 0.97151
1255 0.97184
1256 0.9727
1257 0.97342
1258 0.97413
1259 0.97551
1260 0.97626
1261 0.97652
1262 0.97766
1263 0.9778
1264 0.97858
1265 0.9793
1266 0.98044
1267 0.98151
1268 0.98218
1269 0.98317
1270 0.9836
1271 0.98478
1272 0.9857
1273 0.98675
1274 0.98689
1275 0.98792
1276 0.98942
1277 0.98961
1278 0.99063
1279 0.99124
1280 0.99195
1281 0.99299
1282 0.99402
1283 0.99438
1284 0.99481
1285 0.99495
1286 0.99639
1287 0.99674
1288 0.99711
1289 0.99767
1290 0.99833
1291 0.99882
1292 0.99985
1293 1.00033
# Generated pool n. 8 for Umax = 4.875661849975586
# Generated a biased pool of 100000 with an acceptance of 0.30130240321159363
# Generated a pool of 100000 with an acceptance of 0.0038652627511591973
# Generation repeated 1294 times
# Average relative effective sample size: 0.05110444873571396
# Generation efficiency: 0.0007727975270479134
