# Generation 7

0 0.00143
1 0.00165
2 0.00273
3 0.00305
4 0.00347
5 0.00434
6 0.00482
7 0.00492
8 0.00573
9 0.00717
10 0.00767
11 0.00835
12 0.0092
13 0.01003
14 0.01054
15 0.01122
16 0.01168
17 0.01224
18 0.01329
19 0.01399
20 0.01484
21 0.01548
22 0.01649
23 0.01697
24 0.01747
25 0.01817
26 0.01884
27 0.0198
28 0.02044
29 0.02089
30 0.02163
31 0.02187
32 0.02232
33 0.02307
34 0.02419
35 0.02465
36 0.02516
37 0.02611
38 0.02642
39 0.02656
40 0.02737
41 0.02824
42 0.02883
43 0.0291
44 0.02971
45 0.02992
46 0.03191
47 0.03232
48 0.03306
49 0.0339
50 0.03475
51 0.03498
52 0.0358
53 0.03612
54 0.03716
55 0.03793
56 0.03862
57 0.03913
58 0.03994
59 0.04023
60 0.04131
61 0.04226
62 0.04267
63 0.04407
64 0.04489
65 0.04549
66 0.04673
67 0.04707
68 0.04736
69 0.04748
70 0.04788
71 0.04836
72 0.04899
73 0.05028
74 0.05109
75 0.05215
76 0.05319
77 0.05376
78 0.05404
79 0.05544
80 0.05665
81 0.0569
82 0.0574
83 0.05772
84 0.05842
85 0.05894
86 0.05973
87 0.06058
88 0.06116
89 0.06183
90 0.06209
91 0.06302
92 0.06349
93 0.06398
94 0.06485
95 0.06527
96 0.0659
97 0.066
98 0.06698
99 0.06801
100 0.06882
101 0.06929
102 0.07019
103 0.07031
104 0.07082
105 0.07106
106 0.0715
107 0.072
108 0.07307
109 0.0744
110 0.07499
111 0.07575
112 0.07594
113 0.07595
114 0.07666
115 0.07765
116 0.07874
117 0.07973
118 0.08003
119 0.08123
120 0.08143
121 0.08197
122 0.0821
123 0.08246
124 0.08331
125 0.08376
126 0.08414
127 0.0847
128 0.0849
129 0.08593
130 0.08709
131 0.08846
132 0.08909
133 0.08936
134 0.09011
135 0.09031
136 0.09057
137 0.09131
138 0.09251
139 0.09289
140 0.09402
141 0.09487
142 0.09551
143 0.09563
144 0.0964
145 0.09668
146 0.09698
147 0.09723
148 0.09979
149 0.10054
150 0.10135
151 0.10187
152 0.10239
153 0.10273
154 0.10285
155 0.1043
156 0.1045
157 0.10543
158 0.10622
159 0.10743
160 0.10852
161 0.10935
162 0.11114
163 0.11182
164 0.1124
165 0.11241
166 0.11371
167 0.11456
168 0.11544
169 0.11675
170 0.11793
171 0.11823
172 0.11915
173 0.11974
174 0.12024
175 0.12082
176 0.12216
177 0.12219
178 0.12347
179 0.12422
180 0.12456
181 0.1248
182 0.1253
183 0.12602
184 0.12641
185 0.12751
186 0.12789
187 0.12804
188 0.1286
189 0.12965
190 0.13016
191 0.1318
192 0.13243
193 0.13328
194 0.13447
195 0.13508
196 0.13604
197 0.13685
198 0.13732
199 0.13764
200 0.13814
201 0.13853
202 0.13944
203 0.14014
204 0.14122
205 0.14194
206 0.14224
207 0.14246
208 0.14282
209 0.14369
210 0.14495
211 0.14515
212 0.14611
213 0.14666
214 0.1474
215 0.14774
216 0.14904
217 0.14944
218 0.14971
219 0.15011
220 0.15032
221 0.15052
222 0.15075
223 0.15119
224 0.15177
225 0.15226
226 0.15302
227 0.15338
228 0.1536
229 0.15381
230 0.1546
231 0.15516
232 0.15578
233 0.1563
234 0.15664
235 0.15709
236 0.15849
237 0.15876
238 0.15947
239 0.15993
240 0.16136
241 0.16146
242 0.1617
243 0.16223
244 0.16246
245 0.16327
246 0.16441
247 0.1646
248 0.16535
249 0.16646
250 0.16704
251 0.16716
252 0.16794
253 0.16826
254 0.16908
255 0.16947
256 0.17062
257 0.17154
258 0.17257
259 0.17285
260 0.1733
261 0.17422
262 0.17429
263 0.17521
264 0.17573
265 0.17688
266 0.1782
267 0.17876
268 0.18082
269 0.18139
270 0.18182
271 0.18216
272 0.18418
273 0.18437
274 0.18444
275 0.18552
276 0.18581
277 0.18678
278 0.18732
279 0.18773
280 0.18858
281 0.1889
282 0.19022
283 0.19089
284 0.19138
285 0.19208
286 0.19288
287 0.19338
288 0.19434
289 0.19509
290 0.19708
291 0.1993
292 0.2002
293 0.20154
294 0.20201
295 0.20325
296 0.20377
297 0.20416
298 0.20535
299 0.20594
300 0.20618
301 0.20654
302 0.20745
303 0.20755
304 0.20757
305 0.20831
306 0.20963
307 0.21056
308 0.21061
309 0.21182
310 0.21256
311 0.21359
312 0.21452
313 0.21568
314 0.21597
315 0.21656
316 0.21703
317 0.21779
318 0.21935
319 0.21989
320 0.22048
321 0.22073
322 0.22138
323 0.22161
324 0.22244
325 0.22269
326 0.22375
327 0.22444
328 0.2253
329 0.22656
330 0.22771
331 0.22821
332 0.22936
333 0.22972
334 0.23091
335 0.23123
336 0.23177
337 0.23221
338 0.2334
339 0.23411
340 0.23477
341 0.23538
342 0.23607
343 0.23651
344 0.23815
345 0.23889
346 0.23957
347 0.24026
348 0.24109
349 0.2417
350 0.24283
351 0.24436
352 0.24554
353 0.24637
354 0.24862
355 0.24905
356 0.24974
357 0.25025
358 0.25055
359 0.25143
360 0.25191
361 0.25218
362 0.25261
363 0.25305
364 0.25396
365 0.25424
366 0.25483
367 0.25519
368 0.25659
369 0.25744
370 0.25876
371 0.25933
372 0.25967
373 0.26001
374 0.26089
375 0.26183
376 0.26273
377 0.26459
378 0.26542
379 0.26611
380 0.26745
381 0.26812
382 0.26837
383 0.26932
384 0.26957
385 0.27006
386 0.2703
387 0.27163
388 0.27208
389 0.27245
390 0.27291
391 0.27354
392 0.27447
393 0.2759
394 0.27687
395 0.27781
396 0.27832
397 0.27922
398 0.28019
399 0.28059
400 0.28115
401 0.28198
402 0.28229
403 0.28293
404 0.28384
405 0.28432
406 0.28491
407 0.28533
408 0.28729
409 0.28748
410 0.28828
411 0.28845
412 0.28909
413 0.28972
414 0.29055
415 0.29115
416 0.29246
417 0.29293
418 0.29347
419 0.29441
420 0.29447
421 0.29531
422 0.29591
423 0.29652
424 0.29762
425 0.29792
426 0.29853
427 0.29903
428 0.30018
429 0.30109
430 0.30169
431 0.30201
432 0.3028
433 0.30344
434 0.30456
435 0.3057
436 0.30606
437 0.3073
438 0.30755
439 0.30868
440 0.30911
441 0.30978
442 0.31109
443 0.31185
444 0.31237
445 0.31295
446 0.31348
447 0.31439
448 0.31481
449 0.31604
450 0.31702
451 0.31721
452 0.31849
453 0.31898
454 0.32047
455 0.32119
456 0.32272
457 0.32339
458 0.32434
459 0.32545
460 0.32616
461 0.3264
462 0.32689
463 0.32749
464 0.32793
465 0.32937
466 0.32983
467 0.33075
468 0.33179
469 0.33339
470 0.33361
471 0.33499
472 0.33542
473 0.3369
474 0.33725
475 0.3377
476 0.33843
477 0.33936
478 0.33979
479 0.34031
480 0.3409
481 0.3412
482 0.34142
483 0.34247
484 0.34368
485 0.34408
486 0.34566
487 0.34669
488 0.3468
489 0.34716
490 0.3477
491 0.34821
492 0.34852
493 0.34882
494 0.34885
495 0.35073
496 0.35278
497 0.3536
498 0.35465
499 0.35543
500 0.35615
501 0.35674
502 0.35758
503 0.35944
504 0.36102
505 0.36151
506 0.36219
507 0.3624
508 0.36389
509 0.36443
510 0.36519
511 0.366
512 0.36618
513 0.36701
514 0.36889
515 0.36968
516 0.37006
517 0.37065
518 0.37096
519 0.37132
520 0.37167
521 0.37244
522 0.37278
523 0.37365
524 0.37393
525 0.37462
526 0.37523
527 0.37601
528 0.37613
529 0.37669
530 0.37726
531 0.37754
532 0.37779
533 0.37798
534 0.379
535 0.38016
536 0.38138
537 0.38172
538 0.38187
539 0.38236
540 0.3829
541 0.38442
542 0.38469
543 0.38534
544 0.38634
545 0.38685
546 0.38733
547 0.38771
548 0.38857
549 0.38895
550 0.38949
551 0.39065
552 0.39144
553 0.39164
554 0.39264
555 0.39335
556 0.39395
557 0.39494
558 0.39569
559 0.39611
560 0.39643
561 0.39692
562 0.39728
563 0.39779
564 0.39807
565 0.39881
566 0.39937
567 0.40187
568 0.40227
569 0.40241
570 0.40323
571 0.40374
572 0.40479
573 0.40515
574 0.40565
575 0.40662
576 0.40714
577 0.40843
578 0.40941
579 0.40961
580 0.40979
581 0.41067
582 0.41118
583 0.41182
584 0.41329
585 0.4137
586 0.41451
587 0.41501
588 0.41502
589 0.41651
590 0.41783
591 0.41802
592 0.41859
593 0.41867
594 0.41896
595 0.41947
596 0.41997
597 0.42074
598 0.42124
599 0.42267
600 0.42309
601 0.4238
602 0.42465
603 0.4255
604 0.42587
605 0.42608
606 0.42727
607 0.42774
608 0.42817
609 0.42904
610 0.42962
611 0.43032
612 0.43053
613 0.43145
614 0.43168
615 0.43191
616 0.43387
617 0.43463
618 0.43562
619 0.4357
620 0.43675
621 0.43732
622 0.43753
623 0.43769
624 0.43891
625 0.43938
626 0.44064
627 0.44124
628 0.44192
629 0.44218
630 0.4431
631 0.4439
632 0.44478
633 0.44514
634 0.44632
635 0.44812
636 0.44865
637 0.44948
638 0.4503
639 0.45059
640 0.45185
641 0.45359
642 0.45373
643 0.4552
644 0.45554
645 0.45571
646 0.45658
647 0.45671
648 0.45734
649 0.45863
650 0.45879
651 0.45939
652 0.46009
653 0.4611
654 0.46183
655 0.46233
656 0.46282
657 0.46367
658 0.46438
659 0.46498
660 0.46561
661 0.46604
662 0.46632
663 0.46763
664 0.46847
665 0.46909
666 0.46922
667 0.46972
668 0.47023
669 0.47053
670 0.47114
671 0.47175
672 0.47241
673 0.47255
674 0.47311
675 0.47385
676 0.47474
677 0.47567
678 0.47634
679 0.47712
680 0.47739
681 0.47865
682 0.47932
683 0.47975
684 0.48048
685 0.48155
686 0.48261
687 0.48328
688 0.48458
689 0.4854
690 0.48588
691 0.48648
692 0.48712
693 0.48729
694 0.48828
695 0.48865
696 0.48909
697 0.49023
698 0.49046
699 0.49112
700 0.4912
701 0.49153
702 0.49244
703 0.49285
704 0.49379
705 0.49421
706 0.49586
707 0.49671
708 0.49745
709 0.49793
710 0.49913
711 0.50026
712 0.5007
713 0.50124
714 0.50176
715 0.50258
716 0.50315
717 0.50345
718 0.50369
719 0.50445
720 0.50533
721 0.50639
722 0.50717
723 0.50737
724 0.5075
725 0.50774
726 0.50864
727 0.50903
728 0.50928
729 0.50986
730 0.51064
731 0.51203
732 0.51288
733 0.51423
734 0.51461
735 0.5153
736 0.51626
737 0.51659
738 0.51732
739 0.51749
740 0.51863
741 0.51996
742 0.52043
743 0.52121
744 0.52217
745 0.52369
746 0.52403
747 0.5247
748 0.52558
749 0.52643
750 0.52748
751 0.52881
752 0.52909
753 0.52925
754 0.53034
755 0.53114
756 0.53128
757 0.53202
758 0.53278
759 0.53477
760 0.53544
761 0.53568
762 0.53696
763 0.5372
764 0.53796
765 0.53877
766 0.53956
767 0.54003
768 0.54117
769 0.54194
770 0.54216
771 0.54299
772 0.54387
773 0.54439
774 0.54489
775 0.54536
776 0.54639
777 0.54657
778 0.54737
779 0.54836
780 0.54856
781 0.54874
782 0.55014
783 0.55135
784 0.5515
785 0.55308
786 0.55456
787 0.55489
788 0.55522
789 0.55624
790 0.55687
791 0.55789
792 0.5586
793 0.55911
794 0.56033
795 0.56118
796 0.56169
797 0.56296
798 0.56321
799 0.56364
800 0.56396
801 0.56445
802 0.56466
803 0.56501
804 0.56608
805 0.56703
806 0.56809
807 0.56895
808 0.56997
809 0.57088
810 0.57146
811 0.57259
812 0.57265
813 0.57354
814 0.57438
815 0.57496
816 0.57537
817 0.57565
818 0.57656
819 0.57685
820 0.57738
821 0.57775
822 0.57857
823 0.58042
824 0.58145
825 0.58187
826 0.58252
827 0.58346
828 0.58471
829 0.58522
830 0.58646
831 0.58681
832 0.58737
833 0.58755
834 0.58822
835 0.58855
836 0.58959
837 0.5905
838 0.59068
839 0.59184
840 0.5925
841 0.59344
842 0.59383
843 0.59402
844 0.59485
845 0.59523
846 0.59563
847 0.59722
848 0.59785
849 0.5988
850 0.59976
851 0.60084
852 0.60094
853 0.6019
854 0.60203
855 0.60255
856 0.60281
857 0.60429
858 0.60528
859 0.60628
860 0.60749
861 0.60921
862 0.6093
863 0.60973
864 0.61031
865 0.61091
866 0.61113
867 0.6124
868 0.61329
869 0.61394
870 0.61456
871 0.61513
872 0.61572
873 0.61582
874 0.61644
875 0.61734
876 0.61847
877 0.61897
878 0.62034
879 0.62118
880 0.62146
881 0.6229
882 0.62348
883 0.62386
884 0.62414
885 0.62445
886 0.6255
887 0.62592
888 0.62714
889 0.62753
890 0.62877
891 0.62893
892 0.63038
893 0.631
894 0.63203
895 0.6321
896 0.6326
897 0.63342
898 0.63546
899 0.63596
900 0.63644
901 0.63692
902 0.63855
903 0.63912
904 0.6394
905 0.63995
906 0.64053
907 0.64204
908 0.64265
909 0.64351
910 0.64433
911 0.64465
912 0.64598
913 0.64668
914 0.64833
915 0.64914
916 0.64971
917 0.65013
918 0.65124
919 0.6524
920 0.65269
921 0.65294
922 0.65402
923 0.65538
924 0.65574
925 0.65646
926 0.65731
927 0.65792
928 0.65819
929 0.65854
930 0.65933
931 0.66018
932 0.66121
933 0.66225
934 0.66269
935 0.66303
936 0.66349
937 0.66466
938 0.66495
939 0.66613
940 0.66764
941 0.66862
942 0.66935
943 0.67029
944 0.67076
945 0.67187
946 0.67192
947 0.67266
948 0.67323
949 0.6738
950 0.67496
951 0.67571
952 0.6761
953 0.67682
954 0.67775
955 0.67807
956 0.67903
957 0.68058
958 0.68106
959 0.68174
960 0.6833
961 0.68396
962 0.68444
963 0.68531
964 0.68578
965 0.6869
966 0.68859
967 0.68973
968 0.68996
969 0.69021
970 0.69035
971 0.69166
972 0.69238
973 0.69331
974 0.69379
975 0.69576
976 0.69646
977 0.69678
978 0.69787
979 0.69928
980 0.69997
981 0.70023
982 0.70059
983 0.70194
984 0.70221
985 0.70279
986 0.70405
987 0.70467
988 0.70522
989 0.70558
990 0.70689
991 0.70704
992 0.7074
993 0.70798
994 0.70824
995 0.70905
996 0.71066
997 0.71174
998 0.71213
999 0.71252
1000 0.71316
1001 0.71396
1002 0.71518
1003 0.71622
1004 0.71747
1005 0.71779
1006 0.71845
1007 0.71863
1008 0.71907
1009 0.71972
1010 0.7208
1011 0.72098
1012 0.72185
1013 0.72223
1014 0.72306
1015 0.72468
1016 0.72521
1017 0.7262
1018 0.72644
1019 0.72775
1020 0.72869
1021 0.72886
1022 0.72928
1023 0.72936
1024 0.72988
1025 0.73088
1026 0.73102
1027 0.7317
1028 0.73219
1029 0.73275
1030 0.73332
1031 0.73409
1032 0.7351
1033 0.73563
1034 0.73603
1035 0.73658
1036 0.73709
1037 0.73774
1038 0.73899
1039 0.74013
1040 0.74077
1041 0.74201
1042 0.74216
1043 0.74315
1044 0.74335
1045 0.7439
1046 0.74402
1047 0.74505
1048 0.74629
1049 0.7464
1050 0.74736
1051 0.74803
1052 0.7486
1053 0.74899
1054 0.74927
1055 0.7494
1056 0.75001
1057 0.75121
1058 0.75206
1059 0.75291
1060 0.75386
1061 0.75418
1062 0.75492
1063 0.75527
1064 0.75608
1065 0.7566
1066 0.75703
1067 0.75839
1068 0.75931
1069 0.75998
1070 0.76019
1071 0.76049
1072 0.76081
1073 0.7615
1074 0.76207
1075 0.76219
1076 0.76296
1077 0.76437
1078 0.76465
1079 0.76493
1080 0.76605
1081 0.76674
1082 0.76736
1083 0.76859
1084 0.76946
1085 0.77074
1086 0.77152
1087 0.77222
1088 0.77336
1089 0.77428
1090 0.77484
1091 0.77632
1092 0.77703
1093 0.7779
1094 0.77924
1095 0.77987
1096 0.78046
1097 0.7808
1098 0.78195
1099 0.78268
1100 0.78335
1101 0.78435
1102 0.78458
1103 0.78512
1104 0.78617
1105 0.78702
1106 0.78732
1107 0.78832
1108 0.78879
1109 0.78907
1110 0.79065
1111 0.79119
1112 0.79184
1113 0.79264
1114 0.7935
1115 0.7936
1116 0.79551
1117 0.79582
1118 0.79635
1119 0.79722
1120 0.79798
1121 0.79818
1122 0.79835
1123 0.79966
1124 0.80022
1125 0.80067
1126 0.8022
1127 0.80331
1128 0.80358
1129 0.80382
1130 0.80422
1131 0.80545
1132 0.80584
1133 0.80664
1134 0.80767
1135 0.80854
1136 0.80879
1137 0.80977
1138 0.81042
1139 0.81178
1140 0.81193
1141 0.81234
1142 0.81276
1143 0.81298
1144 0.8138
1145 0.8145
1146 0.81575
1147 0.81694
1148 0.8174
1149 0.81743
1150 0.81904
1151 0.82049
1152 0.82165
1153 0.82235
1154 0.823
1155 0.82338
1156 0.82343
1157 0.82353
1158 0.82379
1159 0.82471
1160 0.82558
1161 0.82601
1162 0.82677
1163 0.8273
1164 0.82761
1165 0.82772
1166 0.82829
1167 0.82862
1168 0.82927
1169 0.82968
1170 0.83091
1171 0.83148
1172 0.83189
1173 0.83263
1174 0.83374
1175 0.8343
1176 0.83461
1177 0.836
1178 0.83639
1179 0.83681
1180 0.83727
1181 0.83833
1182 0.83934
1183 0.84044
1184 0.84088
1185 0.84196
1186 0.84332
1187 0.84344
1188 0.84405
1189 0.84484
1190 0.84511
1191 0.84566
1192 0.84591
1193 0.84665
1194 0.84688
1195 0.8475
1196 0.84781
1197 0.84898
1198 0.84962
1199 0.85001
1200 0.85084
1201 0.85107
1202 0.85172
1203 0.85228
1204 0.85335
1205 0.85444
1206 0.85486
1207 0.85554
1208 0.8559
1209 0.85663
1210 0.85738
1211 0.85777
1212 0.8585
1213 0.85961
1214 0.8599
1215 0.86014
1216 0.86103
1217 0.86171
1218 0.86284
1219 0.86428
1220 0.86464
1221 0.86552
1222 0.86622
1223 0.86668
1224 0.86751
1225 0.86864
1226 0.86917
1227 0.86944
1228 0.87011
1229 0.87037
1230 0.87074
1231 0.87215
1232 0.87333
1233 0.87371
1234 0.87389
1235 0.87416
1236 0.87454
1237 0.8751
1238 0.87595
1239 0.87678
1240 0.87768
1241 0.87814
1242 0.8797
1243 0.88066
1244 0.88091
1245 0.88131
1246 0.88254
1247 0.88354
1248 0.88373
1249 0.88508
1250 0.88584
1251 0.88638
1252 0.88668
1253 0.88741
1254 0.88751
1255 0.88891
1256 0.88917
1257 0.88965
1258 0.88992
1259 0.891
1260 0.89153
1261 0.89307
1262 0.89379
1263 0.89457
1264 0.89547
1265 0.89626
1266 0.89676
1267 0.89698
1268 0.89772
1269 0.89849
1270 0.89868
1271 0.9
1272 0.90065
1273 0.90082
1274 0.90181
1275 0.90233
1276 0.90314
1277 0.904
1278 0.90537
1279 0.90677
1280 0.90716
1281 0.90781
1282 0.90906
1283 0.90932
1284 0.90958
1285 0.91055
1286 0.91204
1287 0.91287
1288 0.91311
1289 0.91407
1290 0.91482
1291 0.91544
1292 0.91618
1293 0.91715
1294 0.91748
1295 0.91838
1296 0.91977
1297 0.91997
1298 0.92039
1299 0.92048
1300 0.92098
1301 0.92213
1302 0.92232
1303 0.92299
1304 0.92351
1305 0.92384
1306 0.92422
1307 0.9249
1308 0.92534
1309 0.92565
1310 0.92665
1311 0.92735
1312 0.92824
1313 0.92881
1314 0.92929
1315 0.93
1316 0.93041
1317 0.93127
1318 0.93219
1319 0.93243
1320 0.93264
1321 0.93309
1322 0.93374
1323 0.93438
1324 0.93525
1325 0.93541
1326 0.93591
1327 0.93652
1328 0.93773
1329 0.93949
1330 0.94033
1331 0.94053
1332 0.94182
1333 0.94299
1334 0.94353
1335 0.94375
1336 0.9448
1337 0.94599
1338 0.9477
1339 0.9486
1340 0.95008
1341 0.95116
1342 0.95202
1343 0.95264
1344 0.95371
1345 0.95428
1346 0.95489
1347 0.95555
1348 0.95711
1349 0.95873
1350 0.95924
1351 0.95933
1352 0.95966
1353 0.95971
1354 0.96045
1355 0.9614
1356 0.96255
1357 0.96337
1358 0.96418
1359 0.9648
1360 0.9658
1361 0.96604
1362 0.96768
1363 0.96847
1364 0.96939
1365 0.96968
1366 0.96994
1367 0.97037
1368 0.97091
1369 0.97158
1370 0.97185
1371 0.97235
1372 0.97279
1373 0.97505
1374 0.9753
1375 0.97575
1376 0.97668
1377 0.97686
1378 0.97785
1379 0.97931
1380 0.97979
1381 0.9801
1382 0.98152
1383 0.98178
1384 0.98297
1385 0.98343
1386 0.98486
1387 0.98531
1388 0.98596
1389 0.98712
1390 0.98777
1391 0.98884
1392 0.9895
1393 0.9897
1394 0.99003
1395 0.99032
1396 0.9912
1397 0.99162
1398 0.99278
1399 0.99289
1400 0.99354
1401 0.99449
1402 0.99577
1403 0.99677
1404 0.99722
1405 0.99838
1406 0.99863
1407 0.99949
1408 1.00034
# Generated pool n. 7 for Umax = 16.818973541259766
# Generated a biased pool of 100000 with an acceptance of 0.2696544826030731
# Generated a pool of 100000 with an acceptance of 0.00354982256919801
# Generation repeated 1409 times
# Average relative effective sample size: 0.04397187381982803
# Generation efficiency: 0.0007097232079489
