# Generation 13

0 0.00139
1 0.00151
2 0.00624
3 0.00665
4 0.00856
5 0.01022
6 0.01036
7 0.01106
8 0.01406
9 0.01529
10 0.01688
11 0.0176
12 0.01971
13 0.02185
14 0.02261
15 0.02452
16 0.02604
17 0.02628
18 0.02716
19 0.02872
20 0.0302
21 0.03117
22 0.03381
23 0.03565
24 0.03637
25 0.03866
26 0.04014
27 0.04039
28 0.04245
29 0.0438
30 0.0444
31 0.04603
32 0.04717
33 0.04929
34 0.05334
35 0.05411
36 0.0563
37 0.05681
38 0.05823
39 0.06023
40 0.0608
41 0.06269
42 0.06323
43 0.06458
44 0.06605
45 0.06748
46 0.06886
47 0.06988
48 0.07202
49 0.07366
50 0.07446
51 0.07512
52 0.07641
53 0.07729
54 0.07968
55 0.08114
56 0.08365
57 0.08524
58 0.08609
59 0.08727
60 0.08908
61 0.08951
62 0.0903
63 0.0916
64 0.09389
65 0.09478
66 0.09541
67 0.09679
68 0.09738
69 0.09791
70 0.09976
71 0.10203
72 0.10246
73 0.10339
74 0.10356
75 0.10575
76 0.10625
77 0.10916
78 0.10976
79 0.11247
80 0.11359
81 0.11571
82 0.11683
83 0.11838
84 0.11929
85 0.1209
86 0.12212
87 0.12391
88 0.12592
89 0.12808
90 0.1309
91 0.13154
92 0.1334
93 0.13558
94 0.137
95 0.1379
96 0.13993
97 0.14051
98 0.14166
99 0.14276
100 0.14396
101 0.14458
102 0.14611
103 0.14639
104 0.14671
105 0.14733
106 0.14883
107 0.1516
108 0.1527
109 0.15306
110 0.15414
111 0.15496
112 0.15664
113 0.15796
114 0.15962
115 0.16127
116 0.16396
117 0.16612
118 0.16771
119 0.16955
120 0.17187
121 0.17324
122 0.17489
123 0.17555
124 0.17617
125 0.17901
126 0.18052
127 0.18172
128 0.18293
129 0.18417
130 0.18525
131 0.18694
132 0.18847
133 0.18883
134 0.18942
135 0.19104
136 0.19228
137 0.19344
138 0.19388
139 0.19689
140 0.19801
141 0.19871
142 0.20058
143 0.20288
144 0.20381
145 0.20573
146 0.20676
147 0.2076
148 0.20879
149 0.21083
150 0.21306
151 0.21369
152 0.21493
153 0.21568
154 0.2175
155 0.22094
156 0.22281
157 0.22413
158 0.22599
159 0.22727
160 0.22853
161 0.23031
162 0.2304
163 0.23185
164 0.23319
165 0.23412
166 0.23907
167 0.23984
168 0.2404
169 0.2426
170 0.24456
171 0.24615
172 0.24834
173 0.24842
174 0.2499
175 0.25051
176 0.25077
177 0.25098
178 0.25266
179 0.25439
180 0.25688
181 0.25869
182 0.25989
183 0.26115
184 0.26191
185 0.26335
186 0.26406
187 0.26517
188 0.26727
189 0.26837
190 0.26961
191 0.27098
192 0.27193
193 0.27392
194 0.27654
195 0.27706
196 0.27788
197 0.27947
198 0.28252
199 0.28356
200 0.28519
201 0.28573
202 0.28732
203 0.28806
204 0.28852
205 0.28943
206 0.29149
207 0.29178
208 0.29301
209 0.29465
210 0.29579
211 0.29813
212 0.29923
213 0.30008
214 0.30065
215 0.30208
216 0.30245
217 0.30375
218 0.30698
219 0.3082
220 0.30867
221 0.31136
222 0.31255
223 0.31371
224 0.31441
225 0.31526
226 0.31625
227 0.31795
228 0.31959
229 0.32096
230 0.32327
231 0.32469
232 0.32588
233 0.32919
234 0.3293
235 0.32998
236 0.33188
237 0.33423
238 0.33464
239 0.33554
240 0.33689
241 0.33803
242 0.33967
243 0.3411
244 0.34357
245 0.34657
246 0.34774
247 0.34862
248 0.3502
249 0.35123
250 0.35282
251 0.35645
252 0.35702
253 0.35787
254 0.35804
255 0.35873
256 0.3599
257 0.36048
258 0.36232
259 0.36391
260 0.36446
261 0.36518
262 0.36635
263 0.36728
264 0.36809
265 0.3698
266 0.37018
267 0.37213
268 0.37355
269 0.37438
270 0.37515
271 0.37605
272 0.37841
273 0.37996
274 0.38053
275 0.38145
276 0.38211
277 0.38278
278 0.38357
279 0.38594
280 0.38699
281 0.3897
282 0.39208
283 0.39265
284 0.39375
285 0.39572
286 0.39807
287 0.39811
288 0.40064
289 0.40108
290 0.40216
291 0.40322
292 0.40395
293 0.4043
294 0.407
295 0.40823
296 0.40996
297 0.41136
298 0.41222
299 0.41282
300 0.41436
301 0.41579
302 0.41622
303 0.41697
304 0.41826
305 0.42033
306 0.42216
307 0.42316
308 0.42498
309 0.42671
310 0.42794
311 0.42943
312 0.43105
313 0.43294
314 0.43319
315 0.43372
316 0.43558
317 0.43782
318 0.43998
319 0.44206
320 0.4431
321 0.44444
322 0.44489
323 0.44508
324 0.44585
325 0.4467
326 0.44766
327 0.44872
328 0.4503
329 0.4504
330 0.45187
331 0.45261
332 0.45345
333 0.45545
334 0.45594
335 0.45698
336 0.45792
337 0.45908
338 0.46021
339 0.46221
340 0.46338
341 0.4643
342 0.46683
343 0.46716
344 0.46899
345 0.4706
346 0.47325
347 0.47515
348 0.47597
349 0.47724
350 0.47797
351 0.47849
352 0.48087
353 0.48161
354 0.48263
355 0.48434
356 0.48679
357 0.48734
358 0.4907
359 0.49096
360 0.49298
361 0.49343
362 0.49379
363 0.49413
364 0.49484
365 0.4965
366 0.49965
367 0.50108
368 0.50177
369 0.50361
370 0.505
371 0.50602
372 0.50714
373 0.50969
374 0.51131
375 0.512
376 0.51322
377 0.51414
378 0.5156
379 0.51671
380 0.51852
381 0.51898
382 0.52134
383 0.52289
384 0.52423
385 0.52725
386 0.52789
387 0.52892
388 0.53125
389 0.5326
390 0.53357
391 0.53411
392 0.53503
393 0.53543
394 0.53571
395 0.5369
396 0.53952
397 0.54284
398 0.54435
399 0.5463
400 0.54752
401 0.54895
402 0.5493
403 0.55017
404 0.55112
405 0.5516
406 0.55162
407 0.55177
408 0.55248
409 0.55483
410 0.55615
411 0.55873
412 0.55906
413 0.55981
414 0.56029
415 0.56193
416 0.56217
417 0.56267
418 0.56298
419 0.56429
420 0.5668
421 0.56738
422 0.56847
423 0.56884
424 0.57007
425 0.57092
426 0.57127
427 0.57317
428 0.57394
429 0.57498
430 0.57708
431 0.57807
432 0.579
433 0.58035
434 0.58204
435 0.58269
436 0.58297
437 0.58304
438 0.58436
439 0.58471
440 0.58702
441 0.58833
442 0.59078
443 0.59303
444 0.59362
445 0.59449
446 0.59669
447 0.59949
448 0.60212
449 0.60329
450 0.6045
451 0.60736
452 0.60954
453 0.6106
454 0.61147
455 0.61495
456 0.61638
457 0.61667
458 0.61769
459 0.61884
460 0.62226
461 0.62276
462 0.62296
463 0.62385
464 0.62603
465 0.62713
466 0.62833
467 0.63043
468 0.6322
469 0.63291
470 0.63424
471 0.63472
472 0.63617
473 0.63844
474 0.63956
475 0.6415
476 0.642
477 0.64344
478 0.64449
479 0.64538
480 0.64614
481 0.64727
482 0.64827
483 0.6497
484 0.65085
485 0.65224
486 0.65342
487 0.65479
488 0.65657
489 0.65709
490 0.6576
491 0.65943
492 0.66087
493 0.66193
494 0.66391
495 0.66531
496 0.6683
497 0.66852
498 0.66891
499 0.67007
500 0.67244
501 0.67439
502 0.67619
503 0.67785
504 0.67885
505 0.67961
506 0.68094
507 0.68248
508 0.68294
509 0.68581
510 0.68657
511 0.68866
512 0.68952
513 0.69087
514 0.69127
515 0.69252
516 0.69377
517 0.69571
518 0.69672
519 0.69726
520 0.69801
521 0.69927
522 0.70107
523 0.70136
524 0.70407
525 0.70527
526 0.70587
527 0.70696
528 0.70833
529 0.71301
530 0.71585
531 0.71681
532 0.71733
533 0.718
534 0.71937
535 0.72114
536 0.72197
537 0.72338
538 0.72473
539 0.7253
540 0.72739
541 0.72814
542 0.72881
543 0.72898
544 0.72971
545 0.73176
546 0.73404
547 0.73474
548 0.73495
549 0.73603
550 0.73658
551 0.73825
552 0.73907
553 0.73977
554 0.73999
555 0.74064
556 0.7415
557 0.74322
558 0.74401
559 0.74491
560 0.74528
561 0.74553
562 0.74839
563 0.75037
564 0.75081
565 0.75197
566 0.75246
567 0.75339
568 0.75642
569 0.75667
570 0.7588
571 0.76024
572 0.76176
573 0.7643
574 0.7659
575 0.76637
576 0.76866
577 0.77007
578 0.7717
579 0.77316
580 0.77499
581 0.77629
582 0.77703
583 0.77892
584 0.78048
585 0.78146
586 0.7827
587 0.78435
588 0.78475
589 0.78566
590 0.7872
591 0.78801
592 0.78891
593 0.79034
594 0.79318
595 0.79576
596 0.79751
597 0.79877
598 0.80097
599 0.80247
600 0.80436
601 0.8054
602 0.8069
603 0.80699
604 0.80828
605 0.81006
606 0.81165
607 0.81231
608 0.81327
609 0.81462
610 0.81557
611 0.81627
612 0.81943
613 0.82022
614 0.82329
615 0.82454
616 0.82628
617 0.82708
618 0.82896
619 0.83167
620 0.83288
621 0.83494
622 0.83556
623 0.83784
624 0.8403
625 0.84161
626 0.84362
627 0.8456
628 0.84731
629 0.84797
630 0.84969
631 0.8503
632 0.85138
633 0.85241
634 0.85392
635 0.85431
636 0.85437
637 0.85579
638 0.8575
639 0.85936
640 0.86104
641 0.86276
642 0.86354
643 0.86614
644 0.86767
645 0.8694
646 0.87157
647 0.87306
648 0.87467
649 0.87614
650 0.87724
651 0.87833
652 0.88003
653 0.88145
654 0.88231
655 0.8835
656 0.88382
657 0.88541
658 0.88644
659 0.88896
660 0.88991
661 0.8906
662 0.89243
663 0.89311
664 0.89467
665 0.8966
666 0.8973
667 0.89817
668 0.90038
669 0.90061
670 0.90289
671 0.90426
672 0.90689
673 0.90807
674 0.90841
675 0.90923
676 0.9115
677 0.91253
678 0.91465
679 0.91588
680 0.91663
681 0.91883
682 0.92009
683 0.92106
684 0.92216
685 0.92386
686 0.92481
687 0.92506
688 0.92811
689 0.92826
690 0.92911
691 0.92915
692 0.93279
693 0.93396
694 0.93608
695 0.93667
696 0.9378
697 0.93988
698 0.94095
699 0.9432
700 0.94327
701 0.94341
702 0.94421
703 0.94534
704 0.94777
705 0.94871
706 0.95096
707 0.95133
708 0.95261
709 0.95351
710 0.95485
711 0.95605
712 0.95726
713 0.95865
714 0.96129
715 0.96225
716 0.96348
717 0.96515
718 0.96771
719 0.96879
720 0.97131
721 0.9726
722 0.97287
723 0.9747
724 0.97664
725 0.97786
726 0.98104
727 0.98256
728 0.98424
729 0.98593
730 0.9885
731 0.98967
732 0.99106
733 0.99207
734 0.99307
735 0.99426
736 0.99464
737 0.99648
738 0.9977
739 0.99853
740 1.00038
# Generated pool n. 13 for Umax = -12.465108871459961
# Generated a biased pool of 100000 with an acceptance of 0.5148497819900513
# Generated a pool of 100000 with an acceptance of 0.0067502024291498
# Generation repeated 741 times
# Average relative effective sample size: 0.12083572894334793
# Generation efficiency: 0.001349527665317139
