# Generation 16

0 0.00469
1 0.01022
2 0.01147
3 0.01546
4 0.02323
5 0.02451
6 0.02803
7 0.03008
8 0.0359
9 0.03939
10 0.04206
11 0.04504
12 0.04935
13 0.05359
14 0.05802
15 0.06411
16 0.06668
17 0.07071
18 0.07212
19 0.07593
20 0.07948
21 0.08364
22 0.08603
23 0.08936
24 0.09237
25 0.09255
26 0.10108
27 0.10425
28 0.10666
29 0.11186
30 0.11758
31 0.11891
32 0.12339
33 0.12824
34 0.13195
35 0.13484
36 0.13729
37 0.13875
38 0.14301
39 0.14763
40 0.15075
41 0.15518
42 0.15611
43 0.15695
44 0.16337
45 0.16765
46 0.16969
47 0.17542
48 0.17685
49 0.18028
50 0.18195
51 0.18458
52 0.18788
53 0.18882
54 0.19446
55 0.19895
56 0.20363
57 0.2063
58 0.20811
59 0.21079
60 0.21455
61 0.21764
62 0.21892
63 0.22012
64 0.2246
65 0.22929
66 0.23254
67 0.23579
68 0.23958
69 0.24357
70 0.24505
71 0.24701
72 0.24819
73 0.25123
74 0.25285
75 0.25682
76 0.25786
77 0.25788
78 0.25873
79 0.26332
80 0.2656
81 0.27047
82 0.27221
83 0.27371
84 0.27634
85 0.28084
86 0.28271
87 0.28321
88 0.28508
89 0.28842
90 0.29229
91 0.29256
92 0.29634
93 0.29666
94 0.29979
95 0.30231
96 0.30606
97 0.30763
98 0.31314
99 0.31372
100 0.3183
101 0.32152
102 0.32415
103 0.32654
104 0.33188
105 0.33588
106 0.34113
107 0.3452
108 0.35004
109 0.35248
110 0.35668
111 0.35808
112 0.36262
113 0.36449
114 0.37231
115 0.37774
116 0.38139
117 0.38499
118 0.38917
119 0.39352
120 0.40012
121 0.40462
122 0.40596
123 0.40791
124 0.4104
125 0.4164
126 0.41925
127 0.42163
128 0.42437
129 0.42636
130 0.43055
131 0.43157
132 0.43631
133 0.43909
134 0.44157
135 0.446
136 0.44805
137 0.44906
138 0.45043
139 0.45322
140 0.45453
141 0.45932
142 0.46344
143 0.46723
144 0.47021
145 0.47249
146 0.47617
147 0.48005
148 0.48216
149 0.48955
150 0.49195
151 0.49391
152 0.49579
153 0.49642
154 0.50057
155 0.5039
156 0.50712
157 0.51109
158 0.51482
159 0.52023
160 0.5204
161 0.52476
162 0.52907
163 0.53407
164 0.53518
165 0.53852
166 0.5429
167 0.54504
168 0.54844
169 0.54925
170 0.55226
171 0.55426
172 0.55868
173 0.56253
174 0.56735
175 0.56965
176 0.57405
177 0.5749
178 0.57767
179 0.57917
180 0.581
181 0.58236
182 0.5848
183 0.58942
184 0.59209
185 0.59566
186 0.59878
187 0.60169
188 0.60754
189 0.61196
190 0.61714
191 0.61869
192 0.62226
193 0.62421
194 0.6276
195 0.63029
196 0.63522
197 0.63688
198 0.64078
199 0.64311
200 0.64332
201 0.64711
202 0.64973
203 0.651
204 0.65562
205 0.65906
206 0.66182
207 0.66402
208 0.66814
209 0.67429
210 0.67527
211 0.67687
212 0.67945
213 0.68189
214 0.6899
215 0.69098
216 0.69563
217 0.69924
218 0.70353
219 0.70621
220 0.70738
221 0.71058
222 0.71575
223 0.72026
224 0.72417
225 0.72552
226 0.72642
227 0.72852
228 0.73032
229 0.73185
230 0.73878
231 0.7407
232 0.74685
233 0.74922
234 0.7516
235 0.75781
236 0.76097
237 0.76652
238 0.76863
239 0.77061
240 0.7719
241 0.77523
242 0.78013
243 0.78445
244 0.78682
245 0.78858
246 0.79244
247 0.79536
248 0.80011
249 0.80461
250 0.80689
251 0.81383
252 0.81504
253 0.81949
254 0.82253
255 0.82615
256 0.83059
257 0.83325
258 0.83617
259 0.83925
260 0.84013
261 0.84273
262 0.848
263 0.85213
264 0.85623
265 0.85672
266 0.85941
267 0.86301
268 0.86851
269 0.87312
270 0.87795
271 0.88017
272 0.88383
273 0.88741
274 0.89065
275 0.8957
276 0.90149
277 0.90377
278 0.90628
279 0.90708
280 0.90797
281 0.90995
282 0.91512
283 0.91722
284 0.9184
285 0.92013
286 0.92427
287 0.92765
288 0.92957
289 0.93265
290 0.93631
291 0.93969
292 0.94173
293 0.94418
294 0.94649
295 0.94853
296 0.95095
297 0.95145
298 0.95613
299 0.95714
300 0.9594
301 0.9621
302 0.96318
303 0.96569
304 0.97158
305 0.97306
306 0.97417
307 0.97802
308 0.98098
309 0.98619
310 0.9874
311 0.98905
312 0.99053
313 0.99494
314 0.9987
315 1.00019
# Generated pool n. 16 for Umax = -14.128280639648438
# Generated a biased pool of 100000 with an acceptance of 0.6299870014190674
# Generated a pool of 100000 with an acceptance of 0.015825791139240483
# Generation repeated 316 times
# Average relative effective sample size: 0.30408257246017456
# Generation efficiency: 0.0031645569620253164
