# Generation 3

0 0.00072
1 0.00163
2 0.00192
3 0.0027
4 0.00292
5 0.00367
6 0.00477
7 0.00557
8 0.00597
9 0.00646
10 0.00727
11 0.00756
12 0.00789
13 0.00856
14 0.00882
15 0.00951
16 0.01009
17 0.0108
18 0.01146
19 0.01202
20 0.01241
21 0.01283
22 0.01341
23 0.01402
24 0.01473
25 0.01525
26 0.01628
27 0.01661
28 0.01734
29 0.0181
30 0.01865
31 0.01887
32 0.01915
33 0.01957
34 0.02009
35 0.0208
36 0.02109
37 0.02187
38 0.02214
39 0.02257
40 0.02306
41 0.02356
42 0.0243
43 0.02455
44 0.02502
45 0.02564
46 0.02616
47 0.02697
48 0.02742
49 0.02748
50 0.02763
51 0.02817
52 0.02855
53 0.02877
54 0.02952
55 0.0304
56 0.0311
57 0.03159
58 0.03234
59 0.03301
60 0.03357
61 0.0343
62 0.03469
63 0.03549
64 0.03595
65 0.03618
66 0.03686
67 0.03714
68 0.03763
69 0.03808
70 0.0384
71 0.0388
72 0.03961
73 0.03979
74 0.04026
75 0.04082
76 0.04134
77 0.04212
78 0.04253
79 0.04301
80 0.04375
81 0.04436
82 0.04468
83 0.045
84 0.04572
85 0.04641
86 0.04674
87 0.04727
88 0.04792
89 0.04826
90 0.0488
91 0.04935
92 0.04975
93 0.05032
94 0.05128
95 0.05205
96 0.05239
97 0.05322
98 0.05367
99 0.0547
100 0.05532
101 0.05581
102 0.05585
103 0.05672
104 0.05721
105 0.05774
106 0.05859
107 0.05915
108 0.05939
109 0.06025
110 0.06063
111 0.06126
112 0.06182
113 0.06265
114 0.06345
115 0.06383
116 0.06417
117 0.0647
118 0.06514
119 0.06602
120 0.06645
121 0.06668
122 0.06738
123 0.06784
124 0.06836
125 0.06911
126 0.06975
127 0.07003
128 0.07045
129 0.07078
130 0.07105
131 0.07208
132 0.07227
133 0.07293
134 0.074
135 0.07425
136 0.0752
137 0.07607
138 0.07701
139 0.07752
140 0.07839
141 0.07919
142 0.0795
143 0.07966
144 0.07993
145 0.08017
146 0.0805
147 0.08084
148 0.0812
149 0.08185
150 0.08216
151 0.08251
152 0.08335
153 0.0836
154 0.08445
155 0.08484
156 0.08553
157 0.08649
158 0.0873
159 0.08829
160 0.08921
161 0.08985
162 0.0908
163 0.09148
164 0.09181
165 0.0926
166 0.09305
167 0.09433
168 0.09532
169 0.09567
170 0.09669
171 0.09699
172 0.0975
173 0.09823
174 0.09867
175 0.09913
176 0.09968
177 0.10022
178 0.10098
179 0.10147
180 0.10174
181 0.10233
182 0.10315
183 0.10352
184 0.10433
185 0.10474
186 0.10524
187 0.10558
188 0.10613
189 0.10672
190 0.1069
191 0.1076
192 0.10785
193 0.10853
194 0.10922
195 0.10996
196 0.11073
197 0.11154
198 0.11184
199 0.11245
200 0.11284
201 0.11352
202 0.11403
203 0.11473
204 0.11519
205 0.11584
206 0.1161
207 0.11691
208 0.11747
209 0.11824
210 0.11892
211 0.11924
212 0.11953
213 0.11997
214 0.12073
215 0.12122
216 0.1217
217 0.12199
218 0.12274
219 0.12342
220 0.12423
221 0.12472
222 0.1251
223 0.12545
224 0.12601
225 0.12634
226 0.12705
227 0.12769
228 0.12833
229 0.12911
230 0.12952
231 0.12973
232 0.13036
233 0.1307
234 0.13117
235 0.13235
236 0.13316
237 0.13396
238 0.13429
239 0.13473
240 0.13536
241 0.13581
242 0.13677
243 0.13702
244 0.13752
245 0.13773
246 0.1384
247 0.13848
248 0.1391
249 0.13968
250 0.14036
251 0.14052
252 0.14101
253 0.14221
254 0.14241
255 0.14294
256 0.14344
257 0.14391
258 0.14413
259 0.14474
260 0.14565
261 0.14616
262 0.14652
263 0.1467
264 0.14698
265 0.148
266 0.14902
267 0.14968
268 0.15022
269 0.15081
270 0.15096
271 0.15181
272 0.1526
273 0.15315
274 0.15364
275 0.15449
276 0.15464
277 0.15521
278 0.15605
279 0.15653
280 0.15767
281 0.1581
282 0.15872
283 0.15908
284 0.15935
285 0.16007
286 0.16094
287 0.16155
288 0.16187
289 0.16269
290 0.16313
291 0.16403
292 0.16493
293 0.16605
294 0.16635
295 0.1668
296 0.16717
297 0.16811
298 0.16886
299 0.16924
300 0.1697
301 0.17015
302 0.17027
303 0.17086
304 0.17151
305 0.17166
306 0.17189
307 0.17241
308 0.17305
309 0.17353
310 0.174
311 0.17424
312 0.17497
313 0.17564
314 0.17615
315 0.17652
316 0.17735
317 0.17775
318 0.17827
319 0.1786
320 0.17905
321 0.17964
322 0.17996
323 0.18031
324 0.18089
325 0.18147
326 0.18201
327 0.18274
328 0.18305
329 0.18341
330 0.18371
331 0.18412
332 0.18488
333 0.18531
334 0.1864
335 0.18689
336 0.18777
337 0.18873
338 0.18945
339 0.19012
340 0.19069
341 0.19096
342 0.19156
343 0.19218
344 0.19249
345 0.19268
346 0.19317
347 0.19374
348 0.19394
349 0.19478
350 0.19514
351 0.19591
352 0.19613
353 0.19625
354 0.19688
355 0.19737
356 0.1981
357 0.19858
358 0.19893
359 0.19972
360 0.20014
361 0.2006
362 0.20119
363 0.20149
364 0.20245
365 0.20287
366 0.20312
367 0.20344
368 0.20454
369 0.2047
370 0.20503
371 0.20532
372 0.2055
373 0.20603
374 0.20668
375 0.20769
376 0.20807
377 0.20834
378 0.20897
379 0.20989
380 0.2102
381 0.21057
382 0.21128
383 0.21191
384 0.21195
385 0.2123
386 0.21306
387 0.21344
388 0.2142
389 0.21457
390 0.21522
391 0.21556
392 0.21605
393 0.21676
394 0.21785
395 0.21829
396 0.21912
397 0.21943
398 0.21995
399 0.22066
400 0.22138
401 0.22172
402 0.22207
403 0.22257
404 0.22312
405 0.22379
406 0.22437
407 0.22479
408 0.22547
409 0.22616
410 0.22696
411 0.22782
412 0.22815
413 0.22843
414 0.22901
415 0.2298
416 0.23026
417 0.23149
418 0.23207
419 0.23232
420 0.23294
421 0.23321
422 0.23369
423 0.23437
424 0.23456
425 0.23469
426 0.23501
427 0.23539
428 0.23563
429 0.23619
430 0.23686
431 0.23731
432 0.23829
433 0.2386
434 0.23917
435 0.24019
436 0.24077
437 0.24095
438 0.24159
439 0.24238
440 0.24272
441 0.24365
442 0.24436
443 0.24465
444 0.24496
445 0.24534
446 0.24579
447 0.24628
448 0.24672
449 0.24707
450 0.24756
451 0.24796
452 0.2485
453 0.24933
454 0.24981
455 0.2502
456 0.25047
457 0.25164
458 0.25218
459 0.25248
460 0.25324
461 0.25369
462 0.25398
463 0.25491
464 0.25529
465 0.25605
466 0.25695
467 0.25757
468 0.25801
469 0.25847
470 0.259
471 0.25958
472 0.26014
473 0.26047
474 0.26092
475 0.26162
476 0.26217
477 0.26252
478 0.2634
479 0.26367
480 0.26446
481 0.26511
482 0.26586
483 0.26631
484 0.26713
485 0.26782
486 0.26827
487 0.26863
488 0.26914
489 0.26947
490 0.27022
491 0.27103
492 0.27118
493 0.27197
494 0.27283
495 0.27325
496 0.27414
497 0.27483
498 0.27514
499 0.27562
500 0.27612
501 0.27686
502 0.2771
503 0.27781
504 0.27805
505 0.27861
506 0.27922
507 0.27974
508 0.28003
509 0.28037
510 0.28072
511 0.28134
512 0.28171
513 0.28228
514 0.28241
515 0.28332
516 0.2837
517 0.28435
518 0.28457
519 0.28479
520 0.28522
521 0.2857
522 0.2862
523 0.2867
524 0.28708
525 0.28773
526 0.28832
527 0.28873
528 0.28952
529 0.29072
530 0.29134
531 0.29242
532 0.29369
533 0.29426
534 0.29482
535 0.29532
536 0.29596
537 0.29633
538 0.29682
539 0.29712
540 0.29797
541 0.29864
542 0.29879
543 0.29924
544 0.29958
545 0.30003
546 0.30071
547 0.30102
548 0.30155
549 0.30211
550 0.30224
551 0.30296
552 0.30367
553 0.30389
554 0.30423
555 0.30512
556 0.30579
557 0.3061
558 0.30657
559 0.30784
560 0.30834
561 0.30877
562 0.30902
563 0.30975
564 0.31054
565 0.31127
566 0.3114
567 0.31162
568 0.31224
569 0.31259
570 0.31367
571 0.3141
572 0.31438
573 0.31454
574 0.31549
575 0.31568
576 0.31572
577 0.31618
578 0.31701
579 0.31728
580 0.31751
581 0.31776
582 0.31821
583 0.31853
584 0.31911
585 0.31953
586 0.31994
587 0.32035
588 0.32116
589 0.32172
590 0.32202
591 0.3227
592 0.32348
593 0.32394
594 0.32501
595 0.32583
596 0.32667
597 0.3271
598 0.32781
599 0.32806
600 0.32849
601 0.32928
602 0.32985
603 0.33003
604 0.3309
605 0.33128
606 0.33205
607 0.33246
608 0.33338
609 0.33421
610 0.33489
611 0.33589
612 0.33636
613 0.33687
614 0.33751
615 0.33777
616 0.33874
617 0.33914
618 0.34001
619 0.34075
620 0.34116
621 0.34207
622 0.34253
623 0.34298
624 0.34389
625 0.34438
626 0.34502
627 0.3456
628 0.34599
629 0.34666
630 0.34732
631 0.34789
632 0.34801
633 0.34894
634 0.34938
635 0.34989
636 0.35051
637 0.35074
638 0.35143
639 0.35189
640 0.35245
641 0.35252
642 0.35305
643 0.35369
644 0.35424
645 0.3548
646 0.35493
647 0.35526
648 0.35614
649 0.35652
650 0.35777
651 0.35832
652 0.35853
653 0.35926
654 0.36008
655 0.36071
656 0.36115
657 0.36183
658 0.36222
659 0.36326
660 0.3637
661 0.36426
662 0.36487
663 0.36536
664 0.36594
665 0.36643
666 0.36689
667 0.36728
668 0.36779
669 0.36843
670 0.36859
671 0.36884
672 0.36952
673 0.37019
674 0.37043
675 0.37108
676 0.3716
677 0.37189
678 0.37255
679 0.37294
680 0.37342
681 0.37396
682 0.37425
683 0.37463
684 0.3749
685 0.37541
686 0.37615
687 0.37659
688 0.37682
689 0.37737
690 0.37794
691 0.37824
692 0.37893
693 0.37931
694 0.37967
695 0.37993
696 0.3801
697 0.38039
698 0.38091
699 0.38129
700 0.38169
701 0.3824
702 0.38287
703 0.38317
704 0.38345
705 0.38371
706 0.38392
707 0.38448
708 0.38507
709 0.38605
710 0.3867
711 0.38764
712 0.3882
713 0.38908
714 0.38958
715 0.38965
716 0.39039
717 0.39133
718 0.39201
719 0.39278
720 0.3934
721 0.39384
722 0.39464
723 0.39526
724 0.39554
725 0.39581
726 0.39602
727 0.3965
728 0.39704
729 0.39772
730 0.39844
731 0.39892
732 0.39938
733 0.39984
734 0.40043
735 0.40116
736 0.40139
737 0.40194
738 0.40248
739 0.40343
740 0.40424
741 0.40463
742 0.40517
743 0.4054
744 0.40594
745 0.40653
746 0.40675
747 0.40714
748 0.40748
749 0.40791
750 0.40899
751 0.40958
752 0.40997
753 0.41059
754 0.41069
755 0.41119
756 0.41179
757 0.41224
758 0.41251
759 0.41291
760 0.4135
761 0.41404
762 0.41446
763 0.41479
764 0.41557
765 0.41593
766 0.41616
767 0.41665
768 0.41679
769 0.41717
770 0.41792
771 0.41853
772 0.41898
773 0.41905
774 0.41928
775 0.41984
776 0.4205
777 0.42109
778 0.42177
779 0.42226
780 0.42239
781 0.42334
782 0.42455
783 0.42489
784 0.42576
785 0.42642
786 0.42685
787 0.42774
788 0.42864
789 0.42887
790 0.42903
791 0.42941
792 0.42964
793 0.43054
794 0.43119
795 0.43144
796 0.43221
797 0.43289
798 0.43355
799 0.43391
800 0.43431
801 0.43515
802 0.43569
803 0.43602
804 0.43709
805 0.43787
806 0.4387
807 0.43919
808 0.43944
809 0.43973
810 0.43995
811 0.44015
812 0.44022
813 0.44064
814 0.44138
815 0.44168
816 0.44248
817 0.44333
818 0.44399
819 0.44476
820 0.44548
821 0.44593
822 0.44627
823 0.44729
824 0.44798
825 0.44847
826 0.44921
827 0.44948
828 0.44997
829 0.45082
830 0.45146
831 0.45223
832 0.45267
833 0.45291
834 0.45375
835 0.45393
836 0.45422
837 0.4548
838 0.45542
839 0.45578
840 0.45647
841 0.45695
842 0.45736
843 0.4578
844 0.45813
845 0.45832
846 0.45902
847 0.45942
848 0.45966
849 0.45992
850 0.46002
851 0.46074
852 0.46136
853 0.46173
854 0.46224
855 0.46304
856 0.46354
857 0.46379
858 0.46466
859 0.46504
860 0.46567
861 0.46677
862 0.46758
863 0.46832
864 0.46845
865 0.46927
866 0.4696
867 0.47021
868 0.47067
869 0.47159
870 0.47212
871 0.47246
872 0.47271
873 0.47324
874 0.47371
875 0.47397
876 0.47466
877 0.47493
878 0.47525
879 0.47566
880 0.47613
881 0.47715
882 0.47768
883 0.47774
884 0.47814
885 0.47835
886 0.47886
887 0.47956
888 0.48039
889 0.48148
890 0.48231
891 0.48288
892 0.48308
893 0.48401
894 0.48436
895 0.48481
896 0.48493
897 0.48534
898 0.4857
899 0.48604
900 0.48662
901 0.48719
902 0.4874
903 0.48807
904 0.48911
905 0.48987
906 0.49056
907 0.49127
908 0.49214
909 0.49289
910 0.49306
911 0.49374
912 0.4944
913 0.4949
914 0.49541
915 0.4962
916 0.49671
917 0.4971
918 0.49772
919 0.49884
920 0.49926
921 0.4998
922 0.50042
923 0.50058
924 0.50107
925 0.50136
926 0.50169
927 0.50246
928 0.50288
929 0.50362
930 0.50416
931 0.50471
932 0.50551
933 0.50634
934 0.50654
935 0.5072
936 0.50745
937 0.50778
938 0.50836
939 0.50865
940 0.50899
941 0.50956
942 0.51011
943 0.51076
944 0.51137
945 0.51181
946 0.51224
947 0.51267
948 0.51312
949 0.51364
950 0.51432
951 0.51473
952 0.51557
953 0.51612
954 0.5166
955 0.51709
956 0.5177
957 0.51814
958 0.51895
959 0.51935
960 0.51986
961 0.52026
962 0.52072
963 0.52095
964 0.52161
965 0.52212
966 0.52262
967 0.52302
968 0.52385
969 0.52477
970 0.5254
971 0.52596
972 0.52642
973 0.52725
974 0.52788
975 0.52882
976 0.5292
977 0.52989
978 0.5305
979 0.53104
980 0.53162
981 0.53207
982 0.53243
983 0.53295
984 0.53373
985 0.53446
986 0.53472
987 0.53496
988 0.53533
989 0.53598
990 0.53665
991 0.53729
992 0.53796
993 0.53862
994 0.5395
995 0.54016
996 0.54041
997 0.54042
998 0.54076
999 0.54145
1000 0.54159
1001 0.54191
1002 0.54267
1003 0.54366
1004 0.54459
1005 0.54508
1006 0.54583
1007 0.54658
1008 0.54685
1009 0.54742
1010 0.54793
1011 0.54811
1012 0.5485
1013 0.54941
1014 0.55005
1015 0.55059
1016 0.55155
1017 0.55224
1018 0.55285
1019 0.55326
1020 0.55401
1021 0.55439
1022 0.55494
1023 0.55533
1024 0.55636
1025 0.55724
1026 0.55737
1027 0.55779
1028 0.55832
1029 0.55886
1030 0.55962
1031 0.56045
1032 0.56063
1033 0.56148
1034 0.56217
1035 0.56262
1036 0.56307
1037 0.56335
1038 0.56393
1039 0.56457
1040 0.56517
1041 0.56623
1042 0.56655
1043 0.5671
1044 0.56732
1045 0.56789
1046 0.5685
1047 0.5687
1048 0.56925
1049 0.56942
1050 0.57024
1051 0.57095
1052 0.57174
1053 0.57227
1054 0.57297
1055 0.57327
1056 0.57414
1057 0.57474
1058 0.57544
1059 0.57598
1060 0.5767
1061 0.57694
1062 0.57771
1063 0.57831
1064 0.57864
1065 0.57926
1066 0.57964
1067 0.58051
1068 0.58076
1069 0.58116
1070 0.58228
1071 0.58261
1072 0.58355
1073 0.58425
1074 0.58486
1075 0.58507
1076 0.58529
1077 0.58595
1078 0.58649
1079 0.58671
1080 0.58715
1081 0.5878
1082 0.58829
1083 0.58862
1084 0.58901
1085 0.58933
1086 0.58969
1087 0.59029
1088 0.59057
1089 0.59091
1090 0.59166
1091 0.59193
1092 0.59259
1093 0.59272
1094 0.59286
1095 0.59312
1096 0.59383
1097 0.59418
1098 0.59467
1099 0.5953
1100 0.59618
1101 0.59673
1102 0.59736
1103 0.59794
1104 0.59831
1105 0.59879
1106 0.59905
1107 0.59953
1108 0.60008
1109 0.60026
1110 0.60092
1111 0.60171
1112 0.6026
1113 0.60313
1114 0.60375
1115 0.60462
1116 0.60488
1117 0.60512
1118 0.60585
1119 0.6068
1120 0.60767
1121 0.60838
1122 0.60868
1123 0.60957
1124 0.61013
1125 0.6109
1126 0.61107
1127 0.61171
1128 0.61205
1129 0.61268
1130 0.61324
1131 0.61359
1132 0.61451
1133 0.61529
1134 0.6156
1135 0.6161
1136 0.61696
1137 0.61729
1138 0.61783
1139 0.61835
1140 0.61925
1141 0.62019
1142 0.62043
1143 0.62065
1144 0.62114
1145 0.62154
1146 0.62241
1147 0.6226
1148 0.62325
1149 0.62397
1150 0.62459
1151 0.62505
1152 0.6254
1153 0.62644
1154 0.62662
1155 0.62753
1156 0.62798
1157 0.62817
1158 0.62866
1159 0.62908
1160 0.62975
1161 0.63016
1162 0.63058
1163 0.63079
1164 0.63122
1165 0.63165
1166 0.6323
1167 0.6325
1168 0.63292
1169 0.63349
1170 0.63389
1171 0.6341
1172 0.63455
1173 0.63483
1174 0.63531
1175 0.63614
1176 0.63696
1177 0.63752
1178 0.63799
1179 0.63862
1180 0.63934
1181 0.64018
1182 0.64065
1183 0.64242
1184 0.64291
1185 0.64335
1186 0.64394
1187 0.64439
1188 0.64506
1189 0.64535
1190 0.64653
1191 0.64694
1192 0.64768
1193 0.64799
1194 0.64861
1195 0.64912
1196 0.65048
1197 0.65106
1198 0.6514
1199 0.65178
1200 0.65251
1201 0.65332
1202 0.65374
1203 0.65446
1204 0.65501
1205 0.6552
1206 0.65576
1207 0.65619
1208 0.65691
1209 0.65768
1210 0.65858
1211 0.65906
1212 0.65932
1213 0.65969
1214 0.66032
1215 0.66075
1216 0.66189
1217 0.66218
1218 0.66304
1219 0.66375
1220 0.66398
1221 0.66413
1222 0.665
1223 0.66528
1224 0.66556
1225 0.66653
1226 0.66701
1227 0.66747
1228 0.66821
1229 0.66841
1230 0.6689
1231 0.66921
1232 0.66972
1233 0.66976
1234 0.67073
1235 0.67126
1236 0.6718
1237 0.67257
1238 0.67281
1239 0.67357
1240 0.67418
1241 0.67536
1242 0.67622
1243 0.67642
1244 0.67664
1245 0.67733
1246 0.6779
1247 0.67867
1248 0.67947
1249 0.68022
1250 0.68067
1251 0.68146
1252 0.68201
1253 0.68237
1254 0.68313
1255 0.68345
1256 0.68411
1257 0.68492
1258 0.68552
1259 0.68605
1260 0.68673
1261 0.68687
1262 0.68728
1263 0.68794
1264 0.68878
1265 0.6893
1266 0.68986
1267 0.69053
1268 0.69097
1269 0.69117
1270 0.69194
1271 0.69223
1272 0.69269
1273 0.69321
1274 0.69378
1275 0.69489
1276 0.69543
1277 0.69606
1278 0.69618
1279 0.69672
1280 0.69731
1281 0.69796
1282 0.69836
1283 0.69925
1284 0.69992
1285 0.70049
1286 0.70081
1287 0.70116
1288 0.70197
1289 0.70256
1290 0.70282
1291 0.70306
1292 0.70372
1293 0.70459
1294 0.70528
1295 0.70612
1296 0.70651
1297 0.70778
1298 0.70793
1299 0.70852
1300 0.7089
1301 0.70974
1302 0.71025
1303 0.71098
1304 0.71173
1305 0.7126
1306 0.71312
1307 0.71469
1308 0.71507
1309 0.71583
1310 0.71666
1311 0.71723
1312 0.71735
1313 0.71783
1314 0.71803
1315 0.71831
1316 0.71893
1317 0.7193
1318 0.71976
1319 0.72039
1320 0.72149
1321 0.72196
1322 0.72261
1323 0.72264
1324 0.72301
1325 0.724
1326 0.7244
1327 0.72497
1328 0.72526
1329 0.72603
1330 0.72632
1331 0.72678
1332 0.7273
1333 0.72749
1334 0.72804
1335 0.72899
1336 0.72939
1337 0.7298
1338 0.73021
1339 0.73072
1340 0.7312
1341 0.73213
1342 0.73239
1343 0.73293
1344 0.73354
1345 0.73391
1346 0.7343
1347 0.73482
1348 0.73548
1349 0.73579
1350 0.73626
1351 0.73744
1352 0.7376
1353 0.73795
1354 0.73875
1355 0.73942
1356 0.7398
1357 0.74008
1358 0.74052
1359 0.74098
1360 0.74129
1361 0.74151
1362 0.74172
1363 0.74241
1364 0.74294
1365 0.74347
1366 0.74404
1367 0.74488
1368 0.74551
1369 0.74588
1370 0.74657
1371 0.74708
1372 0.74775
1373 0.74816
1374 0.74873
1375 0.74928
1376 0.74995
1377 0.75034
1378 0.75053
1379 0.75068
1380 0.75164
1381 0.75241
1382 0.75288
1383 0.75347
1384 0.75439
1385 0.75538
1386 0.75608
1387 0.75617
1388 0.75646
1389 0.75705
1390 0.75723
1391 0.75806
1392 0.75853
1393 0.75884
1394 0.75932
1395 0.76057
1396 0.76084
1397 0.76106
1398 0.7617
1399 0.76235
1400 0.76281
1401 0.76354
1402 0.7639
1403 0.76447
1404 0.76497
1405 0.76548
1406 0.76615
1407 0.76632
1408 0.76667
1409 0.76729
1410 0.76777
1411 0.7683
1412 0.76881
1413 0.76893
1414 0.7693
1415 0.76997
1416 0.7706
1417 0.77113
1418 0.77143
1419 0.77177
1420 0.77211
1421 0.77228
1422 0.77265
1423 0.77294
1424 0.77405
1425 0.77429
1426 0.77468
1427 0.7749
1428 0.77509
1429 0.77542
1430 0.77598
1431 0.7767
1432 0.77731
1433 0.77769
1434 0.77836
1435 0.77899
1436 0.77978
1437 0.78002
1438 0.78088
1439 0.7814
1440 0.7819
1441 0.78212
1442 0.78244
1443 0.78323
1444 0.78474
1445 0.78512
1446 0.78592
1447 0.78627
1448 0.7871
1449 0.78751
1450 0.78833
1451 0.78866
1452 0.78957
1453 0.78994
1454 0.79063
1455 0.7913
1456 0.79177
1457 0.79219
1458 0.79266
1459 0.79308
1460 0.79465
1461 0.7953
1462 0.79628
1463 0.7968
1464 0.79769
1465 0.7987
1466 0.79922
1467 0.79963
1468 0.80033
1469 0.80104
1470 0.80226
1471 0.80293
1472 0.80347
1473 0.80394
1474 0.80415
1475 0.80467
1476 0.80513
1477 0.80573
1478 0.80678
1479 0.80722
1480 0.80789
1481 0.80824
1482 0.80845
1483 0.80863
1484 0.80933
1485 0.80963
1486 0.80989
1487 0.81037
1488 0.81076
1489 0.81123
1490 0.8121
1491 0.81217
1492 0.81359
1493 0.8142
1494 0.81449
1495 0.81499
1496 0.81551
1497 0.8158
1498 0.81646
1499 0.81698
1500 0.81781
1501 0.81843
1502 0.81891
1503 0.81953
1504 0.82015
1505 0.82107
1506 0.82132
1507 0.82204
1508 0.82256
1509 0.82312
1510 0.82397
1511 0.82511
1512 0.82538
1513 0.82553
1514 0.82617
1515 0.82653
1516 0.82719
1517 0.82756
1518 0.82805
1519 0.82833
1520 0.82893
1521 0.82915
1522 0.82935
1523 0.82965
1524 0.83011
1525 0.8311
1526 0.83167
1527 0.83231
1528 0.83347
1529 0.83372
1530 0.83401
1531 0.8343
1532 0.83495
1533 0.83563
1534 0.83646
1535 0.83704
1536 0.838
1537 0.83877
1538 0.83958
1539 0.83986
1540 0.84042
1541 0.84087
1542 0.8411
1543 0.84158
1544 0.84187
1545 0.84266
1546 0.8433
1547 0.84346
1548 0.84403
1549 0.84442
1550 0.84472
1551 0.8452
1552 0.84558
1553 0.84608
1554 0.84659
1555 0.84679
1556 0.84736
1557 0.84794
1558 0.8489
1559 0.84926
1560 0.84989
1561 0.85055
1562 0.85137
1563 0.85185
1564 0.85251
1565 0.85289
1566 0.85367
1567 0.85409
1568 0.855
1569 0.85562
1570 0.85618
1571 0.85686
1572 0.85809
1573 0.85839
1574 0.85894
1575 0.85936
1576 0.86013
1577 0.86087
1578 0.86118
1579 0.86149
1580 0.86179
1581 0.86248
1582 0.86264
1583 0.86345
1584 0.86445
1585 0.86516
1586 0.86558
1587 0.86613
1588 0.86675
1589 0.86694
1590 0.8676
1591 0.86799
1592 0.86858
1593 0.86896
1594 0.86936
1595 0.86964
1596 0.87038
1597 0.87156
1598 0.87231
1599 0.87251
1600 0.87341
1601 0.87388
1602 0.8742
1603 0.87508
1604 0.87517
1605 0.87595
1606 0.8769
1607 0.87762
1608 0.8781
1609 0.87836
1610 0.87851
1611 0.87891
1612 0.8792
1613 0.8798
1614 0.88001
1615 0.8805
1616 0.88087
1617 0.88136
1618 0.88179
1619 0.88228
1620 0.88286
1621 0.88327
1622 0.88339
1623 0.88405
1624 0.88499
1625 0.88545
1626 0.88579
1627 0.88646
1628 0.88727
1629 0.88782
1630 0.88863
1631 0.88905
1632 0.88966
1633 0.89058
1634 0.8911
1635 0.89161
1636 0.89193
1637 0.89291
1638 0.8933
1639 0.89384
1640 0.89397
1641 0.89444
1642 0.89569
1643 0.89664
1644 0.89728
1645 0.89795
1646 0.89832
1647 0.89868
1648 0.89899
1649 0.89968
1650 0.90026
1651 0.90102
1652 0.90115
1653 0.90174
1654 0.90233
1655 0.90326
1656 0.90394
1657 0.90455
1658 0.90493
1659 0.90544
1660 0.90619
1661 0.90653
1662 0.9069
1663 0.90723
1664 0.90764
1665 0.90865
1666 0.90918
1667 0.90948
1668 0.91028
1669 0.91083
1670 0.91166
1671 0.91217
1672 0.91291
1673 0.91313
1674 0.91366
1675 0.91428
1676 0.91458
1677 0.91506
1678 0.91582
1679 0.9165
1680 0.91669
1681 0.91721
1682 0.91782
1683 0.91812
1684 0.91842
1685 0.91851
1686 0.91921
1687 0.92007
1688 0.92056
1689 0.92122
1690 0.92165
1691 0.92236
1692 0.92269
1693 0.92325
1694 0.92387
1695 0.9244
1696 0.9248
1697 0.92561
1698 0.9259
1699 0.92625
1700 0.92694
1701 0.9275
1702 0.92815
1703 0.9288
1704 0.92968
1705 0.93021
1706 0.93051
1707 0.93122
1708 0.93187
1709 0.93244
1710 0.93261
1711 0.93346
1712 0.93391
1713 0.93466
1714 0.9355
1715 0.93619
1716 0.93715
1717 0.93776
1718 0.93797
1719 0.93871
1720 0.93945
1721 0.93986
1722 0.94012
1723 0.94065
1724 0.9409
1725 0.94173
1726 0.94256
1727 0.94303
1728 0.94353
1729 0.94435
1730 0.94499
1731 0.94534
1732 0.94581
1733 0.94665
1734 0.94684
1735 0.94756
1736 0.94805
1737 0.94867
1738 0.94911
1739 0.94947
1740 0.9496
1741 0.94989
1742 0.95092
1743 0.95148
1744 0.95213
1745 0.95259
1746 0.95286
1747 0.95342
1748 0.95424
1749 0.9549
1750 0.95535
1751 0.95548
1752 0.95582
1753 0.95595
1754 0.95602
1755 0.95648
1756 0.95696
1757 0.95717
1758 0.95773
1759 0.95832
1760 0.95852
1761 0.95926
1762 0.95963
1763 0.96003
1764 0.96062
1765 0.9607
1766 0.96138
1767 0.96172
1768 0.96232
1769 0.96294
1770 0.9631
1771 0.96396
1772 0.9645
1773 0.96504
1774 0.96523
1775 0.96638
1776 0.96672
1777 0.96719
1778 0.96804
1779 0.96876
1780 0.96973
1781 0.96997
1782 0.97058
1783 0.97088
1784 0.97145
1785 0.97194
1786 0.97222
1787 0.9728
1788 0.97351
1789 0.97432
1790 0.9749
1791 0.97539
1792 0.97546
1793 0.97633
1794 0.9767
1795 0.97681
1796 0.97726
1797 0.97762
1798 0.9784
1799 0.97886
1800 0.97943
1801 0.97989
1802 0.98041
1803 0.98097
1804 0.98142
1805 0.98217
1806 0.98227
1807 0.98272
1808 0.9834
1809 0.98396
1810 0.98439
1811 0.98471
1812 0.9855
1813 0.98582
1814 0.98597
1815 0.98693
1816 0.98712
1817 0.98773
1818 0.98848
1819 0.98904
1820 0.98922
1821 0.98964
1822 0.99032
1823 0.99081
1824 0.99196
1825 0.99219
1826 0.99251
1827 0.99279
1828 0.99393
1829 0.99406
1830 0.99455
1831 0.99528
1832 0.99634
1833 0.99664
1834 0.99714
1835 0.99802
1836 0.99862
1837 0.9992
1838 0.99992
1839 1.0002
# Generated pool n. 3 for Umax = 320.5561218261719
# Generated a biased pool of 100000 with an acceptance of 0.10965103656053543
# Generated a pool of 100000 with an acceptance of 0.0027179347826086953
# Generation repeated 1840 times
# Average relative effective sample size: 0.021610397845506668
# Generation efficiency: 0.0005434782608695652
