# Generation 15

0 0.00424
1 0.01047
2 0.01211
3 0.01476
4 0.0185
5 0.02192
6 0.02294
7 0.02467
8 0.02652
9 0.03049
10 0.03385
11 0.03767
12 0.03985
13 0.04515
14 0.0499
15 0.05351
16 0.05716
17 0.0597
18 0.06236
19 0.06467
20 0.06599
21 0.06795
22 0.07028
23 0.07098
24 0.07179
25 0.07408
26 0.07789
27 0.0809
28 0.0844
29 0.08628
30 0.08899
31 0.09426
32 0.09895
33 0.10193
34 0.10695
35 0.10861
36 0.11063
37 0.11682
38 0.1175
39 0.12197
40 0.1253
41 0.12747
42 0.13029
43 0.13333
44 0.1344
45 0.13827
46 0.14114
47 0.14751
48 0.15032
49 0.15235
50 0.15566
51 0.16002
52 0.1632
53 0.16674
54 0.16934
55 0.17109
56 0.17265
57 0.17777
58 0.17949
59 0.1816
60 0.18419
61 0.18843
62 0.18924
63 0.19203
64 0.19241
65 0.19344
66 0.19582
67 0.1969
68 0.20042
69 0.20282
70 0.20304
71 0.20512
72 0.20744
73 0.21322
74 0.21663
75 0.21846
76 0.22191
77 0.2238
78 0.22491
79 0.22797
80 0.22961
81 0.23403
82 0.24093
83 0.24661
84 0.24962
85 0.25149
86 0.25507
87 0.25987
88 0.26154
89 0.26231
90 0.26327
91 0.26791
92 0.27171
93 0.27459
94 0.27943
95 0.28037
96 0.28394
97 0.29048
98 0.2946
99 0.29504
100 0.29606
101 0.29894
102 0.30348
103 0.30788
104 0.30951
105 0.31181
106 0.3135
107 0.31569
108 0.3175
109 0.32162
110 0.32456
111 0.32593
112 0.32889
113 0.33048
114 0.33252
115 0.33495
116 0.33889
117 0.34168
118 0.347
119 0.3493
120 0.3527
121 0.35359
122 0.35963
123 0.36678
124 0.3731
125 0.37504
126 0.37809
127 0.38167
128 0.38342
129 0.38694
130 0.38972
131 0.39176
132 0.39462
133 0.39697
134 0.39826
135 0.39847
136 0.40114
137 0.40119
138 0.40206
139 0.4057
140 0.41112
141 0.41272
142 0.41504
143 0.41783
144 0.4209
145 0.42498
146 0.42611
147 0.43035
148 0.43188
149 0.43551
150 0.43919
151 0.43934
152 0.44355
153 0.44491
154 0.45013
155 0.45208
156 0.45433
157 0.45543
158 0.45782
159 0.45823
160 0.46058
161 0.46188
162 0.46639
163 0.46849
164 0.47179
165 0.47452
166 0.47678
167 0.48052
168 0.48173
169 0.48247
170 0.484
171 0.48484
172 0.48502
173 0.48977
174 0.49269
175 0.49582
176 0.50082
177 0.50357
178 0.50563
179 0.50645
180 0.50962
181 0.51123
182 0.51258
183 0.5131
184 0.5189
185 0.52343
186 0.52446
187 0.52598
188 0.5312
189 0.53207
190 0.53564
191 0.53814
192 0.544
193 0.5486
194 0.55248
195 0.55293
196 0.55516
197 0.55964
198 0.56144
199 0.56466
200 0.56561
201 0.56834
202 0.57116
203 0.57401
204 0.57725
205 0.57791
206 0.58364
207 0.58641
208 0.58819
209 0.59189
210 0.59626
211 0.60196
212 0.60374
213 0.60672
214 0.60988
215 0.61135
216 0.61292
217 0.61715
218 0.61857
219 0.62291
220 0.62508
221 0.62637
222 0.62897
223 0.63117
224 0.63189
225 0.63295
226 0.63718
227 0.63969
228 0.64211
229 0.64387
230 0.64485
231 0.64616
232 0.65028
233 0.6526
234 0.65446
235 0.65825
236 0.66228
237 0.66555
238 0.66712
239 0.66937
240 0.67321
241 0.67438
242 0.67726
243 0.67982
244 0.68089
245 0.68301
246 0.68953
247 0.69068
248 0.69279
249 0.69372
250 0.6941
251 0.69747
252 0.69751
253 0.69865
254 0.70293
255 0.70578
256 0.70994
257 0.71087
258 0.71277
259 0.71402
260 0.71833
261 0.71891
262 0.72105
263 0.72289
264 0.72422
265 0.7251
266 0.72721
267 0.72843
268 0.73303
269 0.73719
270 0.73975
271 0.74077
272 0.74424
273 0.74976
274 0.75087
275 0.75293
276 0.75556
277 0.7602
278 0.76098
279 0.76643
280 0.76699
281 0.77088
282 0.77432
283 0.77557
284 0.77791
285 0.7804
286 0.78384
287 0.78668
288 0.78765
289 0.79243
290 0.79595
291 0.79946
292 0.80304
293 0.80465
294 0.80731
295 0.80915
296 0.80999
297 0.81341
298 0.81569
299 0.81897
300 0.82184
301 0.82337
302 0.82626
303 0.82892
304 0.83121
305 0.83458
306 0.83701
307 0.83796
308 0.84036
309 0.84372
310 0.84606
311 0.84783
312 0.85152
313 0.8524
314 0.85443
315 0.85712
316 0.85878
317 0.86157
318 0.86368
319 0.86702
320 0.86838
321 0.87238
322 0.87482
323 0.87601
324 0.87636
325 0.87785
326 0.8809
327 0.88584
328 0.88726
329 0.88901
330 0.89379
331 0.89656
332 0.89775
333 0.90132
334 0.90285
335 0.90384
336 0.90691
337 0.9098
338 0.91123
339 0.91237
340 0.91456
341 0.91863
342 0.9203
343 0.92207
344 0.92869
345 0.93019
346 0.93384
347 0.93552
348 0.93842
349 0.94264
350 0.94597
351 0.94904
352 0.94943
353 0.9512
354 0.9549
355 0.95798
356 0.96062
357 0.96263
358 0.96558
359 0.96717
360 0.96799
361 0.97049
362 0.97406
363 0.9768
364 0.97732
365 0.9794
366 0.98011
367 0.98352
368 0.98763
369 0.98967
370 0.99259
371 0.99428
372 0.99951
373 1.00194
# Generated pool n. 15 for Umax = -13.770963668823242
# Generated a biased pool of 100000 with an acceptance of 0.5913254618644714
# Generated a pool of 100000 with an acceptance of 0.013394919786096264
# Generation repeated 374 times
# Average relative effective sample size: 0.2593163847923279
# Generation efficiency: 0.00267379679144385
