# Run started: 2026-09-27 20:13:44.137470
# 
# STD_NS	NF_NS	TRAIN	GENER
9.354549000000000447e+00 0.000000000000000000e+00 5.134712983999999778e+03 1.685742000000000118e+01
9.075858000000000203e+00 7.242270999999999503e+01 1.195694054000000051e+03 3.972394630000000006e+02
8.924937999999999150e+00 6.671097299999999564e+01 1.199616919000000053e+03 1.349744241000000102e+03
8.970923000000000869e+00 6.742410700000000645e+01 1.200710520999999972e+03 1.975687091000000009e+03
8.946118000000000237e+00 6.894963900000000478e+01 1.197861983999999893e+03 2.648538504000000103e+03
8.958887999999999963e+00 6.721071200000000090e+01 4.830768503000000237e+03 1.564455425999999989e+03
8.997574999999999434e+00 6.847641000000000133e+01 1.218879588000000012e+03 1.600531668999999965e+03
9.025776000000000465e+00 6.668893400000000327e+01 1.205845497000000023e+03 1.511594043999999940e+03
8.897004000000000801e+00 6.700819099999999651e+01 1.198078766000000087e+03 1.396227971999999909e+03
8.914493999999999474e+00 6.737860100000000330e+01 1.200476750999999922e+03 7.863580920000000560e+02
8.910007000000000232e+00 6.647475500000000181e+01 4.768022511000000122e+03 7.105785680000000184e+02
8.931440999999999519e+00 6.633174999999999955e+01 1.199579510000000028e+03 6.902581050000000005e+02
8.914331999999999923e+00 6.640374099999999657e+01 1.199468622000000096e+03 4.964353039999999737e+02
9.006479999999999819e+00 6.667531999999999925e+01 1.206579895000000079e+03 7.995699059999999463e+02
8.927554000000000656e+00 6.684221100000000604e+01 1.202938398000000007e+03 3.531058639999999968e+02
9.016500999999999877e+00 6.786596000000000117e+01 4.879063148000000183e+03 4.053170039999999972e+02
9.037758000000000180e+00 6.845419599999999605e+01 1.235199851999999964e+03 3.433524340000000166e+02
9.057603999999999544e+00 6.886215599999999881e+01 1.224850871000000097e+03 3.519158639999999991e+02
9.082138999999999740e+00 6.856364700000000312e+01 1.229626897000000099e+03 2.855872709999999870e+02
9.051828999999999681e+00 6.929437699999999722e+01 1.228790471000000025e+03 2.760035790000000020e+02
9.297762000000000526e+00 6.916389900000000068e+01 4.875284728999999970e+03 4.340171359999999936e+02
# Run ended: 2026-09-28 13:57:16.048336
# Elapsed time: 17:43:31.910866
