# epoch	step	nll	ecut	ecut_viol	grad_norm	val_nll	val_ecut	val_ecut_viol	val_ress_zx	LR
1	27	-22.23798370361328	0.0	0.0	96.78282928466797	-22.424840927124023	123.80003356933594	99.99690246582031	0.1093224510550499	9.986158796046841e-05
2	54	-22.569416046142578	0.0	0.0	232.72940063476562	-22.327014923095703	114.05647277832031	89.29714965820312	0.058066919445991516	9.944712589814385e-05
3	81	-22.487834930419922	0.0	0.0	103.27466583251953	-22.51215171813965	111.83343505859375	87.03179931640625	0.03493135794997215	9.875893165300026e-05
4	108	-22.603687286376953	0.0	0.0	115.9134292602539	-22.571096420288086	109.27891540527344	84.85932922363281	0.11268292367458344	9.780085388641395e-05
5	135	-22.571828842163086	0.0	0.0	280.53204345703125	-22.714527130126953	100.5534896850586	75.77008056640625	0.1503916233778	9.65782505578881e-05
6	162	-22.585569381713867	0.0	0.0	75.88884735107422	-22.570571899414062	104.1429672241211	79.38390350341797	0.1580543965101242	9.509795896116972e-05
7	189	-22.381607055664062	0.0	0.0	214.71998596191406	-22.440139770507812	108.98794555664062	84.21680450439453	0.05590376257896423	9.336825748732971e-05
8	216	-22.51925277709961	0.0	0.0	73.53144836425781	-22.67365074157715	111.04829406738281	86.40089416503906	0.09782111644744873	9.139881932864174e-05
9	243	-22.503990173339844	0.0	0.0	69.80961608886719	-22.61469841003418	107.33233642578125	82.70954895019531	0.10954656451940536	8.920065838216747e-05
10	270	-22.524139404296875	0.0	0.0	78.62163543701172	-22.363142013549805	114.33638763427734	89.87154388427734	0.0763980895280838	8.678606765557639e-05
11	297	-22.573225021362305	0.0	0.0	116.62467956542969	-22.683467864990234	102.04268646240234	77.37194061279297	0.1128973513841629	8.416855051966051e-05
12	324	-22.47695541381836	0.0	0.0	69.98714447021484	-22.537982940673828	100.69093322753906	76.01042175292969	0.054183728992938995	8.136274519200731e-05
13	351	-22.458511352539062	0.0	0.0	293.9818115234375	-22.4705810546875	103.58567810058594	78.64981079101562	0.07929109036922455	7.83843428741493e-05
14	378	-22.7595272064209	0.0	0.0	105.65165710449219	-22.797611236572266	92.37774658203125	67.42168426513672	0.14118173718452454	7.525000000000001e-05
15	405	-22.761463165283203	0.0	0.0	95.65672302246094	-22.66866683959961	96.17721557617188	71.16801452636719	0.12461970746517181	7.197724508631914e-05
16	432	-22.603614807128906	0.0	0.0	206.19400024414062	-22.52985382080078	100.48162078857422	75.70750427246094	0.10774260759353638	6.858438070613657e-05
17	459	-22.620498657226562	0.0	0.0	108.42544555664062	-22.711593627929688	89.12583923339844	64.29214477539062	0.14098060131072998	6.509038113333976e-05
18	486	-22.399343490600586	0.0	0.0	90.37664031982422	-22.52013397216797	88.56085205078125	63.887657165527344	0.09833317995071411	6.151478623083758e-05
19	513	-22.76998519897461	0.0	0.0	81.77972412109375	-22.755422592163086	79.60042572021484	54.734275817871094	0.09777599573135376	5.787759217572066e-05
20	540	-22.755634307861328	0.0	0.0	101.35358428955078	-22.759550094604492	80.2392578125	55.12455368041992	0.07314997911453247	5.419913963252802e-05
21	567	-22.800573348999023	0.0	0.0	162.47105407714844	-22.74740982055664	83.0761489868164	58.03132247924805	0.15699872374534607	5.0500000000000015e-05
22	594	-22.677051544189453	0.0	0.0	249.72589111328125	-22.70789337158203	80.54530334472656	55.54241180419922	0.04263141378760338	4.680086036747202e-05
23	621	-22.543743133544922	0.0	0.0	346.499755859375	-22.462913513183594	85.18636322021484	60.34638595581055	0.08274659514427185	4.3122407824279384e-05
24	648	-22.688121795654297	0.0	0.0	425.8882141113281	-22.644872665405273	81.95570373535156	57.05439376831055	0.08588263392448425	3.948521376916245e-05
25	675	-22.656063079833984	0.0	0.0	123.7166519165039	-22.66549301147461	86.6723861694336	61.780853271484375	0.11690990626811981	3.590961886666025e-05
26	702	-22.69281768798828	0.0	0.0	2174.95068359375	-22.57471466064453	82.60394287109375	57.59436798095703	0.094822458922863	3.241561929386345e-05
27	729	-22.911083221435547	0.0	0.0	144.13409423828125	-22.899642944335938	81.12490844726562	55.919708251953125	0.12271486967802048	2.9022754913680884e-05
28	756	-22.785451889038086	0.0	0.0	76.84961700439453	-22.766653060913086	85.7323226928711	60.905181884765625	0.0924130529165268	2.575000000000002e-05
29	783	-22.891380310058594	0.0	0.0	142.63296508789062	-22.840862274169922	82.49325561523438	57.46312713623047	0.13078242540359497	2.2615657125850715e-05
30	810	-23.00324058532715	0.0	0.0	66.885498046875	-22.959148406982422	79.4559326171875	54.189083099365234	0.1638200879096985	1.9637254807992697e-05
31	837	-23.019428253173828	0.0	0.0	85.60527801513672	-23.00778579711914	80.81818389892578	55.5225830078125	0.1548193246126175	1.68314494803395e-05
32	864	-22.912227630615234	0.0	0.0	119.76761627197266	-22.95724105834961	80.80332946777344	55.57757568359375	0.0815083235502243	1.4213932344423597e-05
33	891	-22.97894859313965	0.0	0.0	216.9596710205078	-22.990699768066406	77.74034118652344	52.517852783203125	0.12567752599716187	1.1799341617832526e-05
34	918	-23.0277099609375	0.0	0.0	42.86274719238281	-23.03900718688965	79.44241333007812	54.18107223510742	0.16957703232765198	9.601180671358249e-06
35	945	-22.979961395263672	0.0	0.0	81.36583709716797	-23.02477264404297	75.38435363769531	49.99100875854492	0.14400961995124817	7.631742512670296e-06
36	972	-22.96474266052246	0.0	0.0	72.13651275634766	-23.051387786865234	78.15682220458984	52.7939567565918	0.17464052140712738	5.902041038830259e-06
37	999	-23.022491455078125	0.0	0.0	84.97076416015625	-23.05890464782715	76.42279052734375	51.064453125	0.1903347671031952	4.421749442111885e-06
38	1026	-23.083433151245117	0.0	0.0	48.13508605957031	-23.076446533203125	73.81794738769531	48.40685272216797	0.19230429828166962	3.199146113586043e-06
39	1053	-23.129772186279297	0.0	0.0	50.453330993652344	-23.097061157226562	74.16671752929688	48.81362533569336	0.19475391507148743	2.2410683469997316e-06
40	1080	-23.133657455444336	0.0	0.0	42.43397903442383	-23.087162017822266	73.19689178466797	47.8151969909668	0.18600353598594666	1.5528741018561385e-06
41	1107	-23.101760864257812	0.0	0.0	41.36669158935547	-23.085582733154297	72.57554626464844	47.20328903198242	0.1832970380783081	1.1384120395315836e-06
42	1134	-23.0828857421875	0.0	0.0	78.60624694824219	-23.088260650634766	72.90589141845703	47.53227233886719	0.17480206489562988	1e-06
# Best epoch: 39
