# epoch	step	nll	ecut	ecut_viol	grad_norm	val_nll	val_ecut	val_ecut_viol	val_ress_zx	LR
1	18	-0.11856330186128616	0.0	0.0	2.681056499481201	-0.0957471951842308	641.2517700195312	640.949951171875	0.10316978394985199	9.993846760033666e-05
2	36	-0.1331920474767685	0.0	0.0	3.356203317642212	-0.11850984394550323	632.2319946289062	631.8643798828125	0.10532748699188232	9.975402338058738e-05
3	54	-0.14739201962947845	0.0	0.0	2.4934864044189453	-0.12129586935043335	620.4615478515625	620.0552978515625	0.10259485244750977	9.944712589814386e-05
4	72	-0.15708409249782562	0.0	0.0	2.9072086811065674	-0.14403754472732544	612.113037109375	611.6920776367188	0.11014142632484436	9.901853814850293e-05
5	90	-0.1557406634092331	0.0	0.0	2.960036277770996	-0.14380879700183868	598.7957153320312	598.33935546875	0.08880292624235153	9.846932566833936e-05
6	108	-0.1794619858264923	0.0	0.0	2.525165557861328	-0.1429487019777298	592.5445556640625	592.1015625	0.10549017041921616	9.780085388641396e-05
7	126	-0.20210732519626617	0.0	0.0	2.61513614654541	-0.1560944765806198	582.048828125	581.5257568359375	0.09630167484283447	9.701478472890247e-05
8	144	-0.17622004449367523	0.0	0.0	3.0657150745391846	-0.15696994960308075	581.4873046875	581.060791015625	0.10163736343383789	9.611307248758517e-05
9	162	-0.1803693026304245	0.0	0.0	3.3802084922790527	-0.17694422602653503	573.3010864257812	572.822998046875	0.10182827711105347	9.509795896116974e-05
10	180	-0.18966951966285706	0.0	0.0	2.590043783187866	-0.1863151639699936	562.044921875	561.4962768554688	0.09690161049365997	9.39719678818263e-05
11	198	-0.2119017094373703	0.0	0.0	3.614832878112793	-0.1790800392627716	560.0201416015625	559.5400390625	0.10468792170286179	9.27378986407917e-05
12	216	-0.17650406062602997	0.0	0.0	3.7179148197174072	-0.18555597960948944	554.294921875	553.779052734375	0.09711568802595139	9.139881932864174e-05
13	234	-0.18960757553577423	0.0	0.0	3.763721466064453	-0.18274056911468506	558.2247314453125	557.7275390625	0.10928387194871902	8.995805910753466e-05
14	252	-0.20268024504184723	0.0	0.0	3.3083765506744385	-0.18719196319580078	553.1395874023438	552.6497802734375	0.09891664981842041	8.841919993438939e-05
15	270	-0.20793327689170837	0.0	0.0	3.8848159313201904	-0.18930241465568542	546.07470703125	545.53955078125	0.11785304546356201	8.678606765557639e-05
16	288	-0.22027380764484406	0.0	0.0	4.544033527374268	-0.20373713970184326	538.291748046875	537.749267578125	0.11200729012489319	8.506272249526059e-05
17	306	-0.2345743328332901	0.0	0.0	3.1663453578948975	-0.21324925124645233	532.675537109375	532.0883178710938	0.114625483751297	8.325344896104453e-05
18	324	-0.2853078246116638	0.0	0.0	3.0337419509887695	-0.21364064514636993	529.6622314453125	529.0958862304688	0.12165799736976624	8.13627451920073e-05
19	342	-0.22861221432685852	0.0	0.0	3.4398269653320312	-0.21945233643054962	533.4851684570312	532.9085693359375	0.11708509922027588	7.939531177562209e-05
20	360	-0.2576631009578705	0.0	0.0	3.2684059143066406	-0.2157381772994995	517.536865234375	516.9220581054688	0.11602054536342621	7.735604006135508e-05
21	378	-0.25501856207847595	0.0	0.0	3.0651350021362305	-0.23117610812187195	514.0490112304688	513.438720703125	0.10572679340839386	7.524999999999999e-05
22	396	-0.26397860050201416	0.0	0.0	2.8286030292510986	-0.23007497191429138	511.03485107421875	510.36871337890625	0.10867121815681458	7.308242753898156e-05
23	414	-0.3185116648674011	0.0	0.0	3.1870052814483643	-0.24119150638580322	510.3035583496094	509.69921875	0.11476899683475494	7.085871160496527e-05
24	432	-0.27848437428474426	0.0	0.0	3.062626600265503	-0.24421092867851257	502.7974853515625	502.17193603515625	0.11899572610855103	6.858438070613653e-05
25	450	-0.2593710124492645	0.0	0.0	2.9586658477783203	-0.2441725730895996	499.0320129394531	498.3688659667969	0.1082272082567215	6.626508918745837e-05
26	468	-0.27872321009635925	0.0	0.0	4.3922014236450195	-0.2565946578979492	494.58367919921875	493.92730712890625	0.12379762530326843	6.390660317307874e-05
27	486	-0.29064545035362244	0.0	0.0	4.159244060516357	-0.2706346809864044	490.583740234375	489.91021728515625	0.10385751724243164	6.151478623083755e-05
28	504	-0.2812323272228241	0.0	0.0	3.0903122425079346	-0.2651136517524719	487.0298156738281	486.359375	0.10777192562818527	5.909558479451305e-05
29	522	-0.30580148100852966	0.0	0.0	4.248878479003906	-0.26324212551116943	487.26171875	486.62109375	0.12443915009498596	5.665501338005051e-05
30	540	-0.27172839641571045	0.0	0.0	2.6651382446289062	-0.28371450304985046	481.12457275390625	480.46307373046875	0.12149296700954437	5.4199139632527994e-05
31	558	-0.2854900062084198	0.0	0.0	3.751920700073242	-0.2828971743583679	474.4306640625	473.7266845703125	0.12845942378044128	5.17340692410346e-05
32	576	-0.3082886040210724	0.0	0.0	4.327114582061768	-0.2904886305332184	477.54010009765625	476.8579406738281	0.11454963684082031	4.926593075896538e-05
33	594	-0.33063337206840515	0.0	0.0	4.5241780281066895	-0.289844810962677	478.0434265136719	477.36151123046875	0.10237018764019012	4.680086036747199e-05
34	612	-0.3248208165168762	0.0	0.0	2.8109474182128906	-0.29540008306503296	468.04144287109375	467.33404541015625	0.11330008506774902	4.434498661994948e-05
35	630	-0.34843650460243225	0.0	0.0	2.6673357486724854	-0.29853272438049316	469.52691650390625	468.8348388671875	0.11438090354204178	4.190441520548694e-05
36	648	-0.3543829321861267	0.0	0.0	4.046651363372803	-0.29615283012390137	462.1085205078125	461.39208984375	0.1055884137749672	3.948521376916243e-05
37	666	-0.33696743845939636	0.0	0.0	5.327962875366211	-0.29422688484191895	461.39447021484375	460.67681884765625	0.1283431351184845	3.709339682692124e-05
38	684	-0.30826064944267273	0.0	0.0	3.9915106296539307	-0.30240151286125183	457.6654357910156	456.9127502441406	0.11602482199668884	3.4734910812541616e-05
39	702	-0.3067916929721832	0.0	0.0	3.9181792736053467	-0.3088636100292206	457.0410461425781	456.32843017578125	0.11453381180763245	3.2415619293863445e-05
40	720	-0.3541905879974365	0.0	0.0	3.6296558380126953	-0.31804317235946655	451.7634582519531	451.0260314941406	0.09751687943935394	3.0141288395034733e-05
41	738	-0.3359315097332001	0.0	0.0	3.8577933311462402	-0.3046233654022217	457.88897705078125	457.1888122558594	0.11799454689025879	2.7917572461018446e-05
42	756	-0.36586952209472656	0.0	0.0	3.258484363555908	-0.3183627128601074	450.39605712890625	449.65338134765625	0.12107567489147186	2.5749999999999982e-05
43	774	-0.3496891260147095	0.0	0.0	3.116838216781616	-0.32234084606170654	447.9122314453125	447.18157958984375	0.11341767013072968	2.3643959938644907e-05
44	792	-0.3702387809753418	0.0	0.0	3.7802093029022217	-0.3250330686569214	443.89324951171875	443.1463928222656	0.10769545286893845	2.160468822437791e-05
45	810	-0.348293274641037	0.0	0.0	3.9500982761383057	-0.3293520212173462	447.269775390625	446.54205322265625	0.11062012612819672	1.963725480799269e-05
46	828	-0.35319116711616516	0.0	0.0	3.4882235527038574	-0.3348935842514038	447.41162109375	446.68359375	0.10674530267715454	1.774655103895547e-05
47	846	-0.37966209650039673	0.0	0.0	3.373568534851074	-0.3359697461128235	447.70361328125	446.9946594238281	0.10339456796646118	1.5937277504739396e-05
48	864	-0.355764776468277	0.0	0.0	4.087067604064941	-0.3331124484539032	443.1855163574219	442.4419860839844	0.10792729258537292	1.4213932344423594e-05
49	882	-0.40604665875434875	0.0	0.0	3.973064422607422	-0.3361967206001282	441.71075439453125	440.96881103515625	0.10098879039287567	1.2580800065610591e-05
50	900	-0.35992226004600525	0.0	0.0	3.0299458503723145	-0.3384782075881958	438.977783203125	438.22271728515625	0.1031409353017807	1.1041940892465333e-05
51	918	-0.3844136893749237	0.0	0.0	3.4341330528259277	-0.33870261907577515	438.6931457519531	437.9390563964844	0.09660454094409943	9.60118067135826e-06
52	936	-0.37534499168395996	0.0	0.0	3.502824544906616	-0.3368934094905853	439.5279541015625	438.78472900390625	0.09565775096416473	8.262101359208295e-06
53	954	-0.36421579122543335	0.0	0.0	5.241832256317139	-0.3385446071624756	439.43389892578125	438.68914794921875	0.10575738549232483	7.028032118173679e-06
54	972	-0.3535209596157074	0.0	0.0	5.419611930847168	-0.3382669985294342	438.15020751953125	437.3997802734375	0.10121405124664307	5.902041038830256e-06
55	990	-0.381719172000885	0.0	0.0	3.9622111320495605	-0.3373478055000305	436.21893310546875	435.45343017578125	0.09762662649154663	4.886927512414815e-06
56	1008	-0.3976583778858185	0.0	0.0	3.870205879211426	-0.34232938289642334	440.239990234375	439.50640869140625	0.10202370584011078	3.985215271097537e-06
57	1026	-0.3956032395362854	0.0	0.0	2.800131320953369	-0.3438926637172699	437.95196533203125	437.2120666503906	0.10133481025695801	3.1991461135860412e-06
58	1044	-0.36531171202659607	0.0	0.0	3.151658773422241	-0.3427569270133972	436.01385498046875	435.26190185546875	0.10116048157215118	2.5306743316606462e-06
59	1062	-0.3712849020957947	0.0	0.0	5.669665813446045	-0.34300631284713745	434.87860107421875	434.1217041015625	0.10232794284820557	1.9814618514970807e-06
60	1080	-0.3761850893497467	0.0	0.0	4.141282081604004	-0.34266841411590576	434.6208190917969	433.8624267578125	0.10116037726402283	1.552874101856138e-06
61	1098	-0.36057597398757935	0.0	0.0	3.802236557006836	-0.34423452615737915	435.21453857421875	434.46026611328125	0.10440897941589355	1.2459766194126302e-06
62	1116	-0.3765597939491272	0.0	0.0	3.3487179279327393	-0.34549272060394287	435.3116455078125	434.55926513671875	0.10460615903139114	1.061532399663344e-06
63	1134	-0.3889044225215912	0.0	0.0	3.260375499725342	-0.3457067608833313	435.139892578125	434.38629150390625	0.10463787615299225	1e-06
# Best epoch: 31
