# epoch	step	nll	ecut	ecut_viol	grad_norm	val_nll	val_ecut	val_ecut_viol	val_ress_zx	LR
1	27	-1.9924501180648804	0.0	0.0	9.208078384399414	-1.9605631828308105	589.697021484375	586.5909423828125	0.010021662339568138	9.986158796046841e-05
2	54	-2.0736145973205566	0.0	0.0	11.046170234680176	-2.0543713569641113	587.090576171875	584.0911254882812	0.013893704861402512	9.944712589814385e-05
3	81	-2.022580146789551	0.0	0.0	20.834978103637695	-2.0681450366973877	593.718994140625	590.8327026367188	0.008185142651200294	9.875893165300026e-05
4	108	-2.0804390907287598	0.0	0.0	16.71704864501953	-2.1420650482177734	566.335205078125	563.3067626953125	0.013966720551252365	9.780085388641395e-05
5	135	-2.0798301696777344	0.0	0.0	14.045110702514648	-2.1683473587036133	563.1142578125	560.0849609375	0.015176783315837383	9.65782505578881e-05
6	162	-2.2069814205169678	0.0	0.0	15.613475799560547	-2.1506922245025635	549.427490234375	546.387451171875	0.014424501918256283	9.509795896116972e-05
7	189	-2.1931471824645996	0.0	0.0	27.273691177368164	-2.217092275619507	539.1215209960938	535.9188232421875	0.017045389860868454	9.336825748732971e-05
8	216	-2.2361276149749756	0.0	0.0	16.932790756225586	-2.211937427520752	528.7597045898438	525.5975341796875	0.022196587175130844	9.139881932864174e-05
9	243	-2.2453701496124268	0.0	0.0	17.782217025756836	-2.233273506164551	529.6890869140625	526.4654541015625	0.011476101353764534	8.920065838216747e-05
10	270	-2.2756595611572266	0.0	0.0	18.332172393798828	-2.2876124382019043	516.916748046875	513.65234375	0.017737235873937607	8.678606765557639e-05
11	297	-2.240293264389038	0.0	0.0	13.884639739990234	-2.30570650100708	522.3309326171875	519.099853515625	0.01835991069674492	8.416855051966051e-05
12	324	-2.3096652030944824	0.0	0.0	13.838461875915527	-2.3323612213134766	506.0850830078125	502.80242919921875	0.019642110913991928	8.136274519200731e-05
13	351	-2.370335340499878	0.0	0.0	12.450642585754395	-2.3724136352539062	498.7928466796875	495.4794616699219	0.015109824948012829	7.83843428741493e-05
14	378	-2.3929295539855957	0.0	0.0	20.130800247192383	-2.4110493659973145	489.83514404296875	486.55328369140625	0.025964543223381042	7.525000000000001e-05
15	405	-2.4326090812683105	0.0	0.0	13.849181175231934	-2.3738009929656982	476.1177673339844	472.71795654296875	0.018129974603652954	7.197724508631914e-05
16	432	-2.4449727535247803	0.0	0.0	16.034162521362305	-2.3877413272857666	480.5533447265625	477.171875	0.017327651381492615	6.858438070613657e-05
17	459	-2.531031847000122	0.0	0.0	22.429460525512695	-2.4663026332855225	471.91351318359375	468.52655029296875	0.016652418300509453	6.509038113333976e-05
18	486	-2.414283037185669	0.0	0.0	23.764232635498047	-2.4624736309051514	467.18646240234375	463.71661376953125	0.011474084109067917	6.151478623083758e-05
19	513	-2.5950162410736084	0.0	0.0	26.720962524414062	-2.5063140392303467	461.7547302246094	458.30712890625	0.016193069517612457	5.787759217572066e-05
20	540	-2.5075201988220215	0.0	0.0	20.14982032775879	-2.5136399269104004	454.3913269042969	450.84991455078125	0.022593002766370773	5.419913963252802e-05
21	567	-2.567070484161377	0.0	0.0	13.908458709716797	-2.519758462905884	458.0588073730469	454.599609375	0.018179140985012054	5.0500000000000015e-05
22	594	-2.6417365074157715	0.0	0.0	25.512651443481445	-2.5489633083343506	451.3111267089844	447.833984375	0.020117923617362976	4.680086036747202e-05
23	621	-2.6609065532684326	0.0	0.0	18.91888427734375	-2.5719006061553955	447.0320739746094	443.562744140625	0.014449494890868664	4.3122407824279384e-05
24	648	-2.5863587856292725	0.0	0.0	30.435867309570312	-2.609163522720337	441.44940185546875	437.90985107421875	0.026730526238679886	3.948521376916245e-05
25	675	-2.5521180629730225	0.0	0.0	15.396562576293945	-2.6427974700927734	425.37347412109375	421.724365234375	0.018038511276245117	3.590961886666025e-05
26	702	-2.5909743309020996	0.0	0.0	24.14143943786621	-2.645839214324951	421.9705810546875	418.36090087890625	0.017229948192834854	3.241561929386345e-05
27	729	-2.613131046295166	0.0	0.0	15.688509941101074	-2.680940628051758	418.24810791015625	414.54345703125	0.02385672740638256	2.9022754913680884e-05
28	756	-2.7005934715270996	0.0	0.0	23.4168758392334	-2.6870193481445312	420.6325378417969	416.99530029296875	0.02477431111037731	2.575000000000002e-05
29	783	-2.722470760345459	0.0	0.0	13.585824966430664	-2.737092971801758	409.30865478515625	405.6546325683594	0.021467726677656174	2.2615657125850715e-05
30	810	-2.7338943481445312	0.0	0.0	20.14323616027832	-2.7182230949401855	405.01934814453125	401.3145751953125	0.012990240007638931	1.9637254807992697e-05
31	837	-2.7231156826019287	0.0	0.0	20.705869674682617	-2.728581190109253	405.1080017089844	401.3966064453125	0.016847163438796997	1.68314494803395e-05
32	864	-2.772944927215576	0.0	0.0	14.211143493652344	-2.743398666381836	407.1132507324219	403.4102478027344	0.019703134894371033	1.4213932344423597e-05
33	891	-2.7517309188842773	0.0	0.0	29.89798927307129	-2.7556800842285156	405.052978515625	401.3512878417969	0.02265346609055996	1.1799341617832526e-05
34	918	-2.748908519744873	0.0	0.0	15.123970985412598	-2.7870845794677734	399.2288513183594	395.5030212402344	0.02587561309337616	9.601180671358249e-06
35	945	-2.8070218563079834	0.0	0.0	18.903221130371094	-2.776317596435547	399.2393798828125	395.5132751464844	0.022348348051309586	7.631742512670296e-06
36	972	-2.7686963081359863	0.0	0.0	16.37030029296875	-2.78977108001709	397.14764404296875	393.41192626953125	0.018865803256630898	5.902041038830259e-06
37	999	-2.7855710983276367	0.0	0.0	20.032901763916016	-2.79478120803833	397.19677734375	393.4402770996094	0.020863544195890427	4.421749442111885e-06
38	1026	-2.7880523204803467	0.0	0.0	23.06519317626953	-2.7920217514038086	395.358154296875	391.59417724609375	0.023551836609840393	3.199146113586043e-06
39	1053	-2.776106834411621	0.0	0.0	19.055356979370117	-2.7933242321014404	394.0738525390625	390.30853271484375	0.028484437614679337	2.2410683469997316e-06
40	1080	-2.7810275554656982	0.0	0.0	19.901477813720703	-2.797447919845581	394.690185546875	390.9278564453125	0.029410377144813538	1.5528741018561385e-06
41	1107	-2.809903621673584	0.0	0.0	21.790525436401367	-2.8017451763153076	394.90325927734375	391.14508056640625	0.02624526433646679	1.1384120395315836e-06
42	1134	-2.7876152992248535	0.0	0.0	22.112016677856445	-2.803581953048706	393.4163513183594	389.65576171875	0.029716812074184418	1e-06
# Best epoch: 42
