# epoch	step	nll	ecut	ecut_viol	grad_norm	val_nll	val_ecut	val_ecut_viol	val_ress_zx	LR
1	27	-24.6783447265625	0.0	0.0	91.66130828857422	-24.749801635742188	111.05387878417969	84.87715148925781	0.07745948433876038	9.986158796046841e-05
2	54	-24.79530906677246	0.0	0.0	87.98898315429688	-25.08942413330078	93.17784881591797	66.2086410522461	0.1228795051574707	9.944712589814385e-05
3	81	-25.148094177246094	0.0	0.0	1036.5196533203125	-24.870750427246094	88.1096420288086	60.63102340698242	0.0808507427573204	9.875893165300026e-05
4	108	-25.191116333007812	0.0	0.0	121.86238098144531	-25.16338348388672	97.03268432617188	69.72905731201172	0.09926712512969971	9.780085388641395e-05
5	135	-25.127567291259766	0.0	0.0	67.68743133544922	-25.1552791595459	90.24825286865234	62.94468307495117	0.13712523877620697	9.65782505578881e-05
6	162	-24.890911102294922	0.0	0.0	166.96926879882812	-25.04827880859375	97.25572204589844	69.91969299316406	0.1595255583524704	9.509795896116972e-05
7	189	-25.02141571044922	0.0	0.0	95.55297088623047	-25.160490036010742	99.68841552734375	72.3710708618164	0.11692532896995544	9.336825748732971e-05
8	216	-25.07162094116211	0.0	0.0	80.27843475341797	-25.18818473815918	93.48086547851562	65.8966293334961	0.09819989651441574	9.139881932864174e-05
9	243	-25.24672508239746	0.0	0.0	234.4652557373047	-25.217540740966797	93.3355941772461	65.69277954101562	0.14781992137432098	8.920065838216747e-05
10	270	-25.359066009521484	0.0	0.0	58.16090393066406	-25.211544036865234	92.25962829589844	64.70372772216797	0.10576178878545761	8.678606765557639e-05
11	297	-25.320674896240234	0.0	0.0	73.96070861816406	-25.365829467773438	88.64498138427734	60.91222381591797	0.09024426341056824	8.416855051966051e-05
12	324	-25.389205932617188	0.0	0.0	115.2471923828125	-25.40924072265625	83.73526763916016	56.05173873901367	0.16889791190624237	8.136274519200731e-05
13	351	-24.98342514038086	0.0	0.0	221.980712890625	-25.22982406616211	94.85430908203125	67.17985534667969	0.10039304196834564	7.83843428741493e-05
14	378	-25.191930770874023	0.0	0.0	96.92308044433594	-25.289161682128906	95.55210876464844	68.12071990966797	0.20504683256149292	7.525000000000001e-05
15	405	-25.301509857177734	0.0	0.0	102.77027130126953	-25.394126892089844	91.50833129882812	64.135009765625	0.1706239879131317	7.197724508631914e-05
16	432	-25.427465438842773	0.0	0.0	187.4085235595703	-25.382122039794922	84.62374877929688	56.806758880615234	0.12723952531814575	6.858438070613657e-05
17	459	-25.32870101928711	0.0	0.0	66.3476333618164	-25.455364227294922	78.60693359375	50.77119064331055	0.11151628196239471	6.509038113333976e-05
18	486	-25.359264373779297	0.0	0.0	64.11358642578125	-25.439550399780273	84.00434875488281	56.28080368041992	0.16958843171596527	6.151478623083758e-05
19	513	-25.260143280029297	0.0	0.0	99.29747772216797	-25.422298431396484	83.68522644042969	56.09130096435547	0.1043611392378807	5.787759217572066e-05
20	540	-25.38149642944336	0.0	0.0	56.935306549072266	-25.292434692382812	85.09864807128906	57.543060302734375	0.11432915925979614	5.419913963252802e-05
21	567	-25.46471405029297	0.0	0.0	452.4115295410156	-25.402936935424805	81.45360565185547	53.81419372558594	0.1625063717365265	5.0500000000000015e-05
22	594	-25.338851928710938	0.0	0.0	85.6619873046875	-25.416418075561523	80.70281219482422	53.02313232421875	0.2088654488325119	4.680086036747202e-05
23	621	-25.392446517944336	0.0	0.0	88.40129852294922	-25.41714096069336	75.33479309082031	47.547019958496094	0.15237413346767426	4.3122407824279384e-05
24	648	-25.3768367767334	0.0	0.0	229.65797424316406	-25.418880462646484	76.29863739013672	48.59339904785156	0.2115509808063507	3.948521376916245e-05
25	675	-25.55092430114746	0.0	0.0	68.17615509033203	-25.553741455078125	79.2532730102539	51.46678924560547	0.19546107947826385	3.590961886666025e-05
26	702	-25.58625602722168	0.0	0.0	77.08944702148438	-25.583560943603516	77.0896224975586	49.26932907104492	0.24548248946666718	3.241561929386345e-05
27	729	-25.684423446655273	0.0	0.0	48.82305908203125	-25.673559188842773	79.4052963256836	51.42693328857422	0.22584328055381775	2.9022754913680884e-05
28	756	-25.65487289428711	0.0	0.0	58.26400375366211	-25.671585083007812	76.74212646484375	48.81920623779297	0.27126234769821167	2.575000000000002e-05
29	783	-25.6326961517334	0.0	0.0	55.5330696105957	-25.667076110839844	79.12496948242188	51.1959342956543	0.21374249458312988	2.2615657125850715e-05
30	810	-25.665624618530273	0.0	0.0	63.989620208740234	-25.686460494995117	78.6733169555664	50.632972717285156	0.22111749649047852	1.9637254807992697e-05
31	837	-25.72591781616211	0.0	0.0	48.77090835571289	-25.70962142944336	73.69805908203125	45.649757385253906	0.1710415929555893	1.68314494803395e-05
32	864	-25.68861961364746	0.0	0.0	177.45440673828125	-25.668630599975586	70.83087158203125	42.7320671081543	0.24075186252593994	1.4213932344423597e-05
33	891	-25.733837127685547	0.0	0.0	642.935302734375	-25.686004638671875	70.2666015625	42.21363830566406	0.262116402387619	1.1799341617832526e-05
34	918	-25.701171875	0.0	0.0	123.89265441894531	-25.757339477539062	71.5499496459961	43.49846649169922	0.20095495879650116	9.601180671358249e-06
35	945	-25.717321395874023	0.0	0.0	94.76266479492188	-25.751567840576172	75.22212219238281	47.186519622802734	0.23522941768169403	7.631742512670296e-06
36	972	-25.805389404296875	0.0	0.0	70.27183532714844	-25.77284812927246	70.71627044677734	42.60847091674805	0.29191750288009644	5.902041038830259e-06
37	999	-25.849529266357422	0.0	0.0	45.0775146484375	-25.809093475341797	75.20443725585938	47.08354187011719	0.26663583517074585	4.421749442111885e-06
38	1026	-25.781330108642578	0.0	0.0	186.68356323242188	-25.809616088867188	72.22712707519531	44.0799674987793	0.28732699155807495	3.199146113586043e-06
39	1053	-25.847347259521484	0.0	0.0	38.04295349121094	-25.813106536865234	72.41069793701172	44.24700927734375	0.28374117612838745	2.2410683469997316e-06
40	1080	-25.815841674804688	0.0	0.0	2142.1494140625	-25.80397605895996	72.30685424804688	44.17102813720703	0.258306622505188	1.5528741018561385e-06
41	1107	-25.80535888671875	0.0	0.0	166.7622528076172	-25.807964324951172	72.19698333740234	44.053985595703125	0.2658592164516449	1.1384120395315836e-06
42	1134	-25.794370651245117	0.0	0.0	1202.3785400390625	-25.80862808227539	71.27365112304688	43.129798889160156	0.2846948802471161	1e-06
# Best epoch: 36
