# epoch	step	nll	ecut	ecut_viol	grad_norm	val_nll	val_ecut	val_ecut_viol	val_ress_zx	LR
1	27	-39.336185455322266	0.0	0.0	108.5344467163086	-39.4350700378418	258.5752868652344	217.85723876953125	0.09236874431371689	9.986158796046841e-05
2	54	-39.811546325683594	0.0	0.0	165.44541931152344	-39.945274353027344	213.0209197998047	170.64402770996094	0.1525905728340149	9.944712589814385e-05
3	81	-40.007530212402344	0.0	0.0	164.9370880126953	-40.12666320800781	191.15469360351562	148.54689025878906	0.08492525666952133	9.875893165300026e-05
4	108	-40.12559509277344	0.0	0.0	119.46376037597656	-40.16974639892578	195.21878051757812	152.71815490722656	0.21540400385856628	9.780085388641395e-05
5	135	-39.69791030883789	0.0	0.0	435.8344421386719	-39.60337448120117	193.62301635742188	151.0145263671875	0.11137159168720245	9.65782505578881e-05
6	162	-40.133506774902344	0.0	0.0	184.292724609375	-40.18642044067383	199.61376953125	157.0051727294922	0.2417832612991333	9.509795896116972e-05
7	189	-39.88471984863281	0.0	0.0	327.9082336425781	-39.38100814819336	201.36566162109375	159.35006713867188	0.11293888092041016	9.336825748732971e-05
8	216	-39.93312072753906	0.0	0.0	271.6723937988281	-39.94029998779297	207.0187225341797	164.20257568359375	0.1672634333372116	9.139881932864174e-05
9	243	-39.91986846923828	0.0	0.0	226.45339965820312	-39.91669464111328	198.81686401367188	156.53952026367188	0.11143862456083298	8.920065838216747e-05
10	270	-39.98405456542969	0.0	0.0	143.85276794433594	-40.084251403808594	192.6259765625	150.07553100585938	0.16067719459533691	8.678606765557639e-05
11	297	-39.838768005371094	0.0	0.0	197.92616271972656	-39.983863830566406	193.79348754882812	151.28009033203125	0.15986603498458862	8.416855051966051e-05
12	324	-40.20957946777344	0.0	0.0	88.8393783569336	-40.1457633972168	191.77838134765625	149.0504150390625	0.10171276330947876	8.136274519200731e-05
13	351	-40.25257110595703	0.0	0.0	105.3589859008789	-40.213775634765625	191.2263641357422	148.55613708496094	0.22984090447425842	7.83843428741493e-05
14	378	-40.23084259033203	0.0	0.0	155.1632843017578	-40.212860107421875	190.3236083984375	147.63800048828125	0.23318204283714294	7.525000000000001e-05
15	405	-40.09296798706055	0.0	0.0	238.5693359375	-40.12725067138672	188.9358367919922	146.27841186523438	0.23450909554958344	7.197724508631914e-05
16	432	-40.187313079833984	0.0	0.0	134.26287841796875	-40.21810531616211	190.943115234375	148.11935424804688	0.12954716384410858	6.858438070613657e-05
17	459	-40.246185302734375	0.0	0.0	111.07359313964844	-40.23065948486328	184.93931579589844	141.98199462890625	0.24516785144805908	6.509038113333976e-05
18	486	-40.398193359375	0.0	0.0	100.9033203125	-40.29622268676758	186.55950927734375	143.61077880859375	0.14738504588603973	6.151478623083758e-05
19	513	-40.27552032470703	0.0	0.0	95.02195739746094	-40.28679656982422	184.10205078125	141.10110473632812	0.2375304102897644	5.787759217572066e-05
20	540	-40.219696044921875	0.0	0.0	131.33209228515625	-40.20458984375	190.13706970214844	147.342529296875	0.22151874005794525	5.419913963252802e-05
21	567	-40.20827865600586	0.0	0.0	122.70499420166016	-40.35221481323242	176.608154296875	133.81173706054688	0.28813421726226807	5.0500000000000015e-05
22	594	-40.30309295654297	0.0	0.0	251.91433715820312	-40.299400329589844	178.89935302734375	135.9996337890625	0.3167741298675537	4.680086036747202e-05
23	621	-40.273075103759766	0.0	0.0	175.6328125	-40.34400177001953	177.7975311279297	134.6929931640625	0.24034027755260468	4.3122407824279384e-05
24	648	-40.39540100097656	0.0	0.0	73.3891372680664	-40.38679504394531	180.01065063476562	137.14874267578125	0.3103668689727783	3.948521376916245e-05
25	675	-40.34437942504883	0.0	0.0	128.5718231201172	-40.40357208251953	180.65228271484375	137.56893920898438	0.2855069041252136	3.590961886666025e-05
26	702	-40.41881561279297	0.0	0.0	111.13517761230469	-40.44853973388672	168.54983520507812	125.4839096069336	0.3156927525997162	3.241561929386345e-05
27	729	-40.46821594238281	0.0	0.0	59.799591064453125	-40.458473205566406	168.91038513183594	125.91264343261719	0.36800771951675415	2.9022754913680884e-05
28	756	-40.42524337768555	0.0	0.0	59.77139663696289	-40.4471549987793	173.5364227294922	130.48289489746094	0.2748783528804779	2.575000000000002e-05
29	783	-40.47142028808594	0.0	0.0	117.71695709228516	-40.48871612548828	172.40869140625	129.242919921875	0.2713576555252075	2.2615657125850715e-05
30	810	-40.53794860839844	0.0	0.0	76.56709289550781	-40.46689987182617	167.8949432373047	124.72148132324219	0.29464781284332275	1.9637254807992697e-05
31	837	-40.51947784423828	0.0	0.0	40.32643508911133	-40.530113220214844	166.92733764648438	123.72171020507812	0.3719908595085144	1.68314494803395e-05
32	864	-40.51782989501953	0.0	0.0	115.5984115600586	-40.561492919921875	163.89590454101562	120.5888900756836	0.3980812430381775	1.4213932344423597e-05
33	891	-40.548744201660156	0.0	0.0	84.1938247680664	-40.52824401855469	164.37852478027344	121.17589569091797	0.38059139251708984	1.1799341617832526e-05
34	918	-40.593597412109375	0.0	0.0	82.55235290527344	-40.573448181152344	165.651123046875	122.37742614746094	0.3841606378555298	9.601180671358249e-06
35	945	-40.573097229003906	0.0	0.0	74.19332122802734	-40.575035095214844	165.44509887695312	122.19369506835938	0.38449105620384216	7.631742512670296e-06
36	972	-40.624732971191406	0.0	0.0	83.92634582519531	-40.58638000488281	165.901611328125	122.57597351074219	0.3991732597351074	5.902041038830259e-06
37	999	-40.606842041015625	0.0	0.0	65.5846176147461	-40.600921630859375	163.169189453125	119.88238525390625	0.3761686682701111	4.421749442111885e-06
38	1026	-40.61231994628906	0.0	0.0	69.89937591552734	-40.608123779296875	163.67747497558594	120.36840057373047	0.39474865794181824	3.199146113586043e-06
39	1053	-40.645606994628906	0.0	0.0	65.66781616210938	-40.61882781982422	161.4388885498047	118.11760711669922	0.3491903245449066	2.2410683469997316e-06
40	1080	-40.60097885131836	0.0	0.0	91.79962158203125	-40.6268310546875	160.97642517089844	117.65811157226562	0.39641374349594116	1.5528741018561385e-06
41	1107	-40.662803649902344	0.0	0.0	69.30584716796875	-40.629119873046875	162.68370056152344	119.37030029296875	0.43140316009521484	1.1384120395315836e-06
42	1134	-40.65748596191406	0.0	0.0	83.08659362792969	-40.63150405883789	157.57949829101562	114.22884368896484	0.43105047941207886	1e-06
# Best epoch: 41
