# epoch	step	nll	ecut	ecut_viol	grad_norm	val_nll	val_ecut	val_ecut_viol	val_ress_zx	LR
1	27	-11.870786666870117	0.0	0.0	257.3428955078125	-11.678483963012695	125.6682357788086	112.63682556152344	0.022287052124738693	9.986158796046841e-05
2	54	-11.9214506149292	0.0	0.0	81.77796173095703	-11.903778076171875	116.99424743652344	103.6218490600586	0.030842212960124016	9.944712589814385e-05
3	81	-11.818353652954102	0.0	0.0	90.8545913696289	-11.924247741699219	111.76216888427734	98.24497985839844	0.056690480560064316	9.875893165300026e-05
4	108	-11.820737838745117	0.0	0.0	195.1367645263672	-11.702934265136719	116.70469665527344	103.3642807006836	0.017842646688222885	9.780085388641395e-05
5	135	-11.951780319213867	0.0	0.0	299.229736328125	-11.786067008972168	115.06632995605469	101.31681823730469	0.03911555930972099	9.65782505578881e-05
6	162	-11.930669784545898	0.0	0.0	269.05462646484375	-11.82403564453125	113.37533569335938	99.82704162597656	0.018120387569069862	9.509795896116972e-05
7	189	-11.790769577026367	0.0	0.0	154.68621826171875	-11.786148071289062	110.57513427734375	97.08479309082031	0.03942658007144928	9.336825748732971e-05
8	216	-12.01147747039795	0.0	0.0	84.75923156738281	-11.975439071655273	103.7489013671875	90.18223571777344	0.03841205686330795	9.139881932864174e-05
9	243	-11.925817489624023	0.0	0.0	268.9644470214844	-11.812064170837402	111.70012664794922	98.17547607421875	0.02679816447198391	8.920065838216747e-05
10	270	-11.79865550994873	0.0	0.0	132.25	-11.727535247802734	114.6656494140625	101.2283935546875	0.027309060096740723	8.678606765557639e-05
11	297	-11.881717681884766	0.0	0.0	110.26872253417969	-11.957812309265137	107.0054931640625	93.26750946044922	0.044411372393369675	8.416855051966051e-05
12	324	-11.949628829956055	0.0	0.0	500.9598083496094	-11.85821533203125	107.87646484375	94.04790496826172	0.01297957357019186	8.136274519200731e-05
13	351	-12.002195358276367	0.0	0.0	369.39447021484375	-11.917791366577148	105.30987548828125	91.52978515625	0.026852702721953392	7.83843428741493e-05
14	378	-12.156031608581543	0.0	0.0	66.07864379882812	-12.17547607421875	101.52000427246094	87.80381774902344	0.04578089714050293	7.525000000000001e-05
15	405	-12.196104049682617	0.0	0.0	197.0416259765625	-12.074708938598633	102.78883361816406	88.8626708984375	0.036079101264476776	7.197724508631914e-05
16	432	-12.162097930908203	0.0	0.0	86.55086517333984	-12.15665054321289	101.47664642333984	87.77507019042969	0.059424422681331635	6.858438070613657e-05
17	459	-12.105489730834961	0.0	0.0	110.66787719726562	-12.029314994812012	105.46304321289062	91.92153930664062	0.046887949109077454	6.509038113333976e-05
18	486	-12.280684471130371	0.0	0.0	65.84708404541016	-12.108711242675781	98.39144897460938	84.63884735107422	0.03987482935190201	6.151478623083758e-05
19	513	-12.101747512817383	0.0	0.0	269.3335876464844	-12.081061363220215	103.41646575927734	89.75081634521484	0.028479933738708496	5.787759217572066e-05
20	540	-12.14521598815918	0.0	0.0	536.1279296875	-12.126588821411133	98.74363708496094	84.88278198242188	0.04042194411158562	5.419913963252802e-05
21	567	-12.291509628295898	0.0	0.0	67.35135650634766	-12.254634857177734	97.28311157226562	83.37462615966797	0.04670979082584381	5.0500000000000015e-05
22	594	-12.317309379577637	0.0	0.0	62.773773193359375	-12.354286193847656	91.05010986328125	76.96044158935547	0.06403666734695435	4.680086036747202e-05
23	621	-12.43869400024414	0.0	0.0	687.1818237304688	-12.300025939941406	92.59263610839844	78.68932342529297	0.047795556485652924	4.3122407824279384e-05
24	648	-12.36046028137207	0.0	0.0	158.95904541015625	-12.319208145141602	90.3580322265625	76.15664672851562	0.051205724477767944	3.948521376916245e-05
25	675	-12.458846092224121	0.0	0.0	87.77730560302734	-12.373591423034668	89.57818603515625	75.44938659667969	0.0889020562171936	3.590961886666025e-05
26	702	-12.444173812866211	0.0	0.0	220.12893676757812	-12.36103630065918	88.29736328125	74.08406066894531	0.06326574832201004	3.241561929386345e-05
27	729	-12.444990158081055	0.0	0.0	130.94859313964844	-12.37012767791748	85.95286560058594	71.80699157714844	0.08422622084617615	2.9022754913680884e-05
28	756	-12.423051834106445	0.0	0.0	1365.373291015625	-12.385469436645508	89.51338195800781	75.49127197265625	0.055492885410785675	2.575000000000002e-05
29	783	-12.49006175994873	0.0	0.0	93.5830078125	-12.428815841674805	86.47621154785156	72.24190521240234	0.06793314218521118	2.2615657125850715e-05
30	810	-12.463203430175781	0.0	0.0	70.02745056152344	-12.444342613220215	84.62113952636719	70.33539581298828	0.05592075735330582	1.9637254807992697e-05
31	837	-12.538257598876953	0.0	0.0	1094.6031494140625	-12.45372200012207	84.5410385131836	70.27255249023438	0.08678998798131943	1.68314494803395e-05
32	864	-12.508681297302246	0.0	0.0	110.98721313476562	-12.512084007263184	82.50643157958984	68.25162506103516	0.06473077833652496	1.4213932344423597e-05
33	891	-12.633642196655273	0.0	0.0	95.35159301757812	-12.529520034790039	82.47512817382812	68.19976043701172	0.0697009414434433	1.1799341617832526e-05
34	918	-12.730924606323242	0.0	0.0	47.858219146728516	-12.55863094329834	82.71028900146484	68.35224151611328	0.0871843546628952	9.601180671358249e-06
35	945	-12.642664909362793	0.0	0.0	138.55380249023438	-12.564815521240234	82.9158935546875	68.58024597167969	0.07317502796649933	7.631742512670296e-06
36	972	-12.58964729309082	0.0	0.0	54.43868637084961	-12.574336051940918	80.88287353515625	66.53023529052734	0.0813899040222168	5.902041038830259e-06
37	999	-12.587850570678711	0.0	0.0	75.15860748291016	-12.573850631713867	79.23463439941406	64.85151672363281	0.08713032305240631	4.421749442111885e-06
38	1026	-12.556735038757324	0.0	0.0	97.62583923339844	-12.582763671875	80.45918273925781	66.07110595703125	0.09377022087574005	3.199146113586043e-06
39	1053	-12.700758934020996	0.0	0.0	50.42660140991211	-12.589065551757812	80.61213684082031	66.23788452148438	0.09135612100362778	2.2410683469997316e-06
40	1080	-12.670763969421387	0.0	0.0	163.2669677734375	-12.591426849365234	78.49390411376953	64.0814437866211	0.09702548384666443	1.5528741018561385e-06
41	1107	-12.688125610351562	0.0	0.0	149.84341430664062	-12.599398612976074	78.65841674804688	64.26731872558594	0.1003965362906456	1.1384120395315836e-06
42	1134	-12.643805503845215	0.0	0.0	75.22137451171875	-12.59638500213623	78.83448028564453	64.43467712402344	0.09989333152770996	1e-06
# Best epoch: 41
