# epoch	step	nll	ecut	ecut_viol	grad_norm	val_nll	val_ecut	val_ecut_viol	val_ress_zx	LR
1	27	-34.66532516479492	0.0	0.0	99.44844818115234	-34.732818603515625	249.23849487304688	212.7330780029297	0.13673019409179688	9.986158796046841e-05
2	54	-34.94960021972656	0.0	0.0	105.35865783691406	-35.03473663330078	218.89572143554688	181.7216033935547	0.16064634919166565	9.944712589814385e-05
3	81	-35.216026306152344	0.0	0.0	87.60416412353516	-35.07013702392578	210.19921875	172.8313446044922	0.13470683991909027	9.875893165300026e-05
4	108	-35.10772705078125	0.0	0.0	120.81636810302734	-35.10990905761719	206.8670654296875	169.28253173828125	0.17914053797721863	9.780085388641395e-05
5	135	-35.158565521240234	0.0	0.0	89.76106262207031	-35.17656707763672	216.97683715820312	179.5125732421875	0.14821895956993103	9.65782505578881e-05
6	162	-34.985958099365234	0.0	0.0	136.89849853515625	-35.03235626220703	215.72068786621094	178.37759399414062	0.11652234196662903	9.509795896116972e-05
7	189	-34.669464111328125	0.0	0.0	311.09893798828125	-34.59627914428711	211.46360778808594	174.09957885742188	0.0897148847579956	9.336825748732971e-05
8	216	-35.0999870300293	0.0	0.0	140.67869567871094	-35.05034637451172	206.2135467529297	168.65003967285156	0.16461993753910065	9.139881932864174e-05
9	243	-35.14814758300781	0.0	0.0	154.3609619140625	-35.1778678894043	200.4785614013672	162.8757781982422	0.19819818437099457	8.920065838216747e-05
10	270	-35.072662353515625	0.0	0.0	127.96036529541016	-35.08789825439453	212.71603393554688	175.17709350585938	0.1844441294670105	8.678606765557639e-05
11	297	-35.160301208496094	0.0	0.0	118.95347595214844	-35.20562744140625	204.71287536621094	167.32464599609375	0.16451911628246307	8.416855051966051e-05
12	324	-35.15464782714844	0.0	0.0	87.95379638671875	-35.24972152709961	198.000732421875	160.34722900390625	0.11630475521087646	8.136274519200731e-05
13	351	-35.213172912597656	0.0	0.0	85.40277862548828	-35.19519805908203	198.947021484375	161.20028686523438	0.18304112553596497	7.83843428741493e-05
14	378	-35.36392593383789	0.0	0.0	132.6502685546875	-35.213443756103516	191.28158569335938	153.63075256347656	0.18764518201351166	7.525000000000001e-05
15	405	-35.20372772216797	0.0	0.0	143.73980712890625	-35.24187469482422	187.805908203125	150.26596069335938	0.26109546422958374	7.197724508631914e-05
16	432	-35.33175277709961	0.0	0.0	88.89157104492188	-35.34327697753906	182.99252319335938	145.1298828125	0.1614343822002411	6.858438070613657e-05
17	459	-35.199790954589844	0.0	0.0	95.68429565429688	-35.13511657714844	193.29771423339844	155.7427215576172	0.17998680472373962	6.509038113333976e-05
18	486	-35.09199523925781	0.0	0.0	85.35112762451172	-35.14207458496094	192.89376831054688	155.32640075683594	0.23449787497520447	6.151478623083758e-05
19	513	-35.164520263671875	0.0	0.0	65.23300170898438	-35.2100715637207	193.674560546875	155.94464111328125	0.20170661807060242	5.787759217572066e-05
20	540	-35.285030364990234	0.0	0.0	67.67167663574219	-35.306488037109375	195.2528076171875	157.49569702148438	0.24504856765270233	5.419913963252802e-05
21	567	-35.331581115722656	0.0	0.0	186.2615203857422	-35.27720642089844	194.04766845703125	156.22117614746094	0.2423536777496338	5.0500000000000015e-05
22	594	-35.31623458862305	0.0	0.0	188.01742553710938	-35.30112075805664	189.88494873046875	151.83258056640625	0.2165229767560959	4.680086036747202e-05
23	621	-35.40678024291992	0.0	0.0	49.45953369140625	-35.41236114501953	183.18321228027344	145.3095703125	0.28612130880355835	4.3122407824279384e-05
24	648	-35.333473205566406	0.0	0.0	147.2415771484375	-35.426979064941406	190.14529418945312	152.18431091308594	0.257080614566803	3.948521376916245e-05
25	675	-35.47327423095703	0.0	0.0	137.42529296875	-35.41211700439453	183.99667358398438	146.08779907226562	0.25156351923942566	3.590961886666025e-05
26	702	-35.49372100830078	0.0	0.0	98.00169372558594	-35.52135467529297	183.9280242919922	145.96800231933594	0.2581145167350769	3.241561929386345e-05
27	729	-35.49335861206055	0.0	0.0	166.52651977539062	-35.47454071044922	183.24473571777344	145.3791961669922	0.36009401082992554	2.9022754913680884e-05
28	756	-35.45711898803711	0.0	0.0	86.50450134277344	-35.5194091796875	178.78567504882812	140.6339569091797	0.23210768401622772	2.575000000000002e-05
29	783	-35.54718017578125	0.0	0.0	63.507144927978516	-35.537574768066406	178.2342987060547	140.16339111328125	0.369992196559906	2.2615657125850715e-05
30	810	-35.57020950317383	0.0	0.0	101.69183349609375	-35.5758056640625	174.42529296875	136.3328857421875	0.331148624420166	1.9637254807992697e-05
31	837	-35.55541229248047	0.0	0.0	43.92861557006836	-35.594573974609375	177.3385467529297	139.197509765625	0.35584092140197754	1.68314494803395e-05
32	864	-35.599273681640625	0.0	0.0	61.81959533691406	-35.603240966796875	174.58956909179688	136.39097595214844	0.3552968502044678	1.4213932344423597e-05
33	891	-35.644142150878906	0.0	0.0	98.83802795410156	-35.61237716674805	174.93545532226562	136.67120361328125	0.34622108936309814	1.1799341617832526e-05
34	918	-35.58654022216797	0.0	0.0	55.8304328918457	-35.615135192871094	171.53909301757812	133.38613891601562	0.36784839630126953	9.601180671358249e-06
35	945	-35.63404846191406	0.0	0.0	56.24675369262695	-35.63140869140625	172.01695251464844	133.8526153564453	0.3655812442302704	7.631742512670296e-06
36	972	-35.654624938964844	0.0	0.0	83.9078140258789	-35.64375686645508	169.906005859375	131.7413330078125	0.3957178592681885	5.902041038830259e-06
37	999	-35.64310836791992	0.0	0.0	50.45941925048828	-35.65467834472656	169.43746948242188	131.2521209716797	0.3862180709838867	4.421749442111885e-06
38	1026	-35.69924545288086	0.0	0.0	44.952484130859375	-35.660621643066406	169.3357696533203	131.10400390625	0.4132256507873535	3.199146113586043e-06
39	1053	-35.68821334838867	0.0	0.0	51.97614669799805	-35.668556213378906	170.0941619873047	131.85545349121094	0.3889991044998169	2.2410683469997316e-06
40	1080	-35.666053771972656	0.0	0.0	60.922515869140625	-35.683197021484375	170.05242919921875	131.8001708984375	0.39154061675071716	1.5528741018561385e-06
41	1107	-35.67554473876953	0.0	0.0	30.52775001525879	-35.68203353881836	169.1636962890625	130.89854431152344	0.4041099548339844	1.1384120395315836e-06
42	1134	-35.71957015991211	0.0	0.0	39.381858825683594	-35.69117736816406	169.94427490234375	131.66725158691406	0.4034435451030731	1e-06
# Best epoch: 38
