# epoch	step	nll	ecut	ecut_viol	grad_norm	val_nll	val_ecut	val_ecut_viol	val_ress_zx	LR
1	9	0.014995391480624676	0.0	0.0	2.1834347248077393	0.023502862080931664	45.159461975097656	45.14458084106445	0.8709974884986877	1.0026357014558679e-05
2	18	0.025423267856240273	0.0	0.0	2.9353396892547607	0.03953145816922188	44.406124114990234	44.38792419433594	0.8385075926780701	1.0105416480031125e-05
3	27	0.011472177691757679	0.0	0.0	3.1947858333587646	0.012125262059271336	43.26469802856445	43.25291442871094	0.8759066462516785	1.0237143666892609e-05
4	36	0.005493865814059973	0.0	0.0	2.6144635677337646	0.01076121348887682	41.994266510009766	41.96675109863281	0.8788736462593079	1.0421480709553449e-05
5	45	0.008768725208938122	0.0	0.0	2.7574827671051025	0.00818309374153614	41.76585388183594	41.73786926269531	0.8817987442016602	1.0658346631778353e-05
6	54	0.003397964872419834	0.0	0.0	2.4676225185394287	0.001991433557122946	41.7996711730957	41.78060531616211	0.888264536857605	1.094763738225795e-05
7	63	0.00537414476275444	0.0	0.0	2.427090883255005	0.0024234659504145384	41.60955047607422	41.59138488769531	0.8836888670921326	1.1289225880316967e-05
8	72	0.0016663533169776201	0.0	0.0	2.8687453269958496	-0.003990682773292065	41.307106018066406	41.29193878173828	0.883535623550415	1.168296207173833e-05
9	81	0.0007868047105148435	0.0	0.0	2.3299009799957275	-0.008785190992057323	41.09201431274414	41.07383728027344	0.8863419890403748	1.2128672994680007e-05
10	90	0.003978075459599495	0.0	0.0	2.177687168121338	-0.00868362095206976	40.816307067871094	40.79136276245117	0.8848835825920105	1.2626162855653805e-05
11	99	0.016211729496717453	0.0	0.0	2.383484363555908	-0.0029001093935221434	41.21461868286133	41.186134338378906	0.8841863870620728	1.3175213115534668e-05
12	108	0.0058267731219530106	0.0	0.0	2.359438180923462	-0.0038696611300110817	40.73468017578125	40.714210510253906	0.88394695520401	1.3775582585561007e-05
13	117	-0.0004034135490655899	0.0	0.0	3.094473361968994	-0.006449969485402107	40.53015899658203	40.516727447509766	0.881807804107666	1.4427007533285128e-05
14	126	0.0034529678523540497	0.0	0.0	2.27048397064209	-0.007580328267067671	41.314571380615234	41.29523468017578	0.886317789554596	1.5129201798426504e-05
15	135	0.005302099511027336	0.0	0.0	2.6927719116210938	-0.003816655371338129	40.955814361572266	40.9297981262207	0.8856282234191895	1.588185691857728e-05
16	144	-0.00020934821804985404	0.0	0.0	2.433656692504883	-0.0005315674934536219	39.6243896484375	39.60094451904297	0.8816114068031311	1.66846422647049e-05
17	153	0.009247938171029091	0.0	0.0	2.4720137119293213	-0.0003241176891606301	40.686649322509766	40.66812515258789	0.8755471110343933	1.7537205186391673e-05
18	162	-0.005391637794673443	0.0	0.0	2.5021066665649414	-0.0070515526458621025	41.077266693115234	41.05769348144531	0.8832746744155884	1.8439171166748666e-05
19	171	0.004008987452834845	0.0	0.0	2.5659677982330322	-0.003975614905357361	40.02660369873047	39.99647903442383	0.8781269788742065	1.9390143986934615e-05
20	180	-0.001120463595725596	0.0	0.0	2.4463484287261963	-0.002991750370711088	41.087135314941406	41.058692932128906	0.8821948170661926	2.0389705900208347e-05
21	189	-0.0006846901378594339	0.0	0.0	2.0284435749053955	0.00017766929522622377	40.976470947265625	40.94615173339844	0.8797851204872131	2.143741781543827e-05
22	198	0.004006056115031242	0.0	0.0	2.3717002868652344	-0.003922349773347378	39.86191177368164	39.83571243286133	0.8790097832679749	2.2532819489987636e-05
23	207	0.008192476816475391	0.0	0.0	2.1829936504364014	0.008417327888309956	41.08979034423828	41.05967330932617	0.8766511678695679	2.367542973189172e-05
24	216	-0.006015039049088955	0.0	0.0	2.3281853199005127	0.00341165903955698	40.38347244262695	40.352359771728516	0.8773121237754822	2.4864746611237527e-05
25	225	0.0020694099366664886	0.0	0.0	2.7925755977630615	0.003650318831205368	39.7526969909668	39.71778106689453	0.8732702732086182	2.6100247680653287e-05
26	234	0.001731301425024867	0.0	0.0	2.3828296661376953	0.0018793711205944419	40.804595947265625	40.774375915527344	0.8716052770614624	2.7381390204811077e-05
27	243	-0.0042177289724349976	0.0	0.0	2.3605220317840576	0.00861757155507803	40.382564544677734	40.347450256347656	0.8730210661888123	2.870761139884165e-05
28	252	0.00557828089222312	0.0	0.0	2.612982749938965	0.01879347302019596	40.733951568603516	40.69728088378906	0.8598953485488892	3.0078328675556287e-05
29	261	0.016711002215743065	0.0	0.0	3.2177464962005615	0.00037740913103334606	40.932010650634766	40.900299072265625	0.8563733100891113	3.1492939901368015e-05
30	270	0.0008318438776768744	0.0	0.0	2.1392295360565186	-4.6228647988755256e-05	39.32709884643555	39.282501220703125	0.8628929257392883	3.295082366079895e-05
31	279	0.014415591023862362	0.0	0.0	2.143101453781128	-0.0015353246126323938	39.97236251831055	39.94001770019531	0.8666869401931763	3.445133952945789e-05
32	288	0.010370958596467972	0.0	0.0	2.458620309829712	0.006895040161907673	40.5339469909668	40.48972702026367	0.8591048121452332	3.599382835536827e-05
33	297	0.02375401370227337	0.0	0.0	2.5044503211975098	0.010666615329682827	40.69805145263672	40.665042877197266	0.8667104840278625	3.7577612548522684e-05
34	306	0.01694422774016857	0.0	0.0	2.6428284645080566	0.012225465849041939	39.525760650634766	39.49453353881836	0.86273193359375	3.9201996378537206e-05
35	315	0.011944842524826527	0.0	0.0	3.7553234100341797	0.00837561022490263	39.85438919067383	39.82301712036133	0.8600063920021057	4.086626628027422e-05
36	324	0.007435006555169821	0.0	0.0	2.2168185710906982	0.011017072945833206	39.725486755371094	39.68791580200195	0.8577466607093811	4.256969116729994e-05
37	333	0.011576064862310886	0.0	0.0	3.153562068939209	0.019586531445384026	40.77013397216797	40.724212646484375	0.8597631454467773	4.431152275303856e-05
38	342	-0.005172280129045248	0.0	0.0	2.273926019668579	0.020375052466988564	39.42815017700195	39.38705825805664	0.8581852912902832	4.60909958794823e-05
39	351	0.018642907962203026	0.0	0.0	2.463066816329956	0.016445409506559372	41.53616714477539	41.50725173950195	0.8632916808128357	4.790732885331288e-05
40	360	0.002946681110188365	0.0	0.0	2.4950175285339355	0.014999432489275932	39.23079299926758	39.18403244018555	0.8697774410247803	4.975972378928637e-05
41	369	0.006394355092197657	0.0	0.0	2.3817732334136963	0.004914163611829281	41.20997619628906	41.18373489379883	0.8588593602180481	5.164736696073116e-05
42	378	0.015749195590615273	0.0	0.0	3.303419828414917	0.01030940655618906	38.211971282958984	38.15727615356445	0.8540570735931396	5.356942915700472e-05
43	387	0.03505413606762886	0.0	0.0	2.4835622310638428	0.020695554092526436	40.30818176269531	40.267032623291016	0.8402891755104065	5.5525066047752236e-05
44	396	0.02779090590775013	0.0	0.0	3.1961817741394043	0.02373896911740303	39.294166564941406	39.24699401855469	0.8416430354118347	5.751341855380704e-05
45	405	0.028256593272089958	0.0	0.0	3.2485275268554688	0.016097109764814377	39.72983932495117	39.6680793762207	0.8366816639900208	5.953361322456993e-05
46	414	0.01959509775042534	0.0	0.0	3.15686297416687	0.015727225691080093	40.352508544921875	40.295536041259766	0.8386727571487427	6.158476262170182e-05
47	423	0.028645653277635574	0.0	0.0	2.7514309883117676	0.013365810737013817	39.67386245727539	39.63529968261719	0.8278844356536865	6.366596570896057e-05
48	432	0.0020239297300577164	0.0	0.0	3.33341908454895	0.020872624590992928	40.046539306640625	39.98921585083008	0.8320645093917847	6.577630824801178e-05
49	441	0.017058631405234337	0.0	0.0	2.568903684616089	0.023466534912586212	42.33495330810547	42.29395294189453	0.8284971117973328	6.79148632000383e-05
50	450	0.02125745825469494	0.0	0.0	3.0394012928009033	0.029556142166256905	38.74735641479492	38.67452621459961	0.8078665733337402	7.00806911329734e-05
51	459	0.03340734541416168	0.0	0.0	2.8359129428863525	0.03261130675673485	40.67741775512695	40.63066482543945	0.8392094373703003	7.227284063417776e-05
52	468	0.04541345685720444	0.0	0.0	3.3248417377471924	0.02511466294527054	39.87126159667969	39.80815124511719	0.8232196569442749	7.449034872837934e-05
53	477	0.02418551594018936	0.0	0.0	2.7523763179779053	0.015095196664333344	38.015689849853516	37.95718002319336	0.8229210376739502	7.673224130069287e-05
54	486	0.016968121752142906	0.0	0.0	2.3284170627593994	0.032928045839071274	40.53581619262695	40.47896194458008	0.8156818151473999	7.899753352453215e-05
55	495	0.034475672990083694	0.0	0.0	3.520881414413452	0.032755933701992035	40.49333190917969	40.4462776184082	0.8329055309295654	8.128523029422846e-05
56	504	0.02929374761879444	0.0	0.0	2.426081895828247	0.02775425836443901	39.762245178222656	39.72391891479492	0.8249324560165405	8.359432666216405e-05
57	513	0.023620298132300377	0.0	0.0	2.959620475769043	0.018522169440984726	37.90852355957031	37.82575225830078	0.8166010975837708	8.592380828022916e-05
58	522	0.04351557418704033	0.0	0.0	2.835164785385132	0.002872461685910821	38.28519058227539	38.229244232177734	0.8153076767921448	8.827265184540846e-05
59	531	0.025030499324202538	0.0	0.0	3.0361361503601074	0.02577400766313076	40.38595199584961	40.33632278442383	0.8196907043457031	9.063982554930117e-05
60	540	0.02946668677031994	0.0	0.0	2.576981544494629	0.04078783467411995	38.92127990722656	38.86468505859375	0.8290084004402161	9.302428953137767e-05
61	549	0.043824244290590286	0.0	0.0	3.5238375663757324	0.04716503992676735	39.64282989501953	39.58148956298828	0.810784101486206	9.542499633577323e-05
62	558	0.01964477263391018	0.0	0.0	4.337409496307373	0.0327921025454998	40.493831634521484	40.42750930786133	0.8196476697921753	9.784089137141781e-05
63	567	0.037980131804943085	0.0	0.0	2.769620180130005	0.025216542184352875	36.4408073425293	36.34547424316406	0.8030861616134644	0.00010027091337530103
64	576	0.040646471083164215	0.0	0.0	3.0408239364624023	0.03833986073732376	36.41301727294922	36.365806579589844	0.817146897315979	0.00010271399487866729
65	585	0.01194298267364502	0.0	0.0	2.5891356468200684	0.05121026933193207	40.18677520751953	40.12665939331055	0.8121187686920166	0.00010516906267593742
66	594	0.04399110749363899	0.0	0.0	3.2605772018432617	0.028391271829605103	39.35959243774414	39.29353332519531	0.8216404914855957	0.00010763503829615015
67	603	0.027029018849134445	0.0	0.0	2.240666627883911	0.040606897324323654	38.9852294921875	38.899688720703125	0.8228806257247925	0.00011011083847671678
68	612	0.02828526496887207	0.0	0.0	2.6003806591033936	0.024389848113059998	38.01393127441406	37.94511032104492	0.8177115321159363	0.0001125953756392805
69	621	0.030981140211224556	0.0	0.0	2.4332282543182373	0.030414236709475517	34.38975143432617	34.304500579833984	0.8060662150382996	0.00011508755836747201
70	630	0.01770133525133133	0.0	0.0	2.4971725940704346	0.02295059897005558	37.09848403930664	37.01497268676758	0.8226420879364014	0.00011758629188635039
71	639	0.03158126398921013	0.0	0.0	2.863905906677246	0.04315529763698578	37.06911849975586	36.96168899536133	0.808169424533844	0.0001200904785433201
72	648	0.02368176355957985	0.0	0.0	2.899402379989624	0.035367920994758606	36.02751922607422	35.96063232421875	0.8218230605125427	0.00012259901829031155
73	657	0.021203728392720222	0.0	0.0	2.7157657146453857	0.035216592252254486	37.79511260986328	37.740203857421875	0.8180962204933167	0.00012511080916701415
74	666	0.025447677820920944	0.0	0.0	2.8857574462890625	0.0257263220846653	39.32353210449219	39.25815963745117	0.8187804222106934	0.00012762474778494953
75	675	0.008707361295819283	0.0	0.0	2.4255831241607666	0.041328996419906616	37.09746551513672	37.0177001953125	0.8000491261482239	0.00013013972981217172
76	684	0.02432975545525551	0.0	0.0	2.8973920345306396	0.053407520055770874	37.44644546508789	37.38478088378906	0.7872016429901123	0.00013265465045838242
77	693	0.04274018481373787	0.0	0.0	3.032667875289917	0.04644563049077988	37.82004165649414	37.74045181274414	0.8061145544052124	0.00013516840496024678
78	702	0.043263185769319534	0.0	0.0	3.1277499198913574	0.02146497555077076	40.2359619140625	40.153385162353516	0.8288401365280151	0.00013767988906669806
79	711	0.024665383622050285	0.0	0.0	2.422348976135254	0.04777364432811737	39.41924285888672	39.33803176879883	0.8287769556045532	0.00014018799952401705
80	720	0.02533564530313015	0.0	0.0	3.3233349323272705	0.04851314425468445	40.03501892089844	39.951454162597656	0.8104714155197144	0.00014269163456047306
81	729	0.033673662692308426	0.0	0.0	2.692490816116333	0.026413682848215103	39.6245231628418	39.53940963745117	0.8135128021240234	0.0001451896943703143
82	738	0.01390613429248333	0.0	0.0	3.3826968669891357	0.04925857111811638	41.023704528808594	40.93886947631836	0.8102408051490784	0.00014768108159689456
83	747	0.03754672408103943	0.0	0.0	3.4098167419433594	0.0588018074631691	37.870479583740234	37.784610748291016	0.7799955010414124	0.0001501647018147238
84	756	0.05294270068407059	0.0	0.0	2.5471081733703613	0.05369130149483681	39.03585433959961	38.94375228881836	0.8216232657432556	0.00015263946401023132
85	765	0.035272758454084396	0.0	0.0	3.210118293762207	0.03822524473071098	39.66492462158203	39.603939056396484	0.8163095116615295	0.00015510428106103017
86	774	0.031393758952617645	0.0	0.0	2.6778690814971924	0.020309513434767723	38.101688385009766	38.03166961669922	0.8081375360488892	0.00015755807021347221
87	783	0.03466518595814705	0.0	0.0	3.5673940181732178	0.04274604842066765	42.79313659667969	42.730194091796875	0.8119154572486877	0.00015999975355828383
88	792	0.045558612793684006	0.0	0.0	3.5475358963012695	0.0570966936647892	37.53455352783203	37.45842361450195	0.7989431619644165	0.0001624282585040739
89	801	0.02415621653199196	0.0	0.0	2.625880241394043	0.03868604078888893	37.911746978759766	37.8311767578125	0.8116647005081177	0.00016484251824850553
90	810	0.041237205266952515	0.0	0.0	3.2249932289123535	0.025379206985235214	38.98164367675781	38.91944885253906	0.8097742795944214	0.00016724147224692488
91	819	0.02477254532277584	0.0	0.0	2.6637651920318604	0.042666882276535034	42.76691436767578	42.69701385498047	0.8158423900604248	0.00016962406667824095
92	828	0.01938665844500065	0.0	0.0	2.4497251510620117	0.04905715212225914	40.64224624633789	40.57908630371094	0.8151988983154297	0.00017198925490785182
93	837	0.05914345383644104	0.0	0.0	2.421250581741333	0.03552769869565964	37.373355865478516	37.31916427612305	0.8161788582801819	0.00017433599794741407
94	846	0.008099916391074657	0.0	0.0	2.753236770629883	0.05043680593371391	35.901084899902344	35.826271057128906	0.8055935502052307	0.00017666326491125344
95	855	0.0379556305706501	0.0	0.0	2.940443754196167	0.04076101630926132	37.48149490356445	37.3979377746582	0.8261673450469971	0.00017897003346921582
96	864	0.020320527255535126	0.0	0.0	2.332341194152832	0.031138284131884575	38.15458297729492	38.067874908447266	0.8262786865234375	0.00018125529029576
97	873	0.020485740154981613	0.0	0.0	2.7458834648132324	0.025709999725222588	38.077476501464844	38.01718521118164	0.8201767802238464	0.0001835180315150953
98	882	0.031243329867720604	0.0	0.0	2.632303476333618	0.029159311205148697	37.64240264892578	37.58370590209961	0.8287622928619385	0.00018575726314216736
99	891	0.04621797427535057	0.0	0.0	3.0467453002929688	0.018418142572045326	35.83595657348633	35.754798889160156	0.8068753480911255	0.00018797200151929956
100	900	0.0442357137799263	0.0	0.0	3.24556565284729	0.026889046654105186	35.74336242675781	35.664100646972656	0.8145841360092163	0.0001901612737482978
101	909	0.03221898898482323	0.0	0.0	3.3177216053009033	0.02425268664956093	35.64680480957031	35.586830139160156	0.797682523727417	0.00019232411811782846
102	918	0.031450264155864716	0.0	0.0	2.475923776626587	0.023370908573269844	38.138671875	38.08639144897461	0.8282198905944824	0.00019445958452588268
103	927	0.02627752348780632	0.0	0.0	2.5006728172302246	0.028305428102612495	40.04494094848633	39.97147750854492	0.8216187953948975	0.00019656673489714028
104	936	0.027338063344359398	0.0	0.0	2.425771713256836	0.04140769690275192	36.276065826416016	36.19788360595703	0.8066956996917725	0.0001986446435950511
105	945	0.02945486642420292	0.0	0.0	2.6783864498138428	0.03761957213282585	39.3066520690918	39.21907043457031	0.8141992092132568	0.00020069239782845172
106	954	0.042888931930065155	0.0	0.0	2.4001708030700684	0.033150799572467804	37.21394348144531	37.12083435058594	0.7979047894477844	0.00020270909805253983
107	963	0.02922697924077511	0.0	0.0	2.646381139755249	0.04376950114965439	35.676307678222656	35.60362243652344	0.8084889650344849	0.00020469385836402926
108	972	0.03184473514556885	0.0	0.0	3.02933669090271	0.03454137593507767	39.682098388671875	39.61452865600586	0.8217769265174866	0.00020664580689031296
109	981	0.01973063126206398	0.0	0.0	2.4960544109344482	0.011405947618186474	37.55174255371094	37.489784240722656	0.8109491467475891	0.00020856408617246216
110	990	0.026455393061041832	0.0	0.0	2.7177791595458984	0.024103941395878792	36.9080810546875	36.80873107910156	0.8112833499908447	0.00021044785354189406
111	999	0.03137439116835594	0.0	0.0	2.7139627933502197	0.02909996546804905	37.01108169555664	36.91318130493164	0.8125789165496826	0.00021229628149054233
112	1008	0.014261768199503422	0.0	0.0	3.3828916549682617	0.03262868523597717	35.54282760620117	35.46881866455078	0.8152265548706055	0.0002141085580343677
113	1017	0.04261050000786781	0.0	0.0	2.806171417236328	0.03146513178944588	37.53325653076172	37.4822998046875	0.8029992580413818	0.0002158838870700494
114	1026	0.03133887052536011	0.0	0.0	2.5250346660614014	0.029745133593678474	37.0708122253418	37.0024528503418	0.8165754079818726	0.0002176214887247001
115	1035	0.025672391057014465	0.0	0.0	2.882718801498413	0.024171242490410805	37.473289489746094	37.41383743286133	0.8174269199371338	0.00021932059969845128
116	1044	0.02160772494971752	0.0	0.0	1.954856276512146	0.031002959236502647	37.92863464355469	37.87232208251953	0.8190937042236328	0.00022098047359975844
117	1053	0.026191329583525658	0.0	0.0	2.44006085395813	0.025515355169773102	34.52871322631836	34.471214294433594	0.8190382122993469	0.0002226003812732785
118	1062	0.03027169220149517	0.0	0.0	2.1890485286712646	0.012316418811678886	35.38338088989258	35.323123931884766	0.8361676931381226	0.00022417961112017592
119	1071	0.016205884516239166	0.0	0.0	1.7692967653274536	0.018223082646727562	36.236846923828125	36.164466857910156	0.8326554298400879	0.0002257174694107162
120	1080	0.022408749908208847	0.0	0.0	2.864830732345581	0.025001274421811104	36.134891510009766	36.06962203979492	0.8259336948394775	0.00022721328058901023
121	1089	0.04531019926071167	0.0	0.0	2.1364033222198486	0.01591377519071102	34.900699615478516	34.83565139770508	0.8376801013946533	0.00022866638756977457
122	1098	0.014497046358883381	0.0	0.0	2.228013515472412	0.0238435510545969	36.647613525390625	36.56533432006836	0.8169594407081604	0.00023007615202697842
123	1107	0.024589072912931442	0.0	0.0	2.542616605758667	0.009089652448892593	35.6000862121582	35.522579193115234	0.8251238465309143	0.0002314419546742497
124	1116	0.014373764395713806	0.0	0.0	2.4329845905303955	0.005185323767364025	36.75278854370117	36.67350769042969	0.8257928490638733	0.00023276319553691753
125	1125	0.019496072083711624	0.0	0.0	2.2258105278015137	0.01496230997145176	36.985469818115234	36.923282623291016	0.8331254720687866	0.00023403929421557092
126	1134	0.018444355577230453	0.0	0.0	2.99251127243042	0.020448151975870132	36.628150939941406	36.56183624267578	0.824422299861908	0.0002352696901410191
127	1143	0.029819268733263016	0.0	0.0	1.9532132148742676	0.022661080583930016	38.06926345825195	37.9956169128418	0.8184003829956055	0.00023645384282054
128	1152	0.025280583649873734	0.0	0.0	2.297740936279297	0.011924906633794308	40.637718200683594	40.58596420288086	0.8319549560546875	0.00023759123207531008
129	1161	0.04126035049557686	0.0	0.0	3.0872395038604736	0.021654190495610237	36.00566101074219	35.9334716796875	0.8197485208511353	0.00023868135826891025
130	1170	0.020290067419409752	0.0	0.0	2.6259891986846924	0.04405545815825462	34.609901428222656	34.53239059448242	0.8142591118812561	0.00023972374252680792
131	1179	0.026669373735785484	0.0	0.0	2.1242501735687256	0.008783041499555111	36.607486724853516	36.54235076904297	0.8306328654289246	0.00024071792694671873
132	1188	0.016753055155277252	0.0	0.0	2.5317811965942383	0.009725443087518215	36.12144088745117	36.0603141784668	0.8352582454681396	0.0002416634747997555
133	1197	0.00382734346203506	0.0	0.0	2.7218549251556396	0.031773921102285385	35.18939208984375	35.146873474121094	0.8317372798919678	0.0002425599707222761
134	1206	0.024627136066555977	0.0	0.0	2.698883295059204	0.043504420667886734	35.868125915527344	35.81452941894531	0.8331626653671265	0.00024340702089834583
135	1215	0.0006522961193695664	0.0	0.0	2.7277755737304688	0.018180500715970993	35.008548736572266	34.956390380859375	0.8388205170631409	0.0002442042532327343
136	1224	0.005538132973015308	0.0	0.0	2.143232583999634	0.022021424025297165	32.22843933105469	32.16511917114258	0.8402774930000305	0.00024495131751437084
137	1233	0.017948804423213005	0.0	0.0	3.1101019382476807	0.02915291301906109	36.07780456542969	35.99977111816406	0.8422804474830627	0.00024564788557018623
138	1242	0.0032258506398648024	0.0	0.0	2.210676908493042	0.02368280664086342	37.56647491455078	37.51852035522461	0.8221828937530518	0.0002462936514092741
139	1251	0.010360484011471272	0.0	0.0	2.7659804821014404	0.02634957991540432	33.80624771118164	33.75385284423828	0.819200873374939	0.00024688833135730733
140	1260	-0.005623163655400276	0.0	0.0	2.004365921020508	0.03630146384239197	35.243221282958984	35.184932708740234	0.8286119103431702	0.00024743166418115186
141	1269	0.005451050121337175	0.0	0.0	2.0142617225646973	0.020522410050034523	35.045127868652344	34.97126007080078	0.8278617262840271	0.0002479234112036218
142	1278	0.02457485720515251	0.0	0.0	2.9270808696746826	0.025727754458785057	35.760345458984375	35.69449234008789	0.8289346098899841	0.00024836335640832666
143	1287	0.01817246340215206	0.0	0.0	2.8173279762268066	0.04554838687181473	35.888851165771484	35.82344055175781	0.8309096097946167	0.00024875130653456375
144	1296	0.0059152040630578995	0.0	0.0	3.018657684326172	0.02789042703807354	34.346336364746094	34.26755142211914	0.8355090618133545	0.0002490870911622143
145	1305	0.026851937174797058	0.0	0.0	2.118590831756592	0.010350716300308704	37.30703353881836	37.25320053100586	0.8398858904838562	0.0002493705627866062
146	1314	0.0051378351636230946	0.0	0.0	2.288898229598999	0.01723187044262886	35.98977279663086	35.93954086303711	0.8248268961906433	0.0002496015968833108
147	1323	0.013532513752579689	0.0	0.0	1.9690883159637451	0.03021419793367386	34.2328987121582	34.17130661010742	0.8287803530693054	0.00024978009196284376
148	1332	0.0032926369458436966	0.0	0.0	2.1941466331481934	0.027725886553525925	35.186466217041016	35.133018493652344	0.8397175073623657	0.0002499059696152483
149	1341	0.007917915470898151	0.0	0.0	2.0499746799468994	0.014533166773617268	37.364776611328125	37.31479263305664	0.8390081524848938	0.00024997917454453914
150	1350	0.018710089847445488	0.0	0.0	2.54849910736084	0.014494041912257671	36.272560119628906	36.21915817260742	0.8347717523574829	0.0002499999097430048
151	1359	0.01645245961844921	0.0	0.0	3.081726551055908	0.037953849881887436	35.359375	35.30856704711914	0.8364241123199463	0.0002499909744797011
152	1368	0.0007476416067220271	0.0	0.0	1.7393372058868408	0.029722604900598526	35.85083770751953	35.79616165161133	0.8257335424423218	0.000249967419577336
153	1377	0.02440367080271244	0.0	0.0	1.9931942224502563	0.012787047773599625	37.58125305175781	37.53168487548828	0.839656412601471	0.0002499292496279845
154	1386	0.008830913342535496	0.0	0.0	2.0580403804779053	0.024062156677246094	37.03786849975586	36.9579963684082	0.8318374752998352	0.0002498764720729538
155	1395	0.01804402843117714	0.0	0.0	2.326519012451172	0.02388862706720829	36.381370544433594	36.328670501708984	0.8281639218330383	0.00024980909720133295
156	1404	0.005133175291121006	0.0	0.0	2.152576446533203	0.005896888207644224	35.72697830200195	35.68482208251953	0.8417900204658508	0.00024972713814798653
157	1413	-0.00205847411416471	0.0	0.0	2.111661672592163	0.02055845782160759	35.040626525878906	34.980403900146484	0.836647629737854	0.0002496306108909945
158	1422	0.005633404478430748	0.0	0.0	2.226285457611084	0.018597055226564407	37.1030387878418	37.04591751098633	0.8439356088638306	0.00024951953424853676
159	1431	0.0031570803839713335	0.0	0.0	1.9686939716339111	0.015682805329561234	35.200923919677734	35.134765625	0.8452597856521606	0.0002493939298752249
160	1440	0.015008984133601189	0.0	0.0	1.9207619428634644	0.010019045323133469	35.848060607910156	35.80425262451172	0.8458513617515564	0.0002492538222578803
161	1449	-0.0006981220794841647	0.0	0.0	1.8960747718811035	0.014633335173130035	34.50537872314453	34.45664978027344	0.8461976051330566	0.0002490992387107607
162	1458	0.020542943850159645	0.0	0.0	3.1409919261932373	0.004851821344345808	34.55939865112305	34.50148010253906	0.8496065735816956	0.0002489302093702348
163	1467	-0.013014988042414188	0.0	0.0	2.391248941421509	0.010996395722031593	37.94842529296875	37.889400482177734	0.8437206149101257	0.0002487467671889075
164	1476	0.016416776925325394	0.0	0.0	2.161768674850464	0.015227532014250755	36.044456481933594	35.99462890625	0.836196780204773	0.00024854894792919544
165	1485	-0.003644529962912202	0.0	0.0	1.8641505241394043	0.024290667846798897	34.94654846191406	34.88605880737305	0.8436281085014343	0.0002483367901563554
166	1494	0.001070065307430923	0.0	0.0	2.2374603748321533	0.02855294570326805	33.25178527832031	33.189205169677734	0.8347027897834778	0.00024811033523096545
167	1503	-0.003181863809004426	0.0	0.0	2.2095727920532227	0.018010612577199936	36.44651794433594	36.39375305175781	0.8416287302970886	0.000247869627300862
168	1512	0.008977112360298634	0.0	0.0	2.52825665473938	0.00727543979883194	35.852787017822266	35.78293228149414	0.833112359046936	0.000247614713292533
169	1521	-0.009386470541357994	0.0	0.0	2.3942654132843018	0.021142316982150078	37.387638092041016	37.33949661254883	0.8399927616119385	0.00024734564290196945
170	1530	0.005638905335217714	0.0	0.0	2.067748785018921	0.012611397542059422	35.262290954589844	35.20808029174805	0.8494718074798584	0.00024706246858497707
171	1539	-0.005515065975487232	0.0	0.0	2.2005226612091064	0.011358990333974361	36.462642669677734	36.396400451660156	0.8464464545249939	0.0002467652455469501
172	1548	-0.011595350690186024	0.0	0.0	1.697177767753601	0.010869957506656647	33.93666076660156	33.870182037353516	0.845843493938446	0.0002464540317321087
173	1557	0.008988081477582455	0.0	0.0	1.9279793500900269	0.026923442259430885	40.010196685791016	39.95655822753906	0.8445447087287903	0.00024612888781220274
174	1566	-0.009570618160068989	0.0	0.0	2.1811411380767822	0.016231253743171692	35.111900329589844	35.055782318115234	0.8469343781471252	0.0002457898771746836
175	1575	0.008446942083537579	0.0	0.0	1.8845077753067017	0.017770981416106224	36.716102600097656	36.650142669677734	0.8428522944450378	0.0002454370659103468
176	1584	-0.0034712515771389008	0.0	0.0	1.8775969743728638	0.01999448984861374	37.68437957763672	37.635459899902344	0.8522711992263794	0.0002450705228004473
177	1593	-0.004405291751027107	0.0	0.0	2.1724250316619873	0.018495207652449608	32.99860382080078	32.946598052978516	0.8414070010185242	0.0002446903193032908
178	1602	0.0004730179498437792	0.0	0.0	1.5553035736083984	0.029902851209044456	38.2425651550293	38.17755126953125	0.8464853763580322	0.00024429652954030225
179	1611	-0.011995090171694756	0.0	0.0	2.710869312286377	0.013767052441835403	36.44513702392578	36.387149810791016	0.8501380085945129	0.00024388923028157626
180	1620	0.0016875611618161201	0.0	0.0	2.093989372253418	0.017247721552848816	36.026268005371094	35.96571350097656	0.8344209790229797	0.00024346850093091035
181	1629	-0.01021078322082758	0.0	0.0	2.400344133377075	0.020062344148755074	35.420528411865234	35.36345291137695	0.844092845916748	0.00024303442351032505
182	1638	0.01921284943819046	0.0	0.0	2.171729326248169	0.01153712347149849	33.56922912597656	33.506561279296875	0.8459488749504089	0.0002425870826440736
183	1647	0.005646446719765663	0.0	0.0	1.967848300933838	0.016748400405049324	35.464454650878906	35.40348815917969	0.8402516841888428	0.00024212656554214415
184	1656	0.0009473202517256141	0.0	0.0	2.525878667831421	0.023737337440252304	35.60591506958008	35.54358673095703	0.8427173495292664	0.00024165296198325832
185	1665	-0.014689724892377853	0.0	0.0	2.346355676651001	0.010672223754227161	35.342777252197266	35.2927131652832	0.8487865924835205	0.00024116636429736822
186	1674	-0.0032336884178221226	0.0	0.0	1.8644771575927734	0.014466501772403717	34.15488052368164	34.09282684326172	0.8413715362548828	0.0002406668673476568
187	1683	-0.004966626409441233	0.0	0.0	1.9595351219177246	0.007435597479343414	37.11275100708008	37.059776306152344	0.8326093554496765	0.00024015456851204426
188	1692	-0.0009814859367907047	0.0	0.0	2.228175401687622	0.00854001846164465	36.97080612182617	36.915199279785156	0.842634916305542	0.00023962956766420356
189	1701	0.0013554726028814912	0.0	0.0	2.6844310760498047	0.01632240042090416	33.178985595703125	33.11519241333008	0.8315680623054504	0.00023909196715409025
190	1710	-0.01022280752658844	0.0	0.0	2.4062538146972656	0.029864447191357613	33.466453552246094	33.378257751464844	0.8442802429199219	0.00023854187178798896
191	1719	0.015634095296263695	0.0	0.0	2.29958438873291	0.024052819237113	37.99332809448242	37.92876052856445	0.8448540568351746	0.00023797938880808125
192	1728	-0.007162254303693771	0.0	0.0	2.388223171234131	0.015645399689674377	34.49722671508789	34.44414138793945	0.8518607020378113	0.0002374046278715386
193	1737	-0.009485244750976562	0.0	0.0	2.1698899269104004	0.017087791115045547	36.60710144042969	36.55421447753906	0.8493069410324097	0.00023681770102914435
194	1746	-0.01039720606058836	0.0	0.0	2.43585467338562	0.008128185756504536	34.73409652709961	34.676265716552734	0.8428236246109009	0.00023621872270344945
195	1755	-0.007256216369569302	0.0	0.0	1.7908751964569092	0.008033081889152527	36.566959381103516	36.50010299682617	0.8488494157791138	0.0002356078096664652
196	1764	-0.015763912349939346	0.0	0.0	2.3147802352905273	0.007274685427546501	34.52532958984375	34.461219787597656	0.84535151720047	0.0002349850810168987
197	1773	-0.018046731129288673	0.0	0.0	2.2710633277893066	0.006390061695128679	37.20392990112305	37.1513786315918	0.8481395244598389	0.00023435065815693404
198	1782	-0.017298538237810135	0.0	0.0	1.7355198860168457	0.01001447532325983	35.79542922973633	35.730342864990234	0.8434222340583801	0.0002337046647685648
199	1791	-0.007197665516287088	0.0	0.0	1.7685784101486206	0.016865219920873642	35.032814025878906	34.960933685302734	0.8429542779922485	0.00023304722678948195
200	1800	-0.019401390105485916	0.0	0.0	1.7753485441207886	0.012400812469422817	35.03839111328125	34.96525955200195	0.8353367447853088	0.00023237847238852217
201	1809	3.259921140852384e-05	0.0	0.0	2.1923885345458984	0.02394864521920681	34.937599182128906	34.85778045654297	0.8368013501167297	0.00023169853194068108
202	1818	-0.0030621266923844814	0.0	0.0	2.0097880363464355	0.026511723175644875	36.0567512512207	35.992923736572266	0.849675714969635	0.00023100753800169618
203	1827	-0.007268538232892752	0.0	0.0	1.9899866580963135	0.024949949234724045	32.3504638671875	32.28138732910156	0.8438062071800232	0.00023030562528220496
204	1836	-0.009917105548083782	0.0	0.0	2.1700222492218018	0.02113552950322628	35.95634460449219	35.88932418823242	0.8540595173835754	0.0002295929306214829
205	1845	-0.017570829018950462	0.0	0.0	1.9288954734802246	0.02211315929889679	35.47297286987305	35.40935134887695	0.8389940857887268	0.0002288695929607662
206	1854	-0.0035768758971244097	0.0	0.0	2.9312307834625244	0.009674657136201859	33.89409637451172	33.826541900634766	0.844186544418335	0.000228135753316165
207	1863	0.009171106852591038	0.0	0.0	2.2031984329223633	0.015688808634877205	35.25659942626953	35.21382141113281	0.8541585803031921	0.0002273915547511721
208	1872	-0.008174442686140537	0.0	0.0	2.3256185054779053	0.015953198075294495	35.25592041015625	35.208580017089844	0.8466077446937561	0.00022663714234877227
209	1881	-0.005997847765684128	0.0	0.0	2.508835792541504	0.022574011236429214	32.851043701171875	32.79158020019531	0.8373234272003174	0.0002258726631831582
210	1890	-0.02805200219154358	0.0	0.0	1.917662501335144	0.017064450308680534	35.79621887207031	35.743797302246094	0.8475708961486816	0.00022509826629105785
211	1899	-0.024050237610936165	0.0	0.0	1.807033658027649	0.010958927683532238	34.18638610839844	34.114524841308594	0.8471658825874329	0.00022431410264267982
212	1908	-0.0031734590884298086	0.0	0.0	1.7155603170394897	0.010741990059614182	35.34018325805664	35.28236389160156	0.8397802114486694	0.000223520325112281
213	1917	-0.006027469411492348	0.0	0.0	2.266897439956665	0.021993715316057205	34.737815856933594	34.667423248291016	0.8374629020690918	0.0002227170884483638
214	1926	-0.012092532590031624	0.0	0.0	2.486558437347412	0.019147491082549095	34.70442581176758	34.658592224121094	0.8460728526115417	0.00022190454924350735
215	1935	0.0018796087242662907	0.0	0.0	1.7646484375	0.03416255861520767	36.559547424316406	36.48790740966797	0.845024585723877	0.00022108286590383962
216	1944	0.014428265392780304	0.0	0.0	2.818465232849121	0.020229622721672058	33.4394416809082	33.38261032104492	0.8442533612251282	0.0002202521986181557
217	1953	0.0022565843537449837	0.0	0.0	2.38617205619812	0.01510034129023552	35.05971145629883	34.99452590942383	0.840133547782898	0.00021941270932668885
218	1962	-0.00944509543478489	0.0	0.0	2.602168083190918	0.022266943007707596	34.728885650634766	34.67788314819336	0.8456788659095764	0.00021856456168953983
219	1971	-0.001712065190076828	0.0	0.0	2.90934157371521	0.015533605590462685	34.65036392211914	34.590850830078125	0.8453063368797302	0.00021770792105477095
220	1980	-0.012439372017979622	0.0	0.0	1.616623878479004	0.0027773466426879168	37.492515563964844	37.44832992553711	0.8532727956771851	0.00021684295442617136
221	1989	-0.02106720209121704	0.0	0.0	2.1304802894592285	-0.005172389559447765	34.26780700683594	34.188377380371094	0.8432672619819641	0.00021596983043069908
222	1998	-0.01443660631775856	0.0	0.0	2.3936896324157715	-0.004265662282705307	33.60380172729492	33.538658142089844	0.8414492607116699	0.00021508871928560704
223	2007	-0.03223499283194542	0.0	0.0	1.612646222114563	0.005829961504787207	34.5951042175293	34.529136657714844	0.846998393535614	0.00021419979276525886
224	2016	-0.0004490795254241675	0.0	0.0	2.5244336128234863	0.0151585778221488	34.58469009399414	34.52887725830078	0.8431586623191833	0.0002133032241676409
225	2025	-0.016969872638583183	0.0	0.0	1.8309860229492188	0.024315450340509415	34.7595329284668	34.70600509643555	0.8357343673706055	0.00021239918828057787
226	2034	-0.020720353350043297	0.0	0.0	2.772352695465088	0.022077033296227455	34.832393646240234	34.79433059692383	0.8456336259841919	0.000211487861347657
227	2043	-0.025676144286990166	0.0	0.0	2.1988816261291504	0.017519308254122734	36.29219055175781	36.23683166503906	0.835536777973175	0.00021056942103386974
228	2052	-0.023955630138516426	0.0	0.0	1.8631694316864014	0.020182542502880096	33.96859359741211	33.91147994995117	0.8378145694732666	0.00020964404639097492
229	2061	-0.013304350897669792	0.0	0.0	2.2726149559020996	0.022686371579766273	37.02975082397461	36.9796028137207	0.8495818376541138	0.00020871191782259276
230	2070	-0.00559210916981101	0.0	0.0	2.2048330307006836	0.0227784663438797	33.51150894165039	33.44915771484375	0.8372032642364502	0.00020777321704903463
231	2079	-0.000397856259951368	0.0	0.0	2.1960792541503906	0.012491447851061821	33.445274353027344	33.376747131347656	0.8326044082641602	0.00020682812707187618
232	2088	-0.004800401162356138	0.0	0.0	2.3350911140441895	0.021188370883464813	33.638885498046875	33.57734680175781	0.8391379714012146	0.0002058768321382811
233	2097	-0.018221501260995865	0.0	0.0	2.8718347549438477	0.014704161323606968	35.40433883666992	35.337608337402344	0.844798743724823	0.00020491951770508152
234	2106	-0.01815633289515972	0.0	0.0	2.048781394958496	0.003773211035877466	36.43882369995117	36.38468933105469	0.8367622494697571	0.0002039563704026231
235	2115	-0.013452191837131977	0.0	0.0	2.23154878616333	0.006608996074646711	35.176822662353516	35.12372589111328	0.8410103917121887	0.00020298757799838078
236	2124	-0.018134910613298416	0.0	0.0	2.2760167121887207	0.018579410389065742	34.3287353515625	34.269142150878906	0.8413146734237671	0.0002020133293603533
237	2133	-0.009417121298611164	0.0	0.0	2.154167413711548	0.01421890128403902	33.92219543457031	33.857242584228516	0.8424155116081238	0.00020103381442024303
238	2142	-0.024027986451983452	0.0	0.0	2.174093246459961	0.02001858316361904	34.31611251831055	34.26498031616211	0.8397635817527771	0.00020004922413642838
239	2151	-0.005047330632805824	0.0	0.0	2.6960833072662354	0.02798067405819893	36.146812438964844	36.08540725708008	0.8390806317329407	0.000199059750456736
240	2160	-0.02428089827299118	0.0	0.0	1.8750947713851929	0.01798168383538723	33.78504180908203	33.720829010009766	0.8525301218032837	0.0001980655862810203
241	2169	-0.030339006334543228	0.0	0.0	2.190293073654175	0.021866533905267715	36.12690734863281	36.05698013305664	0.838945746421814	0.00019706692542355715
242	2178	-0.02322809211909771	0.0	0.0	2.2021920680999756	0.018065189942717552	33.49295425415039	33.43437957763672	0.8451261520385742	0.00019606396257525947
243	2187	-0.045984383672475815	0.0	0.0	1.7708079814910889	0.01869327202439308	32.938140869140625	32.888648986816406	0.8415852785110474	0.00019505689326572176
244	2196	-0.0104281697422266	0.0	0.0	2.100031852722168	0.023159552365541458	35.29319381713867	35.235469818115234	0.8419244289398193	0.00019404591382510137
245	2205	-0.01850294880568981	0.0	0.0	2.114832639694214	0.01554818544536829	33.278533935546875	33.2049560546875	0.8372458815574646	0.00019303122134584332
246	2214	-0.0039740754291415215	0.0	0.0	2.0192408561706543	0.014353877864778042	35.943992614746094	35.88067626953125	0.8404027819633484	0.00019201301364425705
247	2223	-0.012644752860069275	0.0	0.0	1.9057042598724365	0.024960486218333244	35.16061019897461	35.07681655883789	0.8355824947357178	0.00019099148922195134
248	2232	-0.009620382450520992	0.0	0.0	2.630810499191284	0.021360037848353386	33.64801788330078	33.57698059082031	0.8451164960861206	0.00018996684722713642
249	2241	-0.018421905115246773	0.0	0.0	2.168222188949585	0.014953907579183578	34.90846252441406	34.848548889160156	0.8392998576164246	0.0001889392874157994
250	2250	-0.019480237737298012	0.0	0.0	2.2044408321380615	0.009900148026645184	35.05479049682617	35.00953674316406	0.8368040919303894	0.00018790901011276145
251	2259	-0.03336130082607269	0.0	0.0	1.8026727437973022	0.014414012432098389	34.77055740356445	34.6868896484375	0.834155261516571	0.00018687621617262423
252	2268	-0.030828392133116722	0.0	0.0	2.194190740585327	0.022634319961071014	37.4376335144043	37.3711051940918	0.8398399353027344	0.00018584110694061274
253	2277	-0.024671059101819992	0.0	0.0	3.1430444717407227	0.025061646476387978	34.706275939941406	34.62464141845703	0.8258244395256042	0.00018480388421332266
254	2286	-0.0004387860535643995	0.0	0.0	1.9913017749786377	0.04523714631795883	34.91728973388672	34.8685188293457	0.8406758308410645	0.00018376475019937988
255	2295	-0.01521413866430521	0.0	0.0	2.289261817932129	0.04444282874464989	35.85529708862305	35.791378021240234	0.8496466875076294	0.00018272390748001933
256	2304	-0.01714247651398182	0.0	0.0	2.0553126335144043	0.02263602241873741	35.40121078491211	35.341007232666016	0.8422433733940125	0.00018168155896959148
257	2313	-0.028739621862769127	0.0	0.0	2.028876543045044	0.017054222524166107	35.57866668701172	35.51640319824219	0.8427098393440247	0.0001806379078760037
258	2322	-0.02799558825790882	0.0	0.0	2.2118027210235596	0.020825013518333435	34.21592330932617	34.144344329833984	0.8442292809486389	0.00017959315766110463
259	2331	-0.005491605028510094	0.0	0.0	2.8201067447662354	0.02039814554154873	34.240108489990234	34.17326354980469	0.8414905667304993	0.0001785475120010186
260	2340	-0.017772842198610306	0.0	0.0	3.4115042686462402	0.018937131389975548	34.696048736572266	34.63685607910156	0.8419806957244873	0.00017750117474643905
261	2349	-0.045328255742788315	0.0	0.0	2.1676700115203857	0.005962870549410582	34.202476501464844	34.141056060791016	0.8450067639350891	0.00017645434988288684
262	2358	-0.022817760705947876	0.0	0.0	2.2778167724609375	0.008922292850911617	35.170448303222656	35.1124382019043	0.8375964164733887	0.00017540724149094333
263	2367	-0.024967847391963005	0.0	0.0	2.2263972759246826	0.016688700765371323	35.09071350097656	35.00645065307617	0.8359289765357971	0.00017436005370646425
264	2376	-0.016732364892959595	0.0	0.0	2.661742687225342	0.015455283224582672	34.493309020996094	34.421775817871094	0.8424472212791443	0.00017331299068078308
265	2385	-0.0477101169526577	0.0	0.0	3.4207820892333984	0.018688464537262917	34.13313674926758	34.057106018066406	0.8350232839584351	0.0001722662565409113
266	2394	-0.030084844678640366	0.0	0.0	2.477875232696533	0.031107034534215927	34.77328109741211	34.69947052001953	0.8427932858467102	0.0001712200553497435
267	2403	-0.02358357049524784	0.0	0.0	2.087259292602539	0.016126461327075958	33.48124694824219	33.40746307373047	0.8471752405166626	0.00017017459106627485
268	2412	-0.015725111588835716	0.0	0.0	2.732694387435913	0.029605621472001076	33.71628189086914	33.64914321899414	0.83900386095047	0.00016913006750583884
269	2421	-0.032785333693027496	0.0	0.0	2.256812572479248	0.025030815973877907	34.7600212097168	34.70766067504883	0.8446626663208008	0.00016808668830037318
270	2430	-0.03193337097764015	0.0	0.0	3.0681800842285156	0.035625945776700974	35.526695251464844	35.46319580078125	0.836526095867157	0.00016704465685872134
271	2439	-0.03601641207933426	0.0	0.0	2.0290415287017822	0.046629536896944046	35.8512077331543	35.778011322021484	0.8366432189941406	0.00016600417632697752
272	2448	-0.033271316438913345	0.0	0.0	2.1831934452056885	0.032220564782619476	34.4184455871582	34.35196304321289	0.8310143947601318	0.00016496544954888308
273	2457	-0.030170848593115807	0.0	0.0	2.153388738632202	0.020472124218940735	34.1190299987793	34.04338455200195	0.8307258486747742	0.0001639286790262814
274	2466	-0.031090250238776207	0.0	0.0	2.317723035812378	0.030961111187934875	36.23235321044922	36.16197204589844	0.8208484649658203	0.00016289406687964016
275	2475	-0.03129103407263756	0.0	0.0	2.9812066555023193	0.028904370963573456	34.17179870605469	34.09223937988281	0.8251866102218628	0.00016186181480864735
276	2484	-0.04943953827023506	0.0	0.0	2.8692750930786133	0.025521935895085335	35.04792404174805	34.994415283203125	0.8421992063522339	0.0001608321240528895
277	2493	-0.03233608230948448	0.0	0.0	2.4531445503234863	0.02970382757484913	36.168914794921875	36.111385345458984	0.8280662298202515	0.00015980519535261964
278	2502	-0.028349174186587334	0.0	0.0	4.04317045211792	0.022335143759846687	34.99110412597656	34.92265319824219	0.8288201093673706	0.0001587812289096226
279	2511	-0.034949321299791336	0.0	0.0	2.242785930633545	0.03290428966283798	38.338626861572266	38.28541564941406	0.8344966769218445	0.00015776042434818542
280	2520	-0.031150149181485176	0.0	0.0	2.470400094985962	0.030786827206611633	34.165836334228516	34.0948600769043	0.8226986527442932	0.00015674298067617988
281	2529	-0.021230125799775124	0.0	0.0	3.2330129146575928	0.0390193872153759	35.94832992553711	35.876216888427734	0.826046347618103	0.00015572909624626585
282	2538	-0.020324774086475372	0.0	0.0	2.1001100540161133	0.014439300633966923	33.08355712890625	33.007686614990234	0.8288432359695435	0.00015471896871722181
283	2547	-0.020498020574450493	0.0	0.0	2.351738929748535	0.022369610145688057	35.04302215576172	34.98689651489258	0.8452451229095459	0.000153712795015411
284	2556	-0.03721417114138603	0.0	0.0	2.6267740726470947	0.03020363673567772	33.692630767822266	33.61817169189453	0.8356959819793701	0.00015271077129639025
285	2565	-0.038688305765390396	0.0	0.0	1.883548617362976	0.02491692453622818	35.684814453125	35.61320114135742	0.8422864079475403	0.00015171309290666892
286	2574	-0.018866142258048058	0.0	0.0	2.4428319931030273	0.02426261268556118	34.88492965698242	34.79856872558594	0.8246919512748718	0.00015071995434562594
287	2583	-0.03609881177544594	0.0	0.0	2.189606189727783	0.016702845692634583	34.26788330078125	34.20146942138672	0.8284727334976196	0.00014973154922759153
288	2592	-0.028561478480696678	0.0	0.0	2.054013729095459	0.029578447341918945	34.848026275634766	34.781166076660156	0.8274564743041992	0.00014874807024410196
289	2601	-0.02751312218606472	0.0	0.0	2.008951187133789	0.026365729048848152	34.24434280395508	34.168304443359375	0.821092426776886	0.00014776970912633362
290	2610	-0.021956825628876686	0.0	0.0	2.874950647354126	0.02928674779832363	33.522193908691406	33.444313049316406	0.8262214064598083	0.00014679665660772493
291	2619	-0.02557383105158806	0.0	0.0	3.04654598236084	0.022950217127799988	35.760860443115234	35.7017822265625	0.8293497562408447	0.00014582910238679245
292	2628	-0.04998913034796715	0.0	0.0	2.357591152191162	0.024101227521896362	33.60874557495117	33.53824996948242	0.8289514183998108	0.00014486723509014868
293	2637	-0.035299357026815414	0.0	0.0	3.1780340671539307	0.0230266023427248	33.85016632080078	33.766517639160156	0.8325997591018677	0.00014391124223572886
294	2646	-0.04377809911966324	0.0	0.0	2.558351993560791	0.02658960223197937	34.652042388916016	34.58121109008789	0.8248758316040039	0.0001429613101962342
295	2655	-0.023007165640592575	0.0	0.0	3.1288599967956543	0.024716977030038834	34.00765609741211	33.94579315185547	0.8258181214332581	0.00014201762416279798
296	2664	-0.026474684476852417	0.0	0.0	3.174438238143921	0.017653565853834152	32.236351013183594	32.15559768676758	0.8214597105979919	0.0001410803681088822
297	2673	-0.05701906979084015	0.0	0.0	2.32677960395813	0.023134520277380943	34.6485710144043	34.57382583618164	0.8266046047210693	0.00014014972475441165
298	2682	-0.033151742070913315	0.0	0.0	2.612356662750244	0.028038736432790756	32.430057525634766	32.337486267089844	0.8165184855461121	0.00013922587553015232
299	2691	-0.03594713285565376	0.0	0.0	1.9238736629486084	0.018599923700094223	35.118106842041016	35.0427360534668	0.8251001834869385	0.00013830900054234092
300	2700	-0.04178628697991371	0.0	0.0	2.157003402709961	0.01774347946047783	35.98832321166992	35.91741180419922	0.8362562656402588	0.000137399278537573
301	2709	-0.02595960535109043	0.0	0.0	2.602627992630005	0.023584002628922462	34.09674835205078	34.0181884765625	0.8241834044456482	0.00013649688686795595
302	2718	-0.04816834628582001	0.0	0.0	2.5805160999298096	0.02346448041498661	34.84306716918945	34.77248001098633	0.8350144624710083	0.00013560200145653373
303	2727	-0.046367984265089035	0.0	0.0	3.914673089981079	0.023588433861732483	35.43961715698242	35.368106842041016	0.8318818211555481	0.00013471479676299046
304	2736	-0.04731622710824013	0.0	0.0	1.9206972122192383	0.015241162851452827	34.069854736328125	33.99637222290039	0.8265865445137024	0.00013383544574963898
305	2745	-0.039362091571092606	0.0	0.0	2.3841845989227295	0.019435420632362366	35.09369659423828	35.03086853027344	0.8363966941833496	0.00013296411984770168
306	2754	-0.05980538949370384	0.0	0.0	3.273594617843628	0.021965179592370987	35.271766662597656	35.20840072631836	0.8280426859855652	0.00013210098892388962
307	2763	-0.03023185022175312	0.0	0.0	2.9750473499298096	0.023322056978940964	32.57651138305664	32.49825668334961	0.8189579248428345	0.00013124622124728664
308	2772	-0.02201167680323124	0.0	0.0	2.492861747741699	0.02977036125957966	34.77112579345703	34.701759338378906	0.8190019726753235	0.00013039998345654483
309	2781	-0.03632357716560364	0.0	0.0	2.7964115142822266	0.03365643322467804	34.127227783203125	34.05241394042969	0.808874785900116	0.00012956244052739826
310	2790	-0.058852508664131165	0.0	0.0	2.1189370155334473	0.03356077894568443	34.15181350708008	34.077571868896484	0.8125192523002625	0.00012873375574050044
311	2799	-0.0351664274930954	0.0	0.0	2.171671152114868	0.0294082872569561	33.86948776245117	33.79538345336914	0.8260733485221863	0.00012791409064959262
312	2808	-0.043533217161893845	0.0	0.0	2.019629716873169	0.03338826820254326	33.20774459838867	33.14064407348633	0.8176490068435669	0.00012710360505000827
313	2817	-0.046859484165906906	0.0	0.0	3.9474680423736572	0.02330503799021244	32.455543518066406	32.3792724609375	0.8113658428192139	0.0001263024569475209
314	2826	-0.041298896074295044	0.0	0.0	3.4393198490142822	0.03280261904001236	34.37730407714844	34.302452087402344	0.8175495862960815	0.00012551080252754055
315	2835	-0.036337703466415405	0.0	0.0	2.860517740249634	0.05078068748116493	35.004329681396484	34.91804885864258	0.8109984993934631	0.00012472879612466492
316	2844	-0.0455656461417675	0.0	0.0	2.9215612411499023	0.0451694093644619	34.65140914916992	34.56003189086914	0.8068850636482239	0.00012395659019259173
317	2853	-0.03816206008195877	0.0	0.0	2.5503222942352295	0.033651966601610184	35.657135009765625	35.580894470214844	0.8195204734802246	0.00012319433527439746
318	2862	-0.03642762079834938	0.0	0.0	4.103944301605225	0.02957480400800705	33.56925964355469	33.48859786987305	0.8158295154571533	0.00012244217997318878
319	2871	-0.03691826015710831	0.0	0.0	3.2955076694488525	0.02830352447926998	36.7104377746582	36.64093780517578	0.8194733262062073	0.00012170027092313194
320	2880	-0.06110287830233574	0.0	0.0	2.05711030960083	0.02069086581468582	34.08820724487305	34.013389587402344	0.8241531252861023	0.00012096875276086627
321	2889	-0.04091513529419899	0.0	0.0	2.359320640563965	0.026958776637911797	33.66573715209961	33.575782775878906	0.8237324357032776	0.00012024776809730691
322	2898	-0.05853472277522087	0.0	0.0	3.0244693756103516	0.023135388270020485	34.61605453491211	34.51551055908203	0.822618305683136	0.0001195374574898426
323	2907	-0.05207770690321922	0.0	0.0	3.080073118209839	0.029473543167114258	34.96015167236328	34.87554168701172	0.8144336342811584	0.00011883795941493368
324	2916	-0.04323774576187134	0.0	0.0	2.0288171768188477	0.03028065338730812	35.193321228027344	35.1253662109375	0.8147037625312805	0.00011814941024111579
325	2925	-0.07502610981464386	0.0	0.0	2.869952917098999	0.030201835557818413	34.05343246459961	33.9813117980957	0.8130385875701904	0.00011747194420241469
326	2934	-0.056534044444561005	0.0	0.0	3.359910249710083	0.045545924454927444	34.562015533447266	34.48339080810547	0.8055627346038818	0.00011680569337217694
327	2943	-0.06297354400157928	0.0	0.0	2.067354917526245	0.04711781442165375	33.85011672973633	33.760650634765625	0.8091675639152527	0.00011615078763732197
328	2952	-0.05743391439318657	0.0	0.0	2.9747347831726074	0.04434430971741676	35.131961822509766	35.042686462402344	0.8085168600082397	0.00011550735467302044
329	2961	-0.05205170810222626	0.0	0.0	4.135326385498047	0.04493813216686249	35.126033782958984	35.026939392089844	0.8094577193260193	0.00011487551991780362
330	2970	-0.04763941839337349	0.0	0.0	2.918151378631592	0.037706874310970306	35.631690979003906	35.537330627441406	0.8119263648986816	0.000114255406549109
331	2979	-0.07474080473184586	0.0	0.0	2.504241704940796	0.035968586802482605	34.922603607177734	34.8360710144043	0.8090834021568298	0.00011364713545926645
332	2988	-0.04938279837369919	0.0	0.0	3.4510722160339355	0.02795109711587429	33.93085479736328	33.84489059448242	0.8118747472763062	0.00011305082523193014
333	2997	-0.05132424458861351	0.0	0.0	2.7085962295532227	0.03136283904314041	35.2719612121582	35.1966438293457	0.8121616840362549	0.00011246659211896043
334	3006	-0.0609896220266819	0.0	0.0	2.5963501930236816	0.02875555492937565	33.250213623046875	33.14854049682617	0.7926872968673706	0.00011189455001776034
335	3015	-0.08088353276252747	0.0	0.0	2.9051077365875244	0.023186147212982178	35.626461029052734	35.54348373413086	0.8014475107192993	0.00011133481044907087
336	3024	-0.06951216608285904	0.0	0.0	3.5511066913604736	0.014139458537101746	32.20880889892578	32.1274528503418	0.8149182200431824	0.00011078748253523003
337	3033	-0.04145468771457672	0.0	0.0	2.3440768718719482	0.018313217908143997	34.279937744140625	34.19529724121094	0.8167064189910889	0.00011025267297889908
338	3042	-0.06799126416444778	0.0	0.0	3.45630145072937	0.02324601262807846	33.42236328125	33.332176208496094	0.8054713010787964	0.0001097304860422607
339	3051	-0.06147338077425957	0.0	0.0	2.7081592082977295	0.030054505914449692	34.328399658203125	34.23925018310547	0.7858704328536987	0.00010922102352669286
340	3060	-0.05441174656152725	0.0	0.0	2.620720148086548	0.024490036070346832	32.46394729614258	32.380889892578125	0.8013797402381897	0.00010872438475292239
341	3069	-0.06307118386030197	0.0	0.0	2.576732873916626	0.03092069923877716	34.78911209106445	34.716068267822266	0.8013337850570679	0.00010824066654166228
342	3078	-0.06216730177402496	0.0	0.0	2.8494293689727783	0.0339399017393589	33.81672286987305	33.72462844848633	0.7866798639297485	0.00010776996319473627
343	3087	-0.07059881836175919	0.0	0.0	2.7440037727355957	0.048150088638067245	34.22357940673828	34.13063430786133	0.7877964377403259	0.00010731236647669446
344	3096	-0.06186626851558685	0.0	0.0	2.60968017578125	0.0394892655313015	34.5215950012207	34.430301666259766	0.7931232452392578	0.00010686796559692373
345	3105	-0.04082487151026726	0.0	0.0	3.3708016872406006	0.033520836383104324	34.095916748046875	34.00962829589844	0.7980168461799622	0.00010643684719225612
346	3114	-0.0649031475186348	0.0	0.0	3.27062726020813	0.0395926833152771	35.120849609375	35.03059005737305	0.8005352020263672	0.00010601909531007884
347	3123	-0.07365649938583374	0.0	0.0	2.9871957302093506	0.034808047115802765	33.43743133544922	33.34756088256836	0.7989816665649414	0.00010561479139194903
348	3132	-0.07523446530103683	0.0	0.0	3.2205331325531006	0.04376717656850815	34.57902145385742	34.49052047729492	0.8111376762390137	0.00010522401425771664
349	3141	-0.07211682200431824	0.0	0.0	2.1639883518218994	0.03868522867560387	33.919281005859375	33.81958770751953	0.7941097021102905	0.00010484684009015825
350	3150	-0.06862872838973999	0.0	0.0	3.3809659481048584	0.03969915211200714	34.392799377441406	34.29072952270508	0.7892776131629944	0.00010448334242012518
351	3159	-0.05821225047111511	0.0	0.0	2.7185864448547363	0.04015737399458885	35.68992233276367	35.59368133544922	0.7931170463562012	0.0001041335921122084
352	3168	-0.07679532468318939	0.0	0.0	3.202179193496704	0.03830583393573761	33.91672897338867	33.81905746459961	0.7927836775779724	0.00010379765735092345
353	3177	-0.08248165249824524	0.0	0.0	2.4023478031158447	0.052503254264593124	35.55512237548828	35.46500778198242	0.8042563199996948	0.00010347560362741766
354	3186	-0.08367079496383667	0.0	0.0	3.1731185913085938	0.06111699342727661	33.82128143310547	33.72430419921875	0.7919897437095642	0.00010316749372670254
355	3195	-0.059820570051670074	0.0	0.0	2.2858994007110596	0.06367337703704834	34.22732925415039	34.126502990722656	0.7881633639335632	0.00010287338771541373
356	3204	-0.06519442051649094	0.0	0.0	2.7391176223754883	0.05463340878486633	36.15388488769531	36.054466247558594	0.7956404685974121	0.00010259334293010086
357	3213	-0.06548100709915161	0.0	0.0	2.681434154510498	0.046921566128730774	33.288204193115234	33.18138885498047	0.7840476632118225	0.0001023274139660497
358	3222	-0.07971696555614471	0.0	0.0	4.161471366882324	0.054847732186317444	34.0555419921875	33.9483757019043	0.7892277240753174	0.00010207565266663873
359	3231	-0.09189677238464355	0.0	0.0	2.565251350402832	0.05521262437105179	34.1917839050293	34.09040069580078	0.8039483428001404	0.00010183810811323207
360	3240	-0.07829977571964264	0.0	0.0	2.5217649936676025	0.053493913263082504	33.31624221801758	33.2104606628418	0.8087801933288574	0.00010161482661561108
361	3249	-0.06199008971452713	0.0	0.0	3.909580707550049	0.05604962259531021	34.927268981933594	34.82847213745117	0.8018491864204407	0.00010140585170294615
362	3258	-0.08209595084190369	0.0	0.0	2.2907559871673584	0.05514834076166153	33.933616638183594	33.836002349853516	0.8025500178337097	0.00010121122411531057
363	3267	-0.07579527050256729	0.0	0.0	2.9682016372680664	0.059449877589941025	35.22959518432617	35.136837005615234	0.8046413064002991	0.00010103098179573815
364	3276	-0.08530732989311218	0.0	0.0	2.3548648357391357	0.04941454529762268	34.38649368286133	34.28987121582031	0.8031331300735474	0.00010086515988282625
365	3285	-0.08969998359680176	0.0	0.0	2.5199201107025146	0.04879153147339821	34.6537971496582	34.55821228027344	0.8077874779701233	0.00010071379070388535
366	3294	-0.06968679279088974	0.0	0.0	2.6645314693450928	0.05216671898961067	32.92033767700195	32.82147979736328	0.7924509048461914	0.00010057690376863677
367	3303	-0.08804584294557571	0.0	0.0	3.1474268436431885	0.05969339981675148	34.224853515625	34.12622833251953	0.7861379384994507	0.00010045452576345981
368	3312	-0.06828945130109787	0.0	0.0	4.23082971572876	0.063303641974926	34.0549201965332	33.95658874511719	0.7760588526725769	0.00010034668054618904
369	3321	-0.09133832156658173	0.0	0.0	3.00764536857605	0.06162291392683983	33.40093231201172	33.29410934448242	0.7693191766738892	0.00010025338914146325
370	3330	-0.09109451621770859	0.0	0.0	3.497650146484375	0.04736729711294174	34.41865158081055	34.316192626953125	0.7760130763053894	0.00010017466973662662
371	3339	-0.08337704837322235	0.0	0.0	2.6523571014404297	0.04544776678085327	33.438663482666016	33.33025360107422	0.776012659072876	0.00010011053767818313
372	3348	-0.07641015946865082	0.0	0.0	3.0015158653259277	0.05092083290219307	33.14545440673828	33.03708267211914	0.7680146098136902	0.00010006100546880462
373	3357	-0.0671887919306755	0.0	0.0	2.360067367553711	0.04716447740793228	33.99308395385742	33.87663269042969	0.7901122570037842	0.00010002608276489347
374	3366	-0.09160690754652023	0.0	0.0	2.543010711669922	0.050560642033815384	32.563377380371094	32.442508697509766	0.7938868403434753	0.00010000577637469998
375	3375	-0.06917411088943481	0.0	0.0	3.517089605331421	0.053300708532333374	34.95227813720703	34.843990325927734	0.7988227605819702	0.00010000009025699517
# Best epoch: 6
