# epoch	step	nll	ecut	ecut_viol	grad_norm	val_nll	val_ecut	val_ecut_viol	val_ress_zx	LR
1	9	0.07715722173452377	0.0	0.0	4.070155143737793	0.08838523924350739	43.893978118896484	43.776771545410156	0.7229896783828735	9.998436736952335e-05
2	18	0.0578269362449646	0.0	0.0	2.8606059551239014	0.045148566365242004	42.58112716674805	42.51948165893555	0.8137094378471375	9.993747935199788e-05
3	27	0.058272585272789	0.0	0.0	2.7963194847106934	0.06171588972210884	38.369041442871094	38.28679656982422	0.8085264563560486	9.985936556290039e-05
4	36	0.06531430035829544	0.0	0.0	3.018583059310913	0.05315591022372246	40.54707336425781	40.4595947265625	0.8106489777565002	9.975007534057437e-05
5	45	0.029556894674897194	0.0	0.0	2.483721971511841	0.049896564334630966	40.220367431640625	40.13041687011719	0.8068907856941223	9.960967771506667e-05
6	54	0.059755273163318634	0.0	0.0	3.141343116760254	0.0306214801967144	40.424808502197266	40.3663444519043	0.8212839961051941	9.943826136452675e-05
7	63	0.042716000229120255	0.0	0.0	2.8896336555480957	0.05152739956974983	37.289268493652344	37.222251892089844	0.8137670159339905	9.923593455919568e-05
8	72	0.03532010316848755	0.0	0.0	3.042445421218872	0.05715068429708481	37.7048454284668	37.626258850097656	0.8178110122680664	9.900282509302023e-05
9	81	0.02550848387181759	0.0	0.0	2.9446463584899902	0.05459573492407799	38.440853118896484	38.36552810668945	0.8082956075668335	9.873908020293559e-05
10	90	0.02129288576543331	0.0	0.0	2.7074248790740967	0.04260780289769173	38.14435958862305	38.08710479736328	0.8159791827201843	9.844486647586725e-05
11	99	0.04891055449843407	0.0	0.0	4.366940498352051	0.03645680099725723	37.902034759521484	37.828433990478516	0.7962258458137512	9.812036974351126e-05
12	108	0.029191279783844948	0.0	0.0	2.8740227222442627	0.03858860954642296	41.238006591796875	41.144596099853516	0.8050137758255005	9.776579496495883e-05
13	117	0.04752005264163017	0.0	0.0	3.1171669960021973	0.021984877064824104	39.896080017089844	39.82137680053711	0.8203856348991394	9.738136609723984e-05
14	126	0.03930487111210823	0.0	0.0	2.805495500564575	0.03361229971051216	38.69336700439453	38.633094787597656	0.829488217830658	9.696732595386677e-05
15	135	0.04586709663271904	0.0	0.0	2.3344597816467285	0.03439770266413689	40.135154724121094	40.062068939208984	0.815684974193573	9.652393605146844e-05
16	144	0.024796223267912865	0.0	0.0	2.7479355335235596	0.02988484688103199	39.00499725341797	38.943607330322266	0.8245086073875427	9.605147644461058e-05
17	153	0.04425591230392456	0.0	0.0	2.7127814292907715	0.03809620067477226	39.32485580444336	39.25877380371094	0.8235312104225159	9.555024554890728e-05
18	162	0.030102865770459175	0.0	0.0	2.756263256072998	0.02950092777609825	39.24056625366211	39.17947006225586	0.8255444765090942	9.502055995253536e-05
19	171	0.0352768711745739	0.0	0.0	2.532097578048706	0.02119615487754345	39.72869110107422	39.663116455078125	0.827414870262146	9.446275421627044e-05
20	180	0.03435724973678589	0.0	0.0	3.6100590229034424	0.028314832597970963	38.47462463378906	38.40762710571289	0.8128368854522705	9.387718066217123e-05
21	189	0.03648178651928902	0.0	0.0	2.4651451110839844	0.01619936153292656	37.367454528808594	37.314537048339844	0.8300412893295288	9.326420915104533e-05
22	198	0.022667352110147476	0.0	0.0	2.8578596115112305	0.025121331214904785	36.737464904785156	36.678428649902344	0.8184402585029602	9.262422684883724e-05
23	207	0.01971469260752201	0.0	0.0	2.402254104614258	0.019266700372099876	39.41337585449219	39.368289947509766	0.8263080716133118	9.195763798208601e-05
24	216	0.019623853266239166	0.0	0.0	3.107661724090576	0.03205326199531555	38.012733459472656	37.94477081298828	0.8181306719779968	9.126486358260714e-05
25	225	0.024001644924283028	0.0	0.0	2.5678749084472656	0.010150531306862831	38.483253479003906	38.42395782470703	0.8331784605979919	9.054634122155989e-05
26	234	0.024231918156147003	0.0	0.0	2.4179909229278564	0.017231564968824387	40.461612701416016	40.41270446777344	0.8329961895942688	8.980252473306783e-05
27	243	0.03638186678290367	0.0	0.0	3.0884525775909424	0.03380921483039856	40.34208679199219	40.2763786315918	0.8365645408630371	8.903388392756766e-05
28	252	0.016355790197849274	0.0	0.0	2.8367671966552734	0.030627401545643806	38.81829833984375	38.77014923095703	0.8293372392654419	8.824090429506665e-05
29	261	0.01844128407537937	0.0	0.0	2.3908233642578125	0.030903765931725502	38.719383239746094	38.66960906982422	0.837988018989563	8.742408669849701e-05
30	270	0.007161090616136789	0.0	0.0	2.5884437561035156	0.019493423402309418	36.82706832885742	36.77449417114258	0.853165864944458	8.658394705735986e-05
31	279	0.023541538044810295	0.0	0.0	2.402956962585449	0.02028471603989601	38.19651794433594	38.13547897338867	0.8396396040916443	8.572101602185962e-05
32	288	0.012031521648168564	0.0	0.0	3.1900596618652344	0.01624595746397972	40.24240493774414	40.17667007446289	0.8392167687416077	8.483583863773383e-05
33	297	0.01339953113347292	0.0	0.0	2.7850289344787598	0.022569458931684494	37.85463333129883	37.80766296386719	0.8373914361000061	8.392897400199069e-05
34	306	0.01983371563255787	0.0	0.0	2.9993085861206055	0.021114205941557884	39.183876037597656	39.14192199707031	0.8399224281311035	8.300099490977133e-05
35	315	0.004554123152047396	0.0	0.0	3.7820770740509033	0.017172230407595634	35.50761795043945	35.455970764160156	0.8431034088134766	8.205248749256013e-05
36	324	0.018404966220259666	0.0	0.0	2.7407801151275635	0.01501447707414627	37.718448638916016	37.66874313354492	0.8481281995773315	8.108405084797153e-05
37	333	0.011230709962546825	0.0	0.0	2.3655364513397217	0.022313492372632027	37.83395767211914	37.776939392089844	0.8446484804153442	8.009629666134718e-05
38	342	0.02644474245607853	0.0	0.0	2.4547173976898193	0.008082441054284573	36.06081008911133	36.010929107666016	0.8400575518608093	7.908984881940223e-05
39	351	0.019962482154369354	0.0	0.0	2.609647035598755	0.011509452946484089	36.8734245300293	36.81864929199219	0.8463351130485535	7.80653430161653e-05
40	360	0.015782399103045464	0.0	0.0	2.5666420459747314	-0.008502937853336334	37.24917221069336	37.20890808105469	0.8366400003433228	7.702342635146032e-05
41	369	0.009629962965846062	0.0	0.0	2.242110013961792	0.010435850359499454	38.00261306762695	37.95878601074219	0.84035724401474	7.596475692218458e-05
42	378	0.021718520671129227	0.0	0.0	2.7551140785217285	0.015100929886102676	35.511775970458984	35.466304779052734	0.8388293981552124	7.489000340664043e-05
43	387	0.002603828441351652	0.0	0.0	2.6221086978912354	0.0252042468637228	38.29247283935547	38.245079040527344	0.841931939125061	7.379984464218396e-05
44	396	0.014289508573710918	0.0	0.0	2.524505615234375	0.010104426182806492	37.73740005493164	37.70820999145508	0.8474087119102478	7.26949691964566e-05
45	405	-0.010563226416707039	0.0	0.0	1.8715091943740845	0.01944044977426529	38.03532028198242	37.97714614868164	0.8383639454841614	7.157607493247108e-05
46	414	0.008325304836034775	0.0	0.0	2.204906940460205	0.02112811803817749	38.65279769897461	38.60310363769531	0.838199257850647	7.04438685678263e-05
47	423	0.006542150862514973	0.0	0.0	2.468126058578491	0.009445386938750744	37.9085578918457	37.86709213256836	0.847267746925354	6.929906522832916e-05
48	432	-0.006570308934897184	0.0	0.0	2.9598238468170166	0.007708547171205282	36.808563232421875	36.754295349121094	0.8403441905975342	6.81423879963059e-05
49	441	0.013910826295614243	0.0	0.0	2.8489606380462646	0.007381505332887173	37.93653869628906	37.8917121887207	0.8527711033821106	6.697456745388783e-05
50	450	-0.0018687444971874356	0.0	0.0	2.1300246715545654	0.0019315921235829592	36.82523727416992	36.76323699951172	0.8500674366950989	6.579634122155988e-05
51	459	-0.0052200863137841225	0.0	0.0	2.6369173526763916	0.01347075030207634	38.07155990600586	38.03355026245117	0.8447467684745789	6.46084534922638e-05
52	468	0.014718884602189064	0.0	0.0	2.423328161239624	-0.007742549758404493	36.9278678894043	36.868473052978516	0.8458453416824341	6.341165456134987e-05
53	477	-0.00034688354935497046	0.0	0.0	2.489401340484619	-0.0065374067053198814	37.08401870727539	37.0516357421875	0.8566519618034363	6.220670035267437e-05
54	486	0.021445978432893753	0.0	0.0	2.4976723194122314	0.0034363307058811188	36.210899353027344	36.16416931152344	0.8519815802574158	6.09943519411417e-05
55	495	-0.003648489248007536	0.0	0.0	2.3636584281921387	0.008767180144786835	37.67572021484375	37.634883880615234	0.8536586761474609	5.977537507199336e-05
56	504	0.008784166537225246	0.0	0.0	2.8866190910339355	0.013370758853852749	37.84127426147461	37.80192947387695	0.8519838452339172	5.855053967714673e-05
57	513	-0.007613546680659056	0.0	0.0	1.9651269912719727	0.010352371260523796	36.67979049682617	36.63964080810547	0.8471696972846985	5.732061938888958e-05
58	522	0.006721079349517822	0.0	0.0	2.286885976791382	-0.0032646595500409603	37.46580505371094	37.43760299682617	0.8581328392028809	5.608639105123732e-05
59	531	-0.008867605589330196	0.0	0.0	2.57680082321167	-0.00692682433873415	35.231956481933594	35.187564849853516	0.8519651293754578	5.484863422926178e-05
60	540	-0.004610611125826836	0.0	0.0	2.087381362915039	0.00012570309627335519	38.01597595214844	37.97669219970703	0.8606754541397095	5.3608130716701e-05
61	549	-0.007873021066188812	0.0	0.0	2.9862327575683594	0.002405217383056879	35.96354293823242	35.9172477722168	0.8581198453903198	5.236566404216174e-05
62	558	-0.007581260055303574	0.0	0.0	2.5999977588653564	0.0053002131171524525	37.13311767578125	37.09300231933594	0.8610487580299377	5.112201897422595e-05
63	567	-0.002813204424455762	0.0	0.0	1.9826198816299438	0.006318196654319763	35.92030715942383	35.8754768371582	0.8639711737632751	4.9877981025774034e-05
64	576	0.0066038090735673904	0.0	0.0	2.3000996112823486	-0.0026877548079937696	37.04051208496094	36.997066497802734	0.8602127432823181	4.863433595783823e-05
65	585	-0.027412381023168564	0.0	0.0	2.649122476577759	0.008819947950541973	37.10834503173828	37.0633544921875	0.8515846729278564	4.7391869283298997e-05
66	594	-0.011784743517637253	0.0	0.0	2.494380474090576	0.006885496433824301	38.200965881347656	38.15647888183594	0.8594644665718079	4.615136577073821e-05
67	603	-0.010066010057926178	0.0	0.0	2.6707448959350586	0.009592949412763119	36.796356201171875	36.74609375	0.8596629500389099	4.4913608948762646e-05
68	612	-0.01538076438009739	0.0	0.0	2.9448909759521484	0.0007305829785764217	36.73408508300781	36.675331115722656	0.8632243275642395	4.367938061111041e-05
69	621	-0.029315941035747528	0.0	0.0	2.2995121479034424	-0.0051706270314753056	37.136409759521484	37.0844841003418	0.8639227151870728	4.244946032285325e-05
70	630	-0.001984913367778063	0.0	0.0	3.863466739654541	-0.012309537269175053	37.34231185913086	37.303321838378906	0.86818927526474	4.1224624928006624e-05
71	639	-0.019952978938817978	0.0	0.0	3.075686454772949	-0.0047922260127961636	36.7547607421875	36.70988464355469	0.857860267162323	4.0005648058858287e-05
72	648	0.0006158796604722738	0.0	0.0	2.204406261444092	0.0018059521680697799	36.532752990722656	36.497371673583984	0.8660588264465332	3.8793299647325615e-05
73	657	-0.018142135813832283	0.0	0.0	2.657197952270508	-0.000993782072328031	35.475120544433594	35.43022918701172	0.8652603030204773	3.758834543865009e-05
74	666	-0.006347524467855692	0.0	0.0	2.367607355117798	0.0011348893167451024	39.74535369873047	39.713661193847656	0.872775137424469	3.639154650773617e-05
75	675	-0.015679582953453064	0.0	0.0	2.7347183227539062	-0.004017448518425226	36.07497024536133	36.028446197509766	0.8645250797271729	3.52036587784401e-05
76	684	-0.015188761986792088	0.0	0.0	2.3116562366485596	-0.006193927489221096	37.12702941894531	37.07856750488281	0.8676455020904541	3.4025432546112155e-05
77	693	-0.009401638060808182	0.0	0.0	1.9527339935302734	-0.012172102928161621	37.473876953125	37.44040298461914	0.8755406737327576	3.285761200369408e-05
78	702	-0.01946091093122959	0.0	0.0	2.5034916400909424	-0.005471652839332819	35.819740295410156	35.782657623291016	0.8673588037490845	3.170093477167084e-05
79	711	-0.02406761236488819	0.0	0.0	1.994277000427246	-0.012100358493626118	37.805355072021484	37.777565002441406	0.8759617805480957	3.055613143217369e-05
80	720	-0.013724913820624352	0.0	0.0	2.0689635276794434	-0.0091420728713274	36.22959518432617	36.20576095581055	0.8709722757339478	2.9423925067528895e-05
81	729	-0.014502344653010368	0.0	0.0	2.811293601989746	-0.006875528488308191	35.37773895263672	35.344276428222656	0.8721833229064941	2.8305030803543406e-05
82	738	-0.01614251360297203	0.0	0.0	2.5592849254608154	-0.010853064246475697	37.079952239990234	37.04960250854492	0.872100830078125	2.720015535781605e-05
83	747	-0.014548201113939285	0.0	0.0	2.1191625595092773	-0.014295949600636959	36.36082458496094	36.3302001953125	0.8699524998664856	2.610999659335955e-05
84	756	-0.022260090336203575	0.0	0.0	2.0626864433288574	-0.0128923449665308	36.61342239379883	36.58097839355469	0.8744258880615234	2.503524307781542e-05
85	765	-0.02457878179848194	0.0	0.0	2.0695269107818604	-0.011346852406859398	36.84147644042969	36.80726623535156	0.8767796754837036	2.397657364853967e-05
86	774	-0.010786496102809906	0.0	0.0	2.363509178161621	-0.003639321541413665	35.5081901550293	35.46759796142578	0.869360625743866	2.2934656983834683e-05
87	783	-0.01874864287674427	0.0	0.0	2.3461122512817383	-0.0016064692754298449	36.72694778442383	36.69742202758789	0.8739002346992493	2.1910151180597756e-05
88	792	-0.024090055376291275	0.0	0.0	2.1406054496765137	0.00010886765085160732	37.529014587402344	37.50693893432617	0.8761552572250366	2.0903703338652828e-05
89	801	-0.022723928093910217	0.0	0.0	1.843184471130371	-0.004575611557811499	36.96525192260742	36.93208694458008	0.8767553567886353	1.9915949152028436e-05
90	810	-0.010736300610005856	0.0	0.0	2.0510470867156982	-0.0036013328935950994	35.6736946105957	35.63552474975586	0.8743293285369873	1.8947512507439855e-05
91	819	-0.022220030426979065	0.0	0.0	2.219804286956787	-0.004027641844004393	35.449440002441406	35.40959548950195	0.8758411407470703	1.7999005090228662e-05
92	828	-0.023882949724793434	0.0	0.0	2.6092708110809326	-0.006418141536414623	36.37363052368164	36.33635711669922	0.8757297396659851	1.7071025998009287e-05
93	837	-0.034046754240989685	0.0	0.0	2.2584750652313232	-0.008541991002857685	36.04343795776367	36.0088996887207	0.8758388757705688	1.616416136226616e-05
94	846	-0.03487367182970047	0.0	0.0	2.7815356254577637	-0.005436704494059086	36.329559326171875	36.29689407348633	0.8760457634925842	1.5278983978140374e-05
95	855	-0.03123999945819378	0.0	0.0	2.35432505607605	-0.006213534157723188	36.800819396972656	36.762874603271484	0.8759424686431885	1.441605294264012e-05
96	864	-0.02529526688158512	0.0	0.0	2.2605600357055664	-0.011282799765467644	36.904029846191406	36.868141174316406	0.8769311308860779	1.3575913301502984e-05
97	873	-0.03912530839443207	0.0	0.0	2.550635814666748	-0.010474946349859238	36.74308776855469	36.70869064331055	0.8767102956771851	1.2759095704933339e-05
98	882	-0.010140564292669296	0.0	0.0	2.376861333847046	-0.007296671159565449	36.404449462890625	36.3702507019043	0.8748394250869751	1.1966116072432343e-05
99	891	-0.022551605477929115	0.0	0.0	2.5626468658447266	-0.01054389774799347	36.207542419433594	36.17271423339844	0.8762931227684021	1.1197475266932148e-05
100	900	-0.024219747632741928	0.0	0.0	2.1908648014068604	-0.013969331979751587	36.36722183227539	36.33393859863281	0.8792502880096436	1.0453658778440105e-05
101	909	-0.022042782977223396	0.0	0.0	2.2942326068878174	-0.01319202221930027	36.89686584472656	36.86491394042969	0.8814375400543213	9.73513641739284e-06
102	918	-0.02107832580804825	0.0	0.0	1.917551875114441	-0.012107248418033123	36.19171905517578	36.157318115234375	0.8774150013923645	9.042362017913987e-06
103	927	-0.023504316806793213	0.0	0.0	1.9337080717086792	-0.010611164383590221	35.91508865356445	35.880855560302734	0.877751886844635	8.375773151162758e-06
104	936	-0.03141941502690315	0.0	0.0	1.9124014377593994	-0.011154364794492722	35.964046478271484	35.931640625	0.8793458938598633	7.735790848954642e-06
105	945	-0.02343401126563549	0.0	0.0	2.212961196899414	-0.012052700854837894	36.471885681152344	36.44155502319336	0.8802808523178101	7.122819337828751e-06
106	954	-0.025271128863096237	0.0	0.0	2.8863160610198975	-0.013798335567116737	36.65678787231445	36.626163482666016	0.8813181519508362	6.537245783729547e-06
107	963	-0.029058540239930153	0.0	0.0	2.0233426094055176	-0.014749014750123024	35.94183349609375	35.9078369140625	0.8803807497024536	5.979440047464631e-06
108	972	-0.03137510269880295	0.0	0.0	1.7732813358306885	-0.014399121515452862	35.789222717285156	35.755531311035156	0.8816810846328735	5.449754451092714e-06
109	981	-0.03419766202569008	0.0	0.0	2.7539916038513184	-0.01353380549699068	35.60620880126953	35.57394027709961	0.8807008862495422	4.948523555389426e-06
110	990	-0.03358845412731171	0.0	0.0	2.1207354068756104	-0.013365546241402626	35.54983139038086	35.517906188964844	0.8809337019920349	4.476063948531552e-06
111	999	-0.03251940757036209	0.0	0.0	2.6274142265319824	-0.013628567568957806	35.800445556640625	35.769283294677734	0.8809192180633545	4.032674046133233e-06
112	1008	-0.02430267073214054	0.0	0.0	1.837019681930542	-0.01367140281945467	36.14054489135742	36.110130310058594	0.8812984228134155	3.6186339027601603e-06
113	1017	-0.02206948958337307	0.0	0.0	2.1541991233825684	-0.013195152394473553	36.253761291503906	36.22319030761719	0.8817543387413025	3.2342050350411743e-06
114	1026	-0.032289985567331314	0.0	0.0	1.9856971502304077	-0.012885818257927895	36.24321746826172	36.21221160888672	0.8813198208808899	2.8796302564887524e-06
115	1035	-0.027625935152173042	0.0	0.0	1.8087061643600464	-0.013358823955059052	36.17844772338867	36.14706039428711	0.8819593787193298	2.555133524132762e-06
116	1044	-0.028875134885311127	0.0	0.0	2.126268148422241	-0.014147276058793068	36.13048553466797	36.099063873291016	0.8819242119789124	2.2609197970644274e-06
117	1053	-0.030946537852287292	0.0	0.0	2.0751683712005615	-0.014714514836668968	36.276729583740234	36.246002197265625	0.8825058341026306	1.9971749069797807e-06
118	1062	-0.02832229807972908	0.0	0.0	2.255267381668091	-0.01457290444523096	36.32414245605469	36.29352569580078	0.8828127980232239	1.7640654408043363e-06
119	1071	-0.029491333290934563	0.0	0.0	2.5429649353027344	-0.014528004452586174	36.359947204589844	36.32936096191406	0.8831489682197571	1.5617386354732596e-06
120	1080	-0.027183491736650467	0.0	0.0	1.9992973804473877	-0.014600645750761032	36.28290557861328	36.25202560424805	0.8832236528396606	1.3903222849333507e-06
121	1089	-0.03257964923977852	0.0	0.0	1.8518576622009277	-0.015082390047609806	36.23607635498047	36.20545196533203	0.8834302425384521	1.2499246594256413e-06
122	1098	-0.03850851580500603	0.0	0.0	1.8930059671401978	-0.015429455786943436	36.304298400878906	36.274322509765625	0.8839583396911621	1.1406344370996102e-06
123	1107	-0.03605967015028	0.0	0.0	2.097107172012329	-0.015792882069945335	36.42604064941406	36.39664077758789	0.8834643959999084	1.0625206480021353e-06
124	1116	-0.0330672487616539	0.0	0.0	2.2017250061035156	-0.01591736637055874	36.46222686767578	36.433021545410156	0.883646547794342	1.015632630476653e-06
125	1125	-0.02707677148282528	0.0	0.0	2.5716159343719482	-0.016123902052640915	36.42484664916992	36.395572662353516	0.8836314678192139	1e-06
# Best epoch: 122
