# epoch	step	nll	ecut	ecut_viol	grad_norm	val_nll	val_ecut	val_ecut_viol	val_ress_zx	LR
1	27	-6.376883506774902	0.0	0.0	29.43180274963379	-6.386348724365234	1627.714111328125	1626.923828125	0.0	1.0237143666892609e-05
2	54	-9.56501579284668	0.0	0.0	18.24617576599121	-9.548197746276855	1577.8284912109375	1575.3504638671875	0.0	1.094763738225795e-05
3	81	-11.93161392211914	0.0	0.0	24.052764892578125	-11.881019592285156	1559.249755859375	1555.2410888671875	0.0	1.2128672994680007e-05
4	108	-14.517566680908203	0.0	0.0	110.35063171386719	-14.458613395690918	1557.463623046875	1551.7537841796875	0.0	1.3775582585561007e-05
5	135	-17.04889488220215	0.0	0.0	71.67436981201172	-17.219778060913086	1553.109619140625	1544.329345703125	0.0	1.588185691857728e-05
6	162	-19.479122161865234	0.0	0.0	78.91890716552734	-19.563093185424805	1544.306640625	1531.300048828125	0.0	1.8439171166748666e-05
7	189	-21.126235961914062	0.0	0.0	139.86990356445312	-21.267841339111328	1518.2191162109375	1501.451171875	0.0	2.143741781543827e-05
8	216	-22.600467681884766	0.0	0.0	42.633697509765625	-22.48171615600586	1471.18701171875	1451.6875	0.0	2.4864746611237527e-05
9	243	-23.366588592529297	0.0	0.0	214.91664123535156	-23.453487396240234	1422.5556640625	1401.2333984375	0.0	2.870761139884165e-05
10	270	-24.29047203063965	0.0	0.0	75.39045715332031	-24.373374938964844	1366.2578125	1343.671875	0.0	3.295082366079895e-05
11	297	-25.248138427734375	0.0	0.0	80.99329376220703	-25.169986724853516	1301.4613037109375	1277.5511474609375	0.0007640961557626724	3.7577612548522684e-05
12	324	-25.746620178222656	0.0	0.0	161.3662872314453	-25.802383422851562	1251.61669921875	1227.1337890625	0.0010192644549533725	4.256969116729994e-05
13	351	-26.35956573486328	0.0	0.0	166.63819885253906	-26.038177490234375	1222.5498046875	1197.156982421875	0.0017548872856423259	4.790732885331288e-05
14	378	-26.730337142944336	0.0	0.0	276.41424560546875	-26.552349090576172	1190.296142578125	1164.7255859375	0.0015903314342722297	5.356942915700472e-05
15	405	-26.6448974609375	0.0	0.0	289.6882019042969	-27.122753143310547	1179.0048828125	1152.0184326171875	0.0020561213605105877	5.953361322456993e-05
16	432	-27.60638999938965	0.0	0.0	275.1480712890625	-27.862056732177734	1148.974365234375	1121.4697265625	0.0031493916176259518	6.577630824801178e-05
17	459	-28.18852996826172	0.0	0.0	119.46946716308594	-28.014196395874023	1130.79248046875	1103.050048828125	0.004143538419157267	7.227284063417776e-05
18	486	-26.83070945739746	0.0	0.0	343.7240295410156	-27.81519889831543	1101.41943359375	1073.681396484375	0.0027553727850317955	7.899753352453215e-05
19	513	-27.079853057861328	0.0	0.0	348.13299560546875	-27.56075668334961	1120.272705078125	1092.88671875	0.0031308550387620926	8.592380828022916e-05
20	540	-28.306432723999023	0.0	0.0	329.0506896972656	-28.28436279296875	1086.845947265625	1058.748046875	0.006020902656018734	9.302428953137767e-05
21	567	-28.84407615661621	0.0	0.0	160.39907836914062	-28.898948669433594	1054.844482421875	1026.306640625	0.007843307219445705	0.00010027091337530103
22	594	-27.582672119140625	0.0	0.0	156.67019653320312	-28.2533016204834	1062.906005859375	1035.161376953125	0.003946801647543907	0.00010763503829615015
23	621	-28.46853256225586	0.0	0.0	355.1527099609375	-28.287105560302734	1061.3115234375	1032.600830078125	0.00550862867385149	0.00011508755836747201
24	648	-28.282543182373047	0.0	0.0	142.0126495361328	-27.93158721923828	1053.314453125	1025.8370361328125	0.002641832921653986	0.00012259901829031155
25	675	-28.37069320678711	0.0	0.0	229.70291137695312	-28.474853515625	1061.730712890625	1033.754638671875	0.005174078978598118	0.00013013972981217172
26	702	-28.962438583374023	0.0	0.0	173.75045776367188	-28.926349639892578	1020.4686889648438	991.7811279296875	0.00802018865942955	0.00013767988906669806
27	729	-28.361316680908203	0.0	0.0	169.4953155517578	-28.687938690185547	997.8944091796875	968.907958984375	0.007356544490903616	0.0001451896943703143
28	756	-28.91023826599121	0.0	0.0	334.1762390136719	-28.595197677612305	945.6195068359375	917.1154174804688	0.005086422432214022	0.00015263946401023132
29	783	-28.288061141967773	0.0	0.0	207.78411865234375	-27.997047424316406	958.8158569335938	930.56787109375	0.0036696854513138533	0.00015999975355828383
30	810	-28.779722213745117	0.0	0.0	251.03173828125	-28.43804168701172	943.0902709960938	914.853271484375	0.00533295888453722	0.00016724147224692488
31	837	-28.3978271484375	0.0	0.0	456.7383728027344	-28.77556610107422	885.0390625	856.650390625	0.007432122714817524	0.00017433599794741407
32	864	-28.36290740966797	0.0	0.0	320.95947265625	-28.395261764526367	889.00439453125	860.7501831054688	0.005393709987401962	0.00018125529029576
33	891	-28.725589752197266	0.0	0.0	106.28643035888672	-28.376541137695312	840.0167846679688	811.7279663085938	0.0034441095776855946	0.00018797200151929956
34	918	-28.94240951538086	0.0	0.0	239.65847778320312	-29.247802734375	859.5580444335938	830.6048583984375	0.008886577561497688	0.00019445958452588268
35	945	-29.03377914428711	0.0	0.0	148.52188110351562	-29.119182586669922	843.327880859375	814.0589599609375	0.007619414012879133	0.00020069239782845172
36	972	-28.95216941833496	0.0	0.0	167.57571411132812	-29.195419311523438	802.4368896484375	773.2432861328125	0.0042799087241292	0.00020664580689031296
37	999	-29.65361785888672	0.0	0.0	196.4593963623047	-29.333660125732422	782.2301025390625	751.1636962890625	0.009608563035726547	0.00021229628149054233
38	1026	-29.596385955810547	0.0	0.0	146.16165161132812	-29.656448364257812	770.9542846679688	740.78515625	0.015120260417461395	0.0002176214887247001
39	1053	-28.78888511657715	0.0	0.0	138.18161010742188	-28.950035095214844	785.154296875	756.4892578125	0.008091464638710022	0.0002226003812732785
40	1080	-27.528106689453125	0.0	0.0	414.7118835449219	-27.99462890625	809.5299682617188	782.144775390625	0.003276172559708357	0.00022721328058901023
41	1107	-29.452857971191406	0.0	0.0	227.71505737304688	-29.955196380615234	756.232177734375	726.140625	0.014030223712325096	0.0002314419546742497
42	1134	-29.447240829467773	0.0	0.0	203.56442260742188	-29.61359214782715	741.4210205078125	712.5475463867188	0.015060010366141796	0.0002352696901410191
43	1161	-29.118148803710938	0.0	0.0	259.70416259765625	-28.85969352722168	765.022216796875	735.7045288085938	0.008814326487481594	0.00023868135826891025
44	1188	-28.44390869140625	0.0	0.0	320.24713134765625	-28.399776458740234	756.0358276367188	725.4110107421875	0.005923268385231495	0.0002416634747997555
45	1215	-30.033430099487305	0.0	0.0	195.0182342529297	-30.171615600585938	684.8712768554688	654.1866455078125	0.016172371804714203	0.0002442042532327343
46	1242	-29.408971786499023	0.0	0.0	171.28375244140625	-29.129730224609375	691.3927612304688	660.9693603515625	0.005804937332868576	0.0002462936514092741
47	1269	-29.836164474487305	0.0	0.0	105.08267974853516	-29.91785430908203	679.6412353515625	649.1962280273438	0.02636880800127983	0.0002479234112036218
48	1296	-29.290945053100586	0.0	0.0	226.5150604248047	-29.150175094604492	710.9862670898438	682.0714111328125	0.005736037623137236	0.0002490870911622143
49	1323	-29.878524780273438	0.0	0.0	228.3977508544922	-29.760719299316406	662.09912109375	631.9949951171875	0.013584456406533718	0.00024978009196284376
50	1350	-28.758102416992188	0.0	0.0	319.5732421875	-29.718502044677734	642.114501953125	611.594482421875	0.02197084203362465	0.0002499999097430048
51	1377	-29.744792938232422	0.0	0.0	204.62014770507812	-29.811201095581055	638.51904296875	608.1807861328125	0.015710745006799698	0.0002499292496279845
52	1404	-29.749542236328125	0.0	0.0	205.18898010253906	-29.95849609375	630.6063232421875	600.279296875	0.020104341208934784	0.00024972713814798653
53	1431	-30.668746948242188	0.0	0.0	61.45670700073242	-30.627729415893555	593.7589111328125	562.1266479492188	0.026026470586657524	0.0002493939298752249
54	1458	-30.2393798828125	0.0	0.0	234.08999633789062	-30.023998260498047	613.3515625	582.0265502929688	0.028863251209259033	0.0002489302093702348
55	1485	-30.318737030029297	0.0	0.0	155.96261596679688	-30.424144744873047	634.22216796875	603.694580078125	0.028621060773730278	0.0002483367901563554
56	1512	-30.522184371948242	0.0	0.0	79.50969696044922	-30.520061492919922	574.0872802734375	542.6663818359375	0.022848306223750114	0.000247614713292533
57	1539	-30.571712493896484	0.0	0.0	208.38272094726562	-30.288982391357422	572.8944091796875	540.898681640625	0.029614008963108063	0.0002467652455469501
58	1566	-30.779090881347656	0.0	0.0	81.69223022460938	-30.174497604370117	545.78271484375	513.5460205078125	0.020722027868032455	0.0002457898771746836
59	1593	-30.410490036010742	0.0	0.0	174.86990356445312	-30.37282371520996	599.8679809570312	568.7220458984375	0.0153932124376297	0.0002446903193032908
60	1620	-30.526424407958984	0.0	0.0	169.52093505859375	-30.325496673583984	587.4089965820312	556.1688842773438	0.012833302840590477	0.00024346850093091035
61	1647	-30.435321807861328	0.0	0.0	134.53280639648438	-30.323204040527344	581.6322021484375	549.6813354492188	0.02855699323117733	0.00024212656554214415
62	1674	-30.20819664001465	0.0	0.0	181.03778076171875	-30.053558349609375	582.2992553710938	551.1986694335938	0.02054601162672043	0.0002406668673476568
63	1701	-30.348615646362305	0.0	0.0	168.2834930419922	-30.317413330078125	569.9049072265625	537.9743041992188	0.018601909279823303	0.00023909196715409025
64	1728	-29.772254943847656	0.0	0.0	155.66030883789062	-30.229305267333984	572.2974853515625	541.0361938476562	0.020363502204418182	0.0002374046278715386
65	1755	-30.654743194580078	0.0	0.0	118.64306640625	-30.57509422302246	565.8609619140625	534.470947265625	0.03436810523271561	0.0002356078096664652
66	1782	-29.909820556640625	0.0	0.0	203.91651916503906	-30.25429344177246	569.1055908203125	537.6534423828125	0.019274994730949402	0.0002337046647685648
67	1809	-30.582927703857422	0.0	0.0	130.66500854492188	-30.77918815612793	540.788330078125	509.0446472167969	0.030150314792990685	0.00023169853194068108
68	1836	-30.711952209472656	0.0	0.0	129.84304809570312	-30.69099998474121	528.4058837890625	496.27288818359375	0.023015914484858513	0.0002295929306214829
69	1863	-30.911296844482422	0.0	0.0	86.82937622070312	-30.86251449584961	554.6506958007812	522.5638427734375	0.02249212935566902	0.0002273915547511721
70	1890	-30.3065242767334	0.0	0.0	158.921875	-30.16851806640625	540.9033203125	509.65960693359375	0.021348707377910614	0.00022509826629105785
71	1917	-30.370895385742188	0.0	0.0	118.1624984741211	-30.831945419311523	532.8335571289062	501.35113525390625	0.010137747973203659	0.0002227170884483638
72	1944	-30.01810073852539	0.0	0.0	278.8597106933594	-29.932781219482422	556.93798828125	525.90966796875	0.03019869327545166	0.0002202521986181557
73	1971	-30.485074996948242	0.0	0.0	317.95758056640625	-30.24793243408203	535.948974609375	504.40374755859375	0.036679867655038834	0.00021770792105477095
74	1998	-30.614234924316406	0.0	0.0	172.098876953125	-30.117504119873047	532.6357421875	500.83251953125	0.026274455711245537	0.00021508871928560704
75	2025	-30.44968032836914	0.0	0.0	121.4659652709961	-30.737335205078125	508.88909912109375	477.0205078125	0.036411140114068985	0.00021239918828057787
76	2052	-29.872722625732422	0.0	0.0	198.89279174804688	-29.971960067749023	532.3246459960938	500.4956970214844	0.019969996064901352	0.00020964404639097492
77	2079	-30.52118492126465	0.0	0.0	158.70339965820312	-30.617698669433594	531.0595092773438	499.61248779296875	0.011412187479436398	0.00020682812707187618
78	2106	-30.622150421142578	0.0	0.0	140.17333984375	-29.391429901123047	514.5810546875	483.0817565917969	0.019773434847593307	0.0002039563704026231
79	2133	-29.927974700927734	0.0	0.0	209.15460205078125	-30.18472671508789	548.0975952148438	516.8021850585938	0.01575387641787529	0.00020103381442024303
80	2160	-30.2711238861084	0.0	0.0	148.72711181640625	-30.512737274169922	536.0885620117188	505.09375	0.013602262362837791	0.0001980655862810203
81	2187	-30.798940658569336	0.0	0.0	283.7590026855469	-30.528213500976562	501.7369079589844	469.8319091796875	0.03094390779733658	0.00019505689326572176
82	2214	-30.270790100097656	0.0	0.0	152.70814514160156	-30.75984001159668	496.6539001464844	465.3636169433594	0.0326399952173233	0.00019201301364425705
83	2241	-30.60744285583496	0.0	0.0	248.9613494873047	-29.5882625579834	492.02069091796875	460.2565612792969	0.015909284353256226	0.0001889392874157994
84	2268	-30.52198600769043	0.0	0.0	235.228515625	-30.51618003845215	544.7100830078125	513.1680908203125	0.02760937809944153	0.00018584110694061274
85	2295	-30.526813507080078	0.0	0.0	147.4345703125	-30.5354061126709	481.75634765625	449.7249755859375	0.0052180420607328415	0.00018272390748001933
86	2322	-30.833023071289062	0.0	0.0	132.30303955078125	-30.836074829101562	496.0284118652344	464.615478515625	0.021717485040426254	0.00017959315766110463
87	2349	-31.11611557006836	0.0	0.0	83.65914916992188	-31.185161590576172	454.3898620605469	421.9920349121094	0.0426056832075119	0.00017645434988288684
88	2376	-31.192913055419922	0.0	0.0	237.630859375	-30.93263816833496	455.07708740234375	422.3855895996094	0.047038670629262924	0.00017331299068078308
89	2403	-31.096683502197266	0.0	0.0	109.43341064453125	-31.091968536376953	445.80572509765625	413.34417724609375	0.05618312209844589	0.00017017459106627485
90	2430	-31.130550384521484	0.0	0.0	146.69601440429688	-31.20836639404297	436.02288818359375	403.13812255859375	0.04255729913711548	0.00016704465685872134
91	2457	-31.39691162109375	0.0	0.0	105.62767791748047	-31.443958282470703	413.01055908203125	380.43597412109375	0.03547772020101547	0.0001639286790262814
92	2484	-31.34772300720215	0.0	0.0	98.48268127441406	-31.42573356628418	412.4002380371094	379.8915710449219	0.027957569807767868	0.0001608321240528895
93	2511	-30.94007682800293	0.0	0.0	87.14523315429688	-31.301382064819336	442.8988037109375	410.2127380371094	0.04810996353626251	0.00015776042434818542
94	2538	-31.055572509765625	0.0	0.0	115.92752075195312	-31.107379913330078	419.9164733886719	387.07958984375	0.039210639894008636	0.00015471896871722181
95	2565	-31.29656982421875	0.0	0.0	229.25404357910156	-31.214210510253906	403.12640380859375	370.477783203125	0.05003809183835983	0.00015171309290666892
96	2592	-31.480815887451172	0.0	0.0	51.020782470703125	-31.47980308532715	387.5004577636719	354.7893981933594	0.0391656830906868	0.00014874807024410196
97	2619	-31.529338836669922	0.0	0.0	126.53807830810547	-31.379352569580078	371.1119079589844	338.0377502441406	0.050560109317302704	0.00014582910238679245
98	2646	-31.681259155273438	0.0	0.0	71.05512237548828	-31.736419677734375	366.4107666015625	333.30072021484375	0.06705476343631744	0.0001429613101962342
99	2673	-31.671890258789062	0.0	0.0	263.6380615234375	-31.72231674194336	342.8925476074219	309.2842712402344	0.016734182834625244	0.00014014972475441165
100	2700	-31.324934005737305	0.0	0.0	172.6543731689453	-31.528427124023438	350.0541687011719	316.87115478515625	0.08447157591581345	0.000137399278537573
101	2727	-31.59070587158203	0.0	0.0	79.67317199707031	-31.601917266845703	357.85052490234375	324.32611083984375	0.0646369457244873	0.00013471479676299046
102	2754	-31.861995697021484	0.0	0.0	129.55238342285156	-31.76693344116211	350.71417236328125	317.41839599609375	0.10325729846954346	0.00013210098892388962
103	2781	-31.7157039642334	0.0	0.0	219.7174072265625	-31.59852409362793	325.4733581542969	291.91796875	0.07206223905086517	0.00012956244052739826
104	2808	-31.65079116821289	0.0	0.0	187.7183074951172	-31.678787231445312	321.256103515625	287.5159912109375	0.05076085776090622	0.00012710360505000827
105	2835	-31.991125106811523	0.0	0.0	153.40684509277344	-31.909500122070312	309.6239318847656	276.0669250488281	0.09855721890926361	0.00012472879612466492
106	2862	-32.23893356323242	0.0	0.0	71.11491394042969	-32.14454650878906	294.9278564453125	260.7904968261719	0.1210591048002243	0.00012244217997318878
107	2889	-32.043434143066406	0.0	0.0	121.47686004638672	-32.18330383300781	300.0014343261719	266.10504150390625	0.08521096408367157	0.00012024776809730691
108	2916	-32.12500762939453	0.0	0.0	86.30804443359375	-32.128387451171875	284.7380065917969	250.64599609375	0.13512447476387024	0.00011814941024111579
109	2943	-32.261871337890625	0.0	0.0	76.21295928955078	-32.25752258300781	287.4889831542969	252.9749755859375	0.0729946419596672	0.00011615078763732197
110	2970	-31.96005630493164	0.0	0.0	134.41744995117188	-32.088340759277344	291.61248779296875	257.76239013671875	0.13237759470939636	0.000114255406549109
111	2997	-31.932876586914062	0.0	0.0	94.56050872802734	-32.233619689941406	295.31591796875	261.0517578125	0.08534929156303406	0.00011246659211896043
112	3024	-32.25599670410156	0.0	0.0	117.00312805175781	-32.305171966552734	268.806396484375	234.36038208007812	0.14846333861351013	0.00011078748253523003
113	3051	-32.27003479003906	0.0	0.0	92.52765655517578	-32.28441619873047	260.8824462890625	226.48251342773438	0.15895554423332214	0.00010922102352669286
114	3078	-32.31902313232422	0.0	0.0	71.07219696044922	-32.3697395324707	261.5465393066406	227.11178588867188	0.10181339085102081	0.00010776996319473627
115	3105	-32.34770965576172	0.0	0.0	69.9019775390625	-32.271568298339844	255.03012084960938	220.43515014648438	0.16038618981838226	0.00010643684719225612
116	3132	-32.35131072998047	0.0	0.0	155.7770538330078	-32.27157974243164	261.51959228515625	227.12095642089844	0.15705087780952454	0.00010522401425771664
117	3159	-32.242340087890625	0.0	0.0	78.17235565185547	-32.380027770996094	268.64141845703125	234.0660400390625	0.14067474007606506	0.0001041335921122084
118	3186	-32.41387176513672	0.0	0.0	70.32484436035156	-32.35354232788086	254.02767944335938	219.26071166992188	0.10706180334091187	0.00010316749372670254
119	3213	-32.39207458496094	0.0	0.0	59.610408782958984	-32.42634201049805	254.29742431640625	219.36790466308594	0.08578462898731232	0.0001023274139660497
120	3240	-32.295166015625	0.0	0.0	140.91603088378906	-32.31803512573242	252.76193237304688	218.0574188232422	0.0883307084441185	0.00010161482661561108
121	3267	-32.374595642089844	0.0	0.0	142.92575073242188	-32.31636428833008	246.1920623779297	211.6168670654297	0.1506069004535675	0.00010103098179573815
122	3294	-32.50177001953125	0.0	0.0	75.36923217773438	-32.548709869384766	252.925537109375	218.3602752685547	0.17620623111724854	0.00010057690376863677
123	3321	-32.44775390625	0.0	0.0	124.69120788574219	-32.48759078979492	246.38803100585938	211.84494018554688	0.18064084649085999	0.00010025338914146325
124	3348	-32.495018005371094	0.0	0.0	102.35514068603516	-32.55474853515625	239.86520385742188	205.03976440429688	0.17513716220855713	0.00010006100546880462
125	3375	-32.4670524597168	0.0	0.0	138.97479248046875	-32.41689682006836	229.4497528076172	194.8326873779297	0.12486426532268524	0.00010000009025699517
# Best epoch: 123
