# epoch	step	nll	ecut	ecut_viol	grad_norm	val_nll	val_ecut	val_ecut_viol	val_ress_zx	LR
1	27	-32.15291213989258	0.0	0.0	98.5111312866211	-32.135345458984375	268.9223327636719	234.83702087402344	0.1029234454035759	9.986158796046841e-05
2	54	-32.281471252441406	0.0	0.0	100.74270629882812	-32.323814392089844	255.2892303466797	221.1475067138672	0.12280967086553574	9.944712589814385e-05
3	81	-32.39935302734375	0.0	0.0	63.869747161865234	-32.478004455566406	236.40794372558594	201.92739868164062	0.15139184892177582	9.875893165300026e-05
4	108	-32.47555923461914	0.0	0.0	134.22628784179688	-32.39289855957031	237.75927734375	203.2152557373047	0.14876481890678406	9.780085388641395e-05
5	135	-32.44196701049805	0.0	0.0	151.0318603515625	-32.3130989074707	236.750732421875	202.06369018554688	0.16966930031776428	9.65782505578881e-05
6	162	-32.5346794128418	0.0	0.0	115.7507095336914	-32.35682678222656	229.66317749023438	194.97532653808594	0.11696958541870117	9.509795896116972e-05
7	189	-32.51721954345703	0.0	0.0	137.50901794433594	-32.53567886352539	228.1328582763672	193.1783447265625	0.19460979104042053	9.336825748732971e-05
8	216	-32.62425231933594	0.0	0.0	55.613853454589844	-32.539451599121094	226.98068237304688	192.04449462890625	0.16339509189128876	9.139881932864174e-05
9	243	-32.40345001220703	0.0	0.0	205.66815185546875	-32.42451095581055	226.2800750732422	191.85589599609375	0.18314114212989807	8.920065838216747e-05
10	270	-32.60551452636719	0.0	0.0	138.6044158935547	-32.513671875	231.41827392578125	196.4902801513672	0.10449173301458359	8.678606765557639e-05
11	297	-32.606239318847656	0.0	0.0	115.2945785522461	-32.60747528076172	220.44412231445312	185.62059020996094	0.21355687081813812	8.416855051966051e-05
12	324	-32.60980987548828	0.0	0.0	82.33100128173828	-32.658042907714844	217.10874938964844	182.1636199951172	0.16020499169826508	8.136274519200731e-05
13	351	-32.66398239135742	0.0	0.0	122.6565170288086	-32.580753326416016	209.10971069335938	174.03648376464844	0.1433337777853012	7.83843428741493e-05
14	378	-32.5260009765625	0.0	0.0	106.59567260742188	-32.593841552734375	220.31442260742188	185.46896362304688	0.17726412415504456	7.525000000000001e-05
15	405	-32.657833099365234	0.0	0.0	126.75907135009766	-32.595550537109375	209.8459930419922	174.76089477539062	0.1942870318889618	7.197724508631914e-05
16	432	-32.59886169433594	0.0	0.0	82.72174072265625	-32.616661071777344	217.45751953125	182.49163818359375	0.19181618094444275	6.858438070613657e-05
17	459	-32.68948745727539	0.0	0.0	67.73004913330078	-32.681495666503906	205.3911590576172	170.17015075683594	0.19487248361110687	6.509038113333976e-05
18	486	-32.76137924194336	0.0	0.0	210.61407470703125	-32.71793746948242	212.1398162841797	176.81600952148438	0.15787500143051147	6.151478623083758e-05
19	513	-32.6480827331543	0.0	0.0	143.25881958007812	-32.58776092529297	212.6860809326172	177.58627319335938	0.17625856399536133	5.787759217572066e-05
20	540	-32.57917022705078	0.0	0.0	104.8081283569336	-32.75502014160156	199.52963256835938	164.24041748046875	0.2237977832555771	5.419913963252802e-05
21	567	-32.80155944824219	0.0	0.0	109.84551239013672	-32.793460845947266	204.11033630371094	168.9596405029297	0.2918757200241089	5.0500000000000015e-05
22	594	-32.795467376708984	0.0	0.0	105.23643493652344	-32.79441833496094	203.06724548339844	167.7664794921875	0.23780322074890137	4.680086036747202e-05
23	621	-32.83636474609375	0.0	0.0	73.24998474121094	-32.82316589355469	208.85995483398438	173.59713745117188	0.21771328151226044	4.3122407824279384e-05
24	648	-32.788936614990234	0.0	0.0	95.12373352050781	-32.825477600097656	199.5525360107422	164.25559997558594	0.22406654059886932	3.948521376916245e-05
25	675	-32.92902755737305	0.0	0.0	83.56549072265625	-32.88515853881836	198.81439208984375	163.4199676513672	0.27640098333358765	3.590961886666025e-05
26	702	-32.87836456298828	0.0	0.0	78.02141571044922	-32.86144256591797	202.4147186279297	167.26187133789062	0.2966594994068146	3.241561929386345e-05
27	729	-33.00019073486328	0.0	0.0	114.49163055419922	-32.92140579223633	198.6788330078125	163.3433837890625	0.25742384791374207	2.9022754913680884e-05
28	756	-32.91838073730469	0.0	0.0	67.93036651611328	-32.94853591918945	196.49267578125	161.11224365234375	0.30878376960754395	2.575000000000002e-05
29	783	-32.983184814453125	0.0	0.0	124.63813781738281	-32.94892120361328	195.53855895996094	159.97183227539062	0.18791250884532928	2.2615657125850715e-05
30	810	-32.99597930908203	0.0	0.0	62.02684783935547	-32.974815368652344	190.15402221679688	154.63259887695312	0.3094184398651123	1.9637254807992697e-05
31	837	-33.010189056396484	0.0	0.0	51.727943420410156	-32.974937438964844	193.21566772460938	157.68026733398438	0.2077954113483429	1.68314494803395e-05
32	864	-33.03113555908203	0.0	0.0	70.52583312988281	-33.009910583496094	187.1024169921875	151.55152893066406	0.3277817368507385	1.4213932344423597e-05
33	891	-33.07935333251953	0.0	0.0	49.34375	-33.02735900878906	195.02481079101562	159.48526000976562	0.3040331304073334	1.1799341617832526e-05
34	918	-33.060848236083984	0.0	0.0	32.960792541503906	-33.043792724609375	191.92332458496094	156.36888122558594	0.3207082450389862	9.601180671358249e-06
35	945	-33.12636947631836	0.0	0.0	40.434898376464844	-33.0550651550293	190.39505004882812	154.85203552246094	0.2795114517211914	7.631742512670296e-06
36	972	-33.121463775634766	0.0	0.0	73.47772216796875	-33.05904006958008	190.4947967529297	154.89402770996094	0.3452377915382385	5.902041038830259e-06
37	999	-33.045501708984375	0.0	0.0	71.07971954345703	-33.07830810546875	192.27035522460938	156.64901733398438	0.30563780665397644	4.421749442111885e-06
38	1026	-33.079498291015625	0.0	0.0	36.31759262084961	-33.08302307128906	191.77688598632812	156.1304931640625	0.2143867015838623	3.199146113586043e-06
39	1053	-33.10417938232422	0.0	0.0	47.39934158325195	-33.0789794921875	189.025390625	153.36114501953125	0.348904013633728	2.2410683469997316e-06
40	1080	-33.125083923339844	0.0	0.0	38.077579498291016	-33.09162902832031	189.44921875	153.80328369140625	0.34207916259765625	1.5528741018561385e-06
41	1107	-33.096168518066406	0.0	0.0	43.112117767333984	-33.0889892578125	187.3528289794922	151.71823120117188	0.3652105927467346	1.1384120395315836e-06
42	1134	-33.1178092956543	0.0	0.0	39.02994918823242	-33.08961868286133	188.3611297607422	152.71133422851562	0.3205079138278961	1e-06
# Best epoch: 41
