# epoch	step	nll	ecut	ecut_viol	grad_norm	val_nll	val_ecut	val_ecut_viol	val_ress_zx	LR
1	27	-37.33770751953125	0.0	0.0	51.715702056884766	-37.397743225097656	215.5791473388672	176.126953125	0.14010068774223328	9.986158796046841e-05
2	54	-37.50203323364258	0.0	0.0	206.59803771972656	-37.47225570678711	202.17007446289062	162.126953125	0.13416987657546997	9.944712589814385e-05
3	81	-37.64905548095703	0.0	0.0	108.21487426757812	-37.70708084106445	196.56396484375	156.427978515625	0.2020178735256195	9.875893165300026e-05
4	108	-37.37308883666992	0.0	0.0	115.56394958496094	-37.56125259399414	195.6234130859375	155.72671508789062	0.17827340960502625	9.780085388641395e-05
5	135	-37.66099166870117	0.0	0.0	75.6612319946289	-37.65475845336914	186.34881591796875	146.06246948242188	0.1626051813364029	9.65782505578881e-05
6	162	-37.70534896850586	0.0	0.0	65.41252136230469	-37.67341232299805	194.5301513671875	154.30337524414062	0.13436709344387054	9.509795896116972e-05
7	189	-37.6323356628418	0.0	0.0	133.26560974121094	-37.6995964050293	189.9005126953125	149.65513610839844	0.19794270396232605	9.336825748732971e-05
8	216	-37.46454620361328	0.0	0.0	252.94309997558594	-37.319252014160156	197.52035522460938	157.43179321289062	0.15429887175559998	9.139881932864174e-05
9	243	-37.62830352783203	0.0	0.0	90.42138671875	-37.641380310058594	208.3057098388672	168.41539001464844	0.22432821989059448	8.920065838216747e-05
10	270	-37.64661407470703	0.0	0.0	169.826904296875	-37.596839904785156	194.75686645507812	154.455322265625	0.21008041501045227	8.678606765557639e-05
11	297	-37.5550651550293	0.0	0.0	191.4340362548828	-37.6192626953125	201.21023559570312	160.95901489257812	0.12872359156608582	8.416855051966051e-05
12	324	-37.68661117553711	0.0	0.0	94.7882080078125	-37.7343864440918	196.090087890625	155.9537353515625	0.23849928379058838	8.136274519200731e-05
13	351	-37.74641036987305	0.0	0.0	111.08235168457031	-37.76772689819336	192.5122528076172	152.21200561523438	0.2478112280368805	7.83843428741493e-05
14	378	-37.73058319091797	0.0	0.0	150.94293212890625	-37.76425552368164	190.02761840820312	149.76043701171875	0.17911043763160706	7.525000000000001e-05
15	405	-37.69544982910156	0.0	0.0	135.21865844726562	-37.74568176269531	192.936279296875	152.6282958984375	0.16848689317703247	7.197724508631914e-05
16	432	-37.57001876831055	0.0	0.0	290.7455139160156	-37.47829818725586	191.9725341796875	151.73231506347656	0.16266533732414246	6.858438070613657e-05
17	459	-37.78300857543945	0.0	0.0	154.17626953125	-37.73505783081055	191.05120849609375	150.68011474609375	0.21220165491104126	6.509038113333976e-05
18	486	-37.79376983642578	0.0	0.0	81.368408203125	-37.83510208129883	189.08395385742188	148.69686889648438	0.18674342334270477	6.151478623083758e-05
19	513	-37.84557342529297	0.0	0.0	64.29515075683594	-37.82787322998047	182.83128356933594	142.38858032226562	0.22655704617500305	5.787759217572066e-05
20	540	-37.75895690917969	0.0	0.0	67.8609848022461	-37.775718688964844	189.2645721435547	148.80926513671875	0.1492997109889984	5.419913963252802e-05
21	567	-37.81714630126953	0.0	0.0	177.21351623535156	-37.84072494506836	184.26626586914062	143.91976928710938	0.26076391339302063	5.0500000000000015e-05
22	594	-37.92348861694336	0.0	0.0	87.7807846069336	-37.871219635009766	179.00413513183594	138.61758422851562	0.2837313413619995	4.680086036747202e-05
23	621	-37.907508850097656	0.0	0.0	123.88595581054688	-37.9323844909668	183.5372772216797	143.14950561523438	0.24349865317344666	4.3122407824279384e-05
24	648	-37.99980163574219	0.0	0.0	159.55059814453125	-37.947532653808594	187.3204803466797	146.748291015625	0.30512934923171997	3.948521376916245e-05
25	675	-37.96677780151367	0.0	0.0	79.58377075195312	-37.94988250732422	183.1944580078125	142.51943969726562	0.21607625484466553	3.590961886666025e-05
26	702	-37.92254638671875	0.0	0.0	145.32350158691406	-37.941673278808594	174.14219665527344	133.50526428222656	0.24754083156585693	3.241561929386345e-05
27	729	-37.918861389160156	0.0	0.0	75.91619873046875	-37.96461486816406	182.89511108398438	142.20138549804688	0.2603195309638977	2.9022754913680884e-05
28	756	-38.014869689941406	0.0	0.0	73.63565063476562	-38.06502914428711	178.91384887695312	138.27964782714844	0.29499298334121704	2.575000000000002e-05
29	783	-38.08650207519531	0.0	0.0	68.65705871582031	-38.06005096435547	181.4788055419922	140.7888641357422	0.40076714754104614	2.2615657125850715e-05
30	810	-38.04917907714844	0.0	0.0	69.82254028320312	-38.04589080810547	172.85293579101562	132.18724060058594	0.35653257369995117	1.9637254807992697e-05
31	837	-38.09269714355469	0.0	0.0	132.80445861816406	-38.07236099243164	174.20648193359375	133.57041931152344	0.3372825086116791	1.68314494803395e-05
32	864	-38.1337776184082	0.0	0.0	61.60927200317383	-38.110965728759766	174.08529663085938	133.31362915039062	0.39603909850120544	1.4213932344423597e-05
33	891	-38.0965576171875	0.0	0.0	118.25648498535156	-38.07586669921875	171.80014038085938	131.1421356201172	0.3465956449508667	1.1799341617832526e-05
34	918	-38.105411529541016	0.0	0.0	100.6401596069336	-38.09968948364258	171.9115447998047	131.1606903076172	0.3817341923713684	9.601180671358249e-06
35	945	-38.095603942871094	0.0	0.0	71.64473724365234	-38.120574951171875	172.3372802734375	131.5282440185547	0.39178967475891113	7.631742512670296e-06
36	972	-38.141963958740234	0.0	0.0	78.58834838867188	-38.14156723022461	180.50767517089844	139.67762756347656	0.41784214973449707	5.902041038830259e-06
37	999	-38.1412353515625	0.0	0.0	60.85086441040039	-38.14566421508789	174.14559936523438	133.30450439453125	0.2848227620124817	4.421749442111885e-06
38	1026	-38.12641143798828	0.0	0.0	74.51683807373047	-38.14075469970703	168.18467712402344	127.36766052246094	0.3523538112640381	3.199146113586043e-06
39	1053	-38.210933685302734	0.0	0.0	47.22996520996094	-38.15191650390625	170.7749481201172	129.957763671875	0.3740021884441376	2.2410683469997316e-06
40	1080	-38.18743896484375	0.0	0.0	31.95179557800293	-38.15840148925781	170.64187622070312	129.84222412109375	0.2905210852622986	1.5528741018561385e-06
41	1107	-38.1690788269043	0.0	0.0	34.18239974975586	-38.15962219238281	171.60791015625	130.82322692871094	0.3871159553527832	1.1384120395315836e-06
42	1134	-38.11070251464844	0.0	0.0	65.79899597167969	-38.16480255126953	170.26364135742188	129.4554443359375	0.36268097162246704	1e-06
# Best epoch: 36
