# epoch	step	nll	ecut	ecut_viol	grad_norm	val_nll	val_ecut	val_ecut_viol	val_ress_zx	LR
1	27	-19.319549560546875	0.0	0.0	133.85328674316406	-19.25791358947754	125.90099334716797	104.8181381225586	0.0692584216594696	9.986158796046841e-05
2	54	-19.623489379882812	0.0	0.0	74.98994445800781	-19.670352935791016	113.05843353271484	91.24935150146484	0.07607870548963547	9.944712589814385e-05
3	81	-19.3739013671875	0.0	0.0	873.5015258789062	-19.411312103271484	105.50334930419922	83.36478424072266	0.07395082712173462	9.875893165300026e-05
4	108	-19.398761749267578	0.0	0.0	173.46499633789062	-19.50339126586914	109.89046478271484	88.24214172363281	0.09215077012777328	9.780085388641395e-05
5	135	-19.73543357849121	0.0	0.0	2212.290283203125	-19.607351303100586	105.01677703857422	82.86831665039062	0.10210692137479782	9.65782505578881e-05
6	162	-19.490814208984375	0.0	0.0	753.0394897460938	-19.599681854248047	103.03385925292969	80.95843505859375	0.049871232360601425	9.509795896116972e-05
7	189	-20.014083862304688	0.0	0.0	88.27581787109375	-19.647144317626953	106.32865905761719	83.9660415649414	0.038367003202438354	9.336825748732971e-05
8	216	-19.609371185302734	0.0	0.0	181.23338317871094	-19.55253791809082	114.25714111328125	92.31428527832031	0.11115092039108276	9.139881932864174e-05
9	243	-19.715795516967773	0.0	0.0	205.27920532226562	-19.678800582885742	103.0797348022461	80.6255111694336	0.088010773062706	8.920065838216747e-05
10	270	-19.137622833251953	0.0	0.0	963.4598388671875	-18.72174072265625	111.6175765991211	90.01078796386719	0.025346307083964348	8.678606765557639e-05
11	297	-19.24176597595215	0.0	0.0	162.6697998046875	-19.602140426635742	109.37060546875	87.24166107177734	0.07330653816461563	8.416855051966051e-05
12	324	-19.909915924072266	0.0	0.0	103.340087890625	-19.943622589111328	99.8109130859375	77.80009460449219	0.09161075204610825	8.136274519200731e-05
13	351	-19.928882598876953	0.0	0.0	88.19738006591797	-19.986732482910156	101.11971282958984	78.7989730834961	0.11173467338085175	7.83843428741493e-05
14	378	-19.943035125732422	0.0	0.0	86.39420318603516	-19.997365951538086	94.46892547607422	72.15318298339844	0.15551701188087463	7.525000000000001e-05
15	405	-19.73294448852539	0.0	0.0	64.84992218017578	-19.86043930053711	98.41122436523438	76.42183685302734	0.05667722970247269	7.197724508631914e-05
16	432	-19.839797973632812	0.0	0.0	100.63311004638672	-19.992652893066406	96.99810791015625	74.92068481445312	0.13846534490585327	6.858438070613657e-05
17	459	-19.93429946899414	0.0	0.0	119.21533203125	-19.980327606201172	98.54328918457031	76.46734619140625	0.10252919048070908	6.509038113333976e-05
18	486	-20.086294174194336	0.0	0.0	67.6536636352539	-20.13905906677246	92.92900085449219	70.47398376464844	0.10671582072973251	6.151478623083758e-05
19	513	-20.14763641357422	0.0	0.0	93.07826232910156	-20.15102767944336	89.729736328125	67.375	0.1289970725774765	5.787759217572066e-05
20	540	-20.160900115966797	0.0	0.0	1529.5540771484375	-20.137784957885742	86.9781494140625	64.2750473022461	0.12217684835195541	5.419913963252802e-05
21	567	-20.160995483398438	0.0	0.0	55.85570526123047	-20.25075912475586	88.7158432006836	66.21932983398438	0.09616328775882721	5.0500000000000015e-05
22	594	-20.168338775634766	0.0	0.0	208.38856506347656	-20.213642120361328	93.93876647949219	71.41822814941406	0.15871316194534302	4.680086036747202e-05
23	621	-20.234230041503906	0.0	0.0	94.98757934570312	-20.260820388793945	82.67245483398438	60.03774642944336	0.08420275896787643	4.3122407824279384e-05
24	648	-20.342382431030273	0.0	0.0	71.86085510253906	-20.357433319091797	82.84284973144531	60.22863006591797	0.17150437831878662	3.948521376916245e-05
25	675	-20.331621170043945	0.0	0.0	81.8623046875	-20.318809509277344	84.67402648925781	61.87580490112305	0.052380867302417755	3.590961886666025e-05
26	702	-20.271682739257812	0.0	0.0	79.61029052734375	-20.36507797241211	83.5501937866211	60.858062744140625	0.1670149266719818	3.241561929386345e-05
27	729	-20.344680786132812	0.0	0.0	49.28282165527344	-20.374738693237305	87.54081726074219	64.78910827636719	0.1649439036846161	2.9022754913680884e-05
28	756	-20.375591278076172	0.0	0.0	57.1975212097168	-20.386445999145508	86.99552917480469	64.2607650756836	0.13897550106048584	2.575000000000002e-05
29	783	-20.414024353027344	0.0	0.0	81.34795379638672	-20.422409057617188	79.30925750732422	56.44708251953125	0.18743190169334412	2.2615657125850715e-05
30	810	-20.383703231811523	0.0	0.0	113.41932678222656	-20.419279098510742	86.3468017578125	63.591426849365234	0.19372078776359558	1.9637254807992697e-05
31	837	-20.37373161315918	0.0	0.0	50.163639068603516	-20.471416473388672	80.44586181640625	57.619781494140625	0.20641696453094482	1.68314494803395e-05
32	864	-20.517595291137695	0.0	0.0	75.33399200439453	-20.502120971679688	77.51974487304688	54.600826263427734	0.16756337881088257	1.4213932344423597e-05
33	891	-20.443937301635742	0.0	0.0	127.72509002685547	-20.50429916381836	78.3030776977539	55.37956237792969	0.1357094645500183	1.1799341617832526e-05
34	918	-20.472915649414062	0.0	0.0	142.36293029785156	-20.491619110107422	74.27767181396484	51.33683395385742	0.11869534850120544	9.601180671358249e-06
35	945	-20.49224281311035	0.0	0.0	3238.790771484375	-20.52954864501953	78.81431579589844	55.89557647705078	0.15419775247573853	7.631742512670296e-06
36	972	-20.607810974121094	0.0	0.0	34.742618560791016	-20.53573226928711	76.84801483154297	53.92332077026367	0.13443908095359802	5.902041038830259e-06
37	999	-20.496740341186523	0.0	0.0	46.99434280395508	-20.5567684173584	75.90238952636719	52.91883850097656	0.14057031273841858	4.421749442111885e-06
38	1026	-20.52069091796875	0.0	0.0	560.5883178710938	-20.56285858154297	76.02017974853516	53.02470016479492	0.11270757764577866	3.199146113586043e-06
39	1053	-20.556472778320312	0.0	0.0	42.5165901184082	-20.56983757019043	76.87484741210938	53.87394714355469	0.1289643794298172	2.2410683469997316e-06
40	1080	-20.554832458496094	0.0	0.0	48.31659698486328	-20.579959869384766	75.18033599853516	52.17589569091797	0.14649517834186554	1.5528741018561385e-06
41	1107	-20.554882049560547	0.0	0.0	63.54619598388672	-20.588951110839844	74.65226745605469	51.64625549316406	0.16336634755134583	1.1384120395315836e-06
42	1134	-20.49898338317871	0.0	0.0	105.19119262695312	-20.59145164489746	75.96438598632812	52.95075988769531	0.1628911793231964	1e-06
# Best epoch: 31
