# epoch	step	nll	ecut	ecut_viol	grad_norm	val_nll	val_ecut	val_ecut_viol	val_ress_zx	LR
1	27	-2.3395304679870605	0.0	0.0	6.300594329833984	-2.4538307189941406	1537.7294921875	1537.0286865234375	0.0	1.0237143666892609e-05
2	54	-4.008705139160156	0.0	0.0	9.567564964294434	-4.043911457061768	1499.305419921875	1497.871337890625	0.0	1.094763738225795e-05
3	81	-5.390048503875732	0.0	0.0	9.935266494750977	-5.449010372161865	1466.5179443359375	1463.87890625	0.0	1.2128672994680007e-05
4	108	-6.4785356521606445	0.0	0.0	13.75114917755127	-6.598464488983154	1428.35888671875	1423.834716796875	0.0	1.3775582585561007e-05
5	135	-7.422736167907715	0.0	0.0	7.293860912322998	-7.446462154388428	1387.603515625	1381.4388427734375	0.0	1.588185691857728e-05
6	162	-8.197277069091797	0.0	0.0	14.643128395080566	-8.309856414794922	1347.7130126953125	1340.25439453125	0.0	1.8439171166748666e-05
7	189	-9.221868515014648	0.0	0.0	13.67057991027832	-9.321020126342773	1286.8101806640625	1277.8883056640625	0.0	2.143741781543827e-05
8	216	-10.535186767578125	0.0	0.0	19.445537567138672	-10.448200225830078	1211.6904296875	1201.213134765625	0.0	2.4864746611237527e-05
9	243	-11.373839378356934	0.0	0.0	44.033206939697266	-11.469707489013672	1145.64892578125	1133.8668212890625	0.0	2.870761139884165e-05
10	270	-12.145391464233398	0.0	0.0	36.80317687988281	-12.230860710144043	1083.447265625	1070.6932373046875	0.0	3.295082366079895e-05
11	297	-12.809161186218262	0.0	0.0	55.10829162597656	-12.87922191619873	1022.39990234375	1008.8609619140625	0.001066242577508092	3.7577612548522684e-05
12	324	-13.189743041992188	0.0	0.0	52.252445220947266	-13.455513000488281	969.1370849609375	954.8681640625	0.0007020972552709281	4.256969116729994e-05
13	351	-13.830389022827148	0.0	0.0	88.8610610961914	-13.76723861694336	917.909912109375	902.9287109375	0.001748689915984869	4.790732885331288e-05
14	378	-14.479217529296875	0.0	0.0	41.400367736816406	-14.413078308105469	885.2601318359375	869.7731323242188	0.002417702693492174	5.356942915700472e-05
15	405	-14.870832443237305	0.0	0.0	46.9870491027832	-14.765326499938965	850.48046875	834.4544677734375	0.0030010200571268797	5.953361322456993e-05
16	432	-15.07215404510498	0.0	0.0	63.31118392944336	-15.07728099822998	828.2998046875	812.1253662109375	0.0032517253421247005	6.577630824801178e-05
17	459	-15.424190521240234	0.0	0.0	64.92539978027344	-15.406028747558594	800.91650390625	784.4110107421875	0.004673998802900314	7.227284063417776e-05
18	486	-15.910978317260742	0.0	0.0	62.8284797668457	-15.722152709960938	769.005859375	752.0302734375	0.004878575913608074	7.899753352453215e-05
19	513	-15.69051742553711	0.0	0.0	129.70787048339844	-15.728362083435059	742.4515991210938	725.68505859375	0.004979932215064764	8.592380828022916e-05
20	540	-15.642852783203125	0.0	0.0	140.04421997070312	-15.999526977539062	721.510986328125	704.75732421875	0.006366408430039883	9.302428953137767e-05
21	567	-16.484066009521484	0.0	0.0	124.8556137084961	-16.358219146728516	682.119384765625	664.6364135742188	0.006392314564436674	0.00010027091337530103
22	594	-16.409690856933594	0.0	0.0	173.9028778076172	-16.3995418548584	663.8394775390625	646.43603515625	0.006996081210672855	0.00010763503829615015
23	621	-16.676918029785156	0.0	0.0	94.94762420654297	-16.20250129699707	645.3526611328125	628.1846923828125	0.005461086984723806	0.00011508755836747201
24	648	-16.717138290405273	0.0	0.0	129.2791748046875	-16.325834274291992	591.7000732421875	573.8785400390625	0.00927288644015789	0.00012259901829031155
25	675	-16.43465232849121	0.0	0.0	104.25702667236328	-16.63214874267578	573.2093505859375	555.7915649414062	0.00831978302448988	0.00013013972981217172
26	702	-16.46969223022461	0.0	0.0	136.9535369873047	-16.713363647460938	572.13134765625	555.1602783203125	0.0047789327800273895	0.00013767988906669806
27	729	-17.04462242126465	0.0	0.0	131.25357055664062	-17.0823974609375	538.9498291015625	520.87890625	0.011414840817451477	0.0001451896943703143
28	756	-16.843814849853516	0.0	0.0	109.11138916015625	-17.13960075378418	510.302490234375	492.3866882324219	0.012152321636676788	0.00015263946401023132
29	783	-16.342348098754883	0.0	0.0	114.40597534179688	-16.573711395263672	536.91259765625	519.542724609375	0.007191534154117107	0.00015999975355828383
30	810	-16.747882843017578	0.0	0.0	119.36040496826172	-16.865825653076172	509.746826171875	492.2255859375	0.010823744349181652	0.00016724147224692488
31	837	-16.642017364501953	0.0	0.0	186.25503540039062	-17.338397979736328	483.0064392089844	465.19183349609375	0.013739570043981075	0.00017433599794741407
32	864	-16.688488006591797	0.0	0.0	180.755615234375	-17.11025619506836	459.3275146484375	440.7813415527344	0.008008715696632862	0.00018125529029576
33	891	-17.450794219970703	0.0	0.0	73.90241241455078	-17.06252670288086	441.16949462890625	423.028564453125	0.010820433497428894	0.00018797200151929956
34	918	-16.83696746826172	0.0	0.0	190.50962829589844	-16.712278366088867	455.4876708984375	437.60784912109375	0.009232720360159874	0.00019445958452588268
35	945	-17.553922653198242	0.0	0.0	112.49037170410156	-17.283672332763672	431.345703125	413.2774353027344	0.016590438783168793	0.00020069239782845172
36	972	-17.533950805664062	0.0	0.0	64.23873138427734	-17.466266632080078	406.281005859375	387.6668395996094	0.010662123560905457	0.00020664580689031296
37	999	-17.412742614746094	0.0	0.0	195.15829467773438	-17.510009765625	395.2266845703125	376.58099365234375	0.014405393972992897	0.00021229628149054233
38	1026	-17.624788284301758	0.0	0.0	92.0996322631836	-17.79161262512207	363.7578125	344.8616943359375	0.012157944962382317	0.0002176214887247001
39	1053	-17.592487335205078	0.0	0.0	149.30682373046875	-17.328598022460938	405.7857360839844	387.571533203125	0.02076685056090355	0.0002226003812732785
40	1080	-17.60158348083496	0.0	0.0	70.33342742919922	-17.547000885009766	388.2100830078125	369.510009765625	0.017218273133039474	0.00022721328058901023
41	1107	-18.0472412109375	0.0	0.0	82.50279998779297	-17.600719451904297	343.73675537109375	324.42724609375	0.02273431047797203	0.0002314419546742497
42	1134	-17.95022201538086	0.0	0.0	73.8671875	-17.905609130859375	350.20159912109375	331.2023620605469	0.03209739550948143	0.0002352696901410191
43	1161	-17.49824333190918	0.0	0.0	115.82677459716797	-17.63351058959961	373.70330810546875	355.072265625	0.024398796260356903	0.00023868135826891025
44	1188	-17.4229793548584	0.0	0.0	132.8834686279297	-17.713884353637695	366.5345153808594	347.83306884765625	0.014577651396393776	0.0002416634747997555
45	1215	-17.345909118652344	0.0	0.0	135.8408203125	-17.96242332458496	362.74078369140625	344.34271240234375	0.02556970715522766	0.0002442042532327343
46	1242	-17.18564224243164	0.0	0.0	181.62713623046875	-17.455341339111328	375.9618835449219	357.57403564453125	0.016568994149565697	0.0002462936514092741
47	1269	-17.614561080932617	0.0	0.0	98.1707534790039	-17.7171630859375	344.8960876464844	326.071533203125	0.018841233104467392	0.0002479234112036218
48	1296	-18.05585289001465	0.0	0.0	81.73590850830078	-18.073654174804688	317.35845947265625	298.01873779296875	0.019500546157360077	0.0002490870911622143
49	1323	-18.01923179626465	0.0	0.0	73.54534912109375	-17.68393898010254	346.498779296875	327.2356872558594	0.011533594690263271	0.00024978009196284376
50	1350	-17.703636169433594	0.0	0.0	98.51908874511719	-17.95340347290039	344.1692810058594	325.7764892578125	0.019689150154590607	0.0002499999097430048
51	1377	-17.958446502685547	0.0	0.0	76.8454360961914	-17.910961151123047	327.06085205078125	308.0386657714844	0.0312548503279686	0.0002499292496279845
52	1404	-18.282737731933594	0.0	0.0	121.84044647216797	-18.292604446411133	309.4454650878906	290.32318115234375	0.02334500104188919	0.00024972713814798653
53	1431	-18.318927764892578	0.0	0.0	83.2032699584961	-18.02060317993164	299.0638732910156	279.1070251464844	0.029797907918691635	0.0002493939298752249
54	1458	-18.2834529876709	0.0	0.0	98.70082092285156	-18.051525115966797	312.937255859375	293.672607421875	0.019430942833423615	0.0002489302093702348
55	1485	-18.107711791992188	0.0	0.0	188.88470458984375	-17.8140926361084	313.43890380859375	293.510498046875	0.0201711505651474	0.0002483367901563554
56	1512	-18.173938751220703	0.0	0.0	92.29644012451172	-18.181604385375977	313.47747802734375	293.70391845703125	0.025860648602247238	0.000247614713292533
57	1539	-18.013755798339844	0.0	0.0	107.37397766113281	-17.913209915161133	291.41156005859375	271.6243896484375	0.03097308799624443	0.0002467652455469501
58	1566	-18.199748992919922	0.0	0.0	113.6766128540039	-18.31892967224121	290.36419677734375	270.7425231933594	0.025585830211639404	0.0002457898771746836
59	1593	-17.474876403808594	0.0	0.0	156.08119201660156	-17.593772888183594	325.09521484375	306.243408203125	0.013361039571464062	0.0002446903193032908
60	1620	-18.262386322021484	0.0	0.0	96.3403549194336	-18.276845932006836	264.17095947265625	243.9734344482422	0.03712345287203789	0.00024346850093091035
61	1647	-18.144569396972656	0.0	0.0	122.21815490722656	-18.548667907714844	253.58140563964844	233.84735107421875	0.010729937814176083	0.00024212656554214415
62	1674	-18.47694206237793	0.0	0.0	87.37329864501953	-18.349035263061523	271.68280029296875	251.63671875	0.02796684019267559	0.0002406668673476568
63	1701	-18.17266845703125	0.0	0.0	102.35218811035156	-18.369693756103516	285.718994140625	265.854736328125	0.03288504108786583	0.00023909196715409025
64	1728	-18.244335174560547	0.0	0.0	70.54027557373047	-18.236848831176758	278.3108825683594	258.54840087890625	0.024348562583327293	0.0002374046278715386
65	1755	-18.150920867919922	0.0	0.0	114.1656265258789	-18.176719665527344	273.9330749511719	254.30331420898438	0.018382903188467026	0.0002356078096664652
66	1782	-18.70743179321289	0.0	0.0	106.70673370361328	-18.74132537841797	254.8701171875	234.52880859375	0.02985229156911373	0.0002337046647685648
67	1809	-18.562650680541992	0.0	0.0	80.08871459960938	-18.41832733154297	249.79026794433594	229.76507568359375	0.027594204992055893	0.00023169853194068108
68	1836	-18.5809268951416	0.0	0.0	52.560306549072266	-18.654212951660156	265.25640869140625	245.29928588867188	0.04899897426366806	0.0002295929306214829
69	1863	-18.43094825744629	0.0	0.0	96.09101104736328	-18.717647552490234	254.99835205078125	235.0106658935547	0.03944563493132591	0.0002273915547511721
70	1890	-18.83498191833496	0.0	0.0	80.11412048339844	-19.03829574584961	232.24700927734375	211.51779174804688	0.05392228066921234	0.00022509826629105785
71	1917	-18.87146759033203	0.0	0.0	77.47364044189453	-18.775447845458984	228.54351806640625	207.84414672851562	0.045199066400527954	0.0002227170884483638
72	1944	-18.032316207885742	0.0	0.0	242.25006103515625	-18.50762176513672	234.15005493164062	214.11351013183594	0.044197406619787216	0.0002202521986181557
73	1971	-18.832908630371094	0.0	0.0	124.69874572753906	-18.962800979614258	220.58775329589844	199.66534423828125	0.03776085376739502	0.00021770792105477095
74	1998	-18.675413131713867	0.0	0.0	318.5904541015625	-18.37116241455078	222.07748413085938	201.19027709960938	0.031289804726839066	0.00021508871928560704
75	2025	-19.09267807006836	0.0	0.0	84.17456817626953	-19.169296264648438	210.7305908203125	190.11749267578125	0.06257668137550354	0.00021239918828057787
76	2052	-18.689804077148438	0.0	0.0	118.33232116699219	-18.832515716552734	213.10238647460938	192.30712890625	0.011472722515463829	0.00020964404639097492
77	2079	-18.961822509765625	0.0	0.0	85.97120666503906	-18.888465881347656	191.31741333007812	170.4876251220703	0.04168122261762619	0.00020682812707187618
78	2106	-18.656217575073242	0.0	0.0	124.62388610839844	-18.65576171875	199.3824920654297	178.60546875	0.03905577212572098	0.0002039563704026231
79	2133	-18.58507537841797	0.0	0.0	239.1660614013672	-18.355932235717773	198.30911254882812	178.0098114013672	0.03527700901031494	0.00020103381442024303
80	2160	-19.00377655029297	0.0	0.0	87.38694763183594	-18.939878463745117	187.5589599609375	167.048828125	0.04794005677103996	0.0001980655862810203
81	2187	-18.957412719726562	0.0	0.0	146.53302001953125	-19.01864242553711	181.07437133789062	160.51321411132812	0.05786065384745598	0.00019505689326572176
82	2214	-18.194847106933594	0.0	0.0	155.20272827148438	-18.208450317382812	206.81436157226562	186.55352783203125	0.025859061628580093	0.00019201301364425705
83	2241	-18.705501556396484	0.0	0.0	81.18606567382812	-18.820539474487305	192.41387939453125	171.817626953125	0.048639532178640366	0.0001889392874157994
84	2268	-19.302268981933594	0.0	0.0	88.09699249267578	-19.158184051513672	174.82505798339844	153.84739685058594	0.06031455099582672	0.00018584110694061274
85	2295	-19.201745986938477	0.0	0.0	68.27444458007812	-19.09215545654297	177.2864227294922	156.1932830810547	0.06583726406097412	0.00018272390748001933
86	2322	-17.643001556396484	0.0	0.0	104.43636322021484	-17.88667106628418	207.28916931152344	187.1494598388672	0.019695060327649117	0.00017959315766110463
87	2349	-18.689285278320312	0.0	0.0	137.6944580078125	-19.026752471923828	172.6779022216797	151.69784545898438	0.04886959120631218	0.00017645434988288684
88	2376	-18.665037155151367	0.0	0.0	219.8497772216797	-18.717060089111328	166.02230834960938	145.04974365234375	0.05319468677043915	0.00017331299068078308
89	2403	-19.1622314453125	0.0	0.0	55.31739807128906	-19.19028091430664	149.3856201171875	127.946044921875	0.04038481414318085	0.00017017459106627485
90	2430	-18.47887420654297	0.0	0.0	160.83592224121094	-18.963457107543945	157.01492309570312	136.10296630859375	0.030206140130758286	0.00016704465685872134
91	2457	-19.000640869140625	0.0	0.0	76.99092102050781	-19.084232330322266	157.175537109375	135.9828338623047	0.0727960467338562	0.0001639286790262814
92	2484	-18.914321899414062	0.0	0.0	52.54050827026367	-19.12692642211914	169.65023803710938	148.61338806152344	0.08345111459493637	0.0001608321240528895
93	2511	-19.269201278686523	0.0	0.0	106.51273345947266	-19.263492584228516	142.20352172851562	120.63063049316406	0.043213434517383575	0.00015776042434818542
94	2538	-19.215534210205078	0.0	0.0	65.74542999267578	-19.22066307067871	158.4959259033203	137.09112548828125	0.0793483555316925	0.00015471896871722181
95	2565	-19.12360954284668	0.0	0.0	123.30377960205078	-19.297088623046875	142.818115234375	121.59278869628906	0.06484102457761765	0.00015171309290666892
96	2592	-18.89119529724121	0.0	0.0	178.7294921875	-19.072261810302734	153.91018676757812	132.941650390625	0.06379181146621704	0.00014874807024410196
97	2619	-19.488100051879883	0.0	0.0	109.50360107421875	-19.60076904296875	145.4800262451172	124.12834167480469	0.0870259627699852	0.00014582910238679245
98	2646	-19.47991943359375	0.0	0.0	74.94280242919922	-19.608661651611328	143.77883911132812	122.32316589355469	0.06283263862133026	0.0001429613101962342
99	2673	-19.43124771118164	0.0	0.0	65.22772216796875	-19.55855369567871	133.07452392578125	111.49699401855469	0.07722806930541992	0.00014014972475441165
100	2700	-19.614986419677734	0.0	0.0	87.43550872802734	-19.571250915527344	133.72796630859375	111.97188568115234	0.057255469262599945	0.000137399278537573
101	2727	-19.476070404052734	0.0	0.0	66.4720458984375	-19.62929916381836	140.29054260253906	118.8004379272461	0.09751798957586288	0.00013471479676299046
102	2754	-19.738481521606445	0.0	0.0	87.93673706054688	-19.82395362854004	128.84976196289062	107.09636688232422	0.07676538079977036	0.00013210098892388962
103	2781	-19.765785217285156	0.0	0.0	117.72557830810547	-19.73617172241211	114.57621765136719	92.34046936035156	0.05631207674741745	0.00012956244052739826
104	2808	-19.358736038208008	0.0	0.0	93.43659973144531	-19.547107696533203	128.12844848632812	106.4186019897461	0.05117287486791611	0.00012710360505000827
105	2835	-19.584468841552734	0.0	0.0	132.78866577148438	-19.506118774414062	136.26010131835938	114.47366333007812	0.08713909238576889	0.00012472879612466492
106	2862	-19.61873435974121	0.0	0.0	71.70321655273438	-19.765844345092773	118.54167938232422	96.73377990722656	0.08940310776233673	0.00012244217997318878
107	2889	-19.82819938659668	0.0	0.0	157.41249084472656	-19.561952590942383	117.70343017578125	95.6510009765625	0.06565447896718979	0.00012024776809730691
108	2916	-19.574825286865234	0.0	0.0	92.6191177368164	-19.756053924560547	115.82051849365234	93.9422836303711	0.09598367661237717	0.00011814941024111579
109	2943	-19.738052368164062	0.0	0.0	72.91706848144531	-19.674713134765625	113.50794982910156	91.48699188232422	0.07152059674263	0.00011615078763732197
110	2970	-19.425052642822266	0.0	0.0	93.55625915527344	-19.48631477355957	113.57730102539062	91.8704833984375	0.08451710641384125	0.000114255406549109
111	2997	-19.631019592285156	0.0	0.0	162.10829162597656	-19.556278228759766	114.00862884521484	92.30278015136719	0.031134193763136864	0.00011246659211896043
112	3024	-19.118642807006836	0.0	0.0	66.21436309814453	-19.257343292236328	123.47068786621094	102.1684799194336	0.042946707457304	0.00011078748253523003
113	3051	-19.585418701171875	0.0	0.0	778.3057861328125	-19.583106994628906	114.59212493896484	92.86105346679688	0.07194769382476807	0.00010922102352669286
114	3078	-19.627492904663086	0.0	0.0	102.08126068115234	-19.74374771118164	113.95158386230469	92.15605926513672	0.048559993505477905	0.00010776996319473627
115	3105	-19.60382080078125	0.0	0.0	123.21167755126953	-19.60732650756836	105.96532440185547	84.27536010742188	0.0932261273264885	0.00010643684719225612
116	3132	-19.627981185913086	0.0	0.0	46.48773193359375	-19.742996215820312	109.21893310546875	87.23168182373047	0.07654315233230591	0.00010522401425771664
117	3159	-19.65782928466797	0.0	0.0	57.8484001159668	-19.726282119750977	111.89756774902344	90.11918640136719	0.04505426436662674	0.0001041335921122084
118	3186	-19.639028549194336	0.0	0.0	138.38027954101562	-19.76157569885254	111.80818939208984	90.25946044921875	0.08279351890087128	0.00010316749372670254
119	3213	-19.543926239013672	0.0	0.0	134.9284210205078	-19.66712760925293	108.49021911621094	86.49617767333984	0.07513464987277985	0.0001023274139660497
120	3240	-19.64753532409668	0.0	0.0	393.22271728515625	-19.689659118652344	99.74954223632812	77.61812591552734	0.10091671347618103	0.00010161482661561108
121	3267	-19.67443084716797	0.0	0.0	84.71063232421875	-19.814083099365234	100.75642395019531	78.74673461914062	0.10540373623371124	0.00010103098179573815
122	3294	-19.72488021850586	0.0	0.0	297.15283203125	-19.811676025390625	110.79258728027344	88.66241455078125	0.08734053373336792	0.00010057690376863677
123	3321	-19.77800750732422	0.0	0.0	92.31700134277344	-19.910425186157227	107.4724349975586	85.4947509765625	0.0989367887377739	0.00010025338914146325
124	3348	-19.628101348876953	0.0	0.0	60.528343200683594	-19.641063690185547	101.75410461425781	79.91059875488281	0.0545361153781414	0.00010006100546880462
125	3375	-19.78339958190918	0.0	0.0	65.5006103515625	-19.8465518951416	103.68379211425781	81.54098510742188	0.11047445237636566	0.00010000009025699517
# Best epoch: 125
