# Generation 21

0 0.0016
1 0.00285
2 0.0072
3 0.00955
4 0.0169
5 0.02
6 0.02285
7 0.03175
8 0.0365
9 0.04
10 0.04485
11 0.04955
12 0.05125
13 0.0552
14 0.05965
15 0.0641
16 0.0676
17 0.07245
18 0.0749
19 0.0797
20 0.0813
21 0.08595
22 0.0864
23 0.08935
24 0.0927
25 0.09305
26 0.09365
27 0.0991
28 0.1001
29 0.102
30 0.10425
31 0.1069
32 0.1083
33 0.1093
34 0.11085
35 0.119
36 0.1231
37 0.12715
38 0.13375
39 0.1379
40 0.1413
41 0.14565
42 0.15285
43 0.1569
44 0.1587
45 0.15905
46 0.16085
47 0.1641
48 0.171
49 0.17165
50 0.1737
51 0.1771
52 0.17735
53 0.1795
54 0.18355
55 0.186
56 0.187
57 0.18745
58 0.19015
59 0.1913
60 0.1944
61 0.1984
62 0.20395
63 0.2078
64 0.21025
65 0.2116
66 0.21685
67 0.2176
68 0.22125
69 0.22595
70 0.2272
71 0.22865
72 0.23
73 0.23125
74 0.23295
75 0.2346
76 0.23465
77 0.2365
78 0.2373
79 0.2437
80 0.24595
81 0.24905
82 0.2511
83 0.25695
84 0.2618
85 0.2655
86 0.26825
87 0.2683
88 0.2712
89 0.27415
90 0.276
91 0.27915
92 0.28255
93 0.2858
94 0.2884
95 0.2914
96 0.29715
97 0.2999
98 0.30285
99 0.30545
100 0.30605
101 0.3112
102 0.3123
103 0.31855
104 0.31875
105 0.3226
106 0.32735
107 0.3301
108 0.33435
109 0.3382
110 0.3439
111 0.3448
112 0.3491
113 0.3495
114 0.35005
115 0.3531
116 0.3549
117 0.35745
118 0.35955
119 0.3605
120 0.36535
121 0.3676
122 0.3693
123 0.3727
124 0.3742
125 0.375
126 0.37825
127 0.38455
128 0.3877
129 0.38935
130 0.39235
131 0.3981
132 0.3999
133 0.4033
134 0.40445
135 0.407
136 0.41115
137 0.4117
138 0.4172
139 0.4199
140 0.4271
141 0.43115
142 0.4322
143 0.43275
144 0.4353
145 0.43845
146 0.44465
147 0.44725
148 0.44805
149 0.45285
150 0.4558
151 0.45595
152 0.4595
153 0.4615
154 0.46255
155 0.465
156 0.47125
157 0.4757
158 0.4768
159 0.47875
160 0.48065
161 0.48155
162 0.48785
163 0.4925
164 0.498
165 0.5055
166 0.5098
167 0.5112
168 0.5171
169 0.5196
170 0.52145
171 0.52415
172 0.52705
173 0.52765
174 0.53105
175 0.53425
176 0.5382
177 0.54015
178 0.5444
179 0.54845
180 0.55185
181 0.5533
182 0.5592
183 0.56485
184 0.5672
185 0.5693
186 0.5708
187 0.57345
188 0.57695
189 0.57875
190 0.5816
191 0.5868
192 0.5908
193 0.5937
194 0.5945
195 0.5961
196 0.59815
197 0.60295
198 0.60365
199 0.6065
200 0.6108
201 0.6152
202 0.61675
203 0.6175
204 0.61945
205 0.6203
206 0.622
207 0.6243
208 0.6301
209 0.63255
210 0.6399
211 0.6434
212 0.6475
213 0.6482
214 0.65205
215 0.65445
216 0.65895
217 0.6592
218 0.66025
219 0.66295
220 0.66585
221 0.6698
222 0.67035
223 0.6729
224 0.6754
225 0.6796
226 0.68195
227 0.6835
228 0.688
229 0.689
230 0.69305
231 0.6979
232 0.7006
233 0.70725
234 0.7083
235 0.7108
236 0.71315
237 0.7151
238 0.71615
239 0.7176
240 0.7208
241 0.72305
242 0.7256
243 0.72875
244 0.7309
245 0.73225
246 0.7336
247 0.73525
248 0.73665
249 0.74135
250 0.74265
251 0.74865
252 0.7513
253 0.754
254 0.75665
255 0.75915
256 0.76145
257 0.7624
258 0.765
259 0.77135
260 0.77295
261 0.7765
262 0.7801
263 0.7806
264 0.7848
265 0.78765
266 0.7911
267 0.79515
268 0.79525
269 0.7965
270 0.8009
271 0.8082
272 0.80995
273 0.81545
274 0.81905
275 0.8217
276 0.82185
277 0.82375
278 0.82645
279 0.8292
280 0.83405
281 0.83785
282 0.83915
283 0.8414
284 0.84245
285 0.8472
286 0.8506
287 0.85315
288 0.8568
289 0.85925
290 0.86205
291 0.865
292 0.8687
293 0.8726
294 0.87345
295 0.87455
296 0.8778
297 0.87855
298 0.87965
299 0.8819
300 0.8826
301 0.8868
302 0.88855
303 0.8916
304 0.89355
305 0.89655
306 0.89925
307 0.9031
308 0.90955
309 0.9121
310 0.91385
311 0.91555
312 0.92
313 0.9236
314 0.9241
315 0.92775
316 0.92845
317 0.93175
318 0.9359
319 0.9391
320 0.94695
321 0.94745
322 0.9524
323 0.95335
324 0.9542
325 0.9562
326 0.95775
327 0.95885
328 0.9601
329 0.9628
330 0.96605
331 0.97205
332 0.9746
333 0.9784
334 0.9803
335 0.986
336 0.9901
337 0.99215
338 0.99495
339 0.9957
340 0.9964
341 1.0001
# Generated pool n. 21 for Umax = -5.923268795013428
# Generated a biased pool of 20000 with an acceptance of 0.19474630057811737
# Generated a pool of 20000 with an acceptance of 0.0029242690058479534
# Generation repeated 342 times
# Average relative effective sample size: 0.03135637566447258
# Generation efficiency: 0.0029239766081871343
