# Generation 34

0 0.003
1 0.00855
2 0.01555
3 0.01885
4 0.02225
5 0.0241
6 0.02545
7 0.0286
8 0.0319
9 0.0353
10 0.03825
11 0.0392
12 0.04175
13 0.0429
14 0.0466
15 0.0482
16 0.05305
17 0.0587
18 0.06285
19 0.0652
20 0.06715
21 0.0684
22 0.07105
23 0.0731
24 0.0738
25 0.08155
26 0.08725
27 0.092
28 0.0948
29 0.0973
30 0.1014
31 0.10765
32 0.11065
33 0.1116
34 0.11255
35 0.11425
36 0.1175
37 0.11855
38 0.12215
39 0.12475
40 0.1317
41 0.13655
42 0.13805
43 0.1412
44 0.14595
45 0.14935
46 0.1515
47 0.1543
48 0.15655
49 0.15905
50 0.1621
51 0.1654
52 0.1716
53 0.17625
54 0.17935
55 0.1856
56 0.1868
57 0.19205
58 0.1966
59 0.2016
60 0.20465
61 0.20575
62 0.21025
63 0.21315
64 0.2203
65 0.223
66 0.227
67 0.2304
68 0.23215
69 0.2346
70 0.2388
71 0.23945
72 0.244
73 0.2492
74 0.25305
75 0.25645
76 0.25935
77 0.2627
78 0.2671
79 0.2696
80 0.27265
81 0.27455
82 0.27665
83 0.2821
84 0.2843
85 0.2878
86 0.29185
87 0.2998
88 0.30375
89 0.30745
90 0.31175
91 0.3144
92 0.31755
93 0.32045
94 0.32365
95 0.3253
96 0.32965
97 0.33355
98 0.34015
99 0.3407
100 0.3433
101 0.34655
102 0.34785
103 0.3516
104 0.3544
105 0.3557
106 0.3594
107 0.365
108 0.3689
109 0.3726
110 0.3767
111 0.3828
112 0.38575
113 0.39305
114 0.39755
115 0.3989
116 0.4045
117 0.40875
118 0.41355
119 0.42065
120 0.42155
121 0.4221
122 0.42625
123 0.42835
124 0.4292
125 0.43135
126 0.43535
127 0.4365
128 0.4371
129 0.4405
130 0.44375
131 0.44675
132 0.44905
133 0.4563
134 0.45705
135 0.45975
136 0.4635
137 0.4652
138 0.47315
139 0.47395
140 0.4794
141 0.48315
142 0.4858
143 0.4866
144 0.48915
145 0.4915
146 0.49495
147 0.4971
148 0.5043
149 0.50625
150 0.5127
151 0.51665
152 0.5169
153 0.52055
154 0.5238
155 0.5294
156 0.5335
157 0.53605
158 0.53905
159 0.54105
160 0.54375
161 0.545
162 0.54735
163 0.54995
164 0.55085
165 0.5569
166 0.56085
167 0.56555
168 0.5722
169 0.57505
170 0.57765
171 0.5797
172 0.5846
173 0.58695
174 0.5919
175 0.5967
176 0.59955
177 0.6042
178 0.60775
179 0.60885
180 0.61185
181 0.61665
182 0.6177
183 0.6254
184 0.63
185 0.633
186 0.63365
187 0.6372
188 0.64035
189 0.64225
190 0.64285
191 0.64405
192 0.64695
193 0.64895
194 0.65125
195 0.65505
196 0.6567
197 0.6575
198 0.65995
199 0.66345
200 0.66645
201 0.67115
202 0.6797
203 0.68035
204 0.6828
205 0.6898
206 0.696
207 0.6987
208 0.6994
209 0.7025
210 0.70705
211 0.7087
212 0.70955
213 0.7138
214 0.71475
215 0.7151
216 0.71595
217 0.7186
218 0.72395
219 0.7252
220 0.72735
221 0.7276
222 0.7294
223 0.73275
224 0.73405
225 0.73695
226 0.73735
227 0.74255
228 0.74515
229 0.75095
230 0.7522
231 0.7554
232 0.75635
233 0.76105
234 0.76455
235 0.7702
236 0.77295
237 0.77585
238 0.77765
239 0.781
240 0.78305
241 0.7845
242 0.78905
243 0.79265
244 0.797
245 0.79965
246 0.804
247 0.80855
248 0.81305
249 0.8142
250 0.81665
251 0.81975
252 0.82555
253 0.8281
254 0.8303
255 0.8337
256 0.83485
257 0.8356
258 0.8368
259 0.8455
260 0.8474
261 0.84765
262 0.8486
263 0.855
264 0.85645
265 0.8604
266 0.86105
267 0.8641
268 0.86715
269 0.86835
270 0.8708
271 0.8754
272 0.87895
273 0.8823
274 0.88395
275 0.88535
276 0.8857
277 0.88925
278 0.8897
279 0.89585
280 0.90125
281 0.90755
282 0.9123
283 0.91495
284 0.91645
285 0.92035
286 0.9252
287 0.92765
288 0.9311
289 0.93345
290 0.9408
291 0.9428
292 0.9454
293 0.94845
294 0.94995
295 0.95455
296 0.9583
297 0.96135
298 0.9635
299 0.96895
300 0.96975
301 0.972
302 0.97605
303 0.9774
304 0.98195
305 0.98735
306 0.98815
307 0.99335
308 0.99515
309 0.9983
310 0.9995
311 1.00355
# Generated pool n. 34 for Umax = -14.061761856079102
# Generated a biased pool of 20000 with an acceptance of 0.12280431389808655
# Generated a pool of 20000 with an acceptance of 0.0032165064102564114
# Generation repeated 312 times
# Average relative effective sample size: 0.029544390738010406
# Generation efficiency: 0.003205128205128205
