# Generation 6

0 0.0018
1 0.0066
2 0.0108
3 0.0126
4 0.014
5 0.0182
6 0.0204
7 0.02285
8 0.02635
9 0.02855
10 0.0292
11 0.0336
12 0.03565
13 0.0364
14 0.03785
15 0.0406
16 0.0443
17 0.0477
18 0.04825
19 0.0508
20 0.05255
21 0.0543
22 0.05665
23 0.0584
24 0.0594
25 0.06295
26 0.0672
27 0.0695
28 0.07105
29 0.07345
30 0.07545
31 0.0777
32 0.0782
33 0.0806
34 0.086
35 0.0923
36 0.095
37 0.09855
38 0.1018
39 0.104
40 0.10895
41 0.1099
42 0.1154
43 0.12035
44 0.12465
45 0.12895
46 0.1317
47 0.13385
48 0.13645
49 0.13955
50 0.142
51 0.1465
52 0.14875
53 0.1566
54 0.16005
55 0.16335
56 0.16635
57 0.1685
58 0.17195
59 0.1736
60 0.17625
61 0.178
62 0.18255
63 0.1873
64 0.1882
65 0.19215
66 0.19625
67 0.19975
68 0.2024
69 0.2071
70 0.2087
71 0.2122
72 0.2143
73 0.2171
74 0.21885
75 0.22355
76 0.22965
77 0.2339
78 0.23945
79 0.2422
80 0.24635
81 0.25065
82 0.25375
83 0.2583
84 0.26065
85 0.26485
86 0.26595
87 0.26925
88 0.27275
89 0.27545
90 0.2785
91 0.2798
92 0.2814
93 0.28445
94 0.28505
95 0.28845
96 0.2938
97 0.29585
98 0.2981
99 0.30015
100 0.3059
101 0.30865
102 0.3127
103 0.3146
104 0.32055
105 0.32335
106 0.3264
107 0.3304
108 0.3352
109 0.33675
110 0.3404
111 0.34325
112 0.3453
113 0.34925
114 0.3534
115 0.3554
116 0.35625
117 0.3593
118 0.3609
119 0.363
120 0.3689
121 0.3704
122 0.37505
123 0.37825
124 0.38035
125 0.383
126 0.38555
127 0.3895
128 0.39205
129 0.3952
130 0.3958
131 0.40085
132 0.40135
133 0.4032
134 0.40735
135 0.4089
136 0.41325
137 0.4157
138 0.4204
139 0.4223
140 0.42675
141 0.4283
142 0.4306
143 0.43425
144 0.43545
145 0.4408
146 0.44395
147 0.45015
148 0.45415
149 0.456
150 0.45795
151 0.46
152 0.46355
153 0.46515
154 0.46835
155 0.4693
156 0.4722
157 0.47585
158 0.4794
159 0.4817
160 0.485
161 0.4873
162 0.48935
163 0.492
164 0.49505
165 0.49675
166 0.5011
167 0.5053
168 0.50655
169 0.508
170 0.51185
171 0.5144
172 0.51655
173 0.51845
174 0.51985
175 0.52295
176 0.5256
177 0.52945
178 0.5334
179 0.53505
180 0.54185
181 0.5433
182 0.5446
183 0.5494
184 0.552
185 0.55515
186 0.55935
187 0.56085
188 0.5628
189 0.56425
190 0.56635
191 0.5683
192 0.57175
193 0.5723
194 0.57435
195 0.5791
196 0.5824
197 0.5843
198 0.587
199 0.59025
200 0.5937
201 0.5967
202 0.60035
203 0.60265
204 0.6056
205 0.6062
206 0.60765
207 0.61145
208 0.6153
209 0.61845
210 0.61995
211 0.6228
212 0.6233
213 0.62645
214 0.6287
215 0.6315
216 0.63785
217 0.6411
218 0.64535
219 0.6502
220 0.6538
221 0.65495
222 0.6593
223 0.66215
224 0.6638
225 0.66475
226 0.66665
227 0.66735
228 0.672
229 0.67535
230 0.6785
231 0.6857
232 0.69115
233 0.6936
234 0.6944
235 0.69875
236 0.7025
237 0.70455
238 0.70885
239 0.71295
240 0.7137
241 0.7161
242 0.718
243 0.7238
244 0.7251
245 0.72735
246 0.7311
247 0.73545
248 0.7393
249 0.74275
250 0.74475
251 0.74935
252 0.7522
253 0.75485
254 0.7586
255 0.7595
256 0.76155
257 0.7646
258 0.7667
259 0.7687
260 0.77195
261 0.7749
262 0.7762
263 0.777
264 0.7793
265 0.78245
266 0.78505
267 0.7887
268 0.7902
269 0.7924
270 0.7932
271 0.79565
272 0.797
273 0.80125
274 0.80365
275 0.80555
276 0.8083
277 0.8123
278 0.8151
279 0.8167
280 0.81925
281 0.8212
282 0.82325
283 0.82455
284 0.82625
285 0.82785
286 0.83045
287 0.8356
288 0.83805
289 0.84475
290 0.85075
291 0.8573
292 0.8639
293 0.86805
294 0.871
295 0.8713
296 0.87325
297 0.8758
298 0.87775
299 0.88075
300 0.88455
301 0.88525
302 0.891
303 0.8934
304 0.897
305 0.89785
306 0.89945
307 0.9024
308 0.90585
309 0.91015
310 0.9131
311 0.917
312 0.91935
313 0.9222
314 0.9262
315 0.9303
316 0.93125
317 0.936
318 0.9375
319 0.9391
320 0.941
321 0.9448
322 0.94975
323 0.9521
324 0.9548
325 0.95695
326 0.95965
327 0.96245
328 0.96785
329 0.97205
330 0.97535
331 0.9781
332 0.9818
333 0.98705
334 0.98865
335 0.99135
336 0.99525
337 0.99935
338 1.00105
# Generated pool n. 6 for Umax = 360.4123229980469
# Generated a biased pool of 20000 with an acceptance of 0.15800698101520538
# Generated a pool of 20000 with an acceptance of 0.0029529498525073753
# Generation repeated 339 times
# Average relative effective sample size: 0.025756511837244034
# Generation efficiency: 0.0029498525073746312
