# Generation 5

0 0.0011
1 0.00595
2 0.01075
3 0.01485
4 0.01695
5 0.0209
6 0.02325
7 0.02505
8 0.0292
9 0.0349
10 0.0389
11 0.0414
12 0.04575
13 0.0481
14 0.0545
15 0.0586
16 0.06105
17 0.0652
18 0.0675
19 0.071
20 0.07435
21 0.0774
22 0.0806
23 0.0865
24 0.0895
25 0.0922
26 0.0939
27 0.09635
28 0.097
29 0.1015
30 0.1059
31 0.10925
32 0.1109
33 0.11315
34 0.1175
35 0.11975
36 0.12265
37 0.1246
38 0.12825
39 0.13355
40 0.13885
41 0.14195
42 0.14505
43 0.14705
44 0.148
45 0.151
46 0.15545
47 0.15855
48 0.1609
49 0.1625
50 0.1647
51 0.16605
52 0.16705
53 0.17245
54 0.1773
55 0.1778
56 0.18115
57 0.1852
58 0.19015
59 0.19165
60 0.19585
61 0.1983
62 0.20325
63 0.2038
64 0.20615
65 0.21035
66 0.2154
67 0.21975
68 0.2249
69 0.22665
70 0.2304
71 0.2342
72 0.23885
73 0.244
74 0.2497
75 0.2537
76 0.2568
77 0.2599
78 0.2658
79 0.26775
80 0.27045
81 0.27175
82 0.27765
83 0.2828
84 0.28605
85 0.2881
86 0.29295
87 0.29725
88 0.3
89 0.3006
90 0.30325
91 0.30595
92 0.31
93 0.31255
94 0.31505
95 0.3168
96 0.32
97 0.32545
98 0.32885
99 0.33175
100 0.3328
101 0.3362
102 0.3408
103 0.34335
104 0.3482
105 0.352
106 0.35935
107 0.36255
108 0.36375
109 0.36915
110 0.3753
111 0.3773
112 0.38375
113 0.38765
114 0.3887
115 0.39225
116 0.3946
117 0.39775
118 0.39935
119 0.40515
120 0.40615
121 0.41
122 0.41505
123 0.42165
124 0.4286
125 0.43055
126 0.4327
127 0.43625
128 0.43845
129 0.4435
130 0.44645
131 0.4512
132 0.4549
133 0.46025
134 0.4666
135 0.4698
136 0.47855
137 0.481
138 0.48535
139 0.4873
140 0.48995
141 0.4931
142 0.49575
143 0.49885
144 0.5039
145 0.50665
146 0.51235
147 0.5145
148 0.51715
149 0.521
150 0.52235
151 0.5269
152 0.52795
153 0.53285
154 0.5353
155 0.53825
156 0.54245
157 0.5455
158 0.5494
159 0.55295
160 0.5568
161 0.56075
162 0.56305
163 0.5682
164 0.5721
165 0.57855
166 0.5812
167 0.58735
168 0.5895
169 0.59265
170 0.59435
171 0.59815
172 0.60225
173 0.60525
174 0.6097
175 0.6164
176 0.6197
177 0.6222
178 0.62535
179 0.6296
180 0.63195
181 0.6369
182 0.64005
183 0.64375
184 0.6486
185 0.65335
186 0.6564
187 0.6584
188 0.6627
189 0.6635
190 0.668
191 0.67
192 0.6755
193 0.67935
194 0.6838
195 0.68805
196 0.6918
197 0.69805
198 0.6993
199 0.70405
200 0.70695
201 0.7107
202 0.7132
203 0.71835
204 0.7222
205 0.72655
206 0.7302
207 0.73465
208 0.73565
209 0.7396
210 0.74165
211 0.74505
212 0.74855
213 0.7516
214 0.75275
215 0.75855
216 0.76015
217 0.76395
218 0.7698
219 0.77575
220 0.78135
221 0.7855
222 0.78685
223 0.78955
224 0.7934
225 0.79625
226 0.80075
227 0.80165
228 0.80315
229 0.8046
230 0.8056
231 0.80885
232 0.8134
233 0.81675
234 0.8199
235 0.82495
236 0.8272
237 0.8308
238 0.8349
239 0.83835
240 0.84065
241 0.8424
242 0.84635
243 0.84805
244 0.84925
245 0.85595
246 0.8604
247 0.86385
248 0.86675
249 0.86815
250 0.8715
251 0.87335
252 0.87745
253 0.8808
254 0.88365
255 0.8868
256 0.8906
257 0.8932
258 0.89485
259 0.8976
260 0.8987
261 0.8998
262 0.90135
263 0.9056
264 0.91075
265 0.9135
266 0.91645
267 0.9192
268 0.92165
269 0.9257
270 0.9315
271 0.93325
272 0.93605
273 0.9401
274 0.94355
275 0.94735
276 0.9495
277 0.9552
278 0.95595
279 0.9584
280 0.96295
281 0.96475
282 0.96835
283 0.9695
284 0.9735
285 0.9757
286 0.9802
287 0.9844
288 0.98635
289 0.99115
290 0.99525
291 1.00035
# Generated pool n. 5 for Umax = 456.3888854980469
# Generated a biased pool of 20000 with an acceptance of 0.1916666477918625
# Generated a pool of 20000 with an acceptance of 0.003425856164383561
# Generation repeated 292 times
# Average relative effective sample size: 0.03164956718683243
# Generation efficiency: 0.003424657534246575
