# Generation 20

0 0.0024
1 0.0055
2 0.00675
3 0.00805
4 0.00945
5 0.01285
6 0.0167
7 0.01795
8 0.0212
9 0.0247
10 0.02985
11 0.0324
12 0.0358
13 0.0394
14 0.0422
15 0.04295
16 0.0434
17 0.0445
18 0.0465
19 0.04795
20 0.0533
21 0.056
22 0.05975
23 0.06375
24 0.0643
25 0.0664
26 0.0689
27 0.0733
28 0.07515
29 0.0803
30 0.08065
31 0.0864
32 0.0878
33 0.0906
34 0.09175
35 0.09835
36 0.099
37 0.09975
38 0.10315
39 0.1081
40 0.11135
41 0.11245
42 0.114
43 0.11905
44 0.11955
45 0.1213
46 0.12165
47 0.12435
48 0.1281
49 0.1289
50 0.12915
51 0.13055
52 0.1352
53 0.13745
54 0.14135
55 0.14395
56 0.14625
57 0.1463
58 0.1497
59 0.151
60 0.1538
61 0.15525
62 0.1555
63 0.15675
64 0.15835
65 0.16295
66 0.16515
67 0.1657
68 0.1672
69 0.1684
70 0.16955
71 0.17265
72 0.1757
73 0.17665
74 0.1772
75 0.17885
76 0.18265
77 0.18515
78 0.18675
79 0.18805
80 0.1883
81 0.19005
82 0.19195
83 0.1926
84 0.1943
85 0.19505
86 0.19715
87 0.19875
88 0.2015
89 0.20245
90 0.2066
91 0.209
92 0.20935
93 0.20995
94 0.2132
95 0.2149
96 0.21795
97 0.22005
98 0.22225
99 0.22605
100 0.22745
101 0.229
102 0.2309
103 0.2322
104 0.2337
105 0.2352
106 0.23875
107 0.2417
108 0.24415
109 0.2477
110 0.24985
111 0.2524
112 0.2546
113 0.25525
114 0.2571
115 0.25845
116 0.25985
117 0.26035
118 0.2635
119 0.26695
120 0.2684
121 0.26975
122 0.27105
123 0.2766
124 0.2786
125 0.2818
126 0.2828
127 0.287
128 0.28865
129 0.29025
130 0.29115
131 0.2957
132 0.3005
133 0.3034
134 0.3051
135 0.3075
136 0.3102
137 0.3109
138 0.31225
139 0.31475
140 0.31655
141 0.321
142 0.32575
143 0.32695
144 0.32925
145 0.33005
146 0.33225
147 0.3349
148 0.3398
149 0.3413
150 0.3428
151 0.34465
152 0.3477
153 0.3489
154 0.3504
155 0.3528
156 0.35525
157 0.35585
158 0.3582
159 0.3603
160 0.3615
161 0.365
162 0.36695
163 0.37105
164 0.37315
165 0.3752
166 0.37555
167 0.37575
168 0.37845
169 0.37935
170 0.382
171 0.38345
172 0.3857
173 0.38855
174 0.3898
175 0.39075
176 0.39085
177 0.39615
178 0.3985
179 0.4012
180 0.40375
181 0.40805
182 0.41145
183 0.41205
184 0.41365
185 0.4164
186 0.4195
187 0.4235
188 0.42435
189 0.4251
190 0.4274
191 0.42915
192 0.43085
193 0.4328
194 0.43295
195 0.4368
196 0.4375
197 0.441
198 0.44305
199 0.4459
200 0.44805
201 0.45115
202 0.4551
203 0.4553
204 0.4582
205 0.45825
206 0.46345
207 0.46565
208 0.46945
209 0.4725
210 0.4746
211 0.47785
212 0.4798
213 0.48275
214 0.48375
215 0.4899
216 0.4903
217 0.4905
218 0.4921
219 0.49445
220 0.49725
221 0.49835
222 0.5018
223 0.5067
224 0.51195
225 0.51645
226 0.51885
227 0.52195
228 0.523
229 0.5249
230 0.5266
231 0.5279
232 0.5302
233 0.534
234 0.5346
235 0.53545
236 0.53665
237 0.53745
238 0.54045
239 0.54275
240 0.5436
241 0.54385
242 0.54595
243 0.5469
244 0.54875
245 0.5509
246 0.55445
247 0.55585
248 0.56055
249 0.5647
250 0.566
251 0.56945
252 0.5714
253 0.57685
254 0.57995
255 0.58195
256 0.58425
257 0.5849
258 0.5855
259 0.58765
260 0.5889
261 0.59175
262 0.59345
263 0.5938
264 0.59655
265 0.59795
266 0.59815
267 0.59965
268 0.6017
269 0.60385
270 0.6059
271 0.60855
272 0.60955
273 0.61005
274 0.6116
275 0.61345
276 0.6158
277 0.61695
278 0.6183
279 0.6209
280 0.62275
281 0.6232
282 0.6283
283 0.63295
284 0.63575
285 0.63695
286 0.63735
287 0.63815
288 0.64165
289 0.6426
290 0.6468
291 0.6477
292 0.65105
293 0.65275
294 0.6561
295 0.65725
296 0.65945
297 0.66495
298 0.6659
299 0.668
300 0.66975
301 0.6728
302 0.6756
303 0.6758
304 0.6787
305 0.68095
306 0.683
307 0.68395
308 0.68715
309 0.69025
310 0.6912
311 0.69375
312 0.6965
313 0.6977
314 0.6982
315 0.6991
316 0.7011
317 0.70195
318 0.7043
319 0.7049
320 0.70905
321 0.7092
322 0.71215
323 0.7133
324 0.7161
325 0.7201
326 0.72645
327 0.72875
328 0.7314
329 0.7319
330 0.73265
331 0.73585
332 0.73775
333 0.7387
334 0.74015
335 0.74095
336 0.74345
337 0.7439
338 0.7453
339 0.7459
340 0.74865
341 0.7504
342 0.7514
343 0.75225
344 0.7545
345 0.7604
346 0.7605
347 0.7608
348 0.7664
349 0.76685
350 0.76995
351 0.7713
352 0.77195
353 0.77365
354 0.7756
355 0.77735
356 0.7787
357 0.78035
358 0.78205
359 0.78515
360 0.78785
361 0.7899
362 0.79315
363 0.79505
364 0.7952
365 0.79825
366 0.80015
367 0.8017
368 0.80515
369 0.8058
370 0.80645
371 0.8074
372 0.80845
373 0.80985
374 0.8126
375 0.8141
376 0.81865
377 0.8199
378 0.82135
379 0.82365
380 0.8238
381 0.82515
382 0.82615
383 0.82965
384 0.83325
385 0.8342
386 0.8349
387 0.8384
388 0.8393
389 0.8403
390 0.84295
391 0.8466
392 0.8482
393 0.85325
394 0.8555
395 0.8567
396 0.8574
397 0.8621
398 0.86445
399 0.8662
400 0.86875
401 0.87
402 0.8702
403 0.87185
404 0.87405
405 0.87505
406 0.87695
407 0.8772
408 0.88055
409 0.88385
410 0.88695
411 0.88755
412 0.88855
413 0.89135
414 0.89665
415 0.8988
416 0.90375
417 0.90645
418 0.90675
419 0.91075
420 0.91245
421 0.91515
422 0.9173
423 0.91985
424 0.9224
425 0.9265
426 0.92925
427 0.9328
428 0.93395
429 0.9349
430 0.93685
431 0.93795
432 0.93905
433 0.94075
434 0.94315
435 0.94365
436 0.94525
437 0.946
438 0.94795
439 0.9491
440 0.9507
441 0.9516
442 0.9529
443 0.9541
444 0.95545
445 0.95915
446 0.9598
447 0.9629
448 0.96465
449 0.9657
450 0.97105
451 0.9727
452 0.9737
453 0.975
454 0.97665
455 0.97975
456 0.98125
457 0.9813
458 0.98465
459 0.98725
460 0.98875
461 0.99055
462 0.99175
463 0.99555
464 0.99815
465 1.00255
# Generated pool n. 20 for Umax = -3.9078187942504883
# Generated a biased pool of 20000 with an acceptance of 0.1468910425901413
# Generated a pool of 20000 with an acceptance of 0.0021513948497854075
# Generation repeated 466 times
# Average relative effective sample size: 0.02015959843993187
# Generation efficiency: 0.002145922746781116
