# Generation 44

0 0.0021
1 0.004
2 0.00545
3 0.0081
4 0.0099
5 0.01195
6 0.01395
7 0.01445
8 0.0158
9 0.01665
10 0.0183
11 0.01915
12 0.01985
13 0.02185
14 0.02265
15 0.02315
16 0.0258
17 0.0267
18 0.02715
19 0.02835
20 0.0294
21 0.03185
22 0.03345
23 0.03475
24 0.03525
25 0.0361
26 0.03765
27 0.0396
28 0.0404
29 0.04245
30 0.04505
31 0.04705
32 0.04765
33 0.0484
34 0.05105
35 0.05195
36 0.05375
37 0.05565
38 0.0574
39 0.05845
40 0.05925
41 0.0611
42 0.06175
43 0.06295
44 0.06435
45 0.0657
46 0.0675
47 0.0694
48 0.07015
49 0.0738
50 0.0764
51 0.07765
52 0.07805
53 0.0805
54 0.08105
55 0.08275
56 0.0852
57 0.0857
58 0.08985
59 0.0906
60 0.0923
61 0.09525
62 0.09665
63 0.09775
64 0.09955
65 0.1006
66 0.1029
67 0.10375
68 0.1053
69 0.1063
70 0.1103
71 0.1108
72 0.11395
73 0.11425
74 0.11575
75 0.11665
76 0.1176
77 0.11855
78 0.1202
79 0.12185
80 0.12285
81 0.1255
82 0.12735
83 0.1283
84 0.12965
85 0.1305
86 0.1331
87 0.13525
88 0.1361
89 0.13715
90 0.13835
91 0.1392
92 0.14115
93 0.14175
94 0.14375
95 0.14595
96 0.14855
97 0.1498
98 0.1508
99 0.15345
100 0.1543
101 0.15625
102 0.15845
103 0.15905
104 0.16005
105 0.16145
106 0.1623
107 0.16325
108 0.16505
109 0.1684
110 0.16925
111 0.1709
112 0.17195
113 0.1739
114 0.17415
115 0.1774
116 0.17955
117 0.181
118 0.1817
119 0.1834
120 0.1858
121 0.18755
122 0.18775
123 0.18915
124 0.1908
125 0.1923
126 0.1937
127 0.19485
128 0.19585
129 0.1973
130 0.19815
131 0.1988
132 0.20035
133 0.2026
134 0.2049
135 0.2065
136 0.20905
137 0.2121
138 0.2135
139 0.2146
140 0.21635
141 0.2173
142 0.218
143 0.21895
144 0.22045
145 0.2228
146 0.22395
147 0.2251
148 0.2277
149 0.23155
150 0.23415
151 0.23655
152 0.2389
153 0.24075
154 0.24245
155 0.2447
156 0.2457
157 0.24645
158 0.2503
159 0.2512
160 0.2522
161 0.25495
162 0.2576
163 0.25815
164 0.2595
165 0.2606
166 0.2621
167 0.2639
168 0.26495
169 0.2664
170 0.26745
171 0.26755
172 0.2693
173 0.27015
174 0.2718
175 0.2725
176 0.27295
177 0.27565
178 0.27675
179 0.27995
180 0.2819
181 0.2831
182 0.2841
183 0.2852
184 0.2875
185 0.2903
186 0.29155
187 0.2921
188 0.2948
189 0.2952
190 0.2966
191 0.2977
192 0.2988
193 0.3006
194 0.302
195 0.3041
196 0.30625
197 0.30825
198 0.3107
199 0.31205
200 0.31255
201 0.3156
202 0.3162
203 0.31715
204 0.3183
205 0.3203
206 0.3223
207 0.3234
208 0.3243
209 0.3252
210 0.32625
211 0.3285
212 0.33055
213 0.33265
214 0.3344
215 0.33485
216 0.33555
217 0.33705
218 0.33955
219 0.34005
220 0.34085
221 0.3425
222 0.3435
223 0.34495
224 0.34635
225 0.3488
226 0.3496
227 0.3504
228 0.35225
229 0.3546
230 0.3554
231 0.35605
232 0.3581
233 0.35995
234 0.36155
235 0.362
236 0.36325
237 0.3646
238 0.3658
239 0.368
240 0.37095
241 0.3715
242 0.3728
243 0.3751
244 0.3762
245 0.3768
246 0.37685
247 0.37895
248 0.37985
249 0.3803
250 0.38115
251 0.3822
252 0.38265
253 0.3833
254 0.3854
255 0.3868
256 0.38725
257 0.3884
258 0.3885
259 0.39035
260 0.3907
261 0.39115
262 0.3937
263 0.39525
264 0.39585
265 0.3981
266 0.39955
267 0.40175
268 0.4033
269 0.4058
270 0.40695
271 0.4089
272 0.40975
273 0.4118
274 0.4128
275 0.41435
276 0.4161
277 0.4166
278 0.41835
279 0.4189
280 0.4215
281 0.423
282 0.4237
283 0.4248
284 0.4255
285 0.42605
286 0.4274
287 0.429
288 0.4296
289 0.4316
290 0.43455
291 0.43855
292 0.4391
293 0.43975
294 0.44045
295 0.44135
296 0.4417
297 0.4437
298 0.44525
299 0.4474
300 0.44815
301 0.4497
302 0.45015
303 0.45045
304 0.45285
305 0.45395
306 0.4546
307 0.45575
308 0.4585
309 0.46005
310 0.4623
311 0.46505
312 0.46695
313 0.4697
314 0.47145
315 0.4733
316 0.4745
317 0.47755
318 0.4786
319 0.47995
320 0.4821
321 0.4826
322 0.4843
323 0.486
324 0.48865
325 0.4922
326 0.4933
327 0.4944
328 0.4949
329 0.4971
330 0.49825
331 0.50125
332 0.5018
333 0.5027
334 0.50375
335 0.5058
336 0.50605
337 0.5076
338 0.5089
339 0.51055
340 0.51325
341 0.5138
342 0.5149
343 0.51695
344 0.5187
345 0.52
346 0.522
347 0.5234
348 0.5239
349 0.52685
350 0.5298
351 0.53125
352 0.5336
353 0.53515
354 0.53565
355 0.53755
356 0.5393
357 0.5411
358 0.54145
359 0.54185
360 0.54305
361 0.54385
362 0.5456
363 0.548
364 0.54885
365 0.5501
366 0.551
367 0.55225
368 0.55455
369 0.55505
370 0.55685
371 0.5591
372 0.56015
373 0.56205
374 0.5643
375 0.5657
376 0.56785
377 0.56895
378 0.57135
379 0.5731
380 0.5752
381 0.5777
382 0.5794
383 0.5805
384 0.58215
385 0.5831
386 0.58525
387 0.5873
388 0.58855
389 0.59135
390 0.5932
391 0.5961
392 0.5985
393 0.5993
394 0.5997
395 0.60125
396 0.60245
397 0.60435
398 0.60585
399 0.60715
400 0.6084
401 0.60995
402 0.6112
403 0.6142
404 0.6156
405 0.61675
406 0.61815
407 0.6199
408 0.621
409 0.6219
410 0.6237
411 0.62555
412 0.6269
413 0.6278
414 0.62945
415 0.62995
416 0.6329
417 0.63395
418 0.63555
419 0.63775
420 0.63985
421 0.6409
422 0.64155
423 0.64255
424 0.64385
425 0.64595
426 0.6461
427 0.6486
428 0.64945
429 0.65095
430 0.65275
431 0.65475
432 0.6563
433 0.65765
434 0.65965
435 0.6603
436 0.6625
437 0.6651
438 0.66605
439 0.66675
440 0.6691
441 0.67075
442 0.6723
443 0.6741
444 0.6749
445 0.6752
446 0.67685
447 0.677
448 0.6781
449 0.6789
450 0.68015
451 0.6821
452 0.685
453 0.686
454 0.6872
455 0.68805
456 0.6889
457 0.68955
458 0.69165
459 0.69375
460 0.6956
461 0.6983
462 0.69985
463 0.7013
464 0.703
465 0.7033
466 0.7046
467 0.70695
468 0.70735
469 0.7088
470 0.71105
471 0.7118
472 0.7144
473 0.71655
474 0.7187
475 0.71985
476 0.7216
477 0.72325
478 0.7239
479 0.72635
480 0.7274
481 0.72965
482 0.731
483 0.732
484 0.7332
485 0.7342
486 0.7346
487 0.73695
488 0.7401
489 0.74245
490 0.74335
491 0.7449
492 0.74655
493 0.74835
494 0.7503
495 0.7527
496 0.7546
497 0.7567
498 0.757
499 0.7582
500 0.7599
501 0.76055
502 0.76225
503 0.763
504 0.76365
505 0.76655
506 0.7689
507 0.77195
508 0.77335
509 0.7739
510 0.77505
511 0.776
512 0.7765
513 0.78055
514 0.7814
515 0.78215
516 0.7833
517 0.78525
518 0.788
519 0.79055
520 0.79235
521 0.79455
522 0.7955
523 0.7963
524 0.7974
525 0.79895
526 0.80085
527 0.80215
528 0.80375
529 0.80575
530 0.80895
531 0.81115
532 0.8123
533 0.81355
534 0.8178
535 0.8186
536 0.82005
537 0.82205
538 0.82315
539 0.82455
540 0.8271
541 0.8283
542 0.8295
543 0.8306
544 0.8313
545 0.8316
546 0.83455
547 0.836
548 0.8369
549 0.8383
550 0.83915
551 0.8406
552 0.8419
553 0.84315
554 0.84455
555 0.84605
556 0.8489
557 0.85025
558 0.85175
559 0.85365
560 0.85705
561 0.85785
562 0.8588
563 0.8605
564 0.8609
565 0.86245
566 0.8636
567 0.8659
568 0.86705
569 0.86855
570 0.8711
571 0.87205
572 0.87355
573 0.87495
574 0.878
575 0.8785
576 0.8805
577 0.88235
578 0.88385
579 0.8844
580 0.8857
581 0.8893
582 0.89065
583 0.89245
584 0.8941
585 0.89445
586 0.89595
587 0.89695
588 0.89805
589 0.89915
590 0.90025
591 0.9027
592 0.9031
593 0.90415
594 0.90625
595 0.90855
596 0.91045
597 0.91085
598 0.9114
599 0.91285
600 0.91435
601 0.91515
602 0.91845
603 0.9197
604 0.921
605 0.92225
606 0.924
607 0.92515
608 0.9268
609 0.9269
610 0.92845
611 0.92875
612 0.9295
613 0.9298
614 0.9311
615 0.9327
616 0.9334
617 0.93455
618 0.93535
619 0.93585
620 0.93705
621 0.93865
622 0.94015
623 0.9409
624 0.94205
625 0.94265
626 0.94295
627 0.94315
628 0.9457
629 0.94715
630 0.9478
631 0.94975
632 0.95035
633 0.95165
634 0.95245
635 0.95365
636 0.95625
637 0.95815
638 0.9605
639 0.9614
640 0.9625
641 0.96425
642 0.96735
643 0.96925
644 0.9702
645 0.97235
646 0.97365
647 0.9758
648 0.97925
649 0.97975
650 0.9804
651 0.9829
652 0.9848
653 0.98595
654 0.9886
655 0.98965
656 0.9904
657 0.99165
658 0.9938
659 0.99455
660 0.99535
661 0.99675
662 0.9981
663 1.00175
# Generated pool n. 44 for Umax = -14.774331092834473
# Generated a biased pool of 20000 with an acceptance of 0.04083612188696861
# Generated a pool of 20000 with an acceptance of 0.0015086596385542144
# Generation repeated 664 times
# Average relative effective sample size: 0.009041027165949345
# Generation efficiency: 0.0015060240963855422
