# Generation 31

0 0.00185
1 0.0053
2 0.007
3 0.01225
4 0.0157
5 0.01795
6 0.02105
7 0.0241
8 0.02445
9 0.0288
10 0.03115
11 0.0332
12 0.03575
13 0.03805
14 0.0397
15 0.0451
16 0.049
17 0.05375
18 0.05775
19 0.0601
20 0.06455
21 0.06525
22 0.0679
23 0.07165
24 0.07475
25 0.0803
26 0.08265
27 0.08445
28 0.09045
29 0.09205
30 0.0943
31 0.09695
32 0.0994
33 0.1031
34 0.10625
35 0.10825
36 0.1114
37 0.11455
38 0.11755
39 0.122
40 0.13
41 0.1319
42 0.1334
43 0.1382
44 0.14155
45 0.14645
46 0.1499
47 0.15665
48 0.15855
49 0.1603
50 0.1625
51 0.16475
52 0.1676
53 0.17355
54 0.17685
55 0.18105
56 0.18305
57 0.1876
58 0.19035
59 0.19195
60 0.1944
61 0.19725
62 0.2015
63 0.20435
64 0.20875
65 0.21165
66 0.2143
67 0.2162
68 0.2164
69 0.21995
70 0.22105
71 0.22295
72 0.22325
73 0.22825
74 0.23135
75 0.23375
76 0.2355
77 0.2358
78 0.23685
79 0.2401
80 0.24615
81 0.25
82 0.25265
83 0.2557
84 0.25665
85 0.2609
86 0.2623
87 0.26455
88 0.2678
89 0.27175
90 0.2755
91 0.28075
92 0.2845
93 0.28635
94 0.28705
95 0.2925
96 0.2962
97 0.30075
98 0.30245
99 0.3061
100 0.3066
101 0.31395
102 0.3141
103 0.31875
104 0.31955
105 0.3217
106 0.32425
107 0.32515
108 0.32735
109 0.3323
110 0.3385
111 0.34
112 0.34325
113 0.3465
114 0.3536
115 0.35585
116 0.3599
117 0.3649
118 0.37
119 0.37425
120 0.37765
121 0.38145
122 0.38205
123 0.3844
124 0.38995
125 0.39395
126 0.3962
127 0.40005
128 0.40475
129 0.4068
130 0.4077
131 0.416
132 0.41875
133 0.42075
134 0.42615
135 0.4278
136 0.43035
137 0.43575
138 0.43855
139 0.4413
140 0.4496
141 0.45275
142 0.45475
143 0.46
144 0.46575
145 0.46815
146 0.47085
147 0.47535
148 0.47875
149 0.48395
150 0.4869
151 0.4919
152 0.49395
153 0.496
154 0.49935
155 0.5027
156 0.50695
157 0.5094
158 0.51435
159 0.51845
160 0.5211
161 0.5267
162 0.528
163 0.5307
164 0.5371
165 0.5382
166 0.53965
167 0.54895
168 0.5519
169 0.5526
170 0.55795
171 0.56055
172 0.5641
173 0.5658
174 0.5687
175 0.57315
176 0.5781
177 0.5803
178 0.58425
179 0.59005
180 0.5935
181 0.5964
182 0.60215
183 0.60525
184 0.6063
185 0.61135
186 0.6146
187 0.61735
188 0.62175
189 0.6224
190 0.6266
191 0.6273
192 0.6305
193 0.63155
194 0.632
195 0.63445
196 0.64245
197 0.64525
198 0.6489
199 0.65335
200 0.6579
201 0.6591
202 0.6603
203 0.6622
204 0.6639
205 0.6684
206 0.66995
207 0.67565
208 0.6799
209 0.6863
210 0.6898
211 0.6918
212 0.69365
213 0.6962
214 0.7028
215 0.70945
216 0.71295
217 0.7149
218 0.71735
219 0.7226
220 0.72775
221 0.7299
222 0.73235
223 0.73375
224 0.73505
225 0.73615
226 0.73975
227 0.7438
228 0.74615
229 0.7491
230 0.75305
231 0.7552
232 0.76055
233 0.76755
234 0.77305
235 0.77665
236 0.78015
237 0.7838
238 0.78625
239 0.7899
240 0.79115
241 0.7926
242 0.7937
243 0.796
244 0.79835
245 0.8028
246 0.80475
247 0.80645
248 0.8079
249 0.81255
250 0.81385
251 0.8171
252 0.81885
253 0.8218
254 0.82665
255 0.83235
256 0.83435
257 0.83635
258 0.8425
259 0.84595
260 0.8477
261 0.851
262 0.85285
263 0.8538
264 0.85715
265 0.86125
266 0.8628
267 0.8649
268 0.86645
269 0.86975
270 0.8742
271 0.8789
272 0.8802
273 0.8822
274 0.887
275 0.89075
276 0.89395
277 0.9013
278 0.9036
279 0.90565
280 0.908
281 0.91155
282 0.91405
283 0.9165
284 0.92065
285 0.9246
286 0.9263
287 0.9286
288 0.93005
289 0.9312
290 0.93345
291 0.9377
292 0.9421
293 0.94445
294 0.94665
295 0.94855
296 0.95315
297 0.955
298 0.96075
299 0.96225
300 0.9652
301 0.96725
302 0.96945
303 0.9724
304 0.9784
305 0.98385
306 0.9881
307 0.99145
308 0.99515
309 0.99715
310 1.0012
# Generated pool n. 31 for Umax = -13.475561141967773
# Generated a biased pool of 20000 with an acceptance of 0.12711846828460693
# Generated a pool of 20000 with an acceptance of 0.0032192926045016045
# Generation repeated 311 times
# Average relative effective sample size: 0.03090519644320011
# Generation efficiency: 0.003215434083601286
