# Generation 27

0 0.0024
1 0.00495
2 0.00855
3 0.0113
4 0.0169
5 0.01995
6 0.0238
7 0.02625
8 0.0276
9 0.0307
10 0.03455
11 0.04105
12 0.04635
13 0.05
14 0.05445
15 0.0608
16 0.0639
17 0.0675
18 0.07165
19 0.0726
20 0.0748
21 0.077
22 0.0835
23 0.08455
24 0.0914
25 0.09415
26 0.10015
27 0.103
28 0.1103
29 0.1138
30 0.1168
31 0.11975
32 0.12095
33 0.12565
34 0.127
35 0.13015
36 0.1307
37 0.13365
38 0.138
39 0.1402
40 0.14415
41 0.1475
42 0.1495
43 0.1507
44 0.156
45 0.1605
46 0.16265
47 0.1677
48 0.1731
49 0.17545
50 0.1762
51 0.1768
52 0.18035
53 0.1807
54 0.1851
55 0.18685
56 0.19005
57 0.1933
58 0.19385
59 0.19585
60 0.19705
61 0.20545
62 0.21175
63 0.21495
64 0.21985
65 0.22045
66 0.2228
67 0.22555
68 0.22845
69 0.2321
70 0.237
71 0.2391
72 0.24345
73 0.24475
74 0.2481
75 0.24985
76 0.25195
77 0.2586
78 0.26225
79 0.2659
80 0.26985
81 0.2778
82 0.2819
83 0.2852
84 0.2929
85 0.29945
86 0.3021
87 0.3107
88 0.31605
89 0.32055
90 0.3271
91 0.33075
92 0.3335
93 0.33645
94 0.34
95 0.34225
96 0.3471
97 0.34985
98 0.3539
99 0.36395
100 0.3651
101 0.37195
102 0.3747
103 0.3807
104 0.3862
105 0.39035
106 0.39775
107 0.3999
108 0.40515
109 0.4094
110 0.4154
111 0.4198
112 0.42475
113 0.43055
114 0.4346
115 0.4418
116 0.4466
117 0.45255
118 0.45705
119 0.4597
120 0.46455
121 0.47215
122 0.47765
123 0.4842
124 0.48905
125 0.4924
126 0.49405
127 0.4966
128 0.5016
129 0.5105
130 0.51855
131 0.52425
132 0.5253
133 0.53245
134 0.5347
135 0.53685
136 0.54365
137 0.5489
138 0.55335
139 0.5555
140 0.55755
141 0.56045
142 0.5608
143 0.56955
144 0.5777
145 0.58145
146 0.58755
147 0.59275
148 0.59575
149 0.59665
150 0.59855
151 0.60155
152 0.6027
153 0.60545
154 0.6089
155 0.6096
156 0.6153
157 0.62145
158 0.6265
159 0.63825
160 0.64055
161 0.6414
162 0.64545
163 0.6487
164 0.64995
165 0.6526
166 0.6561
167 0.65995
168 0.6661
169 0.66895
170 0.6699
171 0.67325
172 0.67625
173 0.678
174 0.6811
175 0.6823
176 0.6872
177 0.69065
178 0.69695
179 0.7026
180 0.7065
181 0.71045
182 0.71415
183 0.71925
184 0.72025
185 0.72775
186 0.73225
187 0.7367
188 0.73815
189 0.74305
190 0.7464
191 0.74945
192 0.754
193 0.75825
194 0.7615
195 0.76475
196 0.76705
197 0.7729
198 0.77565
199 0.7804
200 0.78165
201 0.78795
202 0.79285
203 0.79565
204 0.80075
205 0.802
206 0.80655
207 0.81485
208 0.8219
209 0.8276
210 0.83105
211 0.8369
212 0.8384
213 0.8439
214 0.84885
215 0.84995
216 0.85445
217 0.8613
218 0.86735
219 0.8746
220 0.87505
221 0.88145
222 0.88515
223 0.8937
224 0.895
225 0.89835
226 0.8999
227 0.90085
228 0.90155
229 0.90545
230 0.9095
231 0.9194
232 0.92405
233 0.9294
234 0.9387
235 0.9464
236 0.9496
237 0.9549
238 0.9595
239 0.96175
240 0.9635
241 0.96655
242 0.97085
243 0.97495
244 0.977
245 0.97975
246 0.9839
247 0.98515
248 0.9865
249 0.9898
250 0.99335
251 1.0017
# Generated pool n. 27 for Umax = -11.990795135498047
# Generated a biased pool of 20000 with an acceptance of 0.17703372240066528
# Generated a pool of 20000 with an acceptance of 0.003974999999999998
# Generation repeated 252 times
# Average relative effective sample size: 0.040275268256664276
# Generation efficiency: 0.003968253968253968
