# Generation 19

0 0.00165
1 0.0042
2 0.00645
3 0.00945
4 0.01155
5 0.0125
6 0.0165
7 0.01665
8 0.01815
9 0.0189
10 0.01925
11 0.02135
12 0.02235
13 0.02295
14 0.02375
15 0.02585
16 0.0283
17 0.02905
18 0.0315
19 0.03175
20 0.0355
21 0.0364
22 0.03815
23 0.0398
24 0.0423
25 0.0429
26 0.04435
27 0.0455
28 0.04595
29 0.04795
30 0.0493
31 0.0511
32 0.0517
33 0.0532
34 0.05525
35 0.0574
36 0.06005
37 0.0622
38 0.06485
39 0.06755
40 0.06925
41 0.06995
42 0.071
43 0.0724
44 0.0733
45 0.0744
46 0.0781
47 0.0802
48 0.082
49 0.0831
50 0.08435
51 0.08445
52 0.08935
53 0.0915
54 0.0945
55 0.0955
56 0.0986
57 0.09935
58 0.1006
59 0.10285
60 0.1043
61 0.10685
62 0.10895
63 0.10955
64 0.1109
65 0.11295
66 0.1145
67 0.1172
68 0.11765
69 0.119
70 0.1209
71 0.1236
72 0.1255
73 0.1267
74 0.13025
75 0.13255
76 0.13505
77 0.1365
78 0.1406
79 0.14175
80 0.1426
81 0.14325
82 0.1434
83 0.14475
84 0.14815
85 0.15035
86 0.153
87 0.15365
88 0.15455
89 0.1584
90 0.16075
91 0.16315
92 0.16585
93 0.16745
94 0.169
95 0.1731
96 0.17555
97 0.17715
98 0.1795
99 0.1821
100 0.18425
101 0.1863
102 0.1896
103 0.1904
104 0.19155
105 0.192
106 0.1957
107 0.19795
108 0.20195
109 0.2033
110 0.20575
111 0.2077
112 0.2133
113 0.21465
114 0.2153
115 0.2181
116 0.21925
117 0.21955
118 0.2208
119 0.2219
120 0.22235
121 0.224
122 0.22665
123 0.22965
124 0.2318
125 0.2334
126 0.23445
127 0.23755
128 0.23815
129 0.2398
130 0.2417
131 0.24385
132 0.24565
133 0.24805
134 0.25025
135 0.25235
136 0.2549
137 0.25705
138 0.25845
139 0.2608
140 0.26165
141 0.26245
142 0.26505
143 0.2671
144 0.26955
145 0.27075
146 0.2714
147 0.2747
148 0.2782
149 0.2789
150 0.2798
151 0.2801
152 0.2811
153 0.2822
154 0.28785
155 0.28965
156 0.2934
157 0.294
158 0.296
159 0.29625
160 0.2987
161 0.30095
162 0.3011
163 0.3033
164 0.30355
165 0.3046
166 0.30675
167 0.3093
168 0.3102
169 0.31305
170 0.3135
171 0.3174
172 0.3201
173 0.32395
174 0.3254
175 0.3279
176 0.32985
177 0.33085
178 0.3339
179 0.33635
180 0.3373
181 0.341
182 0.3429
183 0.3455
184 0.34725
185 0.3516
186 0.3546
187 0.35505
188 0.35595
189 0.35695
190 0.36025
191 0.3606
192 0.3639
193 0.366
194 0.36795
195 0.3698
196 0.37155
197 0.3719
198 0.37365
199 0.37555
200 0.378
201 0.379
202 0.383
203 0.384
204 0.3863
205 0.3891
206 0.39125
207 0.3919
208 0.3931
209 0.39555
210 0.39725
211 0.3984
212 0.40045
213 0.40195
214 0.4057
215 0.40745
216 0.40915
217 0.41005
218 0.41115
219 0.4139
220 0.41685
221 0.4189
222 0.4221
223 0.4252
224 0.42835
225 0.43185
226 0.43665
227 0.44005
228 0.44245
229 0.44435
230 0.4476
231 0.4497
232 0.4503
233 0.4513
234 0.4526
235 0.45805
236 0.45955
237 0.46135
238 0.4635
239 0.46425
240 0.466
241 0.46785
242 0.46955
243 0.47115
244 0.47455
245 0.4756
246 0.47815
247 0.4823
248 0.48365
249 0.48585
250 0.4873
251 0.4891
252 0.491
253 0.49125
254 0.4946
255 0.4959
256 0.49795
257 0.5007
258 0.5018
259 0.50235
260 0.50505
261 0.507
262 0.5087
263 0.50965
264 0.51195
265 0.51435
266 0.51755
267 0.51815
268 0.52055
269 0.52265
270 0.52545
271 0.5267
272 0.52995
273 0.53205
274 0.534
275 0.53515
276 0.5362
277 0.537
278 0.53785
279 0.54095
280 0.54285
281 0.54345
282 0.54505
283 0.548
284 0.5497
285 0.5521
286 0.5551
287 0.557
288 0.55785
289 0.5608
290 0.5615
291 0.56185
292 0.564
293 0.5661
294 0.5694
295 0.5707
296 0.572
297 0.5745
298 0.57705
299 0.57815
300 0.57955
301 0.58095
302 0.584
303 0.5846
304 0.5875
305 0.58915
306 0.59155
307 0.59325
308 0.59505
309 0.5962
310 0.5985
311 0.6018
312 0.60455
313 0.60665
314 0.60915
315 0.6113
316 0.612
317 0.6129
318 0.61485
319 0.61805
320 0.62075
321 0.6222
322 0.6249
323 0.6267
324 0.62855
325 0.6293
326 0.6313
327 0.6324
328 0.6336
329 0.6384
330 0.6408
331 0.6435
332 0.6448
333 0.6459
334 0.64845
335 0.651
336 0.6519
337 0.6547
338 0.65775
339 0.65975
340 0.66155
341 0.66275
342 0.66495
343 0.6665
344 0.66775
345 0.67265
346 0.6727
347 0.67485
348 0.67605
349 0.67805
350 0.6804
351 0.68265
352 0.68515
353 0.6871
354 0.68895
355 0.6902
356 0.69345
357 0.6968
358 0.6992
359 0.7007
360 0.70215
361 0.70315
362 0.70385
363 0.70405
364 0.70445
365 0.7067
366 0.71045
367 0.71295
368 0.716
369 0.7193
370 0.721
371 0.7221
372 0.7224
373 0.72555
374 0.7279
375 0.729
376 0.73025
377 0.73105
378 0.73185
379 0.7357
380 0.73655
381 0.73795
382 0.73965
383 0.74195
384 0.7426
385 0.74415
386 0.74455
387 0.74785
388 0.7492
389 0.7505
390 0.753
391 0.7557
392 0.75795
393 0.75995
394 0.7634
395 0.76495
396 0.7685
397 0.76935
398 0.77145
399 0.773
400 0.7741
401 0.77605
402 0.77765
403 0.77825
404 0.78015
405 0.78275
406 0.78455
407 0.7877
408 0.7891
409 0.7897
410 0.79135
411 0.79345
412 0.79535
413 0.7981
414 0.8016
415 0.8047
416 0.80585
417 0.8089
418 0.81165
419 0.8141
420 0.81575
421 0.8181
422 0.81955
423 0.8207
424 0.82165
425 0.8234
426 0.8254
427 0.82735
428 0.82825
429 0.829
430 0.8309
431 0.8322
432 0.83385
433 0.8357
434 0.8373
435 0.84025
436 0.84225
437 0.8446
438 0.84615
439 0.8509
440 0.85245
441 0.85465
442 0.85815
443 0.8601
444 0.8641
445 0.8648
446 0.8669
447 0.8712
448 0.8723
449 0.87765
450 0.87825
451 0.8801
452 0.8831
453 0.88515
454 0.88885
455 0.88975
456 0.892
457 0.89305
458 0.89745
459 0.89815
460 0.9008
461 0.9029
462 0.9037
463 0.90695
464 0.9104
465 0.9119
466 0.91365
467 0.91565
468 0.9183
469 0.9214
470 0.9226
471 0.92585
472 0.9299
473 0.93095
474 0.9331
475 0.93555
476 0.9368
477 0.93875
478 0.94095
479 0.9418
480 0.9454
481 0.94945
482 0.9522
483 0.95385
484 0.95595
485 0.9577
486 0.9613
487 0.9621
488 0.96535
489 0.9663
490 0.9676
491 0.9698
492 0.9741
493 0.9752
494 0.97935
495 0.97975
496 0.9821
497 0.98535
498 0.9865
499 0.98985
500 0.99425
501 0.99755
502 1.00025
# Generated pool n. 19 for Umax = -1.3741917610168457
# Generated a biased pool of 20000 with an acceptance of 0.11575690656900406
# Generated a pool of 20000 with an acceptance of 0.001988568588469184
# Generation repeated 503 times
# Average relative effective sample size: 0.016363834962248802
# Generation efficiency: 0.0019880715705765406
