# Generation 40

0 0.0028
1 0.0035
2 0.0044
3 0.00815
4 0.0102
5 0.01235
6 0.01405
7 0.0172
8 0.01845
9 0.01885
10 0.0224
11 0.0246
12 0.02535
13 0.02605
14 0.02625
15 0.0275
16 0.0304
17 0.03135
18 0.0325
19 0.03495
20 0.0369
21 0.038
22 0.0414
23 0.04275
24 0.0448
25 0.0488
26 0.0495
27 0.05335
28 0.05435
29 0.05565
30 0.0563
31 0.0577
32 0.05915
33 0.0624
34 0.064
35 0.0669
36 0.06925
37 0.0698
38 0.0729
39 0.0775
40 0.0798
41 0.082
42 0.0845
43 0.0858
44 0.08925
45 0.09015
46 0.09275
47 0.09395
48 0.09755
49 0.0993
50 0.10225
51 0.1039
52 0.1062
53 0.10815
54 0.1101
55 0.1122
56 0.11305
57 0.1148
58 0.11805
59 0.1187
60 0.12055
61 0.1214
62 0.1217
63 0.12285
64 0.12585
65 0.12805
66 0.1296
67 0.1315
68 0.13345
69 0.1339
70 0.13695
71 0.13885
72 0.1416
73 0.14245
74 0.14345
75 0.1443
76 0.1475
77 0.1486
78 0.15055
79 0.1525
80 0.15335
81 0.15615
82 0.15895
83 0.16165
84 0.1637
85 0.1641
86 0.16595
87 0.1697
88 0.17145
89 0.1739
90 0.17785
91 0.18075
92 0.18275
93 0.1838
94 0.18495
95 0.1863
96 0.18795
97 0.19105
98 0.1934
99 0.1956
100 0.19755
101 0.2004
102 0.20445
103 0.20555
104 0.20795
105 0.21115
106 0.2136
107 0.2156
108 0.2181
109 0.21865
110 0.22
111 0.2209
112 0.22315
113 0.2253
114 0.22705
115 0.2302
116 0.2343
117 0.2371
118 0.23925
119 0.24165
120 0.24485
121 0.2467
122 0.2511
123 0.25455
124 0.2563
125 0.25725
126 0.2601
127 0.2638
128 0.2652
129 0.26525
130 0.2654
131 0.2696
132 0.2731
133 0.27365
134 0.27525
135 0.277
136 0.27985
137 0.28035
138 0.28145
139 0.28335
140 0.28575
141 0.28885
142 0.29165
143 0.29465
144 0.2975
145 0.29885
146 0.30095
147 0.30425
148 0.30835
149 0.3106
150 0.3142
151 0.3171
152 0.31825
153 0.3189
154 0.3216
155 0.3244
156 0.3261
157 0.32965
158 0.33115
159 0.33435
160 0.33565
161 0.3397
162 0.3399
163 0.34265
164 0.34435
165 0.34745
166 0.3498
167 0.3532
168 0.35525
169 0.3567
170 0.35895
171 0.3632
172 0.36465
173 0.36645
174 0.3704
175 0.3719
176 0.3748
177 0.37775
178 0.37935
179 0.38095
180 0.3827
181 0.38515
182 0.387
183 0.38935
184 0.39375
185 0.39385
186 0.39455
187 0.39495
188 0.3973
189 0.39865
190 0.4019
191 0.4042
192 0.40655
193 0.41
194 0.4109
195 0.4138
196 0.41515
197 0.4168
198 0.42005
199 0.42255
200 0.42395
201 0.4243
202 0.42635
203 0.4304
204 0.4327
205 0.43495
206 0.43625
207 0.4393
208 0.4417
209 0.44715
210 0.4483
211 0.4506
212 0.4519
213 0.4549
214 0.4583
215 0.46025
216 0.4625
217 0.4643
218 0.46625
219 0.4681
220 0.4702
221 0.47155
222 0.47215
223 0.47775
224 0.4793
225 0.48015
226 0.48165
227 0.4823
228 0.4855
229 0.48615
230 0.4878
231 0.48985
232 0.4918
233 0.49365
234 0.49545
235 0.49785
236 0.50175
237 0.5045
238 0.50615
239 0.5084
240 0.5118
241 0.51375
242 0.5173
243 0.51765
244 0.52065
245 0.52595
246 0.52645
247 0.5275
248 0.5298
249 0.5327
250 0.5361
251 0.5381
252 0.5405
253 0.54115
254 0.54475
255 0.5489
256 0.55145
257 0.55355
258 0.55445
259 0.55795
260 0.56235
261 0.56335
262 0.5658
263 0.5667
264 0.56865
265 0.5713
266 0.57485
267 0.5776
268 0.57855
269 0.5802
270 0.5831
271 0.5844
272 0.58545
273 0.58685
274 0.58995
275 0.5941
276 0.59615
277 0.59985
278 0.60245
279 0.60485
280 0.6103
281 0.61405
282 0.6157
283 0.61835
284 0.6202
285 0.6226
286 0.6235
287 0.6251
288 0.62885
289 0.62985
290 0.63245
291 0.6357
292 0.6371
293 0.6394
294 0.64065
295 0.6423
296 0.643
297 0.644
298 0.64765
299 0.6486
300 0.6534
301 0.657
302 0.6605
303 0.6635
304 0.66505
305 0.66755
306 0.6699
307 0.67225
308 0.67305
309 0.6762
310 0.67815
311 0.6789
312 0.6801
313 0.6833
314 0.685
315 0.68785
316 0.6893
317 0.6903
318 0.6905
319 0.6939
320 0.6962
321 0.6988
322 0.699
323 0.7004
324 0.7051
325 0.70745
326 0.71015
327 0.7114
328 0.71395
329 0.7161
330 0.7171
331 0.71875
332 0.72125
333 0.72495
334 0.72665
335 0.7301
336 0.7326
337 0.7351
338 0.7381
339 0.73945
340 0.74205
341 0.7449
342 0.74595
343 0.74865
344 0.74975
345 0.75095
346 0.75455
347 0.7561
348 0.75735
349 0.7586
350 0.761
351 0.76245
352 0.7669
353 0.76925
354 0.77135
355 0.77295
356 0.7744
357 0.7768
358 0.77945
359 0.7808
360 0.78265
361 0.7866
362 0.79025
363 0.79165
364 0.7937
365 0.796
366 0.7962
367 0.79855
368 0.80075
369 0.80205
370 0.8044
371 0.807
372 0.8074
373 0.80915
374 0.81165
375 0.81395
376 0.81805
377 0.81875
378 0.8204
379 0.82205
380 0.824
381 0.8252
382 0.8268
383 0.8312
384 0.8338
385 0.83555
386 0.83695
387 0.83775
388 0.8392
389 0.84085
390 0.8426
391 0.84515
392 0.84625
393 0.84785
394 0.84975
395 0.8538
396 0.85625
397 0.85895
398 0.8599
399 0.8617
400 0.8636
401 0.86625
402 0.8678
403 0.86885
404 0.87
405 0.8701
406 0.87125
407 0.87455
408 0.87635
409 0.8781
410 0.88015
411 0.88225
412 0.88605
413 0.8888
414 0.89005
415 0.893
416 0.8952
417 0.89685
418 0.90005
419 0.90155
420 0.90205
421 0.9069
422 0.9094
423 0.9107
424 0.91255
425 0.91535
426 0.91905
427 0.92005
428 0.92335
429 0.9258
430 0.9286
431 0.93105
432 0.93555
433 0.9403
434 0.9418
435 0.94425
436 0.94665
437 0.94915
438 0.95195
439 0.95435
440 0.9578
441 0.96
442 0.96105
443 0.96435
444 0.9668
445 0.9713
446 0.975
447 0.9786
448 0.97975
449 0.98145
450 0.98265
451 0.9855
452 0.9876
453 0.9887
454 0.9903
455 0.99385
456 0.99565
457 0.99745
458 0.99795
459 1.00065
# Generated pool n. 40 for Umax = -14.617278099060059
# Generated a biased pool of 20000 with an acceptance of 0.05121816694736481
# Generated a pool of 20000 with an acceptance of 0.0021753260869565214
# Generation repeated 460 times
# Average relative effective sample size: 0.014772248454391956
# Generation efficiency: 0.002173913043478261
