# Generation 7

0 0.00355
1 0.00675
2 0.0109
3 0.01265
4 0.015
5 0.01775
6 0.0182
7 0.01955
8 0.02165
9 0.0237
10 0.02655
11 0.02705
12 0.02815
13 0.03135
14 0.0342
15 0.0367
16 0.0394
17 0.0413
18 0.0424
19 0.04505
20 0.04795
21 0.05035
22 0.053
23 0.05395
24 0.05765
25 0.06055
26 0.0616
27 0.0635
28 0.06385
29 0.0666
30 0.0684
31 0.0706
32 0.07275
33 0.0739
34 0.07615
35 0.07895
36 0.08195
37 0.08365
38 0.0855
39 0.08805
40 0.09095
41 0.09185
42 0.09345
43 0.09625
44 0.09775
45 0.0991
46 0.1008
47 0.1036
48 0.106
49 0.1093
50 0.11105
51 0.1125
52 0.11325
53 0.11505
54 0.1167
55 0.11775
56 0.12055
57 0.1249
58 0.12645
59 0.1278
60 0.13145
61 0.1344
62 0.1351
63 0.1361
64 0.1381
65 0.13995
66 0.14295
67 0.1459
68 0.1487
69 0.1505
70 0.15315
71 0.15555
72 0.15735
73 0.15885
74 0.16235
75 0.16485
76 0.16875
77 0.1723
78 0.1734
79 0.1753
80 0.17755
81 0.17985
82 0.1822
83 0.18375
84 0.18425
85 0.18545
86 0.18865
87 0.19015
88 0.19225
89 0.193
90 0.1956
91 0.19615
92 0.1975
93 0.1997
94 0.2036
95 0.2041
96 0.20645
97 0.2089
98 0.2107
99 0.21335
100 0.2161
101 0.2197
102 0.22145
103 0.22325
104 0.2236
105 0.2255
106 0.2297
107 0.23205
108 0.23275
109 0.2361
110 0.23985
111 0.2411
112 0.24325
113 0.2443
114 0.24525
115 0.24555
116 0.2483
117 0.25115
118 0.25385
119 0.25605
120 0.26185
121 0.2643
122 0.266
123 0.2671
124 0.26895
125 0.2721
126 0.2741
127 0.27695
128 0.27965
129 0.28295
130 0.2856
131 0.2861
132 0.2906
133 0.29225
134 0.29385
135 0.2963
136 0.29865
137 0.303
138 0.30425
139 0.3057
140 0.3086
141 0.31375
142 0.316
143 0.3176
144 0.31935
145 0.3218
146 0.32485
147 0.32715
148 0.3295
149 0.33225
150 0.3346
151 0.33975
152 0.3406
153 0.34245
154 0.34545
155 0.34705
156 0.3502
157 0.35375
158 0.35765
159 0.35995
160 0.3629
161 0.366
162 0.36675
163 0.3682
164 0.3699
165 0.37165
166 0.3732
167 0.37405
168 0.37545
169 0.3769
170 0.3788
171 0.38135
172 0.38285
173 0.38425
174 0.3856
175 0.387
176 0.3883
177 0.39115
178 0.3924
179 0.3937
180 0.3948
181 0.3978
182 0.40065
183 0.40335
184 0.4067
185 0.40855
186 0.40925
187 0.4129
188 0.41505
189 0.4167
190 0.41825
191 0.4197
192 0.4215
193 0.4238
194 0.4252
195 0.427
196 0.4304
197 0.4336
198 0.43575
199 0.438
200 0.44035
201 0.4428
202 0.4437
203 0.44555
204 0.446
205 0.4489
206 0.45195
207 0.4548
208 0.45935
209 0.4626
210 0.46425
211 0.46625
212 0.46895
213 0.47145
214 0.4743
215 0.47785
216 0.47915
217 0.48075
218 0.48335
219 0.48565
220 0.4895
221 0.492
222 0.4964
223 0.4989
224 0.50135
225 0.50305
226 0.5058
227 0.50775
228 0.509
229 0.5112
230 0.5131
231 0.51545
232 0.51665
233 0.51865
234 0.5217
235 0.52435
236 0.52685
237 0.5305
238 0.5354
239 0.5389
240 0.5419
241 0.5425
242 0.54325
243 0.54735
244 0.54875
245 0.5504
246 0.5539
247 0.5541
248 0.55725
249 0.55775
250 0.55805
251 0.5603
252 0.5633
253 0.56575
254 0.56655
255 0.56845
256 0.56915
257 0.56995
258 0.571
259 0.57285
260 0.5763
261 0.57875
262 0.57965
263 0.5818
264 0.58335
265 0.5846
266 0.58865
267 0.59035
268 0.59335
269 0.59455
270 0.59625
271 0.5972
272 0.5999
273 0.60145
274 0.60415
275 0.6049
276 0.6062
277 0.60735
278 0.6084
279 0.61025
280 0.6114
281 0.6142
282 0.61765
283 0.62005
284 0.6222
285 0.62515
286 0.6277
287 0.62985
288 0.63255
289 0.63735
290 0.63975
291 0.6412
292 0.64475
293 0.64705
294 0.6491
295 0.65225
296 0.6533
297 0.65455
298 0.6564
299 0.65915
300 0.6603
301 0.66375
302 0.66485
303 0.66665
304 0.66725
305 0.66925
306 0.66995
307 0.67395
308 0.6767
309 0.6789
310 0.68025
311 0.685
312 0.6859
313 0.6883
314 0.6919
315 0.693
316 0.6967
317 0.70265
318 0.7056
319 0.7082
320 0.7126
321 0.7142
322 0.7169
323 0.7204
324 0.72325
325 0.72485
326 0.72655
327 0.7282
328 0.72995
329 0.7327
330 0.7334
331 0.736
332 0.73925
333 0.74015
334 0.74325
335 0.74615
336 0.7499
337 0.7525
338 0.75405
339 0.75535
340 0.7606
341 0.7639
342 0.76535
343 0.76715
344 0.7693
345 0.77025
346 0.7727
347 0.775
348 0.7782
349 0.78055
350 0.78185
351 0.78345
352 0.78455
353 0.78605
354 0.7876
355 0.78905
356 0.7924
357 0.79535
358 0.79635
359 0.7984
360 0.80125
361 0.80255
362 0.80315
363 0.8084
364 0.80905
365 0.8114
366 0.81325
367 0.8164
368 0.8208
369 0.82505
370 0.82905
371 0.83165
372 0.83575
373 0.8401
374 0.84155
375 0.8451
376 0.8458
377 0.84675
378 0.84865
379 0.84965
380 0.8543
381 0.85685
382 0.8593
383 0.86055
384 0.8626
385 0.8644
386 0.86595
387 0.8667
388 0.86915
389 0.8735
390 0.87805
391 0.88055
392 0.8821
393 0.88545
394 0.88625
395 0.8882
396 0.8906
397 0.89225
398 0.8962
399 0.89945
400 0.90205
401 0.90315
402 0.90475
403 0.90515
404 0.9073
405 0.9102
406 0.91085
407 0.9124
408 0.91465
409 0.91635
410 0.9173
411 0.9191
412 0.91985
413 0.92285
414 0.9264
415 0.92855
416 0.93215
417 0.9344
418 0.9354
419 0.9369
420 0.9381
421 0.941
422 0.9445
423 0.94655
424 0.9482
425 0.9494
426 0.95075
427 0.954
428 0.95615
429 0.9585
430 0.96105
431 0.96235
432 0.9645
433 0.9653
434 0.9658
435 0.96755
436 0.96945
437 0.97145
438 0.97385
439 0.97465
440 0.9758
441 0.9769
442 0.97775
443 0.97955
444 0.9816
445 0.9837
446 0.9869
447 0.9891
448 0.9915
449 0.9922
450 0.99365
451 0.9966
452 0.99875
453 1.00105
# Generated pool n. 7 for Umax = 280.9768981933594
# Generated a biased pool of 20000 with an acceptance of 0.12192763388156891
# Generated a pool of 20000 with an acceptance of 0.0022049559471365643
# Generation repeated 454 times
# Average relative effective sample size: 0.017448538914322853
# Generation efficiency: 0.0022026431718061676
