# Generation 3

0 0.00835
1 0.0201
2 0.0356
3 0.04535
4 0.05715
5 0.0694
6 0.0813
7 0.0915
8 0.0957
9 0.10675
10 0.1146
11 0.1255
12 0.13415
13 0.14565
14 0.16
15 0.17755
16 0.19535
17 0.2024
18 0.21315
19 0.2199
20 0.2316
21 0.244
22 0.2547
23 0.2645
24 0.26655
25 0.27125
26 0.2782
27 0.28475
28 0.29645
29 0.3099
30 0.31715
31 0.3249
32 0.3346
33 0.34585
34 0.35065
35 0.3577
36 0.3634
37 0.37545
38 0.38195
39 0.38945
40 0.40355
41 0.41495
42 0.42625
43 0.4303
44 0.4426
45 0.4527
46 0.4615
47 0.47655
48 0.4842
49 0.4926
50 0.5081
51 0.51715
52 0.5302
53 0.54355
54 0.5527
55 0.5599
56 0.5714
57 0.58245
58 0.59135
59 0.59965
60 0.60825
61 0.6248
62 0.6401
63 0.64795
64 0.65855
65 0.6668
66 0.6772
67 0.68105
68 0.6886
69 0.6963
70 0.7017
71 0.71155
72 0.73025
73 0.74095
74 0.7562
75 0.76335
76 0.77265
77 0.7847
78 0.7967
79 0.8127
80 0.8252
81 0.8402
82 0.8502
83 0.86375
84 0.87315
85 0.8936
86 0.9024
87 0.91725
88 0.92625
89 0.93945
90 0.94845
91 0.9604
92 0.9687
93 0.9749
94 0.9836
95 0.99655
96 1.01055
# Generated pool n. 3 for Umax = 720.4014892578125
# Generated a biased pool of 20000 with an acceptance of 0.3191154897212982
# Generated a pool of 20000 with an acceptance of 0.010418041237113401
# Generation repeated 97 times
# Average relative effective sample size: 0.11139343678951263
# Generation efficiency: 0.010309278350515464
