# Generation 27

0 0.00685
1 0.0134
2 0.02755
3 0.0457
4 0.0536
5 0.0652
6 0.0698
7 0.0768
8 0.08225
9 0.09475
10 0.10565
11 0.1095
12 0.11485
13 0.12865
14 0.1311
15 0.1346
16 0.141
17 0.15575
18 0.1624
19 0.16855
20 0.179
21 0.18455
22 0.1927
23 0.1994
24 0.20215
25 0.20855
26 0.218
27 0.22425
28 0.22805
29 0.2358
30 0.2401
31 0.2481
32 0.2524
33 0.25555
34 0.26325
35 0.2724
36 0.28515
37 0.29865
38 0.30425
39 0.31065
40 0.3169
41 0.3274
42 0.3426
43 0.35075
44 0.3592
45 0.3663
46 0.377
47 0.38565
48 0.39035
49 0.39895
50 0.41185
51 0.4277
52 0.4295
53 0.43555
54 0.43835
55 0.44195
56 0.449
57 0.4504
58 0.45635
59 0.4632
60 0.472
61 0.4801
62 0.48335
63 0.4931
64 0.50095
65 0.5102
66 0.51075
67 0.51895
68 0.5203
69 0.52535
70 0.53055
71 0.53425
72 0.5375
73 0.53865
74 0.5506
75 0.5573
76 0.56125
77 0.57075
78 0.58215
79 0.5874
80 0.59315
81 0.5969
82 0.60655
83 0.61225
84 0.6172
85 0.6211
86 0.62495
87 0.6293
88 0.6297
89 0.6361
90 0.64665
91 0.6579
92 0.6616
93 0.66405
94 0.66585
95 0.6722
96 0.6827
97 0.6872
98 0.69205
99 0.70245
100 0.7028
101 0.7087
102 0.71265
103 0.7193
104 0.732
105 0.74175
106 0.7545
107 0.75875
108 0.76615
109 0.7762
110 0.7816
111 0.7869
112 0.7937
113 0.80175
114 0.80755
115 0.8162
116 0.82225
117 0.82845
118 0.83075
119 0.8342
120 0.8381
121 0.8455
122 0.84975
123 0.8587
124 0.866
125 0.8702
126 0.87515
127 0.87745
128 0.88185
129 0.89555
130 0.90195
131 0.9121
132 0.9186
133 0.9221
134 0.9262
135 0.9349
136 0.94205
137 0.949
138 0.95125
139 0.952
140 0.95975
141 0.9721
142 0.97695
143 0.9781
144 0.9922
145 0.99855
146 1.00685
# Generated pool n. 27 for Umax = -11.991276741027832
# Generated a biased pool of 20000 with an acceptance of 0.45501381158828735
# Generated a pool of 20000 with an acceptance of 0.006849319727891154
# Generation repeated 147 times
# Average relative effective sample size: 0.11673241853713989
# Generation efficiency: 0.006802721088435374
