# Generation 12

0 0.0007
1 0.0012
2 0.0021
3 0.0031
4 0.0035
5 0.0038
6 0.00405
7 0.00545
8 0.00635
9 0.0066
10 0.0074
11 0.00885
12 0.0098
13 0.0111
14 0.01185
15 0.0133
16 0.0146
17 0.01575
18 0.016
19 0.01755
20 0.0184
21 0.0191
22 0.0207
23 0.02195
24 0.02375
25 0.02425
26 0.02545
27 0.0279
28 0.02915
29 0.0297
30 0.0333
31 0.035
32 0.03595
33 0.03735
34 0.0404
35 0.04055
36 0.04075
37 0.0411
38 0.04175
39 0.04345
40 0.04645
41 0.04845
42 0.04965
43 0.04985
44 0.05075
45 0.0519
46 0.0542
47 0.0553
48 0.056
49 0.0565
50 0.05725
51 0.0577
52 0.058
53 0.05835
54 0.05935
55 0.0618
56 0.06325
57 0.0644
58 0.06595
59 0.0676
60 0.069
61 0.07045
62 0.07185
63 0.073
64 0.0732
65 0.0736
66 0.0747
67 0.07505
68 0.0768
69 0.07845
70 0.07925
71 0.07975
72 0.0808
73 0.08155
74 0.08485
75 0.08565
76 0.0859
77 0.0868
78 0.0881
79 0.09005
80 0.0912
81 0.09375
82 0.0954
83 0.0955
84 0.09595
85 0.0985
86 0.0995
87 0.1013
88 0.10175
89 0.1029
90 0.1032
91 0.1045
92 0.1064
93 0.1074
94 0.1084
95 0.1094
96 0.10965
97 0.11005
98 0.11175
99 0.1145
100 0.1155
101 0.1162
102 0.1163
103 0.11775
104 0.1188
105 0.12045
106 0.1212
107 0.1216
108 0.12225
109 0.12285
110 0.12335
111 0.12515
112 0.12585
113 0.1276
114 0.12905
115 0.13045
116 0.13195
117 0.13345
118 0.13445
119 0.13575
120 0.1373
121 0.13815
122 0.1395
123 0.1399
124 0.1402
125 0.1417
126 0.14475
127 0.1457
128 0.1461
129 0.1482
130 0.1489
131 0.15045
132 0.1521
133 0.15255
134 0.1538
135 0.1563
136 0.15835
137 0.1595
138 0.16015
139 0.16115
140 0.1621
141 0.1636
142 0.164
143 0.16555
144 0.1666
145 0.1681
146 0.16885
147 0.1706
148 0.1721
149 0.17345
150 0.1746
151 0.1764
152 0.1765
153 0.1787
154 0.1794
155 0.1805
156 0.1841
157 0.18525
158 0.1857
159 0.1876
160 0.18785
161 0.18835
162 0.18945
163 0.1898
164 0.19125
165 0.19235
166 0.1936
167 0.1943
168 0.19705
169 0.1988
170 0.2001
171 0.20055
172 0.20095
173 0.20295
174 0.2042
175 0.20545
176 0.2064
177 0.208
178 0.2087
179 0.2102
180 0.2117
181 0.21255
182 0.214
183 0.2153
184 0.2158
185 0.2169
186 0.21765
187 0.2189
188 0.2195
189 0.2208
190 0.22165
191 0.22285
192 0.2232
193 0.22405
194 0.22595
195 0.2269
196 0.2274
197 0.2288
198 0.22895
199 0.23025
200 0.23265
201 0.23355
202 0.234
203 0.2347
204 0.2356
205 0.2374
206 0.23835
207 0.23955
208 0.24255
209 0.24305
210 0.2433
211 0.2441
212 0.2459
213 0.24695
214 0.24885
215 0.25095
216 0.25205
217 0.2546
218 0.25595
219 0.2576
220 0.2586
221 0.2602
222 0.26085
223 0.2617
224 0.26365
225 0.26415
226 0.2655
227 0.26685
228 0.26935
229 0.2717
230 0.273
231 0.2746
232 0.2755
233 0.2769
234 0.2781
235 0.27875
236 0.27985
237 0.2803
238 0.2818
239 0.28295
240 0.2836
241 0.2849
242 0.28815
243 0.28865
244 0.29095
245 0.29135
246 0.2923
247 0.2937
248 0.29585
249 0.29725
250 0.29755
251 0.29855
252 0.29995
253 0.3007
254 0.3023
255 0.30345
256 0.30525
257 0.306
258 0.3067
259 0.3078
260 0.3113
261 0.31275
262 0.3146
263 0.3178
264 0.3183
265 0.3192
266 0.32145
267 0.32255
268 0.3244
269 0.32545
270 0.3257
271 0.32655
272 0.3274
273 0.3289
274 0.33175
275 0.33275
276 0.3336
277 0.33625
278 0.33665
279 0.33725
280 0.3377
281 0.33985
282 0.34245
283 0.34325
284 0.3439
285 0.3447
286 0.3457
287 0.34615
288 0.34685
289 0.34845
290 0.34995
291 0.3516
292 0.35335
293 0.3542
294 0.3562
295 0.3565
296 0.35825
297 0.35925
298 0.3613
299 0.3614
300 0.3619
301 0.3622
302 0.3636
303 0.364
304 0.36615
305 0.3696
306 0.3702
307 0.37045
308 0.37145
309 0.3742
310 0.3744
311 0.37455
312 0.3757
313 0.37795
314 0.379
315 0.38025
316 0.38125
317 0.3817
318 0.3825
319 0.38355
320 0.38455
321 0.38585
322 0.3866
323 0.38735
324 0.38815
325 0.3889
326 0.39035
327 0.39245
328 0.39265
329 0.39405
330 0.3946
331 0.39635
332 0.39765
333 0.39825
334 0.3993
335 0.39975
336 0.4
337 0.4022
338 0.4028
339 0.40345
340 0.40395
341 0.40605
342 0.40825
343 0.40915
344 0.4105
345 0.4116
346 0.4119
347 0.4125
348 0.41325
349 0.41505
350 0.41675
351 0.41845
352 0.41935
353 0.42005
354 0.42105
355 0.42235
356 0.4239
357 0.4247
358 0.4253
359 0.42775
360 0.4291
361 0.4312
362 0.4313
363 0.43345
364 0.4347
365 0.4351
366 0.44015
367 0.4409
368 0.44175
369 0.44365
370 0.4443
371 0.44615
372 0.4483
373 0.44925
374 0.4497
375 0.45025
376 0.45085
377 0.45245
378 0.45405
379 0.4554
380 0.45595
381 0.4568
382 0.4576
383 0.45965
384 0.4598
385 0.46145
386 0.4637
387 0.4646
388 0.46535
389 0.4679
390 0.4692
391 0.4696
392 0.4711
393 0.4727
394 0.4734
395 0.4736
396 0.4756
397 0.47665
398 0.47695
399 0.4774
400 0.4784
401 0.4799
402 0.48205
403 0.48435
404 0.48655
405 0.4884
406 0.49025
407 0.49135
408 0.4929
409 0.4952
410 0.49615
411 0.4983
412 0.5002
413 0.5014
414 0.50395
415 0.50485
416 0.5055
417 0.50745
418 0.5084
419 0.5085
420 0.50915
421 0.51055
422 0.51065
423 0.512
424 0.5123
425 0.5125
426 0.51315
427 0.5152
428 0.5159
429 0.51845
430 0.52085
431 0.522
432 0.5243
433 0.5269
434 0.52725
435 0.5286
436 0.5287
437 0.52925
438 0.53015
439 0.5323
440 0.5331
441 0.53435
442 0.53605
443 0.5374
444 0.5384
445 0.5398
446 0.54085
447 0.54195
448 0.54545
449 0.54765
450 0.5486
451 0.54925
452 0.55045
453 0.5507
454 0.5518
455 0.5528
456 0.553
457 0.55555
458 0.5582
459 0.55935
460 0.5607
461 0.5612
462 0.5619
463 0.56345
464 0.56455
465 0.56525
466 0.56615
467 0.567
468 0.56755
469 0.56865
470 0.5699
471 0.57065
472 0.57115
473 0.5733
474 0.57415
475 0.57615
476 0.57665
477 0.5771
478 0.57825
479 0.58105
480 0.5817
481 0.58395
482 0.58475
483 0.58605
484 0.58835
485 0.5891
486 0.5895
487 0.59105
488 0.59185
489 0.5923
490 0.59275
491 0.59375
492 0.59525
493 0.5964
494 0.59875
495 0.60165
496 0.6033
497 0.60505
498 0.60545
499 0.6058
500 0.6069
501 0.6078
502 0.6087
503 0.61045
504 0.61195
505 0.61305
506 0.6138
507 0.6149
508 0.6165
509 0.61755
510 0.6182
511 0.6186
512 0.6192
513 0.6205
514 0.622
515 0.62235
516 0.6238
517 0.6249
518 0.62505
519 0.6256
520 0.62805
521 0.63105
522 0.63195
523 0.63395
524 0.6342
525 0.6357
526 0.636
527 0.63705
528 0.6373
529 0.63835
530 0.63885
531 0.6396
532 0.64025
533 0.6414
534 0.6439
535 0.6445
536 0.64485
537 0.64775
538 0.64935
539 0.6514
540 0.65265
541 0.6548
542 0.6553
543 0.65595
544 0.65695
545 0.6578
546 0.6605
547 0.66305
548 0.6642
549 0.6654
550 0.6668
551 0.6679
552 0.6687
553 0.67045
554 0.6715
555 0.67295
556 0.6753
557 0.67645
558 0.678
559 0.6783
560 0.6785
561 0.67885
562 0.6801
563 0.68095
564 0.6824
565 0.6829
566 0.68475
567 0.68635
568 0.6865
569 0.68685
570 0.6875
571 0.6884
572 0.69095
573 0.6926
574 0.6936
575 0.69385
576 0.69435
577 0.6964
578 0.6966
579 0.6968
580 0.6982
581 0.70045
582 0.70255
583 0.703
584 0.70395
585 0.7044
586 0.70455
587 0.70525
588 0.70605
589 0.7079
590 0.7089
591 0.7096
592 0.71035
593 0.71155
594 0.7125
595 0.71465
596 0.7149
597 0.71565
598 0.71635
599 0.717
600 0.7176
601 0.7184
602 0.71965
603 0.72055
604 0.7224
605 0.72355
606 0.7239
607 0.7263
608 0.7279
609 0.7293
610 0.73245
611 0.7333
612 0.735
613 0.7351
614 0.73625
615 0.7378
616 0.73815
617 0.73985
618 0.7417
619 0.7426
620 0.74355
621 0.74525
622 0.74685
623 0.7474
624 0.74815
625 0.74905
626 0.74935
627 0.74955
628 0.75255
629 0.7535
630 0.75525
631 0.75595
632 0.75715
633 0.7577
634 0.75955
635 0.76085
636 0.7617
637 0.7637
638 0.7647
639 0.76775
640 0.769
641 0.7702
642 0.771
643 0.77295
644 0.77315
645 0.7766
646 0.77835
647 0.77855
648 0.77905
649 0.7814
650 0.78255
651 0.78425
652 0.7855
653 0.7857
654 0.78625
655 0.7884
656 0.7891
657 0.78965
658 0.7911
659 0.79365
660 0.795
661 0.79565
662 0.7989
663 0.79895
664 0.80055
665 0.8019
666 0.8036
667 0.80715
668 0.8095
669 0.8118
670 0.81215
671 0.81355
672 0.814
673 0.81505
674 0.8163
675 0.81705
676 0.8184
677 0.81985
678 0.82095
679 0.8222
680 0.8228
681 0.8229
682 0.8236
683 0.8258
684 0.82735
685 0.82835
686 0.8293
687 0.8306
688 0.83105
689 0.83215
690 0.8334
691 0.8336
692 0.8339
693 0.83525
694 0.83645
695 0.83725
696 0.8386
697 0.83895
698 0.84095
699 0.8416
700 0.8432
701 0.84375
702 0.84395
703 0.84535
704 0.84775
705 0.8492
706 0.84995
707 0.85065
708 0.8527
709 0.8529
710 0.85555
711 0.85605
712 0.8564
713 0.85905
714 0.8599
715 0.86255
716 0.86325
717 0.8658
718 0.8668
719 0.86755
720 0.8682
721 0.86905
722 0.87155
723 0.8724
724 0.87365
725 0.8743
726 0.87465
727 0.87505
728 0.8765
729 0.87675
730 0.87795
731 0.8789
732 0.87945
733 0.8817
734 0.8821
735 0.8846
736 0.88655
737 0.88695
738 0.889
739 0.88965
740 0.89045
741 0.8919
742 0.8922
743 0.8931
744 0.8933
745 0.894
746 0.8944
747 0.8951
748 0.8957
749 0.8966
750 0.8971
751 0.89805
752 0.90075
753 0.90145
754 0.9017
755 0.90235
756 0.90375
757 0.9039
758 0.9064
759 0.9067
760 0.90815
761 0.9096
762 0.9113
763 0.9141
764 0.91475
765 0.91565
766 0.9171
767 0.9187
768 0.92065
769 0.9234
770 0.92495
771 0.92575
772 0.9272
773 0.9279
774 0.92985
775 0.93135
776 0.9324
777 0.93425
778 0.9371
779 0.9398
780 0.9407
781 0.94245
782 0.9451
783 0.94735
784 0.94775
785 0.94845
786 0.94945
787 0.9501
788 0.9518
789 0.95305
790 0.95485
791 0.95575
792 0.95675
793 0.9578
794 0.9583
795 0.959
796 0.9611
797 0.9635
798 0.96515
799 0.96585
800 0.9669
801 0.9695
802 0.97125
803 0.9721
804 0.9724
805 0.97345
806 0.97425
807 0.9758
808 0.97645
809 0.9771
810 0.9786
811 0.97925
812 0.9804
813 0.9811
814 0.9821
815 0.9851
816 0.98595
817 0.9869
818 0.98775
819 0.98815
820 0.98845
821 0.9888
822 0.98965
823 0.99125
824 0.99235
825 0.99285
826 0.99445
827 0.9966
828 0.99885
829 1.00105
# Generated pool n. 12 for Umax = 55.29462814331055
# Generated a biased pool of 20000 with an acceptance of 0.07639887928962708
# Generated a pool of 20000 with an acceptance of 0.0012060843373493965
# Generation repeated 830 times
# Average relative effective sample size: 0.00787435658276081
# Generation efficiency: 0.0012048192771084338
