# Generation 40

0 0.0227
1 0.038
2 0.0505
3 0.0604
4 0.08545
5 0.08955
6 0.09175
7 0.11505
8 0.13335
9 0.15655
10 0.15845
11 0.1691
12 0.17805
13 0.18525
14 0.19745
15 0.20735
16 0.2133
17 0.2246
18 0.2284
19 0.23965
20 0.2433
21 0.25095
22 0.26595
23 0.2805
24 0.28385
25 0.2959
26 0.30535
27 0.31
28 0.32005
29 0.32985
30 0.3549
31 0.37115
32 0.3828
33 0.3994
34 0.4105
35 0.4148
36 0.4317
37 0.4356
38 0.4466
39 0.4472
40 0.45775
41 0.47985
42 0.48945
43 0.4977
44 0.5207
45 0.52875
46 0.54305
47 0.5538
48 0.5577
49 0.57245
50 0.58
51 0.5923
52 0.6018
53 0.61975
54 0.63925
55 0.64825
56 0.6633
57 0.68655
58 0.6958
59 0.70725
60 0.7186
61 0.73085
62 0.74995
63 0.751
64 0.76425
65 0.7802
66 0.79145
67 0.79725
68 0.81015
69 0.81875
70 0.8288
71 0.8352
72 0.8502
73 0.8534
74 0.86165
75 0.86925
76 0.87725
77 0.894
78 0.9065
79 0.92485
80 0.9337
81 0.93915
82 0.95215
83 0.97025
84 0.98485
85 0.99305
86 0.9938
87 1.0055
# Generated pool n. 40 for Umax = -14.611445426940918
# Generated a biased pool of 20000 with an acceptance of 0.5639567375183105
# Generated a pool of 20000 with an acceptance of 0.011426136363636362
# Generation repeated 88 times
# Average relative effective sample size: 0.20438140630722046
# Generation efficiency: 0.011363636363636364
