# Generation 8

0 0.0026
1 0.00385
2 0.00465
3 0.00775
4 0.0092
5 0.01165
6 0.0143
7 0.01685
8 0.01795
9 0.0194
10 0.0216
11 0.02525
12 0.02855
13 0.0313
14 0.03165
15 0.03445
16 0.03705
17 0.0374
18 0.03835
19 0.03925
20 0.04
21 0.0408
22 0.04235
23 0.0436
24 0.0455
25 0.0489
26 0.05035
27 0.0524
28 0.0536
29 0.0559
30 0.05815
31 0.05915
32 0.05975
33 0.0604
34 0.06245
35 0.064
36 0.0644
37 0.06715
38 0.06925
39 0.0702
40 0.0717
41 0.0738
42 0.0751
43 0.0777
44 0.0793
45 0.08075
46 0.0812
47 0.08305
48 0.08535
49 0.08685
50 0.08935
51 0.0919
52 0.0942
53 0.09535
54 0.0981
55 0.09895
56 0.1004
57 0.1012
58 0.10265
59 0.1044
60 0.1064
61 0.10855
62 0.11205
63 0.1127
64 0.1148
65 0.11745
66 0.11865
67 0.1192
68 0.1232
69 0.1238
70 0.1262
71 0.12935
72 0.1307
73 0.1318
74 0.1335
75 0.13465
76 0.13785
77 0.1396
78 0.14125
79 0.14245
80 0.14445
81 0.14515
82 0.14625
83 0.14745
84 0.14825
85 0.1501
86 0.15145
87 0.1548
88 0.1558
89 0.1576
90 0.16035
91 0.1632
92 0.16525
93 0.1666
94 0.1689
95 0.171
96 0.174
97 0.17445
98 0.1761
99 0.1776
100 0.1782
101 0.1793
102 0.1803
103 0.1808
104 0.18185
105 0.1839
106 0.18565
107 0.18775
108 0.19075
109 0.1928
110 0.1948
111 0.19765
112 0.19955
113 0.2008
114 0.2019
115 0.2028
116 0.20595
117 0.20795
118 0.21165
119 0.2139
120 0.21625
121 0.2168
122 0.21835
123 0.21875
124 0.21935
125 0.2206
126 0.22105
127 0.2216
128 0.22345
129 0.22565
130 0.2273
131 0.22905
132 0.23295
133 0.23475
134 0.2385
135 0.2411
136 0.2424
137 0.24325
138 0.2446
139 0.24625
140 0.24805
141 0.24885
142 0.2517
143 0.2525
144 0.2553
145 0.2584
146 0.2593
147 0.26055
148 0.26175
149 0.2634
150 0.26475
151 0.26635
152 0.2675
153 0.27035
154 0.2717
155 0.27265
156 0.27345
157 0.2752
158 0.27635
159 0.2779
160 0.27995
161 0.2814
162 0.2834
163 0.28525
164 0.2874
165 0.2879
166 0.2891
167 0.2903
168 0.2909
169 0.2911
170 0.292
171 0.29355
172 0.2969
173 0.3003
174 0.3036
175 0.3043
176 0.3075
177 0.30845
178 0.3091
179 0.3112
180 0.31295
181 0.31515
182 0.3166
183 0.31835
184 0.3205
185 0.32315
186 0.3253
187 0.32645
188 0.3278
189 0.32865
190 0.32955
191 0.33105
192 0.33235
193 0.33335
194 0.33635
195 0.33785
196 0.33955
197 0.34385
198 0.34545
199 0.34895
200 0.35105
201 0.3538
202 0.35445
203 0.355
204 0.3554
205 0.35675
206 0.35695
207 0.35825
208 0.3584
209 0.35915
210 0.3601
211 0.36235
212 0.36325
213 0.3655
214 0.3669
215 0.3672
216 0.3714
217 0.3716
218 0.37395
219 0.3754
220 0.3773
221 0.3783
222 0.3788
223 0.3804
224 0.38075
225 0.38135
226 0.38325
227 0.3839
228 0.38405
229 0.3863
230 0.3896
231 0.3914
232 0.3947
233 0.39545
234 0.3972
235 0.3976
236 0.3983
237 0.3993
238 0.4001
239 0.40295
240 0.4035
241 0.4066
242 0.4082
243 0.41155
244 0.41275
245 0.41375
246 0.4158
247 0.419
248 0.41955
249 0.4202
250 0.421
251 0.42165
252 0.4238
253 0.42715
254 0.42965
255 0.43265
256 0.4339
257 0.43495
258 0.43725
259 0.4382
260 0.43895
261 0.44095
262 0.4436
263 0.4461
264 0.4482
265 0.45065
266 0.45205
267 0.455
268 0.45685
269 0.4576
270 0.458
271 0.45905
272 0.45955
273 0.46015
274 0.46155
275 0.46305
276 0.46405
277 0.46565
278 0.4668
279 0.4685
280 0.4699
281 0.47015
282 0.47185
283 0.4721
284 0.47425
285 0.47685
286 0.47875
287 0.4801
288 0.48095
289 0.48195
290 0.48395
291 0.4851
292 0.4861
293 0.4901
294 0.4934
295 0.49555
296 0.49775
297 0.5014
298 0.503
299 0.50515
300 0.50645
301 0.508
302 0.5106
303 0.51125
304 0.51255
305 0.51465
306 0.51685
307 0.51795
308 0.52135
309 0.5223
310 0.523
311 0.52475
312 0.5255
313 0.5268
314 0.5277
315 0.5283
316 0.5306
317 0.5324
318 0.5347
319 0.5353
320 0.53745
321 0.5394
322 0.54095
323 0.54225
324 0.5425
325 0.5446
326 0.54555
327 0.5468
328 0.5474
329 0.55
330 0.5508
331 0.55105
332 0.55375
333 0.5557
334 0.5562
335 0.558
336 0.5598
337 0.56135
338 0.56285
339 0.56465
340 0.56595
341 0.5685
342 0.5699
343 0.57235
344 0.57385
345 0.5756
346 0.5768
347 0.579
348 0.57975
349 0.58115
350 0.58335
351 0.58525
352 0.58815
353 0.58875
354 0.59195
355 0.59335
356 0.59495
357 0.59565
358 0.5975
359 0.60005
360 0.6013
361 0.60135
362 0.603
363 0.60605
364 0.6079
365 0.6106
366 0.6124
367 0.6137
368 0.61475
369 0.615
370 0.6164
371 0.61785
372 0.62055
373 0.62175
374 0.6219
375 0.62245
376 0.62425
377 0.62625
378 0.62665
379 0.62935
380 0.6302
381 0.6332
382 0.63515
383 0.63655
384 0.63705
385 0.64025
386 0.643
387 0.6453
388 0.6456
389 0.64675
390 0.64855
391 0.65035
392 0.6528
393 0.65395
394 0.65505
395 0.65665
396 0.66065
397 0.66175
398 0.66395
399 0.6655
400 0.6658
401 0.66725
402 0.6682
403 0.67295
404 0.67505
405 0.6772
406 0.6788
407 0.68045
408 0.6821
409 0.68385
410 0.68625
411 0.6871
412 0.68855
413 0.69155
414 0.6925
415 0.69375
416 0.69565
417 0.69835
418 0.7006
419 0.70105
420 0.702
421 0.7023
422 0.7037
423 0.70765
424 0.70905
425 0.7101
426 0.7136
427 0.7145
428 0.71525
429 0.7172
430 0.72015
431 0.72235
432 0.7241
433 0.72435
434 0.7253
435 0.72665
436 0.72845
437 0.73005
438 0.73395
439 0.73475
440 0.73695
441 0.7383
442 0.7409
443 0.74285
444 0.74445
445 0.7459
446 0.7502
447 0.75445
448 0.75505
449 0.7563
450 0.7576
451 0.75965
452 0.7618
453 0.76415
454 0.76525
455 0.7669
456 0.76825
457 0.7709
458 0.7722
459 0.7728
460 0.7743
461 0.77545
462 0.7761
463 0.7775
464 0.77965
465 0.78115
466 0.7816
467 0.782
468 0.7838
469 0.787
470 0.78805
471 0.79175
472 0.79255
473 0.79565
474 0.79665
475 0.798
476 0.79985
477 0.80145
478 0.80345
479 0.80515
480 0.8069
481 0.80925
482 0.8104
483 0.81165
484 0.81365
485 0.8143
486 0.8147
487 0.8168
488 0.8172
489 0.819
490 0.82005
491 0.82065
492 0.8232
493 0.82415
494 0.82495
495 0.82595
496 0.8275
497 0.8308
498 0.83125
499 0.83235
500 0.83565
501 0.8372
502 0.8389
503 0.84085
504 0.8417
505 0.84235
506 0.84495
507 0.8453
508 0.84835
509 0.85
510 0.852
511 0.85425
512 0.8556
513 0.85675
514 0.85945
515 0.86065
516 0.86155
517 0.8629
518 0.86345
519 0.8641
520 0.86505
521 0.86595
522 0.8664
523 0.86785
524 0.87015
525 0.8707
526 0.87365
527 0.8749
528 0.8778
529 0.879
530 0.88175
531 0.88295
532 0.8851
533 0.88655
534 0.888
535 0.89005
536 0.89175
537 0.8937
538 0.89515
539 0.89575
540 0.89775
541 0.89975
542 0.90185
543 0.90375
544 0.9041
545 0.9055
546 0.90665
547 0.9109
548 0.9113
549 0.9118
550 0.91215
551 0.9136
552 0.91725
553 0.9176
554 0.9198
555 0.9219
556 0.9246
557 0.92645
558 0.92715
559 0.93035
560 0.9308
561 0.931
562 0.93125
563 0.93335
564 0.93565
565 0.93785
566 0.9398
567 0.9417
568 0.9435
569 0.94665
570 0.94765
571 0.94835
572 0.9502
573 0.9522
574 0.9545
575 0.95535
576 0.95565
577 0.9566
578 0.9569
579 0.95815
580 0.96015
581 0.96265
582 0.9631
583 0.9639
584 0.96545
585 0.96825
586 0.97025
587 0.97095
588 0.9728
589 0.9745
590 0.9762
591 0.9778
592 0.9793
593 0.98055
594 0.98125
595 0.9823
596 0.98575
597 0.98825
598 0.98925
599 0.99335
600 0.9956
601 0.99895
602 0.9998
603 1.00105
# Generated pool n. 8 for Umax = 213.20716857910156
# Generated a biased pool of 20000 with an acceptance of 0.11927130073308945
# Generated a pool of 20000 with an acceptance of 0.0016573675496688728
# Generation repeated 604 times
# Average relative effective sample size: 0.012455254793167114
# Generation efficiency: 0.0016556291390728477
