# Generation 4

0 0.0056
1 0.013
2 0.02205
3 0.02745
4 0.0338
5 0.0422
6 0.0476
7 0.05495
8 0.05845
9 0.06615
10 0.07465
11 0.0832
12 0.08945
13 0.09575
14 0.10405
15 0.11145
16 0.11255
17 0.1181
18 0.1262
19 0.1349
20 0.1417
21 0.14865
22 0.15535
23 0.15935
24 0.161
25 0.16775
26 0.1699
27 0.17345
28 0.1846
29 0.19595
30 0.1998
31 0.20545
32 0.21425
33 0.21895
34 0.22435
35 0.23155
36 0.2326
37 0.2381
38 0.2436
39 0.246
40 0.2494
41 0.25435
42 0.26215
43 0.26645
44 0.27245
45 0.27505
46 0.28355
47 0.28795
48 0.29275
49 0.2964
50 0.30165
51 0.3048
52 0.3081
53 0.31465
54 0.3184
55 0.32075
56 0.3252
57 0.3327
58 0.33555
59 0.34465
60 0.35185
61 0.35835
62 0.3679
63 0.37065
64 0.37415
65 0.37805
66 0.3825
67 0.3869
68 0.3947
69 0.4011
70 0.403
71 0.40695
72 0.41125
73 0.41535
74 0.422
75 0.4247
76 0.43635
77 0.445
78 0.44895
79 0.45525
80 0.46105
81 0.4695
82 0.479
83 0.48615
84 0.4892
85 0.49895
86 0.5031
87 0.5092
88 0.51235
89 0.51755
90 0.5232
91 0.53075
92 0.5384
93 0.54415
94 0.5476
95 0.5538
96 0.55805
97 0.56925
98 0.5765
99 0.58
100 0.583
101 0.59015
102 0.59225
103 0.59615
104 0.6031
105 0.60975
106 0.6201
107 0.62245
108 0.62915
109 0.63055
110 0.64005
111 0.64515
112 0.65355
113 0.6627
114 0.67395
115 0.68425
116 0.69135
117 0.69475
118 0.70145
119 0.7054
120 0.7123
121 0.7185
122 0.72855
123 0.73695
124 0.7435
125 0.747
126 0.7488
127 0.75865
128 0.7658
129 0.77245
130 0.78235
131 0.7881
132 0.7933
133 0.8026
134 0.80725
135 0.81035
136 0.81445
137 0.81835
138 0.8205
139 0.8283
140 0.83875
141 0.8468
142 0.85375
143 0.85955
144 0.867
145 0.87085
146 0.8775
147 0.8846
148 0.8897
149 0.89425
150 0.89805
151 0.8994
152 0.9047
153 0.91275
154 0.9181
155 0.9266
156 0.9327
157 0.93825
158 0.9448
159 0.95225
160 0.96125
161 0.9661
162 0.9722
163 0.97495
164 0.98645
165 0.99325
166 1.00135
# Generated pool n. 4 for Umax = 572.4398193359375
# Generated a biased pool of 20000 with an acceptance of 0.23052360117435455
# Generated a pool of 20000 with an acceptance of 0.005996107784431138
# Generation repeated 167 times
# Average relative effective sample size: 0.05986935645341873
# Generation efficiency: 0.005988023952095809
