# Generation 17

0 0.0015
1 0.0027
2 0.00345
3 0.0047
4 0.0053
5 0.00795
6 0.0102
7 0.01055
8 0.0114
9 0.01265
10 0.01485
11 0.0162
12 0.01665
13 0.0187
14 0.01875
15 0.0204
16 0.0221
17 0.0225
18 0.025
19 0.0264
20 0.0267
21 0.0268
22 0.0277
23 0.02925
24 0.02945
25 0.0307
26 0.0332
27 0.03375
28 0.0351
29 0.0364
30 0.03785
31 0.03915
32 0.03935
33 0.03975
34 0.04015
35 0.0421
36 0.0434
37 0.04485
38 0.0468
39 0.0487
40 0.04975
41 0.05195
42 0.0522
43 0.0534
44 0.0538
45 0.0541
46 0.0558
47 0.05605
48 0.05765
49 0.059
50 0.0604
51 0.0617
52 0.06275
53 0.06355
54 0.0646
55 0.06535
56 0.0674
57 0.06815
58 0.0684
59 0.0694
60 0.0698
61 0.07085
62 0.0714
63 0.07245
64 0.07315
65 0.0744
66 0.07505
67 0.07605
68 0.07645
69 0.07665
70 0.0773
71 0.0795
72 0.0799
73 0.08035
74 0.08065
75 0.08205
76 0.0829
77 0.08345
78 0.08445
79 0.0849
80 0.0856
81 0.0861
82 0.0867
83 0.08705
84 0.08745
85 0.08785
86 0.08805
87 0.08845
88 0.09085
89 0.09395
90 0.0953
91 0.09775
92 0.09885
93 0.10095
94 0.10155
95 0.1031
96 0.1039
97 0.1054
98 0.1062
99 0.1069
100 0.10915
101 0.11045
102 0.11125
103 0.1121
104 0.1129
105 0.11325
106 0.11485
107 0.1169
108 0.11805
109 0.1187
110 0.12035
111 0.12195
112 0.1229
113 0.1245
114 0.12505
115 0.12555
116 0.1278
117 0.1281
118 0.13115
119 0.13235
120 0.13395
121 0.1347
122 0.1362
123 0.13795
124 0.1381
125 0.13915
126 0.1394
127 0.14045
128 0.1414
129 0.14225
130 0.14375
131 0.1458
132 0.14755
133 0.14915
134 0.1504
135 0.1519
136 0.15275
137 0.15415
138 0.15545
139 0.1563
140 0.15835
141 0.1596
142 0.16015
143 0.16065
144 0.16175
145 0.1639
146 0.1659
147 0.16625
148 0.1672
149 0.1677
150 0.16905
151 0.17
152 0.1704
153 0.17045
154 0.1717
155 0.1721
156 0.17255
157 0.17385
158 0.17435
159 0.1753
160 0.17595
161 0.1777
162 0.17885
163 0.1809
164 0.1819
165 0.18195
166 0.1835
167 0.1838
168 0.1858
169 0.18695
170 0.18745
171 0.18835
172 0.18865
173 0.18885
174 0.1896
175 0.19015
176 0.19195
177 0.19475
178 0.19615
179 0.1975
180 0.198
181 0.1998
182 0.2009
183 0.201
184 0.2025
185 0.20325
186 0.20565
187 0.20685
188 0.20725
189 0.20895
190 0.20975
191 0.2104
192 0.21175
193 0.21255
194 0.2138
195 0.2157
196 0.21705
197 0.21795
198 0.22
199 0.22035
200 0.2212
201 0.22225
202 0.22355
203 0.225
204 0.2256
205 0.22795
206 0.22875
207 0.2296
208 0.2309
209 0.2315
210 0.2332
211 0.234
212 0.2352
213 0.2383
214 0.24115
215 0.2429
216 0.24365
217 0.24385
218 0.2458
219 0.2467
220 0.2482
221 0.2486
222 0.2495
223 0.2512
224 0.2522
225 0.2535
226 0.2551
227 0.25675
228 0.2568
229 0.25905
230 0.2612
231 0.2629
232 0.26335
233 0.2645
234 0.26495
235 0.2656
236 0.2667
237 0.2682
238 0.26965
239 0.26985
240 0.271
241 0.2725
242 0.27425
243 0.2775
244 0.278
245 0.27925
246 0.2798
247 0.28045
248 0.2819
249 0.28215
250 0.2846
251 0.2847
252 0.2856
253 0.2861
254 0.28645
255 0.28775
256 0.28995
257 0.2915
258 0.29405
259 0.2953
260 0.2959
261 0.297
262 0.2976
263 0.299
264 0.29945
265 0.3002
266 0.30105
267 0.3028
268 0.3038
269 0.3048
270 0.30575
271 0.3084
272 0.31005
273 0.3115
274 0.31295
275 0.3143
276 0.3175
277 0.31875
278 0.31925
279 0.32005
280 0.32205
281 0.3222
282 0.32345
283 0.32435
284 0.32645
285 0.3279
286 0.32885
287 0.3295
288 0.33085
289 0.33135
290 0.3326
291 0.3348
292 0.33495
293 0.33525
294 0.33675
295 0.33825
296 0.33995
297 0.3401
298 0.34075
299 0.34255
300 0.3442
301 0.34495
302 0.3474
303 0.34885
304 0.3502
305 0.3521
306 0.35425
307 0.3554
308 0.3559
309 0.3563
310 0.3574
311 0.3577
312 0.359
313 0.35985
314 0.36095
315 0.3615
316 0.36235
317 0.36385
318 0.36425
319 0.36535
320 0.36655
321 0.3684
322 0.37085
323 0.37135
324 0.372
325 0.37325
326 0.37365
327 0.37555
328 0.3783
329 0.37955
330 0.37995
331 0.38145
332 0.38275
333 0.3833
334 0.3845
335 0.38495
336 0.387
337 0.3893
338 0.39085
339 0.3939
340 0.3951
341 0.39565
342 0.39745
343 0.39975
344 0.4005
345 0.40205
346 0.40215
347 0.4024
348 0.40305
349 0.4032
350 0.4043
351 0.40715
352 0.40845
353 0.40875
354 0.4095
355 0.4106
356 0.41205
357 0.41505
358 0.41525
359 0.4163
360 0.4186
361 0.4192
362 0.42005
363 0.42045
364 0.42215
365 0.42305
366 0.4249
367 0.4258
368 0.4272
369 0.42905
370 0.4312
371 0.4315
372 0.43345
373 0.43465
374 0.43735
375 0.4391
376 0.44075
377 0.44135
378 0.4448
379 0.4463
380 0.44665
381 0.4476
382 0.4489
383 0.4507
384 0.4521
385 0.4534
386 0.45355
387 0.4547
388 0.45725
389 0.4577
390 0.4587
391 0.4593
392 0.46155
393 0.46285
394 0.4655
395 0.4681
396 0.4705
397 0.4717
398 0.4727
399 0.47315
400 0.4747
401 0.4757
402 0.47725
403 0.4781
404 0.4804
405 0.48105
406 0.48235
407 0.4841
408 0.4861
409 0.4872
410 0.489
411 0.4895
412 0.49215
413 0.49265
414 0.49295
415 0.4947
416 0.49545
417 0.49585
418 0.49765
419 0.49905
420 0.4993
421 0.50105
422 0.5025
423 0.50275
424 0.50405
425 0.50565
426 0.50645
427 0.50925
428 0.51
429 0.51125
430 0.51205
431 0.51275
432 0.5143
433 0.51565
434 0.51665
435 0.51865
436 0.5204
437 0.5226
438 0.5235
439 0.525
440 0.52505
441 0.52745
442 0.53005
443 0.53065
444 0.53215
445 0.53275
446 0.5341
447 0.53545
448 0.53605
449 0.53645
450 0.53755
451 0.5376
452 0.5395
453 0.53975
454 0.54155
455 0.5425
456 0.5434
457 0.5453
458 0.54555
459 0.54665
460 0.548
461 0.5492
462 0.5519
463 0.5529
464 0.55475
465 0.55535
466 0.55635
467 0.55715
468 0.5576
469 0.559
470 0.5596
471 0.5606
472 0.56295
473 0.5637
474 0.56375
475 0.56455
476 0.56575
477 0.5671
478 0.5691
479 0.56945
480 0.57095
481 0.57115
482 0.57285
483 0.5747
484 0.57565
485 0.5759
486 0.57665
487 0.578
488 0.57915
489 0.58015
490 0.5811
491 0.58215
492 0.58385
493 0.5851
494 0.5877
495 0.588
496 0.59025
497 0.5916
498 0.592
499 0.5923
500 0.59305
501 0.59515
502 0.5954
503 0.5966
504 0.5979
505 0.5984
506 0.5989
507 0.60115
508 0.603
509 0.60345
510 0.60495
511 0.6074
512 0.609
513 0.60935
514 0.61015
515 0.61095
516 0.6112
517 0.61295
518 0.6142
519 0.6143
520 0.61435
521 0.6146
522 0.61685
523 0.6182
524 0.619
525 0.61935
526 0.6207
527 0.6214
528 0.6221
529 0.62305
530 0.62465
531 0.62565
532 0.62795
533 0.62895
534 0.6311
535 0.6314
536 0.63285
537 0.6347
538 0.6349
539 0.6363
540 0.63815
541 0.6383
542 0.63855
543 0.63975
544 0.64015
545 0.64155
546 0.6425
547 0.64325
548 0.645
549 0.64615
550 0.64745
551 0.6479
552 0.6483
553 0.6504
554 0.65105
555 0.6523
556 0.65285
557 0.6563
558 0.65665
559 0.6575
560 0.65765
561 0.659
562 0.6607
563 0.6637
564 0.66415
565 0.66575
566 0.66645
567 0.6675
568 0.66855
569 0.66965
570 0.6728
571 0.6751
572 0.67635
573 0.6768
574 0.67795
575 0.6788
576 0.67935
577 0.6797
578 0.68175
579 0.68325
580 0.68545
581 0.68685
582 0.68815
583 0.6895
584 0.6911
585 0.6919
586 0.6926
587 0.6928
588 0.69425
589 0.6959
590 0.6961
591 0.6996
592 0.70125
593 0.7022
594 0.70315
595 0.70395
596 0.7068
597 0.7075
598 0.70805
599 0.7084
600 0.71125
601 0.71165
602 0.7131
603 0.71405
604 0.7148
605 0.715
606 0.7162
607 0.71675
608 0.7183
609 0.7199
610 0.7229
611 0.7246
612 0.72755
613 0.72885
614 0.7298
615 0.73025
616 0.73105
617 0.73305
618 0.7336
619 0.735
620 0.73585
621 0.73645
622 0.73735
623 0.7389
624 0.7397
625 0.7403
626 0.7408
627 0.74265
628 0.74455
629 0.7454
630 0.74735
631 0.749
632 0.7501
633 0.7518
634 0.75275
635 0.7542
636 0.75605
637 0.75615
638 0.7571
639 0.7585
640 0.7591
641 0.76095
642 0.762
643 0.7633
644 0.7644
645 0.7647
646 0.76605
647 0.76675
648 0.7682
649 0.7699
650 0.77005
651 0.7715
652 0.77455
653 0.7764
654 0.7777
655 0.7801
656 0.78055
657 0.78165
658 0.7825
659 0.7828
660 0.78365
661 0.78455
662 0.78755
663 0.78855
664 0.78955
665 0.79025
666 0.792
667 0.7937
668 0.7941
669 0.79455
670 0.79545
671 0.79595
672 0.7966
673 0.79695
674 0.79825
675 0.7985
676 0.79975
677 0.8007
678 0.80205
679 0.80315
680 0.80485
681 0.80545
682 0.80735
683 0.80775
684 0.8086
685 0.81
686 0.8112
687 0.81185
688 0.8121
689 0.81295
690 0.81355
691 0.8142
692 0.81715
693 0.81925
694 0.81935
695 0.82065
696 0.8226
697 0.8251
698 0.8268
699 0.82715
700 0.82755
701 0.8281
702 0.8285
703 0.8294
704 0.83095
705 0.832
706 0.8324
707 0.83475
708 0.83495
709 0.83535
710 0.8362
711 0.8382
712 0.84015
713 0.8415
714 0.84355
715 0.8437
716 0.846
717 0.84755
718 0.8483
719 0.84955
720 0.8519
721 0.85215
722 0.8535
723 0.85395
724 0.85535
725 0.8572
726 0.8588
727 0.86005
728 0.86135
729 0.86435
730 0.86605
731 0.8675
732 0.86885
733 0.8696
734 0.8704
735 0.87115
736 0.8722
737 0.87245
738 0.8731
739 0.87415
740 0.8767
741 0.8775
742 0.8788
743 0.87935
744 0.8811
745 0.88135
746 0.88235
747 0.88305
748 0.88505
749 0.88595
750 0.88655
751 0.88805
752 0.8885
753 0.8896
754 0.88975
755 0.89025
756 0.89095
757 0.8914
758 0.89195
759 0.89275
760 0.89445
761 0.8955
762 0.8973
763 0.8975
764 0.899
765 0.90205
766 0.9027
767 0.9039
768 0.90565
769 0.90665
770 0.90735
771 0.9078
772 0.9086
773 0.9104
774 0.9111
775 0.91375
776 0.9148
777 0.91545
778 0.917
779 0.91785
780 0.9189
781 0.92035
782 0.9207
783 0.92265
784 0.9227
785 0.9231
786 0.92465
787 0.92555
788 0.92695
789 0.9279
790 0.929
791 0.92985
792 0.9306
793 0.932
794 0.9327
795 0.93415
796 0.9356
797 0.93625
798 0.93685
799 0.93755
800 0.9379
801 0.93875
802 0.93915
803 0.94235
804 0.94305
805 0.94545
806 0.94675
807 0.94885
808 0.9496
809 0.9507
810 0.9537
811 0.9549
812 0.9562
813 0.95655
814 0.95835
815 0.95945
816 0.95995
817 0.9606
818 0.9615
819 0.9627
820 0.9633
821 0.964
822 0.96455
823 0.9661
824 0.9673
825 0.9687
826 0.97015
827 0.97045
828 0.97155
829 0.97225
830 0.97265
831 0.97515
832 0.97545
833 0.9762
834 0.9768
835 0.97695
836 0.9777
837 0.9786
838 0.9793
839 0.9812
840 0.98165
841 0.98335
842 0.9838
843 0.98465
844 0.98675
845 0.9881
846 0.9903
847 0.99195
848 0.99245
849 0.99305
850 0.99335
851 0.9953
852 0.996
853 0.99795
854 0.9987
855 0.99945
856 1.0011
# Generated pool n. 17 for Umax = 5.918804168701172
# Generated a biased pool of 20000 with an acceptance of 0.08140412718057632
# Generated a pool of 20000 with an acceptance of 0.0011681446907817947
# Generation repeated 857 times
# Average relative effective sample size: 0.007493030279874802
# Generation efficiency: 0.0011668611435239206
