# Generation 24

0 0.00145
1 0.0032
2 0.006
3 0.00755
4 0.0129
5 0.01535
6 0.01855
7 0.0213
8 0.02295
9 0.02335
10 0.02375
11 0.0243
12 0.0245
13 0.02555
14 0.03195
15 0.03625
16 0.0394
17 0.04155
18 0.04375
19 0.04525
20 0.04835
21 0.05035
22 0.0551
23 0.05745
24 0.0582
25 0.06315
26 0.0648
27 0.0703
28 0.0744
29 0.0769
30 0.0813
31 0.0844
32 0.08865
33 0.09175
34 0.0936
35 0.09855
36 0.10155
37 0.1026
38 0.10485
39 0.10735
40 0.11445
41 0.11805
42 0.12015
43 0.12265
44 0.1242
45 0.12795
46 0.13215
47 0.1368
48 0.1383
49 0.14005
50 0.14215
51 0.1446
52 0.1498
53 0.15305
54 0.15975
55 0.16245
56 0.1667
57 0.1723
58 0.17305
59 0.17535
60 0.17665
61 0.18
62 0.1814
63 0.18325
64 0.18755
65 0.19125
66 0.1958
67 0.19925
68 0.20345
69 0.20485
70 0.21075
71 0.2111
72 0.21295
73 0.2146
74 0.219
75 0.22365
76 0.22565
77 0.22865
78 0.2356
79 0.23645
80 0.23775
81 0.2393
82 0.2426
83 0.247
84 0.2484
85 0.2512
86 0.25245
87 0.25955
88 0.2695
89 0.2773
90 0.27965
91 0.28265
92 0.285
93 0.2866
94 0.29045
95 0.2954
96 0.2979
97 0.2993
98 0.30355
99 0.30735
100 0.3096
101 0.31195
102 0.3147
103 0.31585
104 0.3202
105 0.32035
106 0.32165
107 0.32615
108 0.3331
109 0.3353
110 0.3426
111 0.34765
112 0.35125
113 0.3528
114 0.3594
115 0.36645
116 0.37125
117 0.37285
118 0.3809
119 0.3849
120 0.3898
121 0.3901
122 0.39355
123 0.3962
124 0.39675
125 0.39795
126 0.4032
127 0.409
128 0.41195
129 0.41515
130 0.41835
131 0.42135
132 0.4224
133 0.4264
134 0.4323
135 0.43365
136 0.43425
137 0.436
138 0.4403
139 0.4411
140 0.44535
141 0.449
142 0.45215
143 0.4553
144 0.45765
145 0.45945
146 0.46245
147 0.46855
148 0.47115
149 0.4752
150 0.47535
151 0.4774
152 0.4798
153 0.482
154 0.48315
155 0.4888
156 0.4916
157 0.49845
158 0.50255
159 0.5045
160 0.50645
161 0.5108
162 0.51305
163 0.5142
164 0.51565
165 0.51755
166 0.5192
167 0.5221
168 0.52415
169 0.5251
170 0.52665
171 0.52965
172 0.53065
173 0.5331
174 0.53505
175 0.5362
176 0.54
177 0.54725
178 0.5523
179 0.5533
180 0.55685
181 0.56015
182 0.56065
183 0.56425
184 0.56435
185 0.56555
186 0.56625
187 0.57355
188 0.5765
189 0.57815
190 0.58405
191 0.58595
192 0.5886
193 0.5911
194 0.5927
195 0.59525
196 0.5985
197 0.6002
198 0.60335
199 0.6083
200 0.61345
201 0.6142
202 0.61515
203 0.61635
204 0.6192
205 0.6198
206 0.623
207 0.6261
208 0.62935
209 0.6302
210 0.6345
211 0.6385
212 0.64025
213 0.64355
214 0.6458
215 0.65315
216 0.6592
217 0.66335
218 0.66705
219 0.66865
220 0.6704
221 0.6726
222 0.67415
223 0.67925
224 0.6809
225 0.68145
226 0.68805
227 0.68955
228 0.69335
229 0.6965
230 0.6979
231 0.70105
232 0.7034
233 0.70495
234 0.70765
235 0.71065
236 0.71115
237 0.7123
238 0.7152
239 0.7211
240 0.72625
241 0.7281
242 0.72915
243 0.72985
244 0.73285
245 0.7362
246 0.7395
247 0.7414
248 0.7451
249 0.74755
250 0.7493
251 0.7515
252 0.752
253 0.7541
254 0.75675
255 0.7575
256 0.76025
257 0.7606
258 0.76265
259 0.7654
260 0.7703
261 0.774
262 0.77715
263 0.77755
264 0.7833
265 0.7876
266 0.79055
267 0.7964
268 0.80265
269 0.80395
270 0.80955
271 0.81445
272 0.81775
273 0.81965
274 0.82045
275 0.8246
276 0.83025
277 0.83375
278 0.8352
279 0.83765
280 0.8449
281 0.84645
282 0.8503
283 0.8539
284 0.85535
285 0.85945
286 0.86175
287 0.86475
288 0.8654
289 0.86625
290 0.8716
291 0.87335
292 0.87405
293 0.882
294 0.8837
295 0.88455
296 0.8856
297 0.8874
298 0.88955
299 0.89075
300 0.89145
301 0.8943
302 0.89925
303 0.90265
304 0.9034
305 0.9067
306 0.9108
307 0.91625
308 0.92045
309 0.9256
310 0.9283
311 0.9319
312 0.9329
313 0.9361
314 0.9396
315 0.94505
316 0.9471
317 0.95525
318 0.96145
319 0.96375
320 0.9664
321 0.96815
322 0.96965
323 0.9711
324 0.9731
325 0.9745
326 0.98055
327 0.9832
328 0.98845
329 0.9894
330 0.99365
331 0.9948
332 0.99725
333 0.9996
334 1.00285
# Generated pool n. 24 for Umax = -9.850362777709961
# Generated a biased pool of 20000 with an acceptance of 0.27885565161705017
# Generated a pool of 20000 with an acceptance of 0.0029935820895522387
# Generation repeated 335 times
# Average relative effective sample size: 0.035000067204236984
# Generation efficiency: 0.0029850746268656717
