# Generation 32

0 0.01715
1 0.0218
2 0.0288
3 0.04115
4 0.0532
5 0.0582
6 0.06685
7 0.0758
8 0.07995
9 0.089
10 0.09415
11 0.10435
12 0.1148
13 0.12395
14 0.14475
15 0.1462
16 0.1571
17 0.16335
18 0.17435
19 0.1905
20 0.1935
21 0.20335
22 0.2141
23 0.23335
24 0.2413
25 0.2516
26 0.26215
27 0.27015
28 0.27995
29 0.2909
30 0.29935
31 0.30855
32 0.314
33 0.31765
34 0.32535
35 0.33535
36 0.3402
37 0.3447
38 0.35355
39 0.35785
40 0.3606
41 0.3724
42 0.3823
43 0.3853
44 0.3881
45 0.3966
46 0.40245
47 0.41195
48 0.42105
49 0.42405
50 0.4302
51 0.43235
52 0.44505
53 0.4594
54 0.4701
55 0.4772
56 0.4777
57 0.4856
58 0.49105
59 0.50755
60 0.51425
61 0.52485
62 0.53365
63 0.54465
64 0.5561
65 0.57185
66 0.5797
67 0.58315
68 0.5886
69 0.59435
70 0.60815
71 0.6186
72 0.62335
73 0.63565
74 0.64525
75 0.65425
76 0.65925
77 0.6675
78 0.68465
79 0.69155
80 0.6947
81 0.69865
82 0.71085
83 0.72145
84 0.72845
85 0.74955
86 0.7607
87 0.7675
88 0.7806
89 0.78405
90 0.7892
91 0.79635
92 0.799
93 0.81105
94 0.82845
95 0.83535
96 0.8502
97 0.8672
98 0.87005
99 0.87685
100 0.87945
101 0.88365
102 0.89495
103 0.90225
104 0.9112
105 0.9224
106 0.9282
107 0.93195
108 0.94025
109 0.9562
110 0.9751
111 0.991
112 0.99195
113 1.00555
# Generated pool n. 32 for Umax = -13.69961929321289
# Generated a biased pool of 20000 with an acceptance of 0.5140032172203064
# Generated a pool of 20000 with an acceptance of 0.008820614035087722
# Generation repeated 114 times
# Average relative effective sample size: 0.15619222819805145
# Generation efficiency: 0.008771929824561403
