# Generation 41

0 0.0095
1 0.03415
2 0.0479
3 0.0546
4 0.0628
5 0.07765
6 0.0953
7 0.1026
8 0.1162
9 0.1176
10 0.1324
11 0.14615
12 0.17
13 0.18855
14 0.19935
15 0.20525
16 0.2152
17 0.22075
18 0.22315
19 0.2313
20 0.25005
21 0.25985
22 0.27235
23 0.28305
24 0.29795
25 0.30495
26 0.32575
27 0.33145
28 0.3374
29 0.3599
30 0.3678
31 0.3764
32 0.3949
33 0.4014
34 0.41065
35 0.41835
36 0.42275
37 0.44425
38 0.45015
39 0.4653
40 0.4723
41 0.4838
42 0.50145
43 0.50885
44 0.5177
45 0.52415
46 0.5427
47 0.54875
48 0.56045
49 0.57995
50 0.59775
51 0.6144
52 0.6292
53 0.63685
54 0.6487
55 0.66775
56 0.6788
57 0.6919
58 0.69935
59 0.7026
60 0.7146
61 0.7276
62 0.7426
63 0.7454
64 0.75375
65 0.77495
66 0.786
67 0.79155
68 0.81395
69 0.82235
70 0.8283
71 0.83645
72 0.85355
73 0.8616
74 0.87605
75 0.88445
76 0.8864
77 0.9033
78 0.91425
79 0.9191
80 0.9399
81 0.95855
82 0.9704
83 0.97685
84 0.99195
85 1.0126
# Generated pool n. 41 for Umax = -14.661725997924805
# Generated a biased pool of 20000 with an acceptance of 0.5669627785682678
# Generated a pool of 20000 with an acceptance of 0.011774418604651164
# Generation repeated 86 times
# Average relative effective sample size: 0.2059400975704193
# Generation efficiency: 0.011627906976744186
