# Generation 18

0 0.00195
1 0.00285
2 0.0038
3 0.0045
4 0.007
5 0.009
6 0.0094
7 0.01
8 0.01175
9 0.0159
10 0.01665
11 0.01725
12 0.01745
13 0.0181
14 0.0199
15 0.02165
16 0.023
17 0.02365
18 0.02475
19 0.02555
20 0.02615
21 0.02725
22 0.0275
23 0.0276
24 0.0282
25 0.0293
26 0.02995
27 0.03105
28 0.0344
29 0.0362
30 0.0367
31 0.03855
32 0.03945
33 0.0429
34 0.04475
35 0.04825
36 0.0501
37 0.0516
38 0.0535
39 0.05855
40 0.05965
41 0.0609
42 0.06135
43 0.06235
44 0.0633
45 0.06555
46 0.06735
47 0.06905
48 0.07015
49 0.0706
50 0.073
51 0.0739
52 0.0748
53 0.0777
54 0.081
55 0.0816
56 0.0821
57 0.08455
58 0.08565
59 0.0872
60 0.08855
61 0.0889
62 0.0922
63 0.09415
64 0.09575
65 0.0976
66 0.09975
67 0.1011
68 0.1014
69 0.1032
70 0.1045
71 0.10705
72 0.10825
73 0.10885
74 0.1097
75 0.1109
76 0.11095
77 0.11575
78 0.11885
79 0.11905
80 0.1216
81 0.123
82 0.1255
83 0.1261
84 0.12755
85 0.1289
86 0.1294
87 0.1319
88 0.1341
89 0.13575
90 0.13625
91 0.1398
92 0.14005
93 0.14105
94 0.14245
95 0.1427
96 0.14325
97 0.1468
98 0.14945
99 0.1512
100 0.15225
101 0.15265
102 0.15435
103 0.155
104 0.15695
105 0.1579
106 0.15805
107 0.1596
108 0.1601
109 0.16255
110 0.1629
111 0.16455
112 0.16555
113 0.1657
114 0.1674
115 0.1691
116 0.16995
117 0.17075
118 0.17125
119 0.1717
120 0.1724
121 0.1732
122 0.17475
123 0.1765
124 0.179
125 0.18015
126 0.18085
127 0.18205
128 0.1829
129 0.18435
130 0.1856
131 0.18765
132 0.19105
133 0.1924
134 0.19335
135 0.1942
136 0.1968
137 0.1972
138 0.19875
139 0.19955
140 0.202
141 0.2032
142 0.2036
143 0.2048
144 0.20735
145 0.20795
146 0.2095
147 0.21005
148 0.2117
149 0.21295
150 0.2149
151 0.21655
152 0.21995
153 0.22045
154 0.2211
155 0.22255
156 0.22315
157 0.22655
158 0.23045
159 0.2307
160 0.232
161 0.2334
162 0.23415
163 0.2355
164 0.23735
165 0.23865
166 0.23985
167 0.241
168 0.24255
169 0.24735
170 0.2491
171 0.25075
172 0.25125
173 0.2517
174 0.25415
175 0.25465
176 0.256
177 0.2576
178 0.25795
179 0.2588
180 0.25895
181 0.26195
182 0.26345
183 0.26465
184 0.26525
185 0.266
186 0.2706
187 0.2724
188 0.27375
189 0.27525
190 0.2774
191 0.27925
192 0.2809
193 0.28185
194 0.28195
195 0.28335
196 0.28465
197 0.2887
198 0.2911
199 0.29175
200 0.29295
201 0.2932
202 0.29375
203 0.2962
204 0.2968
205 0.29775
206 0.29965
207 0.3007
208 0.3032
209 0.30535
210 0.30585
211 0.3081
212 0.3097
213 0.31125
214 0.3153
215 0.3166
216 0.3183
217 0.3196
218 0.3199
219 0.32335
220 0.3262
221 0.3273
222 0.3296
223 0.3312
224 0.333
225 0.3356
226 0.33935
227 0.34115
228 0.3441
229 0.3455
230 0.3461
231 0.3479
232 0.3505
233 0.3517
234 0.3529
235 0.35475
236 0.35675
237 0.35805
238 0.36085
239 0.3628
240 0.36445
241 0.3657
242 0.36625
243 0.36945
244 0.3706
245 0.37105
246 0.37315
247 0.37435
248 0.37555
249 0.37615
250 0.37645
251 0.37865
252 0.3813
253 0.38425
254 0.3864
255 0.3885
256 0.38995
257 0.3923
258 0.39285
259 0.39475
260 0.39605
261 0.39825
262 0.4005
263 0.4033
264 0.4048
265 0.4069
266 0.407
267 0.40855
268 0.4097
269 0.4111
270 0.41205
271 0.4141
272 0.41475
273 0.4174
274 0.41875
275 0.4198
276 0.42065
277 0.4241
278 0.42685
279 0.42795
280 0.4292
281 0.4343
282 0.4354
283 0.4359
284 0.43735
285 0.43775
286 0.4395
287 0.4397
288 0.4436
289 0.445
290 0.4485
291 0.4488
292 0.4499
293 0.4507
294 0.4523
295 0.45445
296 0.45465
297 0.4557
298 0.4574
299 0.4579
300 0.4608
301 0.46355
302 0.46405
303 0.4646
304 0.4663
305 0.46665
306 0.469
307 0.47115
308 0.473
309 0.4735
310 0.474
311 0.47485
312 0.47805
313 0.4787
314 0.48085
315 0.4832
316 0.4837
317 0.4853
318 0.48815
319 0.48945
320 0.4901
321 0.49085
322 0.49135
323 0.4918
324 0.4936
325 0.4954
326 0.49675
327 0.4982
328 0.4999
329 0.5015
330 0.50295
331 0.505
332 0.5061
333 0.50785
334 0.51105
335 0.5115
336 0.5133
337 0.51435
338 0.51555
339 0.51605
340 0.5164
341 0.518
342 0.5189
343 0.51975
344 0.52235
345 0.5245
346 0.5257
347 0.5261
348 0.52665
349 0.5288
350 0.5291
351 0.52965
352 0.53145
353 0.53275
354 0.53545
355 0.5367
356 0.5374
357 0.53865
358 0.53955
359 0.5427
360 0.5442
361 0.54505
362 0.5456
363 0.54615
364 0.5482
365 0.54965
366 0.55155
367 0.55265
368 0.55295
369 0.5533
370 0.5553
371 0.5569
372 0.5572
373 0.5591
374 0.5598
375 0.5604
376 0.563
377 0.56585
378 0.5674
379 0.5706
380 0.57345
381 0.57585
382 0.5775
383 0.5782
384 0.57935
385 0.57945
386 0.58255
387 0.58315
388 0.5866
389 0.58755
390 0.5896
391 0.5909
392 0.59165
393 0.59275
394 0.5951
395 0.59745
396 0.59855
397 0.60165
398 0.60365
399 0.6046
400 0.6068
401 0.60765
402 0.6107
403 0.6115
404 0.61195
405 0.61225
406 0.6134
407 0.61415
408 0.61625
409 0.6188
410 0.6191
411 0.6212
412 0.62335
413 0.62505
414 0.62605
415 0.6281
416 0.6307
417 0.63185
418 0.63405
419 0.6359
420 0.6368
421 0.6397
422 0.64265
423 0.64345
424 0.6461
425 0.64955
426 0.6511
427 0.65385
428 0.65545
429 0.6561
430 0.6574
431 0.65755
432 0.65865
433 0.65955
434 0.66
435 0.6621
436 0.6631
437 0.6665
438 0.66755
439 0.6687
440 0.66975
441 0.6726
442 0.67375
443 0.6752
444 0.67735
445 0.6776
446 0.67785
447 0.67955
448 0.6806
449 0.68195
450 0.6831
451 0.6849
452 0.6866
453 0.6888
454 0.68905
455 0.69165
456 0.6925
457 0.69395
458 0.69465
459 0.69685
460 0.6987
461 0.69925
462 0.7029
463 0.7037
464 0.7058
465 0.70795
466 0.70955
467 0.7142
468 0.7161
469 0.7181
470 0.71895
471 0.71975
472 0.71995
473 0.7205
474 0.72055
475 0.72235
476 0.7232
477 0.72445
478 0.72535
479 0.72785
480 0.72925
481 0.72945
482 0.731
483 0.73315
484 0.7346
485 0.7358
486 0.73595
487 0.73665
488 0.7379
489 0.74055
490 0.7426
491 0.7439
492 0.7465
493 0.7494
494 0.7515
495 0.75395
496 0.7559
497 0.75605
498 0.7567
499 0.75835
500 0.76
501 0.7634
502 0.76545
503 0.76725
504 0.7693
505 0.77055
506 0.7722
507 0.7725
508 0.7734
509 0.77475
510 0.7751
511 0.77615
512 0.77675
513 0.77975
514 0.7802
515 0.78205
516 0.78485
517 0.78645
518 0.7865
519 0.788
520 0.79085
521 0.791
522 0.7925
523 0.7943
524 0.79715
525 0.79995
526 0.80135
527 0.8029
528 0.80405
529 0.80515
530 0.8068
531 0.80865
532 0.81055
533 0.8131
534 0.81405
535 0.8154
536 0.81695
537 0.81945
538 0.82005
539 0.82095
540 0.82235
541 0.8235
542 0.82545
543 0.8266
544 0.82785
545 0.8287
546 0.8314
547 0.8325
548 0.8341
549 0.83505
550 0.83695
551 0.83895
552 0.84005
553 0.8415
554 0.84265
555 0.8443
556 0.84705
557 0.8488
558 0.84975
559 0.85035
560 0.85135
561 0.85185
562 0.8536
563 0.8546
564 0.8557
565 0.8593
566 0.8604
567 0.8618
568 0.8623
569 0.86485
570 0.86675
571 0.86855
572 0.87095
573 0.87305
574 0.87395
575 0.8744
576 0.87475
577 0.87665
578 0.8774
579 0.87765
580 0.8791
581 0.88045
582 0.88225
583 0.8833
584 0.88505
585 0.88775
586 0.88855
587 0.89035
588 0.89085
589 0.8925
590 0.894
591 0.89685
592 0.8987
593 0.89895
594 0.9004
595 0.90215
596 0.9029
597 0.9036
598 0.90685
599 0.90795
600 0.91165
601 0.91295
602 0.9135
603 0.91425
604 0.9168
605 0.9183
606 0.9192
607 0.92
608 0.92095
609 0.92135
610 0.92315
611 0.9233
612 0.92545
613 0.93005
614 0.93085
615 0.93155
616 0.9333
617 0.9341
618 0.93805
619 0.9395
620 0.9409
621 0.943
622 0.9434
623 0.94565
624 0.9486
625 0.94985
626 0.95155
627 0.95445
628 0.955
629 0.95605
630 0.95785
631 0.95855
632 0.9604
633 0.9615
634 0.9631
635 0.9644
636 0.9653
637 0.96645
638 0.96695
639 0.96715
640 0.96845
641 0.9699
642 0.97035
643 0.97185
644 0.97355
645 0.9747
646 0.97585
647 0.9783
648 0.97985
649 0.982
650 0.98405
651 0.9848
652 0.9871
653 0.98755
654 0.98845
655 0.9892
656 0.98935
657 0.9902
658 0.9907
659 0.99155
660 0.99325
661 0.99505
662 0.99655
663 0.99725
664 0.9998
665 1.00025
# Generated pool n. 18 for Umax = 1.8536067008972168
# Generated a biased pool of 20000 with an acceptance of 0.1371324211359024
# Generated a pool of 20000 with an acceptance of 0.001501876876876877
# Generation repeated 666 times
# Average relative effective sample size: 0.011959741823375225
# Generation efficiency: 0.0015015015015015015
