# Generation 15

0 0.002
1 0.0022
2 0.0033
3 0.004
4 0.0056
5 0.0077
6 0.00885
7 0.01045
8 0.011
9 0.0117
10 0.0126
11 0.01405
12 0.0154
13 0.01735
14 0.0188
15 0.0211
16 0.02175
17 0.02325
18 0.02455
19 0.02545
20 0.026
21 0.0265
22 0.0274
23 0.02795
24 0.0298
25 0.03115
26 0.0337
27 0.0345
28 0.03535
29 0.0365
30 0.0374
31 0.03845
32 0.04125
33 0.04155
34 0.04515
35 0.0459
36 0.0469
37 0.04845
38 0.04965
39 0.05185
40 0.05255
41 0.0545
42 0.05635
43 0.05805
44 0.0614
45 0.0627
46 0.06465
47 0.0653
48 0.0678
49 0.06995
50 0.071
51 0.0723
52 0.07265
53 0.07435
54 0.07545
55 0.0771
56 0.07925
57 0.0804
58 0.08215
59 0.083
60 0.08525
61 0.08695
62 0.0895
63 0.0912
64 0.0921
65 0.09365
66 0.0951
67 0.0959
68 0.09845
69 0.0991
70 0.10165
71 0.10305
72 0.10455
73 0.10525
74 0.1067
75 0.10885
76 0.1099
77 0.11065
78 0.1114
79 0.1133
80 0.1146
81 0.11555
82 0.1169
83 0.1186
84 0.12035
85 0.12075
86 0.12115
87 0.1234
88 0.12575
89 0.1292
90 0.12965
91 0.1309
92 0.13175
93 0.13195
94 0.1324
95 0.13335
96 0.13495
97 0.1363
98 0.13885
99 0.14075
100 0.14345
101 0.14575
102 0.14625
103 0.14675
104 0.14885
105 0.14925
106 0.15
107 0.15275
108 0.1535
109 0.1538
110 0.15465
111 0.1553
112 0.1574
113 0.159
114 0.16085
115 0.161
116 0.1623
117 0.1628
118 0.1639
119 0.165
120 0.1654
121 0.1659
122 0.167
123 0.1683
124 0.1711
125 0.1745
126 0.17555
127 0.17715
128 0.1778
129 0.1789
130 0.18035
131 0.1807
132 0.18125
133 0.1822
134 0.1836
135 0.1869
136 0.1895
137 0.19015
138 0.19225
139 0.19435
140 0.19635
141 0.1986
142 0.20175
143 0.203
144 0.2038
145 0.20445
146 0.2052
147 0.20655
148 0.20665
149 0.2095
150 0.212
151 0.2124
152 0.21335
153 0.21525
154 0.21635
155 0.21725
156 0.21855
157 0.2205
158 0.2232
159 0.2244
160 0.22585
161 0.22785
162 0.22945
163 0.23045
164 0.23175
165 0.23425
166 0.23595
167 0.2375
168 0.2391
169 0.2406
170 0.2415
171 0.24265
172 0.2435
173 0.24435
174 0.24485
175 0.24575
176 0.2465
177 0.2474
178 0.2481
179 0.24875
180 0.2512
181 0.2523
182 0.2547
183 0.2568
184 0.2596
185 0.2611
186 0.26485
187 0.26535
188 0.2657
189 0.26715
190 0.2678
191 0.2695
192 0.27005
193 0.27075
194 0.27125
195 0.27275
196 0.27395
197 0.27485
198 0.2768
199 0.2769
200 0.2774
201 0.2776
202 0.27815
203 0.2784
204 0.27935
205 0.2814
206 0.28175
207 0.28285
208 0.2832
209 0.2846
210 0.2855
211 0.2889
212 0.2905
213 0.29255
214 0.29325
215 0.29525
216 0.2966
217 0.29915
218 0.29995
219 0.3023
220 0.3026
221 0.30315
222 0.3034
223 0.3047
224 0.30525
225 0.3059
226 0.30675
227 0.3087
228 0.30985
229 0.31115
230 0.31255
231 0.31395
232 0.31405
233 0.3152
234 0.3176
235 0.3204
236 0.3219
237 0.3228
238 0.32405
239 0.32635
240 0.32715
241 0.32745
242 0.328
243 0.32885
244 0.33055
245 0.33205
246 0.33435
247 0.33555
248 0.33605
249 0.33845
250 0.33855
251 0.3393
252 0.3407
253 0.34175
254 0.34265
255 0.346
256 0.3466
257 0.348
258 0.34835
259 0.3502
260 0.35095
261 0.35215
262 0.35285
263 0.3536
264 0.35425
265 0.3559
266 0.3566
267 0.3572
268 0.35765
269 0.3594
270 0.3603
271 0.3626
272 0.3631
273 0.3642
274 0.36555
275 0.36625
276 0.3681
277 0.3682
278 0.37015
279 0.37095
280 0.37185
281 0.3723
282 0.37525
283 0.37575
284 0.3762
285 0.3777
286 0.3783
287 0.37875
288 0.3798
289 0.3818
290 0.3835
291 0.38445
292 0.38545
293 0.3864
294 0.38725
295 0.3882
296 0.39045
297 0.39285
298 0.39435
299 0.39505
300 0.39555
301 0.3966
302 0.3979
303 0.4009
304 0.4019
305 0.40405
306 0.4059
307 0.40615
308 0.40885
309 0.4107
310 0.41135
311 0.4121
312 0.41315
313 0.41445
314 0.4167
315 0.4168
316 0.4189
317 0.4202
318 0.4208
319 0.42215
320 0.4222
321 0.42385
322 0.42525
323 0.42635
324 0.4286
325 0.42935
326 0.4299
327 0.4306
328 0.4313
329 0.4325
330 0.43465
331 0.4354
332 0.43655
333 0.4377
334 0.4389
335 0.43985
336 0.44145
337 0.44265
338 0.44515
339 0.44615
340 0.4466
341 0.4483
342 0.44915
343 0.44945
344 0.44995
345 0.4507
346 0.45125
347 0.4535
348 0.45485
349 0.45505
350 0.4585
351 0.4596
352 0.46165
353 0.46395
354 0.46475
355 0.46545
356 0.46585
357 0.466
358 0.4678
359 0.4704
360 0.47105
361 0.47205
362 0.47375
363 0.474
364 0.4745
365 0.476
366 0.47675
367 0.47705
368 0.47815
369 0.47875
370 0.48005
371 0.4808
372 0.48185
373 0.4834
374 0.4853
375 0.48545
376 0.48705
377 0.48975
378 0.49145
379 0.4937
380 0.4939
381 0.4941
382 0.4959
383 0.497
384 0.4974
385 0.49845
386 0.50015
387 0.5028
388 0.50355
389 0.50375
390 0.50485
391 0.50605
392 0.50815
393 0.5091
394 0.51055
395 0.51195
396 0.5136
397 0.51365
398 0.5141
399 0.5151
400 0.51585
401 0.51725
402 0.51755
403 0.51955
404 0.52035
405 0.52075
406 0.5216
407 0.5232
408 0.52355
409 0.52445
410 0.5269
411 0.52865
412 0.5308
413 0.53195
414 0.53275
415 0.53415
416 0.53475
417 0.535
418 0.53605
419 0.5372
420 0.5389
421 0.5407
422 0.54155
423 0.5431
424 0.54415
425 0.54515
426 0.5468
427 0.54855
428 0.5488
429 0.5498
430 0.5517
431 0.55235
432 0.55355
433 0.55395
434 0.5555
435 0.55675
436 0.55865
437 0.55945
438 0.5613
439 0.56185
440 0.5632
441 0.5634
442 0.5644
443 0.5646
444 0.5674
445 0.5677
446 0.5687
447 0.56945
448 0.57035
449 0.5712
450 0.5719
451 0.57465
452 0.57525
453 0.5769
454 0.57755
455 0.57985
456 0.58035
457 0.5813
458 0.5827
459 0.5841
460 0.58425
461 0.58615
462 0.58865
463 0.5889
464 0.5906
465 0.59075
466 0.5908
467 0.59325
468 0.59795
469 0.60065
470 0.603
471 0.60435
472 0.6066
473 0.60735
474 0.6086
475 0.61035
476 0.61185
477 0.61295
478 0.61465
479 0.61575
480 0.61945
481 0.62075
482 0.6216
483 0.62265
484 0.62415
485 0.6273
486 0.62795
487 0.6307
488 0.63105
489 0.6329
490 0.63375
491 0.6342
492 0.63635
493 0.63745
494 0.6388
495 0.63935
496 0.6407
497 0.64255
498 0.64425
499 0.64475
500 0.64625
501 0.64985
502 0.65055
503 0.6527
504 0.65435
505 0.65735
506 0.65975
507 0.66085
508 0.66315
509 0.6654
510 0.66695
511 0.6693
512 0.66985
513 0.6716
514 0.67375
515 0.67485
516 0.6756
517 0.67645
518 0.67945
519 0.68035
520 0.68145
521 0.68225
522 0.684
523 0.68515
524 0.68565
525 0.6872
526 0.69075
527 0.69095
528 0.6924
529 0.69245
530 0.693
531 0.6946
532 0.69585
533 0.69745
534 0.6999
535 0.7021
536 0.70285
537 0.70435
538 0.7076
539 0.7082
540 0.70905
541 0.7101
542 0.71155
543 0.7141
544 0.7166
545 0.7186
546 0.72035
547 0.7222
548 0.7235
549 0.72465
550 0.72625
551 0.72835
552 0.7305
553 0.7318
554 0.7327
555 0.73445
556 0.7352
557 0.73635
558 0.737
559 0.73875
560 0.7395
561 0.74145
562 0.7435
563 0.74435
564 0.74585
565 0.74725
566 0.74895
567 0.7506
568 0.7523
569 0.75375
570 0.75595
571 0.75665
572 0.7578
573 0.7599
574 0.76095
575 0.7623
576 0.76325
577 0.7643
578 0.7656
579 0.7663
580 0.7683
581 0.7702
582 0.7713
583 0.7736
584 0.77465
585 0.77645
586 0.77685
587 0.77795
588 0.7786
589 0.7816
590 0.7826
591 0.78525
592 0.7865
593 0.78775
594 0.79015
595 0.79025
596 0.79195
597 0.79265
598 0.795
599 0.7956
600 0.79585
601 0.79945
602 0.80015
603 0.8012
604 0.8023
605 0.8037
606 0.80655
607 0.80765
608 0.808
609 0.80895
610 0.80925
611 0.81045
612 0.8131
613 0.815
614 0.8164
615 0.81755
616 0.81975
617 0.821
618 0.8217
619 0.82285
620 0.8249
621 0.82605
622 0.8273
623 0.82865
624 0.82945
625 0.82975
626 0.8311
627 0.8337
628 0.834
629 0.8356
630 0.8362
631 0.8386
632 0.8411
633 0.8426
634 0.84335
635 0.84435
636 0.8464
637 0.84815
638 0.84855
639 0.84895
640 0.84915
641 0.8508
642 0.85365
643 0.85485
644 0.85655
645 0.8577
646 0.85855
647 0.85915
648 0.861
649 0.86195
650 0.8636
651 0.8647
652 0.86645
653 0.86715
654 0.86775
655 0.8688
656 0.8691
657 0.87125
658 0.8717
659 0.87225
660 0.87425
661 0.8755
662 0.87665
663 0.87765
664 0.87975
665 0.883
666 0.8842
667 0.8844
668 0.88695
669 0.8874
670 0.8907
671 0.8918
672 0.8946
673 0.89535
674 0.89685
675 0.8989
676 0.8998
677 0.90045
678 0.9017
679 0.90285
680 0.90475
681 0.9056
682 0.907
683 0.90745
684 0.9087
685 0.9104
686 0.91085
687 0.91165
688 0.91415
689 0.9161
690 0.91725
691 0.91735
692 0.91935
693 0.9215
694 0.92345
695 0.9249
696 0.9274
697 0.9276
698 0.92925
699 0.9301
700 0.93155
701 0.93355
702 0.93465
703 0.9351
704 0.93675
705 0.93805
706 0.9396
707 0.94
708 0.94055
709 0.94185
710 0.9425
711 0.94375
712 0.9459
713 0.9474
714 0.94845
715 0.94905
716 0.9505
717 0.9511
718 0.9541
719 0.95595
720 0.9587
721 0.95885
722 0.9595
723 0.9612
724 0.96265
725 0.96435
726 0.96605
727 0.96775
728 0.96805
729 0.9685
730 0.97085
731 0.9724
732 0.9735
733 0.9759
734 0.97635
735 0.979
736 0.9799
737 0.98075
738 0.98085
739 0.98235
740 0.98385
741 0.986
742 0.9867
743 0.98795
744 0.9901
745 0.9907
746 0.99195
747 0.99255
748 0.99325
749 0.9952
750 0.99645
751 0.99685
752 0.9985
753 0.9998
754 1.0004
# Generated pool n. 15 for Umax = 17.492992401123047
# Generated a biased pool of 20000 with an acceptance of 0.08713062852621078
# Generated a pool of 20000 with an acceptance of 0.0013250331125827799
# Generation repeated 755 times
# Average relative effective sample size: 0.009184428490698338
# Generation efficiency: 0.0013245033112582781
