# Generation 35

0 0.0146
1 0.02505
2 0.03105
3 0.0474
4 0.0598
5 0.07755
6 0.09235
7 0.1023
8 0.1147
9 0.12155
10 0.13005
11 0.1421
12 0.14495
13 0.15075
14 0.16685
15 0.17675
16 0.1863
17 0.1998
18 0.2012
19 0.2081
20 0.22635
21 0.23655
22 0.2525
23 0.25705
24 0.2689
25 0.28445
26 0.29315
27 0.30155
28 0.3082
29 0.31515
30 0.31755
31 0.3238
32 0.33525
33 0.3444
34 0.3654
35 0.3778
36 0.38525
37 0.39435
38 0.39885
39 0.40575
40 0.4168
41 0.4239
42 0.4409
43 0.45555
44 0.4674
45 0.47045
46 0.4781
47 0.49655
48 0.5062
49 0.5221
50 0.53655
51 0.5405
52 0.5536
53 0.557
54 0.5662
55 0.5895
56 0.59855
57 0.61085
58 0.6118
59 0.62395
60 0.63635
61 0.64805
62 0.6642
63 0.6683
64 0.67115
65 0.6805
66 0.694
67 0.7086
68 0.7317
69 0.74925
70 0.7651
71 0.7689
72 0.77645
73 0.78905
74 0.8003
75 0.81365
76 0.82515
77 0.8298
78 0.84935
79 0.8627
80 0.87535
81 0.8869
82 0.8925
83 0.8993
84 0.9154
85 0.9241
86 0.93205
87 0.93835
88 0.95205
89 0.9675
90 0.9737
91 0.9863
92 1.003
# Generated pool n. 35 for Umax = -14.19002628326416
# Generated a biased pool of 20000 with an acceptance of 0.5374424457550049
# Generated a pool of 20000 with an acceptance of 0.010784946236559139
# Generation repeated 93 times
# Average relative effective sample size: 0.1868562549352646
# Generation efficiency: 0.010752688172043012
