# Generation 20

0 5e-05
1 0.0014
2 0.00225
3 0.0039
4 0.00655
5 0.00845
6 0.01295
7 0.0147
8 0.015
9 0.0155
10 0.02045
11 0.02155
12 0.02305
13 0.0252
14 0.02545
15 0.02585
16 0.0303
17 0.0317
18 0.03385
19 0.0367
20 0.04095
21 0.04275
22 0.0447
23 0.04565
24 0.04695
25 0.0485
26 0.0503
27 0.0516
28 0.0541
29 0.05495
30 0.0577
31 0.05875
32 0.06175
33 0.0649
34 0.06545
35 0.0659
36 0.0712
37 0.07335
38 0.07415
39 0.07565
40 0.08145
41 0.08355
42 0.08385
43 0.08405
44 0.0874
45 0.0892
46 0.08945
47 0.0911
48 0.09285
49 0.09915
50 0.0996
51 0.10185
52 0.10475
53 0.10675
54 0.1078
55 0.1108
56 0.11455
57 0.1154
58 0.11655
59 0.11685
60 0.1228
61 0.1261
62 0.1284
63 0.131
64 0.1334
65 0.1343
66 0.13595
67 0.1404
68 0.1418
69 0.14455
70 0.1486
71 0.1494
72 0.154
73 0.1551
74 0.1578
75 0.15965
76 0.16075
77 0.16195
78 0.1653
79 0.16865
80 0.17035
81 0.17285
82 0.173
83 0.17375
84 0.1767
85 0.177
86 0.1803
87 0.1815
88 0.18375
89 0.18525
90 0.1892
91 0.1908
92 0.1925
93 0.1959
94 0.19655
95 0.19675
96 0.1987
97 0.19995
98 0.20195
99 0.2066
100 0.20705
101 0.20855
102 0.20905
103 0.21025
104 0.2114
105 0.2131
106 0.2172
107 0.2191
108 0.22305
109 0.22375
110 0.22705
111 0.22765
112 0.2292
113 0.2302
114 0.23315
115 0.23575
116 0.23825
117 0.2393
118 0.2418
119 0.2426
120 0.2433
121 0.24575
122 0.2487
123 0.25155
124 0.2532
125 0.25415
126 0.25725
127 0.25835
128 0.2613
129 0.2634
130 0.26625
131 0.26665
132 0.2689
133 0.27125
134 0.27225
135 0.27335
136 0.2746
137 0.27525
138 0.277
139 0.28395
140 0.28485
141 0.28495
142 0.28695
143 0.2903
144 0.2968
145 0.30095
146 0.30315
147 0.3076
148 0.3091
149 0.31285
150 0.317
151 0.32055
152 0.3211
153 0.32275
154 0.32445
155 0.32695
156 0.32955
157 0.33235
158 0.33365
159 0.3347
160 0.33665
161 0.33995
162 0.3406
163 0.34095
164 0.34295
165 0.34585
166 0.3514
167 0.3535
168 0.35365
169 0.35535
170 0.3575
171 0.3607
172 0.36145
173 0.3658
174 0.36635
175 0.3668
176 0.3697
177 0.3722
178 0.37275
179 0.3777
180 0.38105
181 0.3829
182 0.38565
183 0.38755
184 0.38975
185 0.39105
186 0.39225
187 0.39515
188 0.3962
189 0.39835
190 0.40035
191 0.40175
192 0.40505
193 0.4077
194 0.4098
195 0.4128
196 0.41345
197 0.4164
198 0.4186
199 0.42025
200 0.42185
201 0.426
202 0.4311
203 0.434
204 0.43665
205 0.43815
206 0.4407
207 0.4411
208 0.44375
209 0.44595
210 0.4474
211 0.4506
212 0.45385
213 0.45485
214 0.45665
215 0.4571
216 0.45935
217 0.461
218 0.46265
219 0.46445
220 0.4649
221 0.46525
222 0.46965
223 0.47295
224 0.47545
225 0.47925
226 0.48175
227 0.48425
228 0.48685
229 0.4876
230 0.4881
231 0.49
232 0.4905
233 0.4929
234 0.49485
235 0.49585
236 0.49765
237 0.49895
238 0.50105
239 0.5027
240 0.504
241 0.50725
242 0.5103
243 0.5126
244 0.5162
245 0.51765
246 0.52175
247 0.52625
248 0.5274
249 0.53055
250 0.53095
251 0.5339
252 0.5346
253 0.5358
254 0.5382
255 0.53845
256 0.53995
257 0.54375
258 0.5451
259 0.5463
260 0.54715
261 0.54865
262 0.55185
263 0.55385
264 0.5562
265 0.55835
266 0.56075
267 0.56305
268 0.564
269 0.5653
270 0.5669
271 0.57105
272 0.5728
273 0.5743
274 0.57635
275 0.57715
276 0.5779
277 0.5793
278 0.5825
279 0.58475
280 0.58565
281 0.58675
282 0.5902
283 0.59115
284 0.59445
285 0.5961
286 0.5976
287 0.5978
288 0.5997
289 0.59985
290 0.6011
291 0.6026
292 0.6049
293 0.605
294 0.6075
295 0.60995
296 0.6115
297 0.6149
298 0.61505
299 0.61815
300 0.62045
301 0.6222
302 0.62575
303 0.62645
304 0.62865
305 0.62995
306 0.637
307 0.6383
308 0.64045
309 0.64285
310 0.6456
311 0.64595
312 0.651
313 0.65345
314 0.65635
315 0.6567
316 0.65715
317 0.65725
318 0.6628
319 0.6671
320 0.6715
321 0.67305
322 0.6746
323 0.67685
324 0.67915
325 0.68075
326 0.6819
327 0.6855
328 0.68615
329 0.68915
330 0.69015
331 0.69265
332 0.69665
333 0.70015
334 0.70055
335 0.7024
336 0.70425
337 0.70455
338 0.70805
339 0.7087
340 0.71035
341 0.71165
342 0.7129
343 0.7172
344 0.7187
345 0.7209
346 0.72365
347 0.7245
348 0.72575
349 0.7286
350 0.73115
351 0.7325
352 0.73665
353 0.73855
354 0.73915
355 0.73975
356 0.7411
357 0.74175
358 0.7448
359 0.7464
360 0.74715
361 0.74815
362 0.751
363 0.75395
364 0.75685
365 0.75725
366 0.7605
367 0.763
368 0.76345
369 0.7662
370 0.7681
371 0.7691
372 0.7728
373 0.77345
374 0.77575
375 0.7802
376 0.7824
377 0.7851
378 0.78735
379 0.79285
380 0.7939
381 0.7952
382 0.79695
383 0.8015
384 0.8021
385 0.80625
386 0.80775
387 0.80965
388 0.8125
389 0.8152
390 0.81555
391 0.81685
392 0.81725
393 0.82035
394 0.82205
395 0.8232
396 0.8243
397 0.8257
398 0.82815
399 0.8302
400 0.83155
401 0.83385
402 0.8353
403 0.83775
404 0.8381
405 0.8389
406 0.8393
407 0.8405
408 0.8435
409 0.84535
410 0.8466
411 0.84835
412 0.8508
413 0.8519
414 0.8544
415 0.85645
416 0.8582
417 0.8606
418 0.86155
419 0.86305
420 0.86485
421 0.8663
422 0.86675
423 0.8675
424 0.8712
425 0.8737
426 0.87475
427 0.87585
428 0.87755
429 0.8805
430 0.881
431 0.8841
432 0.88485
433 0.88685
434 0.88805
435 0.89235
436 0.8932
437 0.89465
438 0.89575
439 0.89735
440 0.89915
441 0.9042
442 0.9046
443 0.90635
444 0.90715
445 0.9096
446 0.91115
447 0.91375
448 0.91695
449 0.9198
450 0.92165
451 0.92325
452 0.9246
453 0.9259
454 0.9271
455 0.92895
456 0.9337
457 0.93415
458 0.9351
459 0.93735
460 0.94095
461 0.9437
462 0.949
463 0.95005
464 0.9519
465 0.9536
466 0.95525
467 0.96015
468 0.9627
469 0.96455
470 0.9677
471 0.96895
472 0.97115
473 0.9728
474 0.97345
475 0.97615
476 0.9776
477 0.9777
478 0.9815
479 0.98225
480 0.98335
481 0.98395
482 0.9845
483 0.98615
484 0.9878
485 0.9901
486 0.99085
487 0.9957
488 0.99675
489 1.00185
# Generated pool n. 20 for Umax = -3.836355686187744
# Generated a biased pool of 20000 with an acceptance of 0.20791864395141602
# Generated a pool of 20000 with an acceptance of 0.0020445918367346916
# Generation repeated 490 times
# Average relative effective sample size: 0.020103612914681435
# Generation efficiency: 0.0020408163265306124
