# Generation 30

0 0.01475
1 0.02675
2 0.03305
3 0.0475
4 0.0529
5 0.0552
6 0.05845
7 0.0632
8 0.06935
9 0.08555
10 0.0918
11 0.10715
12 0.11365
13 0.12885
14 0.13565
15 0.1364
16 0.1454
17 0.1555
18 0.16305
19 0.1753
20 0.20205
21 0.2145
22 0.224
23 0.23515
24 0.24755
25 0.25235
26 0.26475
27 0.2724
28 0.27875
29 0.2819
30 0.2835
31 0.30075
32 0.3136
33 0.32415
34 0.3352
35 0.3443
36 0.3495
37 0.35475
38 0.35685
39 0.36955
40 0.37825
41 0.38775
42 0.39815
43 0.40425
44 0.4167
45 0.4316
46 0.4387
47 0.44895
48 0.4531
49 0.46425
50 0.4684
51 0.4822
52 0.48655
53 0.51025
54 0.5219
55 0.53255
56 0.53585
57 0.5382
58 0.54385
59 0.55435
60 0.5609
61 0.5791
62 0.58985
63 0.59725
64 0.60985
65 0.6156
66 0.62385
67 0.6286
68 0.6333
69 0.6408
70 0.6444
71 0.65645
72 0.6631
73 0.66795
74 0.6839
75 0.6895
76 0.6925
77 0.7059
78 0.71375
79 0.72785
80 0.7323
81 0.744
82 0.7584
83 0.76485
84 0.77425
85 0.78395
86 0.7889
87 0.8044
88 0.81635
89 0.82135
90 0.8392
91 0.8474
92 0.85845
93 0.8719
94 0.8847
95 0.8976
96 0.90035
97 0.9023
98 0.9046
99 0.91295
100 0.9225
101 0.9302
102 0.9512
103 0.95775
104 0.9644
105 0.97555
106 0.9829
107 0.98915
108 1.0016
# Generated pool n. 30 for Umax = -13.194546699523926
# Generated a biased pool of 20000 with an acceptance of 0.5043801069259644
# Generated a pool of 20000 with an acceptance of 0.009188990825688075
# Generation repeated 109 times
# Average relative effective sample size: 0.15397454798221588
# Generation efficiency: 0.009174311926605505
