# Generation 2

0 0.0167
1 0.03405
2 0.0513
3 0.07925
4 0.0987
5 0.11875
6 0.13585
7 0.1568
8 0.17285
9 0.19
10 0.2078
11 0.22995
12 0.24775
13 0.2686
14 0.28575
15 0.3112
16 0.33395
17 0.3527
18 0.3687
19 0.38195
20 0.4049
21 0.4223
22 0.4413
23 0.4586
24 0.4741
25 0.49565
26 0.5137
27 0.52985
28 0.5548
29 0.5776
30 0.59605
31 0.6219
32 0.63845
33 0.6591
34 0.6762
35 0.69515
36 0.7171
37 0.73465
38 0.74965
39 0.7727
40 0.7912
41 0.8115
42 0.83185
43 0.8573
44 0.87455
45 0.90295
46 0.92805
47 0.95315
48 0.9758
49 1.001
# Generated pool n. 2 for Umax = 930.4903564453125
# Generated a biased pool of 20000 with an acceptance of 0.16666297614574432
# Generated a pool of 20000 with an acceptance of 0.020019999999999996
# Generation repeated 50 times
# Average relative effective sample size: 0.11625000834465027
# Generation efficiency: 0.02
