# Generation 8

0 0.00155
1 0.00365
2 0.00605
3 0.00645
4 0.00775
5 0.00875
6 0.00965
7 0.0119
8 0.0132
9 0.0138
10 0.0144
11 0.01555
12 0.0171
13 0.0183
14 0.02045
15 0.0209
16 0.02385
17 0.0243
18 0.02605
19 0.02745
20 0.028
21 0.02935
22 0.03075
23 0.0331
24 0.03365
25 0.0354
26 0.0364
27 0.03695
28 0.03755
29 0.03955
30 0.04
31 0.04095
32 0.04225
33 0.0431
34 0.04405
35 0.04535
36 0.04645
37 0.04825
38 0.0487
39 0.0503
40 0.05185
41 0.053
42 0.05475
43 0.05635
44 0.0586
45 0.0614
46 0.0622
47 0.06375
48 0.06575
49 0.06735
50 0.0684
51 0.069
52 0.0706
53 0.07205
54 0.07435
55 0.07485
56 0.0756
57 0.07715
58 0.07795
59 0.0788
60 0.07925
61 0.0806
62 0.08125
63 0.082
64 0.08265
65 0.0834
66 0.0848
67 0.08575
68 0.08585
69 0.08735
70 0.08805
71 0.0883
72 0.08925
73 0.09125
74 0.09215
75 0.0932
76 0.0949
77 0.096
78 0.09795
79 0.10015
80 0.1011
81 0.10155
82 0.10245
83 0.10425
84 0.1055
85 0.107
86 0.1084
87 0.10985
88 0.11115
89 0.1124
90 0.11375
91 0.11555
92 0.11665
93 0.1179
94 0.1189
95 0.12045
96 0.12115
97 0.123
98 0.1241
99 0.12575
100 0.127
101 0.12785
102 0.12845
103 0.13015
104 0.1308
105 0.132
106 0.133
107 0.1344
108 0.13505
109 0.13725
110 0.1401
111 0.14075
112 0.14215
113 0.14315
114 0.14375
115 0.1449
116 0.1459
117 0.14655
118 0.1472
119 0.1487
120 0.14995
121 0.15275
122 0.15355
123 0.1542
124 0.15495
125 0.1565
126 0.1588
127 0.1612
128 0.1635
129 0.1655
130 0.16625
131 0.1694
132 0.1697
133 0.17165
134 0.17225
135 0.17375
136 0.17465
137 0.1758
138 0.17805
139 0.17905
140 0.1805
141 0.18085
142 0.182
143 0.1831
144 0.1844
145 0.185
146 0.18555
147 0.1864
148 0.18685
149 0.18735
150 0.18835
151 0.18845
152 0.18935
153 0.1903
154 0.1912
155 0.19245
156 0.1932
157 0.1937
158 0.1955
159 0.197
160 0.19785
161 0.19905
162 0.2007
163 0.20165
164 0.20315
165 0.20345
166 0.20485
167 0.2057
168 0.2064
169 0.2077
170 0.20825
171 0.20935
172 0.2101
173 0.2114
174 0.2124
175 0.21415
176 0.2149
177 0.2163
178 0.21735
179 0.2187
180 0.22035
181 0.22255
182 0.2229
183 0.2238
184 0.2255
185 0.22715
186 0.22795
187 0.22855
188 0.22925
189 0.2304
190 0.23105
191 0.23315
192 0.2341
193 0.2347
194 0.23655
195 0.23835
196 0.2394
197 0.2406
198 0.2411
199 0.24155
200 0.2426
201 0.24315
202 0.244
203 0.24515
204 0.2454
205 0.24605
206 0.24655
207 0.24785
208 0.2484
209 0.25
210 0.25115
211 0.25265
212 0.25305
213 0.25415
214 0.2559
215 0.25695
216 0.2579
217 0.25885
218 0.25975
219 0.26185
220 0.26255
221 0.26375
222 0.2654
223 0.26615
224 0.26695
225 0.26775
226 0.2684
227 0.27005
228 0.2712
229 0.2719
230 0.27435
231 0.2754
232 0.27775
233 0.27845
234 0.28
235 0.28185
236 0.28425
237 0.28585
238 0.28695
239 0.2888
240 0.29045
241 0.29145
242 0.2932
243 0.2941
244 0.29545
245 0.2983
246 0.29925
247 0.30295
248 0.3042
249 0.3053
250 0.3059
251 0.30715
252 0.30835
253 0.30875
254 0.3098
255 0.31115
256 0.31195
257 0.31345
258 0.31465
259 0.3154
260 0.3156
261 0.31645
262 0.3184
263 0.31885
264 0.3208
265 0.3211
266 0.32375
267 0.3244
268 0.32595
269 0.3272
270 0.32845
271 0.32925
272 0.33175
273 0.33385
274 0.3345
275 0.33485
276 0.33575
277 0.3367
278 0.3383
279 0.3393
280 0.34135
281 0.34275
282 0.3443
283 0.34635
284 0.34895
285 0.34945
286 0.3515
287 0.3539
288 0.3564
289 0.3577
290 0.36005
291 0.36065
292 0.3608
293 0.36175
294 0.36325
295 0.365
296 0.3665
297 0.36705
298 0.3682
299 0.36955
300 0.37265
301 0.3739
302 0.37525
303 0.37755
304 0.3777
305 0.3794
306 0.3807
307 0.3833
308 0.3841
309 0.38525
310 0.3862
311 0.3872
312 0.38885
313 0.3901
314 0.392
315 0.3933
316 0.39405
317 0.3947
318 0.39495
319 0.39595
320 0.3965
321 0.39775
322 0.39865
323 0.39995
324 0.4011
325 0.4023
326 0.4033
327 0.4038
328 0.4049
329 0.40695
330 0.40835
331 0.4093
332 0.4111
333 0.4128
334 0.4133
335 0.4137
336 0.41555
337 0.4161
338 0.4169
339 0.4189
340 0.4195
341 0.4209
342 0.4216
343 0.4227
344 0.424
345 0.4248
346 0.4259
347 0.42805
348 0.42835
349 0.42855
350 0.43075
351 0.4316
352 0.4324
353 0.43365
354 0.4347
355 0.43595
356 0.43745
357 0.43925
358 0.44065
359 0.4425
360 0.4435
361 0.44395
362 0.44585
363 0.44725
364 0.44815
365 0.4501
366 0.4528
367 0.45355
368 0.4548
369 0.45645
370 0.4587
371 0.4598
372 0.4611
373 0.4627
374 0.4636
375 0.46505
376 0.46665
377 0.4677
378 0.46835
379 0.46945
380 0.47
381 0.47125
382 0.473
383 0.47315
384 0.4742
385 0.47585
386 0.4777
387 0.4792
388 0.48075
389 0.48175
390 0.4827
391 0.4848
392 0.48515
393 0.48695
394 0.4881
395 0.48905
396 0.48925
397 0.48995
398 0.4912
399 0.4925
400 0.4934
401 0.4944
402 0.49595
403 0.4976
404 0.4983
405 0.4995
406 0.50105
407 0.502
408 0.503
409 0.50435
410 0.506
411 0.50725
412 0.50915
413 0.5103
414 0.51185
415 0.51305
416 0.51585
417 0.51645
418 0.51945
419 0.5203
420 0.52145
421 0.5225
422 0.52435
423 0.52575
424 0.52625
425 0.52735
426 0.53
427 0.53145
428 0.5334
429 0.535
430 0.5371
431 0.53715
432 0.53845
433 0.53985
434 0.54165
435 0.5427
436 0.54355
437 0.54465
438 0.54605
439 0.54725
440 0.5489
441 0.5498
442 0.5513
443 0.55345
444 0.55445
445 0.5563
446 0.55675
447 0.5593
448 0.5597
449 0.56035
450 0.5606
451 0.5614
452 0.56355
453 0.5641
454 0.5647
455 0.56625
456 0.5684
457 0.5691
458 0.56935
459 0.57125
460 0.5725
461 0.57385
462 0.5754
463 0.57655
464 0.5779
465 0.57975
466 0.5808
467 0.58275
468 0.58525
469 0.5878
470 0.58995
471 0.59125
472 0.592
473 0.5949
474 0.5961
475 0.5967
476 0.5998
477 0.6014
478 0.6016
479 0.60325
480 0.60545
481 0.6062
482 0.6074
483 0.6085
484 0.61065
485 0.6116
486 0.6134
487 0.61375
488 0.6144
489 0.616
490 0.61755
491 0.61835
492 0.61955
493 0.61975
494 0.62195
495 0.62355
496 0.624
497 0.62535
498 0.62595
499 0.6273
500 0.62835
501 0.6298
502 0.6312
503 0.6325
504 0.6342
505 0.6354
506 0.63675
507 0.63815
508 0.63965
509 0.64015
510 0.6423
511 0.64335
512 0.64395
513 0.64475
514 0.6473
515 0.64815
516 0.6492
517 0.64995
518 0.651
519 0.65205
520 0.6526
521 0.6545
522 0.65475
523 0.6562
524 0.6566
525 0.65735
526 0.65815
527 0.65935
528 0.66155
529 0.6632
530 0.6641
531 0.6656
532 0.66675
533 0.6685
534 0.66905
535 0.66925
536 0.67155
537 0.6738
538 0.6763
539 0.6777
540 0.67865
541 0.6797
542 0.6809
543 0.6825
544 0.68285
545 0.68365
546 0.6859
547 0.6865
548 0.6873
549 0.6884
550 0.6889
551 0.69025
552 0.6912
553 0.693
554 0.69405
555 0.6948
556 0.69595
557 0.6975
558 0.69905
559 0.7001
560 0.70075
561 0.7022
562 0.70365
563 0.7039
564 0.7057
565 0.706
566 0.70675
567 0.70835
568 0.7107
569 0.71145
570 0.71225
571 0.7136
572 0.71565
573 0.7171
574 0.71795
575 0.71875
576 0.7191
577 0.72095
578 0.7229
579 0.7243
580 0.72495
581 0.7258
582 0.7279
583 0.72965
584 0.7315
585 0.73285
586 0.73515
587 0.73685
588 0.7386
589 0.74055
590 0.74255
591 0.74385
592 0.74455
593 0.7458
594 0.7481
595 0.7484
596 0.75045
597 0.75175
598 0.75255
599 0.7527
600 0.75345
601 0.7541
602 0.7546
603 0.75665
604 0.75835
605 0.7588
606 0.75955
607 0.76085
608 0.76225
609 0.764
610 0.7651
611 0.7657
612 0.7665
613 0.76735
614 0.7685
615 0.76935
616 0.77125
617 0.772
618 0.77395
619 0.7759
620 0.77765
621 0.779
622 0.78095
623 0.78195
624 0.7821
625 0.78285
626 0.785
627 0.7852
628 0.7864
629 0.78755
630 0.78975
631 0.7907
632 0.79325
633 0.79495
634 0.79625
635 0.7978
636 0.79935
637 0.7999
638 0.80105
639 0.80235
640 0.8045
641 0.80685
642 0.8075
643 0.80925
644 0.8102
645 0.81125
646 0.8121
647 0.8123
648 0.8144
649 0.8156
650 0.81705
651 0.818
652 0.81855
653 0.8192
654 0.82075
655 0.82195
656 0.82295
657 0.82445
658 0.82495
659 0.8253
660 0.8273
661 0.82805
662 0.8296
663 0.83075
664 0.83315
665 0.8346
666 0.83495
667 0.8362
668 0.837
669 0.8388
670 0.83935
671 0.8404
672 0.8412
673 0.8419
674 0.8432
675 0.84555
676 0.84705
677 0.84775
678 0.8495
679 0.85015
680 0.8516
681 0.85205
682 0.8531
683 0.85415
684 0.85505
685 0.856
686 0.85725
687 0.85815
688 0.85875
689 0.8595
690 0.86175
691 0.86495
692 0.8667
693 0.86755
694 0.86935
695 0.87005
696 0.87265
697 0.8736
698 0.8756
699 0.8764
700 0.8772
701 0.87855
702 0.88035
703 0.88135
704 0.8817
705 0.88315
706 0.8847
707 0.88615
708 0.88695
709 0.8879
710 0.8888
711 0.8903
712 0.89155
713 0.8922
714 0.894
715 0.8962
716 0.8965
717 0.897
718 0.89855
719 0.9001
720 0.90055
721 0.9028
722 0.9056
723 0.9069
724 0.90795
725 0.9089
726 0.9096
727 0.9114
728 0.9122
729 0.91285
730 0.914
731 0.9145
732 0.9159
733 0.9173
734 0.9187
735 0.9198
736 0.92145
737 0.9224
738 0.9246
739 0.92575
740 0.92835
741 0.9291
742 0.93
743 0.93145
744 0.93185
745 0.93345
746 0.9347
747 0.9356
748 0.9372
749 0.93855
750 0.94055
751 0.9415
752 0.94265
753 0.94415
754 0.94475
755 0.94615
756 0.94715
757 0.94955
758 0.95215
759 0.9526
760 0.9543
761 0.95495
762 0.95625
763 0.9593
764 0.96055
765 0.9619
766 0.96365
767 0.96565
768 0.96595
769 0.9668
770 0.96715
771 0.96825
772 0.96895
773 0.9696
774 0.97145
775 0.97295
776 0.9743
777 0.97435
778 0.97475
779 0.9764
780 0.9782
781 0.97915
782 0.97935
783 0.98
784 0.98065
785 0.9815
786 0.98185
787 0.9828
788 0.98385
789 0.9841
790 0.9851
791 0.9862
792 0.9878
793 0.9891
794 0.9901
795 0.9909
796 0.99265
797 0.99435
798 0.99555
799 0.9978
800 0.99905
801 1.00065
# Generated pool n. 8 for Umax = 211.62921142578125
# Generated a biased pool of 20000 with an acceptance of 0.03933203965425491
# Generated a pool of 20000 with an acceptance of 0.001247693266832917
# Generation repeated 802 times
# Average relative effective sample size: 0.006812672596424818
# Generation efficiency: 0.0012468827930174563
