# Generation 9

0 0.00085
1 0.0022
2 0.00435
3 0.0048
4 0.0061
5 0.0078
6 0.00845
7 0.01035
8 0.0117
9 0.01275
10 0.01365
11 0.014
12 0.0152
13 0.01685
14 0.0186
15 0.02045
16 0.02145
17 0.0229
18 0.0244
19 0.0264
20 0.0283
21 0.0288
22 0.0299
23 0.03155
24 0.0322
25 0.0326
26 0.03335
27 0.03435
28 0.0347
29 0.0351
30 0.03615
31 0.0382
32 0.0383
33 0.0393
34 0.04045
35 0.04165
36 0.0438
37 0.04515
38 0.0455
39 0.0461
40 0.04845
41 0.0498
42 0.05025
43 0.05145
44 0.05195
45 0.0528
46 0.05435
47 0.0555
48 0.05725
49 0.0576
50 0.0582
51 0.0589
52 0.05935
53 0.06005
54 0.06025
55 0.0618
56 0.0635
57 0.0638
58 0.065
59 0.0668
60 0.0676
61 0.06865
62 0.07
63 0.07095
64 0.0718
65 0.0728
66 0.07425
67 0.07465
68 0.076
69 0.07685
70 0.07765
71 0.0779
72 0.0795
73 0.0804
74 0.0821
75 0.0828
76 0.0843
77 0.0857
78 0.08625
79 0.08695
80 0.0882
81 0.0893
82 0.0894
83 0.09155
84 0.0936
85 0.09455
86 0.09545
87 0.0969
88 0.09765
89 0.0996
90 0.10075
91 0.10245
92 0.1032
93 0.10395
94 0.10505
95 0.107
96 0.1075
97 0.10855
98 0.1093
99 0.11075
100 0.11165
101 0.11275
102 0.1136
103 0.11405
104 0.11525
105 0.116
106 0.1169
107 0.1177
108 0.1183
109 0.11995
110 0.12025
111 0.12115
112 0.12245
113 0.1233
114 0.12485
115 0.12545
116 0.12595
117 0.1269
118 0.12785
119 0.1281
120 0.12985
121 0.13025
122 0.13105
123 0.13155
124 0.1324
125 0.13275
126 0.1339
127 0.13545
128 0.1367
129 0.13845
130 0.1391
131 0.1396
132 0.14085
133 0.14225
134 0.1437
135 0.14525
136 0.1458
137 0.14695
138 0.14815
139 0.14875
140 0.14955
141 0.1509
142 0.15205
143 0.1542
144 0.15475
145 0.15605
146 0.1576
147 0.1595
148 0.16115
149 0.1619
150 0.1629
151 0.1645
152 0.16645
153 0.1676
154 0.169
155 0.1694
156 0.1697
157 0.1701
158 0.1716
159 0.1726
160 0.1736
161 0.17535
162 0.1761
163 0.17665
164 0.17765
165 0.1796
166 0.18205
167 0.18255
168 0.18395
169 0.18475
170 0.18555
171 0.18745
172 0.18975
173 0.19165
174 0.19255
175 0.1941
176 0.19495
177 0.19525
178 0.19695
179 0.198
180 0.19845
181 0.19955
182 0.2011
183 0.2019
184 0.2022
185 0.2028
186 0.20315
187 0.20375
188 0.2044
189 0.2056
190 0.2062
191 0.2069
192 0.208
193 0.21015
194 0.21085
195 0.21175
196 0.21275
197 0.21365
198 0.2139
199 0.2152
200 0.2159
201 0.21655
202 0.21855
203 0.2206
204 0.2214
205 0.2217
206 0.22225
207 0.2242
208 0.22515
209 0.22665
210 0.2274
211 0.2291
212 0.2297
213 0.23025
214 0.2317
215 0.23275
216 0.23425
217 0.2363
218 0.2382
219 0.2384
220 0.23935
221 0.24065
222 0.2418
223 0.24275
224 0.244
225 0.24465
226 0.2452
227 0.24575
228 0.24705
229 0.2478
230 0.2485
231 0.25015
232 0.25165
233 0.25195
234 0.25315
235 0.2543
236 0.25675
237 0.25725
238 0.25785
239 0.25875
240 0.25995
241 0.26105
242 0.2624
243 0.26315
244 0.2638
245 0.26565
246 0.267
247 0.26785
248 0.2687
249 0.27035
250 0.2709
251 0.27135
252 0.27265
253 0.27365
254 0.276
255 0.2762
256 0.27745
257 0.27805
258 0.27895
259 0.27985
260 0.28055
261 0.28165
262 0.28225
263 0.2831
264 0.28355
265 0.28425
266 0.2849
267 0.28605
268 0.28685
269 0.2872
270 0.2876
271 0.28795
272 0.2887
273 0.28925
274 0.29005
275 0.2906
276 0.29185
277 0.29315
278 0.29335
279 0.29385
280 0.2948
281 0.296
282 0.29755
283 0.299
284 0.29925
285 0.29965
286 0.3005
287 0.30105
288 0.3019
289 0.3027
290 0.3059
291 0.30715
292 0.30795
293 0.3099
294 0.3117
295 0.31255
296 0.3141
297 0.31505
298 0.3161
299 0.3188
300 0.31975
301 0.32065
302 0.3217
303 0.32295
304 0.32405
305 0.3244
306 0.32555
307 0.3267
308 0.32735
309 0.328
310 0.32895
311 0.3295
312 0.33055
313 0.33075
314 0.3318
315 0.3324
316 0.33255
317 0.33375
318 0.3348
319 0.3357
320 0.33665
321 0.3377
322 0.33875
323 0.33925
324 0.3405
325 0.34135
326 0.3421
327 0.34325
328 0.34475
329 0.34575
330 0.34725
331 0.34735
332 0.34895
333 0.3498
334 0.35215
335 0.35355
336 0.35485
337 0.3554
338 0.35665
339 0.3577
340 0.35925
341 0.36055
342 0.36185
343 0.3642
344 0.36465
345 0.3657
346 0.36635
347 0.36715
348 0.36875
349 0.3694
350 0.3711
351 0.37135
352 0.37185
353 0.3728
354 0.37355
355 0.37415
356 0.375
357 0.37635
358 0.37845
359 0.3806
360 0.3814
361 0.38275
362 0.3856
363 0.386
364 0.38815
365 0.38875
366 0.3903
367 0.39105
368 0.3933
369 0.39435
370 0.39555
371 0.3971
372 0.3979
373 0.3989
374 0.39945
375 0.40045
376 0.40105
377 0.403
378 0.4047
379 0.4053
380 0.4063
381 0.40715
382 0.4081
383 0.4085
384 0.40925
385 0.4099
386 0.41015
387 0.4105
388 0.4125
389 0.414
390 0.41465
391 0.4162
392 0.41735
393 0.41885
394 0.4189
395 0.42
396 0.4211
397 0.4222
398 0.4232
399 0.42435
400 0.42455
401 0.4261
402 0.42715
403 0.42865
404 0.42945
405 0.4303
406 0.4319
407 0.43285
408 0.43475
409 0.43485
410 0.4357
411 0.4372
412 0.43805
413 0.43945
414 0.4408
415 0.44115
416 0.44225
417 0.4432
418 0.44465
419 0.445
420 0.4459
421 0.44665
422 0.4481
423 0.4496
424 0.45005
425 0.45085
426 0.4524
427 0.45275
428 0.45405
429 0.45505
430 0.4568
431 0.4581
432 0.45885
433 0.4601
434 0.46145
435 0.4623
436 0.4629
437 0.46335
438 0.4638
439 0.4647
440 0.4654
441 0.4658
442 0.4665
443 0.4678
444 0.46895
445 0.4704
446 0.47185
447 0.4737
448 0.4746
449 0.4758
450 0.4774
451 0.47825
452 0.4797
453 0.4807
454 0.48215
455 0.4834
456 0.48405
457 0.4851
458 0.48645
459 0.48815
460 0.48885
461 0.4903
462 0.49065
463 0.49095
464 0.49205
465 0.49365
466 0.4956
467 0.49675
468 0.4972
469 0.4984
470 0.4999
471 0.5006
472 0.50215
473 0.5031
474 0.504
475 0.5053
476 0.50555
477 0.5068
478 0.50815
479 0.50905
480 0.50985
481 0.5117
482 0.51355
483 0.51405
484 0.51655
485 0.5179
486 0.5191
487 0.51995
488 0.5213
489 0.52235
490 0.52355
491 0.52415
492 0.52605
493 0.5265
494 0.5273
495 0.52765
496 0.5284
497 0.53015
498 0.53055
499 0.5317
500 0.5323
501 0.53255
502 0.5343
503 0.53515
504 0.53575
505 0.5371
506 0.53765
507 0.53785
508 0.5386
509 0.5392
510 0.5412
511 0.54215
512 0.543
513 0.54325
514 0.5445
515 0.54645
516 0.54765
517 0.54875
518 0.5493
519 0.54985
520 0.5509
521 0.55145
522 0.5521
523 0.55275
524 0.55405
525 0.55475
526 0.55515
527 0.55645
528 0.5575
529 0.5588
530 0.5604
531 0.56225
532 0.56335
533 0.56455
534 0.56655
535 0.56715
536 0.5676
537 0.5682
538 0.56905
539 0.57
540 0.5716
541 0.57205
542 0.5729
543 0.5745
544 0.5757
545 0.5766
546 0.5778
547 0.5782
548 0.57895
549 0.5795
550 0.58025
551 0.58205
552 0.5834
553 0.58495
554 0.58555
555 0.5861
556 0.5873
557 0.5883
558 0.5899
559 0.59165
560 0.59225
561 0.59275
562 0.59395
563 0.5949
564 0.59655
565 0.59805
566 0.59935
567 0.60045
568 0.60255
569 0.6036
570 0.60525
571 0.60635
572 0.6078
573 0.60865
574 0.6102
575 0.612
576 0.61275
577 0.61365
578 0.6139
579 0.6148
580 0.6151
581 0.61605
582 0.617
583 0.618
584 0.619
585 0.62015
586 0.62155
587 0.62325
588 0.6248
589 0.62595
590 0.62785
591 0.62915
592 0.6308
593 0.6335
594 0.63475
595 0.63555
596 0.63645
597 0.63695
598 0.6377
599 0.63945
600 0.6419
601 0.64305
602 0.6441
603 0.64485
604 0.6458
605 0.64595
606 0.6475
607 0.6492
608 0.6508
609 0.65255
610 0.6533
611 0.6546
612 0.65665
613 0.6574
614 0.6582
615 0.65835
616 0.65885
617 0.6602
618 0.6609
619 0.66195
620 0.66325
621 0.6638
622 0.6648
623 0.66585
624 0.6672
625 0.66915
626 0.66975
627 0.67055
628 0.67205
629 0.67375
630 0.67415
631 0.6744
632 0.67505
633 0.67565
634 0.67575
635 0.6761
636 0.67735
637 0.6792
638 0.68085
639 0.68135
640 0.68185
641 0.68345
642 0.68395
643 0.68485
644 0.68585
645 0.6864
646 0.6879
647 0.68885
648 0.6902
649 0.69155
650 0.69275
651 0.69465
652 0.6962
653 0.69735
654 0.69775
655 0.69895
656 0.7005
657 0.70145
658 0.70195
659 0.70275
660 0.70385
661 0.70515
662 0.7058
663 0.7069
664 0.70735
665 0.70895
666 0.70975
667 0.7103
668 0.712
669 0.71315
670 0.71415
671 0.7153
672 0.71565
673 0.7164
674 0.7174
675 0.7184
676 0.7194
677 0.72125
678 0.722
679 0.7225
680 0.7233
681 0.72405
682 0.72525
683 0.7268
684 0.7279
685 0.7283
686 0.73
687 0.7304
688 0.73145
689 0.73225
690 0.7335
691 0.7344
692 0.735
693 0.73735
694 0.7376
695 0.7397
696 0.74035
697 0.74165
698 0.74225
699 0.74345
700 0.7446
701 0.74525
702 0.7461
703 0.74665
704 0.74735
705 0.7493
706 0.7498
707 0.75085
708 0.7513
709 0.75325
710 0.75445
711 0.75575
712 0.75755
713 0.7589
714 0.7604
715 0.76155
716 0.76245
717 0.76335
718 0.7652
719 0.7662
720 0.7664
721 0.76785
722 0.7689
723 0.77015
724 0.77035
725 0.77225
726 0.77285
727 0.7742
728 0.7747
729 0.775
730 0.7755
731 0.77565
732 0.7779
733 0.78005
734 0.78225
735 0.78405
736 0.7852
737 0.7871
738 0.788
739 0.79005
740 0.79025
741 0.79125
742 0.79205
743 0.7932
744 0.79475
745 0.7959
746 0.79625
747 0.79675
748 0.7986
749 0.7993
750 0.8003
751 0.8014
752 0.80195
753 0.8034
754 0.804
755 0.8047
756 0.8054
757 0.8065
758 0.80715
759 0.80845
760 0.8092
761 0.81035
762 0.81255
763 0.8131
764 0.8139
765 0.8153
766 0.8167
767 0.8173
768 0.81865
769 0.8197
770 0.8209
771 0.82145
772 0.82245
773 0.8237
774 0.8242
775 0.82515
776 0.82645
777 0.82815
778 0.8304
779 0.8313
780 0.83175
781 0.8332
782 0.83355
783 0.8341
784 0.8351
785 0.8365
786 0.83705
787 0.8381
788 0.8398
789 0.84165
790 0.84245
791 0.8437
792 0.84485
793 0.846
794 0.84735
795 0.84785
796 0.8485
797 0.8489
798 0.85045
799 0.8511
800 0.8528
801 0.853
802 0.8538
803 0.855
804 0.8554
805 0.8563
806 0.8568
807 0.8572
808 0.85955
809 0.86115
810 0.8626
811 0.863
812 0.86335
813 0.86405
814 0.8654
815 0.86565
816 0.8679
817 0.86915
818 0.87055
819 0.87205
820 0.8724
821 0.8746
822 0.8749
823 0.8754
824 0.8772
825 0.8782
826 0.87925
827 0.8806
828 0.881
829 0.8822
830 0.8835
831 0.88495
832 0.88565
833 0.8869
834 0.88805
835 0.8899
836 0.891
837 0.8922
838 0.89285
839 0.89335
840 0.8938
841 0.8943
842 0.89515
843 0.89595
844 0.89645
845 0.8977
846 0.89905
847 0.8998
848 0.90035
849 0.9009
850 0.9014
851 0.9037
852 0.9049
853 0.9059
854 0.90755
855 0.90905
856 0.91
857 0.9113
858 0.9115
859 0.91305
860 0.91385
861 0.91525
862 0.917
863 0.9179
864 0.9189
865 0.92085
866 0.92175
867 0.9226
868 0.92405
869 0.92505
870 0.9263
871 0.9273
872 0.928
873 0.92825
874 0.9286
875 0.92885
876 0.9294
877 0.93055
878 0.9316
879 0.9334
880 0.93495
881 0.9361
882 0.93785
883 0.93935
884 0.93975
885 0.9403
886 0.9406
887 0.9418
888 0.94335
889 0.9443
890 0.94515
891 0.94555
892 0.9467
893 0.9478
894 0.94815
895 0.94865
896 0.9498
897 0.9502
898 0.9511
899 0.95165
900 0.95225
901 0.95305
902 0.9539
903 0.9548
904 0.95615
905 0.95795
906 0.95925
907 0.96045
908 0.9617
909 0.962
910 0.96295
911 0.96395
912 0.9644
913 0.9651
914 0.96635
915 0.96765
916 0.96805
917 0.96945
918 0.9704
919 0.9717
920 0.9729
921 0.9742
922 0.9751
923 0.97565
924 0.9761
925 0.9771
926 0.97815
927 0.9792
928 0.9796
929 0.9812
930 0.9818
931 0.9822
932 0.98395
933 0.9847
934 0.9862
935 0.9868
936 0.9877
937 0.9893
938 0.98985
939 0.98995
940 0.99065
941 0.9917
942 0.99185
943 0.99245
944 0.99465
945 0.995
946 0.99625
947 0.99685
948 0.9982
949 0.9988
950 1.00025
# Generated pool n. 9 for Umax = 156.4760284423828
# Generated a biased pool of 20000 with an acceptance of 0.035793229937553406
# Generated a pool of 20000 with an acceptance of 0.0010517875920084108
# Generation repeated 951 times
# Average relative effective sample size: 0.005346581339836121
# Generation efficiency: 0.0010515247108307045
