# Generation 35

0 0.01
1 0.02045
2 0.031
3 0.04235
4 0.0647
5 0.08115
6 0.09025
7 0.1047
8 0.11865
9 0.13085
10 0.15065
11 0.1622
12 0.1745
13 0.18095
14 0.19795
15 0.2262
16 0.2473
17 0.26405
18 0.2814
19 0.2911
20 0.29995
21 0.311
22 0.3236
23 0.3404
24 0.3615
25 0.38335
26 0.4065
27 0.42115
28 0.4385
29 0.44735
30 0.4526
31 0.457
32 0.4623
33 0.4832
34 0.50065
35 0.50985
36 0.52385
37 0.53085
38 0.5517
39 0.56845
40 0.5829
41 0.60355
42 0.6104
43 0.63965
44 0.66495
45 0.6786
46 0.69185
47 0.7238
48 0.73575
49 0.7521
50 0.77405
51 0.79655
52 0.822
53 0.8274
54 0.8517
55 0.8771
56 0.88595
57 0.90155
58 0.92355
59 0.9342
60 0.9434
61 0.9597
62 0.97495
63 0.99205
64 1.0134
# Generated pool n. 35 for Umax = -14.187033653259277
# Generated a biased pool of 20000 with an acceptance of 0.6274692416191101
# Generated a pool of 20000 with an acceptance of 0.015590769230769233
# Generation repeated 65 times
# Average relative effective sample size: 0.2664014399051666
# Generation efficiency: 0.015384615384615385
