# Generation 5

0 0.0037
1 0.005
2 0.0084
3 0.01165
4 0.01255
5 0.0133
6 0.01555
7 0.017
8 0.019
9 0.02245
10 0.02415
11 0.02595
12 0.02725
13 0.0275
14 0.03175
15 0.03345
16 0.0361
17 0.03805
18 0.04015
19 0.0418
20 0.0435
21 0.04545
22 0.0485
23 0.0504
24 0.05245
25 0.0557
26 0.05915
27 0.06465
28 0.0669
29 0.0675
30 0.0701
31 0.07335
32 0.07635
33 0.0799
34 0.0826
35 0.0851
36 0.08645
37 0.09
38 0.0918
39 0.0943
40 0.09615
41 0.09975
42 0.1009
43 0.1034
44 0.10465
45 0.10595
46 0.10795
47 0.1098
48 0.11275
49 0.11495
50 0.1176
51 0.12115
52 0.12505
53 0.12785
54 0.13055
55 0.1333
56 0.13585
57 0.1391
58 0.14095
59 0.1439
60 0.1465
61 0.14745
62 0.14955
63 0.151
64 0.1536
65 0.1559
66 0.15695
67 0.1584
68 0.1612
69 0.1627
70 0.1653
71 0.16855
72 0.1704
73 0.1715
74 0.1736
75 0.1753
76 0.176
77 0.1779
78 0.17995
79 0.18345
80 0.18405
81 0.1864
82 0.1872
83 0.18905
84 0.1923
85 0.1957
86 0.19955
87 0.2023
88 0.2048
89 0.20675
90 0.20795
91 0.21155
92 0.21305
93 0.2159
94 0.21885
95 0.2227
96 0.22585
97 0.2264
98 0.2285
99 0.22935
100 0.2325
101 0.23585
102 0.23685
103 0.24025
104 0.24325
105 0.24505
106 0.2471
107 0.25
108 0.25165
109 0.25315
110 0.2565
111 0.25885
112 0.26085
113 0.26335
114 0.26545
115 0.268
116 0.2715
117 0.27195
118 0.27335
119 0.2755
120 0.27725
121 0.2786
122 0.28205
123 0.28435
124 0.28685
125 0.2898
126 0.2919
127 0.29585
128 0.2964
129 0.29875
130 0.3015
131 0.3038
132 0.30565
133 0.30855
134 0.3115
135 0.31595
136 0.3166
137 0.31755
138 0.32075
139 0.3225
140 0.32735
141 0.32805
142 0.32895
143 0.33275
144 0.33395
145 0.33805
146 0.3397
147 0.34195
148 0.34355
149 0.3478
150 0.349
151 0.352
152 0.35325
153 0.3568
154 0.3591
155 0.36155
156 0.36515
157 0.3665
158 0.36905
159 0.3717
160 0.37295
161 0.3767
162 0.37875
163 0.3825
164 0.38405
165 0.3862
166 0.38845
167 0.3918
168 0.39445
169 0.39785
170 0.4004
171 0.4031
172 0.40595
173 0.4096
174 0.4121
175 0.4134
176 0.4148
177 0.4158
178 0.42005
179 0.4232
180 0.42565
181 0.42735
182 0.42805
183 0.4292
184 0.4307
185 0.43405
186 0.43465
187 0.4382
188 0.44275
189 0.445
190 0.44865
191 0.4514
192 0.4552
193 0.45615
194 0.4588
195 0.46225
196 0.46605
197 0.4683
198 0.47035
199 0.47425
200 0.47665
201 0.48155
202 0.48305
203 0.4867
204 0.491
205 0.49315
206 0.49585
207 0.4979
208 0.4998
209 0.5023
210 0.5037
211 0.50685
212 0.51065
213 0.5136
214 0.51815
215 0.51995
216 0.52245
217 0.5261
218 0.5284
219 0.52935
220 0.53085
221 0.53305
222 0.53445
223 0.53585
224 0.53635
225 0.53815
226 0.542
227 0.5447
228 0.5465
229 0.5483
230 0.5495
231 0.5536
232 0.55655
233 0.55785
234 0.56095
235 0.5616
236 0.5639
237 0.567
238 0.56825
239 0.5695
240 0.57145
241 0.57355
242 0.5768
243 0.5782
244 0.5794
245 0.58225
246 0.5836
247 0.5851
248 0.58945
249 0.59095
250 0.593
251 0.596
252 0.5996
253 0.6012
254 0.6031
255 0.6074
256 0.60885
257 0.6112
258 0.61365
259 0.61435
260 0.61885
261 0.6202
262 0.62305
263 0.6252
264 0.62795
265 0.63025
266 0.6337
267 0.63575
268 0.64
269 0.6414
270 0.6438
271 0.6463
272 0.6488
273 0.6504
274 0.6525
275 0.653
276 0.65645
277 0.66085
278 0.6615
279 0.6622
280 0.6633
281 0.668
282 0.67095
283 0.6735
284 0.67475
285 0.6772
286 0.67885
287 0.68265
288 0.6855
289 0.6885
290 0.68995
291 0.69235
292 0.69455
293 0.6966
294 0.69895
295 0.7013
296 0.7034
297 0.7045
298 0.70705
299 0.70915
300 0.7116
301 0.71415
302 0.71705
303 0.72055
304 0.72205
305 0.72485
306 0.72665
307 0.731
308 0.73405
309 0.73615
310 0.73785
311 0.7393
312 0.74155
313 0.7424
314 0.7447
315 0.7469
316 0.7492
317 0.751
318 0.75425
319 0.7555
320 0.75945
321 0.76405
322 0.7661
323 0.7691
324 0.77075
325 0.77375
326 0.7781
327 0.7805
328 0.783
329 0.78555
330 0.788
331 0.79045
332 0.7925
333 0.7964
334 0.79805
335 0.80015
336 0.8011
337 0.80195
338 0.80465
339 0.80725
340 0.8105
341 0.8126
342 0.8141
343 0.8167
344 0.8176
345 0.81835
346 0.81985
347 0.8225
348 0.82435
349 0.82605
350 0.8275
351 0.83145
352 0.8331
353 0.83365
354 0.83595
355 0.83895
356 0.84
357 0.84275
358 0.84345
359 0.8455
360 0.84765
361 0.85065
362 0.8534
363 0.8556
364 0.85925
365 0.86205
366 0.86605
367 0.86865
368 0.8695
369 0.8716
370 0.87305
371 0.8752
372 0.87825
373 0.88215
374 0.8837
375 0.88585
376 0.88925
377 0.89315
378 0.895
379 0.89615
380 0.8987
381 0.9021
382 0.905
383 0.906
384 0.90845
385 0.91105
386 0.9135
387 0.9152
388 0.91705
389 0.9203
390 0.9233
391 0.9244
392 0.9273
393 0.92965
394 0.9319
395 0.93275
396 0.9336
397 0.9358
398 0.93645
399 0.93955
400 0.94085
401 0.94215
402 0.9438
403 0.94505
404 0.94955
405 0.95015
406 0.953
407 0.95465
408 0.9556
409 0.9559
410 0.95655
411 0.95945
412 0.96145
413 0.9648
414 0.9661
415 0.96695
416 0.9699
417 0.97195
418 0.97325
419 0.97455
420 0.97635
421 0.97745
422 0.9798
423 0.9824
424 0.9841
425 0.98715
426 0.99
427 0.99305
428 0.9967
429 0.99945
430 1.00195
# Generated pool n. 5 for Umax = 455.4941711425781
# Generated a biased pool of 20000 with an acceptance of 0.05469964072108269
# Generated a pool of 20000 with an acceptance of 0.002324709976798141
# Generation repeated 431 times
# Average relative effective sample size: 0.015031800605356693
# Generation efficiency: 0.002320185614849188
