# Generation 14

0 0.00035
1 0.00065
2 0.0015
3 0.0019
4 0.0029
5 0.00355
6 0.0053
7 0.00545
8 0.0061
9 0.00695
10 0.00865
11 0.009
12 0.00975
13 0.0107
14 0.0132
15 0.0148
16 0.0159
17 0.01715
18 0.01845
19 0.02045
20 0.0221
21 0.02245
22 0.02385
23 0.02515
24 0.02675
25 0.0277
26 0.0286
27 0.0293
28 0.03155
29 0.03165
30 0.03285
31 0.0332
32 0.0343
33 0.0358
34 0.0371
35 0.0381
36 0.039
37 0.03965
38 0.04115
39 0.0417
40 0.0436
41 0.04425
42 0.04535
43 0.0454
44 0.04595
45 0.0465
46 0.0485
47 0.04945
48 0.0498
49 0.0521
50 0.05255
51 0.05365
52 0.05565
53 0.05605
54 0.0579
55 0.0591
56 0.05985
57 0.0619
58 0.0635
59 0.0649
60 0.06535
61 0.0655
62 0.0663
63 0.0672
64 0.06895
65 0.06975
66 0.0715
67 0.07315
68 0.0735
69 0.077
70 0.078
71 0.0794
72 0.0798
73 0.0809
74 0.08205
75 0.08315
76 0.0839
77 0.085
78 0.0856
79 0.0866
80 0.0871
81 0.08725
82 0.08845
83 0.0893
84 0.08955
85 0.0904
86 0.091
87 0.09245
88 0.09285
89 0.09425
90 0.09615
91 0.09705
92 0.098
93 0.09935
94 0.09955
95 0.10005
96 0.10145
97 0.10235
98 0.10295
99 0.10355
100 0.10515
101 0.1057
102 0.10615
103 0.1066
104 0.1079
105 0.1096
106 0.1107
107 0.11105
108 0.1144
109 0.115
110 0.1152
111 0.11615
112 0.117
113 0.118
114 0.1188
115 0.1205
116 0.12125
117 0.12285
118 0.1232
119 0.1246
120 0.125
121 0.1263
122 0.1277
123 0.1282
124 0.1291
125 0.1306
126 0.13215
127 0.1329
128 0.1343
129 0.13445
130 0.13725
131 0.1387
132 0.1408
133 0.1413
134 0.1417
135 0.1418
136 0.1426
137 0.1438
138 0.14535
139 0.146
140 0.14645
141 0.14985
142 0.1513
143 0.15345
144 0.15385
145 0.15505
146 0.15605
147 0.1572
148 0.1582
149 0.1585
150 0.15955
151 0.16095
152 0.162
153 0.1626
154 0.16355
155 0.16455
156 0.16535
157 0.1661
158 0.16775
159 0.16865
160 0.1688
161 0.17055
162 0.17195
163 0.1727
164 0.1736
165 0.1745
166 0.17515
167 0.17665
168 0.1772
169 0.1785
170 0.17965
171 0.18025
172 0.18135
173 0.18335
174 0.18725
175 0.18915
176 0.18975
177 0.19095
178 0.1918
179 0.19265
180 0.19355
181 0.19445
182 0.1961
183 0.1969
184 0.1989
185 0.20015
186 0.20125
187 0.2031
188 0.2033
189 0.2064
190 0.20655
191 0.2086
192 0.2088
193 0.21005
194 0.211
195 0.21205
196 0.21385
197 0.21455
198 0.21575
199 0.21655
200 0.21855
201 0.219
202 0.2206
203 0.22205
204 0.22425
205 0.2258
206 0.22665
207 0.22765
208 0.2291
209 0.2302
210 0.23125
211 0.2322
212 0.2332
213 0.23505
214 0.2358
215 0.23685
216 0.23905
217 0.24075
218 0.24125
219 0.24215
220 0.24415
221 0.24525
222 0.2453
223 0.2458
224 0.24725
225 0.2485
226 0.25025
227 0.25215
228 0.2538
229 0.25435
230 0.2554
231 0.25685
232 0.25775
233 0.25855
234 0.25865
235 0.25945
236 0.25975
237 0.26015
238 0.2615
239 0.26265
240 0.26465
241 0.26555
242 0.2664
243 0.2679
244 0.2702
245 0.2712
246 0.2729
247 0.2741
248 0.2749
249 0.2756
250 0.277
251 0.2787
252 0.28045
253 0.2829
254 0.2847
255 0.2864
256 0.28715
257 0.28835
258 0.2892
259 0.28995
260 0.2916
261 0.29325
262 0.2939
263 0.2941
264 0.2943
265 0.29535
266 0.2959
267 0.2972
268 0.2975
269 0.2979
270 0.29845
271 0.29865
272 0.2995
273 0.3002
274 0.3017
275 0.3038
276 0.30515
277 0.30575
278 0.30815
279 0.3095
280 0.31025
281 0.3109
282 0.31125
283 0.312
284 0.31385
285 0.3155
286 0.31615
287 0.3167
288 0.31765
289 0.3181
290 0.31995
291 0.3211
292 0.3222
293 0.3224
294 0.32345
295 0.32635
296 0.3267
297 0.32845
298 0.3294
299 0.33025
300 0.33115
301 0.33275
302 0.33355
303 0.33495
304 0.3353
305 0.33645
306 0.33855
307 0.34055
308 0.3423
309 0.3439
310 0.34465
311 0.3467
312 0.34765
313 0.3493
314 0.34985
315 0.35045
316 0.35065
317 0.3518
318 0.35295
319 0.3532
320 0.3546
321 0.35465
322 0.35495
323 0.3561
324 0.3588
325 0.3593
326 0.36095
327 0.36235
328 0.36345
329 0.36425
330 0.3655
331 0.3666
332 0.36715
333 0.37015
334 0.3709
335 0.3718
336 0.37235
337 0.37325
338 0.374
339 0.37505
340 0.3756
341 0.37735
342 0.37835
343 0.37885
344 0.3792
345 0.3807
346 0.38125
347 0.3834
348 0.3851
349 0.38665
350 0.38745
351 0.38855
352 0.3902
353 0.39145
354 0.39215
355 0.394
356 0.39455
357 0.39465
358 0.39605
359 0.39855
360 0.40015
361 0.4006
362 0.4012
363 0.4014
364 0.40175
365 0.40255
366 0.4041
367 0.40515
368 0.40575
369 0.4074
370 0.4082
371 0.4096
372 0.4102
373 0.4115
374 0.4117
375 0.41285
376 0.41545
377 0.41725
378 0.41865
379 0.41915
380 0.4194
381 0.4204
382 0.4222
383 0.4225
384 0.424
385 0.4253
386 0.42575
387 0.428
388 0.429
389 0.43015
390 0.4307
391 0.4321
392 0.43315
393 0.43365
394 0.4348
395 0.4362
396 0.43635
397 0.43705
398 0.43735
399 0.4381
400 0.43915
401 0.44045
402 0.44135
403 0.44325
404 0.44385
405 0.44525
406 0.4468
407 0.44895
408 0.4498
409 0.4501
410 0.4518
411 0.4536
412 0.4549
413 0.4558
414 0.4579
415 0.4596
416 0.4608
417 0.4614
418 0.46205
419 0.4634
420 0.4646
421 0.4663
422 0.46715
423 0.46785
424 0.46945
425 0.4703
426 0.4705
427 0.471
428 0.4717
429 0.47335
430 0.4737
431 0.47585
432 0.47645
433 0.4767
434 0.47795
435 0.47935
436 0.47975
437 0.48075
438 0.48105
439 0.4827
440 0.48435
441 0.48475
442 0.4851
443 0.48565
444 0.48735
445 0.48875
446 0.4891
447 0.49015
448 0.4905
449 0.4911
450 0.49145
451 0.4918
452 0.49245
453 0.4933
454 0.49385
455 0.49475
456 0.49625
457 0.4969
458 0.4978
459 0.49885
460 0.50045
461 0.50215
462 0.5038
463 0.5041
464 0.5047
465 0.50545
466 0.50575
467 0.5071
468 0.50745
469 0.5087
470 0.5105
471 0.51235
472 0.51325
473 0.51485
474 0.51615
475 0.51745
476 0.51955
477 0.5205
478 0.521
479 0.52245
480 0.5233
481 0.524
482 0.52555
483 0.52665
484 0.5278
485 0.5286
486 0.5293
487 0.5299
488 0.53135
489 0.533
490 0.5336
491 0.5359
492 0.53845
493 0.53885
494 0.54045
495 0.54205
496 0.54225
497 0.54275
498 0.5436
499 0.5446
500 0.546
501 0.5472
502 0.54825
503 0.5484
504 0.5493
505 0.55065
506 0.55295
507 0.55405
508 0.55475
509 0.55565
510 0.55635
511 0.55755
512 0.55915
513 0.55985
514 0.56125
515 0.5627
516 0.5642
517 0.56505
518 0.56615
519 0.5679
520 0.56855
521 0.5699
522 0.5709
523 0.57145
524 0.57185
525 0.5727
526 0.5743
527 0.5754
528 0.5769
529 0.579
530 0.58005
531 0.5812
532 0.5824
533 0.58285
534 0.5848
535 0.58605
536 0.58805
537 0.5886
538 0.5896
539 0.59035
540 0.5918
541 0.5931
542 0.59415
543 0.5965
544 0.59775
545 0.59955
546 0.60025
547 0.6017
548 0.6034
549 0.60435
550 0.6064
551 0.60825
552 0.60875
553 0.6103
554 0.612
555 0.6133
556 0.61555
557 0.61785
558 0.61905
559 0.61975
560 0.6222
561 0.62265
562 0.6238
563 0.6251
564 0.62655
565 0.6274
566 0.62805
567 0.62955
568 0.6303
569 0.6322
570 0.63285
571 0.63365
572 0.63435
573 0.6353
574 0.63635
575 0.6365
576 0.63855
577 0.6398
578 0.6401
579 0.6411
580 0.64205
581 0.64315
582 0.644
583 0.64525
584 0.64575
585 0.64795
586 0.6491
587 0.64945
588 0.65055
589 0.65205
590 0.65305
591 0.6535
592 0.6538
593 0.65385
594 0.65505
595 0.657
596 0.6576
597 0.65905
598 0.65985
599 0.6605
600 0.66115
601 0.6618
602 0.6626
603 0.66355
604 0.6644
605 0.66485
606 0.6658
607 0.6661
608 0.66745
609 0.6688
610 0.6701
611 0.67135
612 0.67275
613 0.6736
614 0.67415
615 0.6755
616 0.6777
617 0.67875
618 0.6802
619 0.68125
620 0.68245
621 0.6832
622 0.6845
623 0.68485
624 0.6866
625 0.68695
626 0.68905
627 0.691
628 0.69125
629 0.6923
630 0.69415
631 0.6946
632 0.6963
633 0.69795
634 0.6987
635 0.69895
636 0.6991
637 0.7009
638 0.70175
639 0.70265
640 0.7041
641 0.70455
642 0.70505
643 0.70665
644 0.70855
645 0.7107
646 0.71135
647 0.71255
648 0.71375
649 0.7142
650 0.71645
651 0.71925
652 0.72045
653 0.7217
654 0.72375
655 0.7249
656 0.7266
657 0.728
658 0.73075
659 0.7318
660 0.7323
661 0.73285
662 0.7348
663 0.73555
664 0.73675
665 0.7373
666 0.73795
667 0.73865
668 0.74055
669 0.7413
670 0.7415
671 0.74235
672 0.7428
673 0.7436
674 0.74565
675 0.7467
676 0.74765
677 0.7494
678 0.75085
679 0.75255
680 0.7539
681 0.7562
682 0.75695
683 0.75765
684 0.75855
685 0.7593
686 0.76125
687 0.76165
688 0.76205
689 0.7624
690 0.7636
691 0.7639
692 0.76535
693 0.76705
694 0.76775
695 0.7686
696 0.7698
697 0.7706
698 0.77135
699 0.77245
700 0.77365
701 0.77525
702 0.7758
703 0.77675
704 0.77765
705 0.77865
706 0.77915
707 0.7802
708 0.7808
709 0.7813
710 0.78345
711 0.7848
712 0.7857
713 0.7859
714 0.78795
715 0.78935
716 0.79055
717 0.7917
718 0.79215
719 0.7936
720 0.79515
721 0.79595
722 0.7971
723 0.79795
724 0.79955
725 0.7997
726 0.8002
727 0.80075
728 0.8013
729 0.8039
730 0.8052
731 0.80705
732 0.80825
733 0.8087
734 0.8093
735 0.81195
736 0.81395
737 0.8155
738 0.8165
739 0.8176
740 0.819
741 0.8207
742 0.8212
743 0.8215
744 0.82165
745 0.82295
746 0.82305
747 0.82375
748 0.8249
749 0.82505
750 0.8263
751 0.82745
752 0.8288
753 0.8294
754 0.8305
755 0.83235
756 0.83285
757 0.8331
758 0.83335
759 0.83435
760 0.83595
761 0.83735
762 0.8389
763 0.8399
764 0.84175
765 0.8424
766 0.84405
767 0.84475
768 0.84585
769 0.8472
770 0.8481
771 0.84815
772 0.8494
773 0.84995
774 0.85075
775 0.8513
776 0.85315
777 0.8545
778 0.85525
779 0.8568
780 0.8582
781 0.86
782 0.86095
783 0.8619
784 0.8647
785 0.8667
786 0.8672
787 0.86825
788 0.86965
789 0.87115
790 0.87235
791 0.8729
792 0.87495
793 0.87545
794 0.87655
795 0.8776
796 0.87835
797 0.8789
798 0.88005
799 0.8804
800 0.8839
801 0.8843
802 0.88615
803 0.88715
804 0.8875
805 0.8882
806 0.8891
807 0.891
808 0.8916
809 0.89425
810 0.89515
811 0.8961
812 0.89795
813 0.89875
814 0.89915
815 0.8999
816 0.90065
817 0.90115
818 0.90205
819 0.9047
820 0.9062
821 0.90815
822 0.9088
823 0.91045
824 0.91165
825 0.91305
826 0.9146
827 0.9161
828 0.91675
829 0.9181
830 0.9193
831 0.9206
832 0.92205
833 0.92265
834 0.9238
835 0.92465
836 0.9263
837 0.9281
838 0.9307
839 0.9322
840 0.9339
841 0.9348
842 0.9355
843 0.9368
844 0.93795
845 0.94015
846 0.94125
847 0.94345
848 0.9449
849 0.94595
850 0.94645
851 0.94765
852 0.9485
853 0.94855
854 0.94905
855 0.9505
856 0.95205
857 0.95305
858 0.95325
859 0.95535
860 0.9563
861 0.95705
862 0.95925
863 0.9603
864 0.96065
865 0.9611
866 0.96165
867 0.96315
868 0.96415
869 0.96545
870 0.96675
871 0.9695
872 0.9703
873 0.97065
874 0.97285
875 0.974
876 0.97525
877 0.97575
878 0.97805
879 0.9784
880 0.9798
881 0.98015
882 0.982
883 0.9833
884 0.985
885 0.98615
886 0.9874
887 0.9894
888 0.98985
889 0.9909
890 0.9918
891 0.99275
892 0.9951
893 0.9953
894 0.99635
895 0.99795
896 0.99835
897 0.9992
898 0.9997
899 1.0006
# Generated pool n. 14 for Umax = 25.70069122314453
# Generated a biased pool of 20000 with an acceptance of 0.05551479756832123
# Generated a pool of 20000 with an acceptance of 0.0011117777777777758
# Generation repeated 900 times
# Average relative effective sample size: 0.006275887601077557
# Generation efficiency: 0.0011111111111111111
