# Generation 31

0 0.00425
1 0.0272
2 0.03535
3 0.05015
4 0.0611
5 0.07845
6 0.08725
7 0.10135
8 0.10375
9 0.12215
10 0.12695
11 0.1394
12 0.1455
13 0.14925
14 0.15665
15 0.1712
16 0.1866
17 0.1978
18 0.20775
19 0.2198
20 0.22715
21 0.2361
22 0.26285
23 0.2809
24 0.29895
25 0.30385
26 0.30975
27 0.3342
28 0.34225
29 0.36575
30 0.37515
31 0.3845
32 0.3953
33 0.4077
34 0.4256
35 0.4358
36 0.4435
37 0.44955
38 0.4608
39 0.47665
40 0.48985
41 0.4977
42 0.4988
43 0.513
44 0.5337
45 0.5493
46 0.56755
47 0.5805
48 0.5864
49 0.5998
50 0.603
51 0.6113
52 0.6238
53 0.6419
54 0.6474
55 0.66025
56 0.67215
57 0.68055
58 0.6923
59 0.69785
60 0.70985
61 0.71415
62 0.72175
63 0.7351
64 0.7469
65 0.75295
66 0.76825
67 0.7751
68 0.7897
69 0.80045
70 0.81035
71 0.82665
72 0.84065
73 0.8651
74 0.8746
75 0.87755
76 0.89335
77 0.90065
78 0.90745
79 0.916
80 0.9314
81 0.94545
82 0.95395
83 0.96085
84 0.96485
85 0.9746
86 0.9797
87 0.9925
88 0.9972
89 1.00665
# Generated pool n. 31 for Umax = -13.472957611083984
# Generated a biased pool of 20000 with an acceptance of 0.5201133489608765
# Generated a pool of 20000 with an acceptance of 0.011185
# Generation repeated 90 times
# Average relative effective sample size: 0.18539799749851227
# Generation efficiency: 0.011111111111111112
