# Generation 6

0 0.00145
1 0.00455
2 0.00795
3 0.00915
4 0.01225
5 0.01485
6 0.017
7 0.0199
8 0.022
9 0.0241
10 0.0269
11 0.02935
12 0.0312
13 0.03395
14 0.03565
15 0.0385
16 0.04035
17 0.0408
18 0.0417
19 0.04455
20 0.0468
21 0.0501
22 0.0504
23 0.0539
24 0.05455
25 0.0554
26 0.0575
27 0.06015
28 0.06135
29 0.06365
30 0.0663
31 0.06845
32 0.0701
33 0.0713
34 0.0719
35 0.07405
36 0.0748
37 0.0759
38 0.07715
39 0.0792
40 0.0806
41 0.0813
42 0.08315
43 0.0843
44 0.08625
45 0.08685
46 0.0893
47 0.09135
48 0.0943
49 0.09555
50 0.0975
51 0.10135
52 0.1028
53 0.1048
54 0.1072
55 0.10855
56 0.10985
57 0.1128
58 0.11525
59 0.11705
60 0.1183
61 0.119
62 0.12095
63 0.1232
64 0.12595
65 0.12835
66 0.13035
67 0.13155
68 0.1332
69 0.13465
70 0.13765
71 0.1425
72 0.1432
73 0.1451
74 0.14585
75 0.14725
76 0.14945
77 0.15105
78 0.1534
79 0.15575
80 0.15695
81 0.16025
82 0.161
83 0.1629
84 0.16395
85 0.1657
86 0.1662
87 0.1694
88 0.1703
89 0.17235
90 0.1756
91 0.17775
92 0.17945
93 0.18165
94 0.18325
95 0.18535
96 0.18885
97 0.1917
98 0.1942
99 0.19605
100 0.19755
101 0.19945
102 0.2013
103 0.2026
104 0.2058
105 0.2062
106 0.20885
107 0.20955
108 0.21025
109 0.2117
110 0.2123
111 0.2155
112 0.2184
113 0.21925
114 0.22065
115 0.22095
116 0.22375
117 0.22605
118 0.2279
119 0.2304
120 0.2321
121 0.2344
122 0.23835
123 0.23955
124 0.24055
125 0.2419
126 0.24445
127 0.2461
128 0.24765
129 0.2505
130 0.25415
131 0.2555
132 0.2581
133 0.26125
134 0.263
135 0.26425
136 0.26605
137 0.26865
138 0.2703
139 0.27155
140 0.27375
141 0.27465
142 0.2779
143 0.28095
144 0.2819
145 0.283
146 0.2849
147 0.2872
148 0.291
149 0.2937
150 0.2953
151 0.2986
152 0.29955
153 0.30205
154 0.30355
155 0.3066
156 0.309
157 0.31175
158 0.31235
159 0.31405
160 0.31655
161 0.31875
162 0.32135
163 0.323
164 0.32385
165 0.32625
166 0.3284
167 0.32995
168 0.3308
169 0.3322
170 0.33415
171 0.3367
172 0.338
173 0.34045
174 0.3433
175 0.34395
176 0.34735
177 0.35005
178 0.3524
179 0.35315
180 0.3544
181 0.3569
182 0.35825
183 0.36105
184 0.36225
185 0.36455
186 0.36785
187 0.3685
188 0.37065
189 0.3715
190 0.37425
191 0.3775
192 0.37875
193 0.3794
194 0.3819
195 0.3839
196 0.38505
197 0.38765
198 0.38815
199 0.39105
200 0.3932
201 0.39485
202 0.39785
203 0.3989
204 0.40115
205 0.4022
206 0.4037
207 0.4046
208 0.4083
209 0.40975
210 0.4132
211 0.41585
212 0.4182
213 0.42055
214 0.42255
215 0.42455
216 0.4262
217 0.42715
218 0.4298
219 0.4328
220 0.43455
221 0.43695
222 0.4382
223 0.4392
224 0.44115
225 0.4432
226 0.4447
227 0.44695
228 0.448
229 0.4507
230 0.45185
231 0.454
232 0.4557
233 0.4572
234 0.4592
235 0.4606
236 0.467
237 0.47005
238 0.4744
239 0.47815
240 0.47945
241 0.48175
242 0.48325
243 0.48385
244 0.486
245 0.48775
246 0.49115
247 0.4934
248 0.49545
249 0.4972
250 0.49965
251 0.50055
252 0.50355
253 0.5053
254 0.5059
255 0.50975
256 0.5102
257 0.511
258 0.51435
259 0.5167
260 0.51905
261 0.52245
262 0.5244
263 0.52615
264 0.527
265 0.5276
266 0.52835
267 0.5288
268 0.53065
269 0.53175
270 0.5341
271 0.5344
272 0.5362
273 0.538
274 0.54035
275 0.5414
276 0.54315
277 0.54735
278 0.54845
279 0.55075
280 0.55365
281 0.5566
282 0.558
283 0.55915
284 0.56025
285 0.56215
286 0.564
287 0.56535
288 0.5668
289 0.56905
290 0.57125
291 0.5744
292 0.57525
293 0.57695
294 0.57785
295 0.57885
296 0.5803
297 0.58325
298 0.5839
299 0.58485
300 0.58725
301 0.59035
302 0.5909
303 0.5918
304 0.59515
305 0.59795
306 0.59875
307 0.60015
308 0.6028
309 0.6058
310 0.6079
311 0.6089
312 0.61055
313 0.61125
314 0.6137
315 0.6149
316 0.61555
317 0.6167
318 0.61935
319 0.62085
320 0.6244
321 0.62515
322 0.62695
323 0.6295
324 0.6334
325 0.63565
326 0.6383
327 0.6401
328 0.64155
329 0.64295
330 0.645
331 0.64785
332 0.6504
333 0.6517
334 0.65305
335 0.6549
336 0.6574
337 0.65875
338 0.66055
339 0.66405
340 0.6654
341 0.6676
342 0.66855
343 0.67025
344 0.67265
345 0.67335
346 0.67665
347 0.67935
348 0.68215
349 0.68475
350 0.6866
351 0.6884
352 0.68975
353 0.69195
354 0.69425
355 0.6972
356 0.69965
357 0.70285
358 0.7056
359 0.7078
360 0.7089
361 0.7114
362 0.7134
363 0.71465
364 0.71535
365 0.71715
366 0.7199
367 0.7221
368 0.72325
369 0.724
370 0.7248
371 0.727
372 0.7291
373 0.7303
374 0.7322
375 0.7344
376 0.73595
377 0.73775
378 0.73985
379 0.7416
380 0.74365
381 0.74685
382 0.74905
383 0.7498
384 0.7509
385 0.7513
386 0.75435
387 0.75695
388 0.7579
389 0.7592
390 0.7627
391 0.76665
392 0.76955
393 0.77125
394 0.77285
395 0.7743
396 0.777
397 0.77825
398 0.77925
399 0.78115
400 0.7828
401 0.78355
402 0.7858
403 0.78905
404 0.79085
405 0.7933
406 0.79395
407 0.7947
408 0.7956
409 0.7982
410 0.79975
411 0.80295
412 0.8053
413 0.80765
414 0.81005
415 0.8121
416 0.81395
417 0.81495
418 0.8165
419 0.81875
420 0.82
421 0.82125
422 0.82265
423 0.8247
424 0.8279
425 0.83285
426 0.83365
427 0.8352
428 0.8368
429 0.83755
430 0.83975
431 0.8413
432 0.844
433 0.84675
434 0.84865
435 0.8503
436 0.8523
437 0.85305
438 0.8545
439 0.8566
440 0.85845
441 0.86215
442 0.86605
443 0.8673
444 0.87005
445 0.87225
446 0.87445
447 0.87615
448 0.8789
449 0.8797
450 0.88115
451 0.8845
452 0.8856
453 0.8864
454 0.88775
455 0.8907
456 0.8912
457 0.89495
458 0.897
459 0.90045
460 0.9028
461 0.90485
462 0.9066
463 0.9074
464 0.9086
465 0.90965
466 0.9131
467 0.91465
468 0.9155
469 0.91805
470 0.9199
471 0.92385
472 0.92685
473 0.9294
474 0.93125
475 0.93485
476 0.93585
477 0.93695
478 0.94025
479 0.9432
480 0.94495
481 0.94785
482 0.949
483 0.94935
484 0.95155
485 0.95385
486 0.9561
487 0.9588
488 0.9614
489 0.96175
490 0.9628
491 0.96345
492 0.965
493 0.96805
494 0.96905
495 0.97125
496 0.97285
497 0.9745
498 0.9761
499 0.97995
500 0.98175
501 0.9844
502 0.98635
503 0.9882
504 0.9896
505 0.9922
506 0.9937
507 0.9968
508 0.9978
509 0.9993
510 1.0004
# Generated pool n. 6 for Umax = 358.2699890136719
# Generated a biased pool of 20000 with an acceptance of 0.04928150400519371
# Generated a pool of 20000 with an acceptance of 0.0019577299412915855
# Generation repeated 511 times
# Average relative effective sample size: 0.011661958880722523
# Generation efficiency: 0.0019569471624266144
