# Generation 43

0 0.02645
1 0.0446
2 0.06055
3 0.073
4 0.106
5 0.12225
6 0.1557
7 0.16975
8 0.1833
9 0.19565
10 0.2117
11 0.23375
12 0.25085
13 0.27185
14 0.28055
15 0.3182
16 0.336
17 0.3545
18 0.36785
19 0.3685
20 0.38765
21 0.4182
22 0.4361
23 0.4598
24 0.47525
25 0.48395
26 0.4999
27 0.51555
28 0.53785
29 0.5486
30 0.56895
31 0.59175
32 0.5952
33 0.6276
34 0.6318
35 0.6468
36 0.671
37 0.6881
38 0.712
39 0.7339
40 0.7658
41 0.7701
42 0.7892
43 0.8138
44 0.8187
45 0.8446
46 0.84815
47 0.8723
48 0.88695
49 0.90985
50 0.9305
51 0.96125
52 0.98685
53 1.0007
# Generated pool n. 43 for Umax = -14.738529205322266
# Generated a biased pool of 20000 with an acceptance of 0.6642276644706726
# Generated a pool of 20000 with an acceptance of 0.01853148148148149
# Generation repeated 54 times
# Average relative effective sample size: 0.30328938364982605
# Generation efficiency: 0.018518518518518517
