# Generation 36

0 0.0132
1 0.01925
2 0.02635
3 0.0485
4 0.0658
5 0.0735
6 0.0849
7 0.09575
8 0.1024
9 0.11215
10 0.12535
11 0.1382
12 0.1509
13 0.1704
14 0.19625
15 0.21615
16 0.2235
17 0.22585
18 0.25135
19 0.2628
20 0.2946
21 0.3143
22 0.3269
23 0.33665
24 0.356
25 0.37425
26 0.38185
27 0.3985
28 0.414
29 0.426
30 0.44605
31 0.45185
32 0.46535
33 0.4814
34 0.4886
35 0.5013
36 0.51095
37 0.51955
38 0.52185
39 0.5377
40 0.5434
41 0.56505
42 0.576
43 0.59115
44 0.60545
45 0.6256
46 0.64115
47 0.64425
48 0.6651
49 0.6761
50 0.68455
51 0.70255
52 0.71245
53 0.7326
54 0.7504
55 0.76225
56 0.78235
57 0.79405
58 0.80355
59 0.8328
60 0.8516
61 0.86085
62 0.8801
63 0.89655
64 0.90875
65 0.9273
66 0.93695
67 0.9576
68 0.98025
69 1.001
# Generated pool n. 36 for Umax = -14.302221298217773
# Generated a biased pool of 20000 with an acceptance of 0.6194035410881042
# Generated a pool of 20000 with an acceptance of 0.014299999999999998
# Generation repeated 70 times
# Average relative effective sample size: 0.24501556158065796
# Generation efficiency: 0.014285714285714285
