# Generation 20

0 0.0043
1 0.0083
2 0.01015
3 0.0139
4 0.0155
5 0.01735
6 0.0221
7 0.0233
8 0.0283
9 0.0303
10 0.03045
11 0.0319
12 0.03465
13 0.03545
14 0.0366
15 0.0388
16 0.0399
17 0.04425
18 0.04705
19 0.04875
20 0.0504
21 0.0509
22 0.0537
23 0.0566
24 0.05705
25 0.05895
26 0.06105
27 0.0653
28 0.0694
29 0.0725
30 0.0744
31 0.0761
32 0.0806
33 0.081
34 0.083
35 0.08475
36 0.0865
37 0.08765
38 0.0903
39 0.09605
40 0.0989
41 0.10545
42 0.1091
43 0.1139
44 0.1189
45 0.1229
46 0.12725
47 0.12755
48 0.1296
49 0.13275
50 0.13665
51 0.1384
52 0.13985
53 0.14275
54 0.1448
55 0.14635
56 0.14745
57 0.15035
58 0.15555
59 0.1595
60 0.16485
61 0.16555
62 0.1687
63 0.16975
64 0.17085
65 0.17485
66 0.1759
67 0.17705
68 0.1784
69 0.1805
70 0.1844
71 0.18725
72 0.1915
73 0.1947
74 0.19675
75 0.19985
76 0.20275
77 0.2049
78 0.20795
79 0.2086
80 0.2133
81 0.2177
82 0.2184
83 0.21935
84 0.2225
85 0.2278
86 0.2299
87 0.2309
88 0.2341
89 0.2352
90 0.23975
91 0.2409
92 0.2465
93 0.25275
94 0.25435
95 0.25725
96 0.25885
97 0.26315
98 0.2655
99 0.26945
100 0.2714
101 0.2742
102 0.2803
103 0.283
104 0.2868
105 0.28865
106 0.28935
107 0.29145
108 0.2958
109 0.29855
110 0.30415
111 0.30805
112 0.3111
113 0.314
114 0.31565
115 0.3187
116 0.3211
117 0.3241
118 0.3249
119 0.32835
120 0.33175
121 0.3327
122 0.33745
123 0.34025
124 0.34395
125 0.34635
126 0.3516
127 0.3553
128 0.3567
129 0.36215
130 0.36435
131 0.36605
132 0.3668
133 0.36695
134 0.37035
135 0.37265
136 0.37605
137 0.37845
138 0.38065
139 0.3829
140 0.38365
141 0.388
142 0.38965
143 0.3913
144 0.3929
145 0.39965
146 0.40185
147 0.40785
148 0.41165
149 0.41535
150 0.41795
151 0.41915
152 0.42115
153 0.4226
154 0.425
155 0.4254
156 0.42715
157 0.43225
158 0.43455
159 0.4383
160 0.44155
161 0.44225
162 0.44385
163 0.4459
164 0.4483
165 0.45145
166 0.4528
167 0.4546
168 0.45705
169 0.4601
170 0.46385
171 0.465
172 0.4656
173 0.4673
174 0.4687
175 0.4726
176 0.4748
177 0.47615
178 0.47975
179 0.48275
180 0.48835
181 0.49095
182 0.49115
183 0.49205
184 0.49325
185 0.4956
186 0.49665
187 0.4988
188 0.50005
189 0.50155
190 0.50315
191 0.5063
192 0.50945
193 0.51385
194 0.5182
195 0.5228
196 0.5291
197 0.532
198 0.5322
199 0.53355
200 0.53615
201 0.5378
202 0.54035
203 0.54165
204 0.54625
205 0.54845
206 0.54915
207 0.5512
208 0.55275
209 0.5569
210 0.564
211 0.56545
212 0.56645
213 0.56945
214 0.5703
215 0.5725
216 0.5742
217 0.5763
218 0.57805
219 0.5789
220 0.5794
221 0.5819
222 0.58335
223 0.5867
224 0.58935
225 0.5913
226 0.5931
227 0.59645
228 0.5984
229 0.60095
230 0.6028
231 0.60515
232 0.6054
233 0.60685
234 0.6072
235 0.6104
236 0.61205
237 0.61415
238 0.6155
239 0.62285
240 0.6246
241 0.62785
242 0.6291
243 0.63115
244 0.63295
245 0.6371
246 0.64295
247 0.6467
248 0.6498
249 0.65325
250 0.6561
251 0.6574
252 0.66045
253 0.66325
254 0.66415
255 0.66585
256 0.66815
257 0.6703
258 0.67305
259 0.67615
260 0.67655
261 0.6773
262 0.678
263 0.6797
264 0.68375
265 0.68575
266 0.68675
267 0.68955
268 0.6914
269 0.6956
270 0.69605
271 0.69655
272 0.7003
273 0.7019
274 0.7065
275 0.7072
276 0.70905
277 0.70935
278 0.71325
279 0.7165
280 0.72235
281 0.72525
282 0.72575
283 0.72755
284 0.72995
285 0.73135
286 0.73415
287 0.7354
288 0.73705
289 0.74005
290 0.74155
291 0.74335
292 0.74855
293 0.75355
294 0.7557
295 0.76195
296 0.7659
297 0.769
298 0.7748
299 0.77885
300 0.7824
301 0.7898
302 0.7925
303 0.79525
304 0.7973
305 0.79945
306 0.8026
307 0.80355
308 0.80755
309 0.81055
310 0.8153
311 0.82005
312 0.8225
313 0.8252
314 0.82915
315 0.8326
316 0.83385
317 0.83895
318 0.8409
319 0.8435
320 0.84675
321 0.84925
322 0.8501
323 0.85515
324 0.8568
325 0.8605
326 0.86415
327 0.86425
328 0.8661
329 0.87235
330 0.87555
331 0.87775
332 0.88215
333 0.886
334 0.8879
335 0.89315
336 0.89645
337 0.89965
338 0.90165
339 0.90385
340 0.906
341 0.90925
342 0.9116
343 0.9136
344 0.91935
345 0.9219
346 0.92325
347 0.9295
348 0.9314
349 0.9365
350 0.93745
351 0.93855
352 0.9389
353 0.94295
354 0.94365
355 0.94805
356 0.94915
357 0.9528
358 0.95485
359 0.9569
360 0.95845
361 0.9616
362 0.9622
363 0.96525
364 0.9686
365 0.97285
366 0.97895
367 0.98
368 0.98495
369 0.986
370 0.9889
371 0.98995
372 0.9914
373 0.9951
374 0.9967
375 1.0
# Generated pool n. 20 for Umax = -3.9678030014038086
# Generated a biased pool of 20000 with an acceptance of 0.24303393065929413
# Generated a pool of 20000 with an acceptance of 0.0026595744680851055
# Generation repeated 376 times
# Average relative effective sample size: 0.02945183776319027
# Generation efficiency: 0.0026595744680851063
