# Generation 15

0 0.00145
1 0.0024
2 0.00305
3 0.0042
4 0.0052
5 0.0061
6 0.00665
7 0.00965
8 0.01195
9 0.0125
10 0.01325
11 0.0152
12 0.01655
13 0.01785
14 0.019
15 0.0194
16 0.02085
17 0.02195
18 0.0223
19 0.0241
20 0.02565
21 0.02695
22 0.0286
23 0.03035
24 0.03315
25 0.03445
26 0.03535
27 0.03585
28 0.03675
29 0.03735
30 0.038
31 0.0389
32 0.0402
33 0.0411
34 0.043
35 0.0437
36 0.0449
37 0.0452
38 0.04625
39 0.0469
40 0.04715
41 0.0486
42 0.0506
43 0.05155
44 0.05275
45 0.0535
46 0.0552
47 0.0557
48 0.05605
49 0.0574
50 0.058
51 0.0597
52 0.0605
53 0.06085
54 0.0614
55 0.0627
56 0.0647
57 0.0657
58 0.0664
59 0.0666
60 0.06795
61 0.069
62 0.07075
63 0.07235
64 0.07325
65 0.07505
66 0.07675
67 0.07745
68 0.07865
69 0.07915
70 0.0811
71 0.08195
72 0.08285
73 0.0846
74 0.08665
75 0.0877
76 0.0899
77 0.09085
78 0.09205
79 0.09295
80 0.09545
81 0.0964
82 0.0968
83 0.0998
84 0.10095
85 0.1017
86 0.1034
87 0.10415
88 0.1057
89 0.10785
90 0.1085
91 0.11055
92 0.11145
93 0.11165
94 0.11265
95 0.11425
96 0.11525
97 0.1163
98 0.11765
99 0.11855
100 0.11885
101 0.1193
102 0.12215
103 0.12325
104 0.1235
105 0.12425
106 0.12595
107 0.1271
108 0.1278
109 0.1288
110 0.1294
111 0.131
112 0.1325
113 0.13465
114 0.1352
115 0.1358
116 0.1379
117 0.13845
118 0.13925
119 0.14015
120 0.1419
121 0.1434
122 0.146
123 0.1462
124 0.1481
125 0.1488
126 0.14915
127 0.1502
128 0.15265
129 0.15445
130 0.15495
131 0.1567
132 0.15695
133 0.1577
134 0.15895
135 0.15975
136 0.16135
137 0.16225
138 0.1632
139 0.1638
140 0.16385
141 0.16455
142 0.1649
143 0.16585
144 0.16675
145 0.16755
146 0.1685
147 0.1689
148 0.16915
149 0.17075
150 0.17185
151 0.1729
152 0.1736
153 0.17405
154 0.17495
155 0.17585
156 0.1792
157 0.1812
158 0.1828
159 0.184
160 0.1857
161 0.1876
162 0.18995
163 0.19185
164 0.19325
165 0.19385
166 0.1949
167 0.1953
168 0.19605
169 0.19735
170 0.19955
171 0.20085
172 0.20105
173 0.20345
174 0.20415
175 0.20675
176 0.20795
177 0.2083
178 0.2091
179 0.21005
180 0.21075
181 0.212
182 0.2125
183 0.21255
184 0.2129
185 0.21385
186 0.2156
187 0.2173
188 0.21845
189 0.21935
190 0.22035
191 0.22195
192 0.22305
193 0.22365
194 0.2246
195 0.2264
196 0.2266
197 0.22675
198 0.2288
199 0.22935
200 0.2311
201 0.23235
202 0.2332
203 0.2346
204 0.23535
205 0.2367
206 0.2388
207 0.23935
208 0.2403
209 0.2408
210 0.24315
211 0.2442
212 0.2452
213 0.24665
214 0.2493
215 0.25065
216 0.2533
217 0.25505
218 0.25555
219 0.25635
220 0.258
221 0.2591
222 0.26005
223 0.2603
224 0.26125
225 0.26135
226 0.2618
227 0.26335
228 0.26365
229 0.2656
230 0.2668
231 0.2672
232 0.26835
233 0.2692
234 0.27135
235 0.27275
236 0.27435
237 0.27605
238 0.27775
239 0.27865
240 0.28005
241 0.2809
242 0.2816
243 0.28215
244 0.2836
245 0.28525
246 0.28615
247 0.28685
248 0.2895
249 0.2901
250 0.2907
251 0.2914
252 0.2936
253 0.29485
254 0.29605
255 0.29675
256 0.2975
257 0.2987
258 0.3006
259 0.30185
260 0.30335
261 0.30515
262 0.306
263 0.3086
264 0.31035
265 0.3108
266 0.3129
267 0.314
268 0.3143
269 0.3148
270 0.3174
271 0.31815
272 0.31955
273 0.32115
274 0.3228
275 0.32445
276 0.3261
277 0.32775
278 0.32945
279 0.32985
280 0.3315
281 0.333
282 0.3347
283 0.3353
284 0.3369
285 0.33855
286 0.34075
287 0.34135
288 0.342
289 0.3426
290 0.3449
291 0.3485
292 0.35085
293 0.3516
294 0.353
295 0.35335
296 0.35415
297 0.35555
298 0.3573
299 0.35815
300 0.35855
301 0.35895
302 0.3595
303 0.3616
304 0.3629
305 0.36465
306 0.3647
307 0.36565
308 0.3678
309 0.3694
310 0.36995
311 0.3707
312 0.3718
313 0.3728
314 0.3742
315 0.37485
316 0.37575
317 0.3769
318 0.37815
319 0.38065
320 0.3816
321 0.3828
322 0.38305
323 0.38515
324 0.38615
325 0.3865
326 0.38725
327 0.3881
328 0.38865
329 0.3897
330 0.3906
331 0.39085
332 0.39165
333 0.39275
334 0.3942
335 0.3951
336 0.397
337 0.3988
338 0.40085
339 0.40355
340 0.40385
341 0.40475
342 0.4057
343 0.40665
344 0.4075
345 0.409
346 0.40975
347 0.4103
348 0.4115
349 0.41265
350 0.4144
351 0.41545
352 0.41585
353 0.4182
354 0.41925
355 0.4226
356 0.4233
357 0.42445
358 0.42595
359 0.4285
360 0.42935
361 0.43055
362 0.43135
363 0.4322
364 0.43355
365 0.4343
366 0.4366
367 0.43785
368 0.43805
369 0.4393
370 0.44125
371 0.44285
372 0.44455
373 0.44515
374 0.44635
375 0.44755
376 0.4485
377 0.4498
378 0.45175
379 0.4529
380 0.45425
381 0.4565
382 0.45905
383 0.45985
384 0.4619
385 0.4642
386 0.46565
387 0.4665
388 0.4674
389 0.4687
390 0.4694
391 0.47025
392 0.47125
393 0.4725
394 0.47335
395 0.47455
396 0.47555
397 0.47635
398 0.477
399 0.47915
400 0.48085
401 0.48235
402 0.48265
403 0.484
404 0.48515
405 0.48575
406 0.48815
407 0.48895
408 0.48995
409 0.4913
410 0.49215
411 0.4935
412 0.49365
413 0.4947
414 0.4954
415 0.4956
416 0.4967
417 0.49865
418 0.49985
419 0.5008
420 0.502
421 0.5028
422 0.5043
423 0.50555
424 0.5076
425 0.5092
426 0.511
427 0.51145
428 0.5118
429 0.5126
430 0.51445
431 0.5163
432 0.51685
433 0.5177
434 0.5191
435 0.5229
436 0.52465
437 0.5259
438 0.52675
439 0.52775
440 0.52825
441 0.52895
442 0.5305
443 0.53215
444 0.53235
445 0.5337
446 0.53555
447 0.53635
448 0.53675
449 0.5376
450 0.538
451 0.5393
452 0.54105
453 0.5416
454 0.5435
455 0.5444
456 0.54535
457 0.5461
458 0.54685
459 0.5478
460 0.5491
461 0.55015
462 0.55085
463 0.55195
464 0.55285
465 0.55455
466 0.5554
467 0.5559
468 0.557
469 0.5597
470 0.5603
471 0.5612
472 0.5628
473 0.56345
474 0.5644
475 0.56535
476 0.56695
477 0.56875
478 0.56935
479 0.57325
480 0.5735
481 0.57485
482 0.57545
483 0.5765
484 0.5779
485 0.57895
486 0.5793
487 0.5802
488 0.58235
489 0.5827
490 0.58305
491 0.5837
492 0.58445
493 0.58535
494 0.5867
495 0.5878
496 0.58845
497 0.5903
498 0.5926
499 0.5941
500 0.5946
501 0.59645
502 0.598
503 0.5983
504 0.59935
505 0.6001
506 0.6004
507 0.60185
508 0.60335
509 0.60485
510 0.60595
511 0.60855
512 0.61035
513 0.6106
514 0.6108
515 0.61105
516 0.6115
517 0.61275
518 0.6139
519 0.61515
520 0.61595
521 0.61695
522 0.61765
523 0.61985
524 0.62095
525 0.6214
526 0.62395
527 0.62725
528 0.62945
529 0.62995
530 0.6326
531 0.6334
532 0.6349
533 0.63525
534 0.6379
535 0.63805
536 0.639
537 0.64125
538 0.6416
539 0.6417
540 0.6427
541 0.6438
542 0.64475
543 0.6451
544 0.6461
545 0.6489
546 0.6495
547 0.6511
548 0.65245
549 0.65325
550 0.65505
551 0.65525
552 0.6593
553 0.66005
554 0.6615
555 0.66395
556 0.6647
557 0.665
558 0.66615
559 0.66715
560 0.6688
561 0.6706
562 0.67155
563 0.67305
564 0.67465
565 0.6772
566 0.67785
567 0.6787
568 0.67985
569 0.68045
570 0.68125
571 0.68245
572 0.68355
573 0.68455
574 0.68565
575 0.68625
576 0.68665
577 0.68715
578 0.68875
579 0.69105
580 0.6913
581 0.6924
582 0.6926
583 0.693
584 0.69355
585 0.6948
586 0.6964
587 0.6973
588 0.6977
589 0.69835
590 0.6994
591 0.701
592 0.7017
593 0.70335
594 0.7051
595 0.7063
596 0.70865
597 0.7116
598 0.7132
599 0.7143
600 0.7168
601 0.71835
602 0.721
603 0.7225
604 0.72435
605 0.7251
606 0.7264
607 0.7283
608 0.7293
609 0.7315
610 0.73235
611 0.7337
612 0.735
613 0.7372
614 0.73755
615 0.73945
616 0.74035
617 0.742
618 0.74315
619 0.7441
620 0.74445
621 0.74565
622 0.7471
623 0.7474
624 0.7479
625 0.7487
626 0.74935
627 0.75035
628 0.7523
629 0.7548
630 0.75615
631 0.75755
632 0.75905
633 0.7601
634 0.76115
635 0.7617
636 0.76235
637 0.76295
638 0.76475
639 0.76645
640 0.7669
641 0.767
642 0.7685
643 0.7698
644 0.7704
645 0.77235
646 0.7731
647 0.7745
648 0.77545
649 0.77565
650 0.77685
651 0.77715
652 0.77855
653 0.7797
654 0.77985
655 0.78245
656 0.7837
657 0.78495
658 0.78555
659 0.78715
660 0.7876
661 0.78835
662 0.7897
663 0.7905
664 0.79165
665 0.7932
666 0.7937
667 0.7957
668 0.7963
669 0.797
670 0.7984
671 0.8001
672 0.8014
673 0.8023
674 0.80355
675 0.80425
676 0.8053
677 0.806
678 0.807
679 0.8078
680 0.80915
681 0.81045
682 0.81125
683 0.8125
684 0.81365
685 0.81515
686 0.81565
687 0.81655
688 0.81685
689 0.8178
690 0.81845
691 0.8197
692 0.822
693 0.8224
694 0.82385
695 0.82495
696 0.8272
697 0.82835
698 0.8291
699 0.8309
700 0.83095
701 0.83145
702 0.83185
703 0.8331
704 0.83485
705 0.83525
706 0.8367
707 0.83845
708 0.83955
709 0.8402
710 0.841
711 0.8423
712 0.84485
713 0.8452
714 0.84625
715 0.8474
716 0.84775
717 0.84835
718 0.849
719 0.84965
720 0.85005
721 0.85265
722 0.85375
723 0.8546
724 0.85625
725 0.85695
726 0.8577
727 0.8586
728 0.85885
729 0.86015
730 0.8617
731 0.86235
732 0.8635
733 0.86395
734 0.8648
735 0.86525
736 0.86615
737 0.867
738 0.87045
739 0.87135
740 0.872
741 0.87385
742 0.87445
743 0.8751
744 0.87605
745 0.87715
746 0.87825
747 0.87895
748 0.87985
749 0.88085
750 0.8824
751 0.8841
752 0.88535
753 0.8863
754 0.88675
755 0.8878
756 0.8892
757 0.891
758 0.8923
759 0.8948
760 0.8982
761 0.89975
762 0.9001
763 0.9008
764 0.9019
765 0.90365
766 0.90515
767 0.9061
768 0.9081
769 0.91045
770 0.9107
771 0.91395
772 0.9166
773 0.91765
774 0.9189
775 0.9208
776 0.92115
777 0.9222
778 0.92395
779 0.9241
780 0.9259
781 0.92765
782 0.9283
783 0.92945
784 0.9306
785 0.9317
786 0.9337
787 0.9369
788 0.9376
789 0.93825
790 0.93855
791 0.93905
792 0.9398
793 0.94115
794 0.9429
795 0.9439
796 0.94465
797 0.9464
798 0.94695
799 0.94815
800 0.9507
801 0.9514
802 0.9518
803 0.9532
804 0.9535
805 0.95415
806 0.95655
807 0.95855
808 0.9598
809 0.962
810 0.9627
811 0.9637
812 0.96415
813 0.9666
814 0.96925
815 0.96995
816 0.97065
817 0.9714
818 0.97205
819 0.97335
820 0.97395
821 0.9754
822 0.9758
823 0.9761
824 0.97745
825 0.97825
826 0.9799
827 0.98015
828 0.98205
829 0.98255
830 0.983
831 0.9838
832 0.9842
833 0.9856
834 0.98655
835 0.9872
836 0.98735
837 0.98945
838 0.98975
839 0.9909
840 0.9926
841 0.993
842 0.9937
843 0.99455
844 0.9976
845 0.9979
846 0.99885
847 0.99995
848 1.00105
# Generated pool n. 15 for Umax = 17.147655487060547
# Generated a biased pool of 20000 with an acceptance of 0.06718838959932327
# Generated a pool of 20000 with an acceptance of 0.0011790930506478195
# Generation repeated 849 times
# Average relative effective sample size: 0.007022586651146412
# Generation efficiency: 0.001177856301531213
