# Generation 32

0 0.00045
1 0.0133
2 0.02735
3 0.035
4 0.0534
5 0.0777
6 0.09245
7 0.11365
8 0.13055
9 0.15
10 0.1538
11 0.17035
12 0.1841
13 0.20835
14 0.2112
15 0.21815
16 0.2392
17 0.25825
18 0.26955
19 0.27595
20 0.29915
21 0.3114
22 0.31705
23 0.31875
24 0.32675
25 0.33135
26 0.33715
27 0.35295
28 0.36355
29 0.3758
30 0.39135
31 0.402
32 0.409
33 0.41435
34 0.427
35 0.4458
36 0.46065
37 0.47945
38 0.5019
39 0.51575
40 0.5235
41 0.5278
42 0.55135
43 0.56
44 0.5689
45 0.5861
46 0.60335
47 0.6252
48 0.6279
49 0.63815
50 0.65635
51 0.66545
52 0.6657
53 0.6777
54 0.6854
55 0.69625
56 0.71355
57 0.73045
58 0.74595
59 0.7609
60 0.7799
61 0.79625
62 0.81475
63 0.83305
64 0.848
65 0.8626
66 0.87195
67 0.88625
68 0.89825
69 0.9071
70 0.91545
71 0.93285
72 0.94385
73 0.951
74 0.9721
75 0.9893
76 1.00315
# Generated pool n. 32 for Umax = -13.702460289001465
# Generated a biased pool of 20000 with an acceptance of 0.5972590446472168
# Generated a pool of 20000 with an acceptance of 0.013027922077922074
# Generation repeated 77 times
# Average relative effective sample size: 0.22058314085006714
# Generation efficiency: 0.012987012987012988
