# Generation 17

0 0.00025
1 0.0021
2 0.00415
3 0.0047
4 0.0064
5 0.00925
6 0.01075
7 0.0118
8 0.013
9 0.0135
10 0.01585
11 0.0166
12 0.0184
13 0.0206
14 0.02175
15 0.0228
16 0.0239
17 0.02515
18 0.027
19 0.0279
20 0.03045
21 0.0309
22 0.03295
23 0.0336
24 0.0346
25 0.0347
26 0.03645
27 0.03735
28 0.0377
29 0.03915
30 0.0394
31 0.0406
32 0.04315
33 0.0468
34 0.0481
35 0.0493
36 0.0498
37 0.0507
38 0.0531
39 0.0543
40 0.05735
41 0.05775
42 0.05905
43 0.0607
44 0.06175
45 0.06355
46 0.0645
47 0.06585
48 0.0676
49 0.06825
50 0.0695
51 0.07055
52 0.0723
53 0.07315
54 0.0769
55 0.0785
56 0.08085
57 0.08175
58 0.0837
59 0.0846
60 0.08845
61 0.09035
62 0.09095
63 0.0919
64 0.0942
65 0.0961
66 0.0969
67 0.0984
68 0.10075
69 0.1014
70 0.10325
71 0.10365
72 0.10555
73 0.106
74 0.1078
75 0.109
76 0.1106
77 0.11205
78 0.11425
79 0.1149
80 0.1156
81 0.1167
82 0.11755
83 0.119
84 0.1197
85 0.12325
86 0.1246
87 0.12595
88 0.12835
89 0.1288
90 0.1297
91 0.1315
92 0.13415
93 0.1352
94 0.13655
95 0.1373
96 0.13945
97 0.14005
98 0.14095
99 0.14275
100 0.1437
101 0.1442
102 0.1456
103 0.14685
104 0.14995
105 0.1505
106 0.1516
107 0.1525
108 0.15365
109 0.1545
110 0.15745
111 0.1577
112 0.1589
113 0.15945
114 0.1617
115 0.1632
116 0.1638
117 0.16515
118 0.1669
119 0.16745
120 0.16885
121 0.16945
122 0.17
123 0.1714
124 0.17215
125 0.17445
126 0.17625
127 0.17845
128 0.1788
129 0.1801
130 0.18035
131 0.1825
132 0.1847
133 0.1861
134 0.1884
135 0.18895
136 0.1911
137 0.19235
138 0.1933
139 0.1934
140 0.1949
141 0.19955
142 0.2002
143 0.20175
144 0.20335
145 0.2054
146 0.20765
147 0.2098
148 0.21105
149 0.2118
150 0.21355
151 0.21485
152 0.21685
153 0.2181
154 0.21945
155 0.2215
156 0.223
157 0.22455
158 0.22515
159 0.22565
160 0.2265
161 0.2286
162 0.2296
163 0.2317
164 0.2318
165 0.2334
166 0.23555
167 0.23705
168 0.2382
169 0.23915
170 0.241
171 0.2428
172 0.24305
173 0.24445
174 0.2453
175 0.24715
176 0.2488
177 0.25115
178 0.2523
179 0.2535
180 0.2542
181 0.25695
182 0.2584
183 0.26245
184 0.2629
185 0.26305
186 0.26455
187 0.26565
188 0.26825
189 0.2691
190 0.2716
191 0.2746
192 0.2751
193 0.2761
194 0.27665
195 0.2782
196 0.2795
197 0.28105
198 0.2818
199 0.2825
200 0.2838
201 0.28565
202 0.2864
203 0.28805
204 0.2898
205 0.29115
206 0.29215
207 0.29245
208 0.29375
209 0.2942
210 0.29515
211 0.29525
212 0.29655
213 0.29935
214 0.30035
215 0.30185
216 0.3027
217 0.3047
218 0.30675
219 0.3082
220 0.30985
221 0.3106
222 0.3114
223 0.31195
224 0.31315
225 0.3145
226 0.31575
227 0.3162
228 0.3192
229 0.31945
230 0.3203
231 0.3225
232 0.32345
233 0.3249
234 0.3253
235 0.32755
236 0.3301
237 0.3316
238 0.33225
239 0.33405
240 0.3351
241 0.3363
242 0.33865
243 0.33875
244 0.34145
245 0.34265
246 0.34685
247 0.3489
248 0.3502
249 0.35085
250 0.352
251 0.35285
252 0.35355
253 0.35395
254 0.3545
255 0.3553
256 0.3571
257 0.3593
258 0.3611
259 0.3613
260 0.36235
261 0.3627
262 0.36375
263 0.36425
264 0.3655
265 0.36725
266 0.36865
267 0.36995
268 0.37015
269 0.37135
270 0.3729
271 0.37375
272 0.3756
273 0.3777
274 0.3788
275 0.381
276 0.3822
277 0.3834
278 0.385
279 0.3866
280 0.3879
281 0.3894
282 0.3909
283 0.3933
284 0.39515
285 0.39645
286 0.39675
287 0.3976
288 0.4004
289 0.40145
290 0.40395
291 0.4048
292 0.4067
293 0.4081
294 0.4106
295 0.41295
296 0.41415
297 0.4173
298 0.41905
299 0.42005
300 0.4225
301 0.4252
302 0.4265
303 0.4284
304 0.4294
305 0.42995
306 0.43075
307 0.432
308 0.43355
309 0.4345
310 0.4364
311 0.4397
312 0.44095
313 0.4424
314 0.4428
315 0.44525
316 0.44605
317 0.44735
318 0.44905
319 0.45175
320 0.4526
321 0.45535
322 0.4568
323 0.45725
324 0.4575
325 0.45865
326 0.45905
327 0.46185
328 0.4623
329 0.46355
330 0.464
331 0.46515
332 0.46755
333 0.47015
334 0.47135
335 0.47285
336 0.47355
337 0.4767
338 0.4783
339 0.48105
340 0.4834
341 0.4854
342 0.4874
343 0.48875
344 0.49095
345 0.4922
346 0.4935
347 0.49575
348 0.49695
349 0.4981
350 0.49995
351 0.5007
352 0.5014
353 0.5029
354 0.50395
355 0.50505
356 0.50675
357 0.50725
358 0.5079
359 0.5096
360 0.5113
361 0.51325
362 0.51525
363 0.51625
364 0.5174
365 0.5182
366 0.51925
367 0.52015
368 0.52335
369 0.52475
370 0.5259
371 0.52775
372 0.5301
373 0.53075
374 0.53155
375 0.5338
376 0.53475
377 0.53625
378 0.5369
379 0.5399
380 0.54045
381 0.54215
382 0.5431
383 0.5457
384 0.5466
385 0.5478
386 0.5491
387 0.55015
388 0.5514
389 0.55175
390 0.55425
391 0.5574
392 0.5591
393 0.5596
394 0.55985
395 0.5606
396 0.563
397 0.5661
398 0.56805
399 0.5686
400 0.56955
401 0.5707
402 0.57105
403 0.57265
404 0.57415
405 0.5757
406 0.5762
407 0.5768
408 0.5784
409 0.5787
410 0.581
411 0.58225
412 0.58405
413 0.5848
414 0.58715
415 0.5894
416 0.59055
417 0.59345
418 0.59445
419 0.59495
420 0.59575
421 0.597
422 0.5983
423 0.59875
424 0.5991
425 0.60265
426 0.60325
427 0.605
428 0.60655
429 0.60685
430 0.6075
431 0.6103
432 0.61125
433 0.613
434 0.61445
435 0.61745
436 0.61935
437 0.6204
438 0.6213
439 0.6233
440 0.62555
441 0.62655
442 0.6289
443 0.63035
444 0.63305
445 0.63465
446 0.6361
447 0.63705
448 0.63985
449 0.64175
450 0.64185
451 0.6423
452 0.6445
453 0.64495
454 0.64535
455 0.6461
456 0.6477
457 0.64925
458 0.6515
459 0.6545
460 0.65535
461 0.65615
462 0.65775
463 0.6589
464 0.6612
465 0.6622
466 0.66525
467 0.6686
468 0.66905
469 0.6694
470 0.67065
471 0.67095
472 0.6714
473 0.67205
474 0.6751
475 0.6775
476 0.67865
477 0.68075
478 0.6834
479 0.68535
480 0.68635
481 0.6881
482 0.6886
483 0.6896
484 0.6908
485 0.691
486 0.69235
487 0.6927
488 0.6935
489 0.6943
490 0.69645
491 0.6996
492 0.70035
493 0.7026
494 0.7032
495 0.706
496 0.70625
497 0.70705
498 0.70715
499 0.70885
500 0.7091
501 0.71115
502 0.71175
503 0.71265
504 0.71515
505 0.71735
506 0.7185
507 0.721
508 0.72345
509 0.72565
510 0.7269
511 0.73045
512 0.73245
513 0.7348
514 0.7362
515 0.73665
516 0.73865
517 0.74015
518 0.74135
519 0.74305
520 0.74525
521 0.74625
522 0.74755
523 0.74815
524 0.75165
525 0.75265
526 0.7544
527 0.75565
528 0.75675
529 0.7576
530 0.7593
531 0.7623
532 0.7636
533 0.7657
534 0.76725
535 0.7683
536 0.76845
537 0.7693
538 0.77195
539 0.776
540 0.77845
541 0.7791
542 0.7798
543 0.78075
544 0.78235
545 0.7833
546 0.78555
547 0.7863
548 0.7875
549 0.78895
550 0.79175
551 0.79225
552 0.79425
553 0.79535
554 0.79625
555 0.7972
556 0.79865
557 0.80115
558 0.80225
559 0.8036
560 0.8044
561 0.80545
562 0.80735
563 0.81015
564 0.8106
565 0.8122
566 0.81465
567 0.81545
568 0.8172
569 0.819
570 0.8215
571 0.8222
572 0.82335
573 0.8242
574 0.82455
575 0.82495
576 0.82515
577 0.82645
578 0.8269
579 0.82895
580 0.82935
581 0.83085
582 0.83245
583 0.8341
584 0.8362
585 0.8385
586 0.84
587 0.84155
588 0.84285
589 0.84425
590 0.845
591 0.84565
592 0.8463
593 0.84805
594 0.84835
595 0.8501
596 0.85355
597 0.85375
598 0.8543
599 0.85585
600 0.85885
601 0.86075
602 0.8614
603 0.8623
604 0.8644
605 0.86615
606 0.868
607 0.8705
608 0.8735
609 0.8741
610 0.87585
611 0.87815
612 0.8795
613 0.8805
614 0.8839
615 0.8848
616 0.8871
617 0.8894
618 0.89135
619 0.8937
620 0.89565
621 0.89775
622 0.8986
623 0.8996
624 0.90155
625 0.903
626 0.9039
627 0.9046
628 0.9068
629 0.90775
630 0.90825
631 0.9091
632 0.90975
633 0.91075
634 0.91245
635 0.91345
636 0.91595
637 0.9179
638 0.919
639 0.91915
640 0.9211
641 0.9223
642 0.92425
643 0.92475
644 0.92705
645 0.9284
646 0.92905
647 0.93055
648 0.93115
649 0.93405
650 0.93495
651 0.93545
652 0.9371
653 0.9392
654 0.93935
655 0.9402
656 0.94125
657 0.94425
658 0.9471
659 0.9478
660 0.9487
661 0.95015
662 0.9505
663 0.9516
664 0.95235
665 0.9548
666 0.95575
667 0.9573
668 0.959
669 0.96005
670 0.9608
671 0.96185
672 0.96365
673 0.96405
674 0.9652
675 0.96675
676 0.96695
677 0.96845
678 0.9698
679 0.9715
680 0.9725
681 0.97325
682 0.9751
683 0.97685
684 0.97885
685 0.9806
686 0.98215
687 0.98335
688 0.9846
689 0.9852
690 0.9884
691 0.9907
692 0.9908
693 0.9928
694 0.99385
695 0.99535
696 0.9957
697 0.99625
698 0.99775
699 0.9985
700 0.99905
701 1.00125
# Generated pool n. 17 for Umax = 5.579642295837402
# Generated a biased pool of 20000 with an acceptance of 0.09876777976751328
# Generated a pool of 20000 with an acceptance of 0.0014262820512820496
# Generation repeated 702 times
# Average relative effective sample size: 0.009938091970980167
# Generation efficiency: 0.0014245014245014246
