# Generation 39

0 0.02025
1 0.04205
2 0.0719
3 0.0826
4 0.09975
5 0.1149
6 0.13625
7 0.15765
8 0.1753
9 0.20305
10 0.2295
11 0.2422
12 0.2668
13 0.2902
14 0.31005
15 0.34295
16 0.36355
17 0.38125
18 0.40955
19 0.42615
20 0.43265
21 0.4618
22 0.48225
23 0.50785
24 0.5289
25 0.5452
26 0.56225
27 0.59215
28 0.59475
29 0.6037
30 0.62185
31 0.64175
32 0.672
33 0.70795
34 0.7291
35 0.7387
36 0.7523
37 0.7698
38 0.7991
39 0.82255
40 0.8398
41 0.8519
42 0.8608
43 0.8885
44 0.9155
45 0.93095
46 0.9381
47 0.9511
48 0.96785
49 0.99615
50 1.01735
# Generated pool n. 39 for Umax = -14.552103996276855
# Generated a biased pool of 20000 with an acceptance of 0.641609787940979
# Generated a pool of 20000 with an acceptance of 0.019948039215686275
# Generation repeated 51 times
# Average relative effective sample size: 0.3066898286342621
# Generation efficiency: 0.0196078431372549
