# Generation 30

0 0.0134
1 0.02425
2 0.03055
3 0.0323
4 0.0493
5 0.0633
6 0.0728
7 0.08655
8 0.0932
9 0.1
10 0.11505
11 0.12015
12 0.1308
13 0.13475
14 0.1469
15 0.1548
16 0.16945
17 0.18005
18 0.19475
19 0.2008
20 0.22075
21 0.2227
22 0.24005
23 0.24815
24 0.26955
25 0.28335
26 0.2914
27 0.2964
28 0.30545
29 0.3126
30 0.3239
31 0.32945
32 0.34745
33 0.36695
34 0.37945
35 0.39475
36 0.40125
37 0.4135
38 0.41635
39 0.421
40 0.42825
41 0.4366
42 0.44305
43 0.4491
44 0.4592
45 0.4727
46 0.48865
47 0.51135
48 0.51695
49 0.5264
50 0.5344
51 0.55285
52 0.5713
53 0.58685
54 0.5949
55 0.6197
56 0.62265
57 0.63875
58 0.65415
59 0.6644
60 0.67635
61 0.68795
62 0.70325
63 0.71225
64 0.7223
65 0.72565
66 0.7494
67 0.76485
68 0.7682
69 0.7838
70 0.79265
71 0.79415
72 0.80325
73 0.8148
74 0.8361
75 0.85645
76 0.865
77 0.88345
78 0.8872
79 0.89565
80 0.90585
81 0.92005
82 0.9293
83 0.94855
84 0.9637
85 0.975
86 0.9928
87 1.00725
# Generated pool n. 30 for Umax = -13.199493408203125
# Generated a biased pool of 20000 with an acceptance of 0.5591955184936523
# Generated a pool of 20000 with an acceptance of 0.011446022727272721
# Generation repeated 88 times
# Average relative effective sample size: 0.19503052532672882
# Generation efficiency: 0.011363636363636364
