# Generation 12

0 0.0007
1 0.00175
2 0.0028
3 0.005
4 0.0054
5 0.0068
6 0.0078
7 0.00875
8 0.0108
9 0.01115
10 0.0118
11 0.01285
12 0.01345
13 0.01405
14 0.01575
15 0.0169
16 0.017
17 0.0178
18 0.01785
19 0.01885
20 0.0193
21 0.02005
22 0.0214
23 0.0219
24 0.0229
25 0.024
26 0.02465
27 0.0261
28 0.0266
29 0.02735
30 0.02815
31 0.02845
32 0.03085
33 0.03205
34 0.03365
35 0.03425
36 0.03525
37 0.03545
38 0.03555
39 0.03685
40 0.03715
41 0.0374
42 0.03835
43 0.0393
44 0.0421
45 0.0427
46 0.04305
47 0.0441
48 0.04545
49 0.0462
50 0.04675
51 0.0481
52 0.04865
53 0.0494
54 0.0512
55 0.0529
56 0.05365
57 0.05485
58 0.0553
59 0.05655
60 0.0569
61 0.0574
62 0.05845
63 0.0594
64 0.06105
65 0.0622
66 0.0634
67 0.0649
68 0.0653
69 0.0676
70 0.06805
71 0.0694
72 0.07035
73 0.0706
74 0.0707
75 0.0711
76 0.07135
77 0.0724
78 0.0738
79 0.07435
80 0.0756
81 0.0767
82 0.0768
83 0.0773
84 0.07915
85 0.07975
86 0.08045
87 0.0814
88 0.0824
89 0.0826
90 0.08365
91 0.0855
92 0.0866
93 0.0872
94 0.08815
95 0.0895
96 0.09115
97 0.092
98 0.09485
99 0.09545
100 0.0966
101 0.097
102 0.09805
103 0.0992
104 0.1002
105 0.1003
106 0.10085
107 0.10125
108 0.1017
109 0.1031
110 0.10325
111 0.10365
112 0.10425
113 0.10595
114 0.1063
115 0.10675
116 0.10825
117 0.10875
118 0.10925
119 0.1098
120 0.11125
121 0.11165
122 0.11175
123 0.11215
124 0.1146
125 0.11515
126 0.1165
127 0.11675
128 0.1181
129 0.11825
130 0.11875
131 0.1196
132 0.1201
133 0.12085
134 0.12245
135 0.1231
136 0.1246
137 0.12525
138 0.12605
139 0.12655
140 0.1273
141 0.12825
142 0.12905
143 0.1298
144 0.13145
145 0.13335
146 0.13475
147 0.1351
148 0.13605
149 0.1367
150 0.1376
151 0.1381
152 0.13925
153 0.14005
154 0.14095
155 0.14245
156 0.1432
157 0.14405
158 0.1447
159 0.146
160 0.147
161 0.14885
162 0.1507
163 0.15145
164 0.1532
165 0.1537
166 0.1547
167 0.1561
168 0.15745
169 0.1578
170 0.1592
171 0.16065
172 0.161
173 0.1621
174 0.16315
175 0.16395
176 0.16455
177 0.16485
178 0.16605
179 0.16675
180 0.16735
181 0.16795
182 0.1686
183 0.1693
184 0.17
185 0.17085
186 0.1726
187 0.1736
188 0.175
189 0.1768
190 0.17735
191 0.1784
192 0.17965
193 0.18025
194 0.183
195 0.18415
196 0.1856
197 0.18725
198 0.18875
199 0.18985
200 0.1905
201 0.192
202 0.19345
203 0.19465
204 0.19595
205 0.1982
206 0.19915
207 0.20055
208 0.2016
209 0.2022
210 0.20275
211 0.20315
212 0.2036
213 0.2048
214 0.20575
215 0.206
216 0.2073
217 0.20825
218 0.20925
219 0.2108
220 0.2115
221 0.2132
222 0.2142
223 0.2143
224 0.2158
225 0.21695
226 0.21795
227 0.21855
228 0.21955
229 0.2199
230 0.22105
231 0.22285
232 0.22375
233 0.2252
234 0.22715
235 0.22805
236 0.2286
237 0.23
238 0.23105
239 0.2324
240 0.2328
241 0.2345
242 0.23535
243 0.23655
244 0.23685
245 0.23755
246 0.2381
247 0.2401
248 0.2417
249 0.24315
250 0.2437
251 0.245
252 0.2464
253 0.2475
254 0.2479
255 0.24885
256 0.24965
257 0.25045
258 0.25105
259 0.25265
260 0.2532
261 0.25435
262 0.25465
263 0.25615
264 0.2575
265 0.25905
266 0.26005
267 0.26115
268 0.26225
269 0.26285
270 0.26445
271 0.26575
272 0.2667
273 0.2672
274 0.26765
275 0.2682
276 0.26845
277 0.2697
278 0.27105
279 0.27305
280 0.27365
281 0.27445
282 0.27475
283 0.2755
284 0.27675
285 0.27825
286 0.2789
287 0.28005
288 0.2811
289 0.28415
290 0.28455
291 0.28485
292 0.28575
293 0.2864
294 0.2874
295 0.2882
296 0.29035
297 0.2911
298 0.29195
299 0.29255
300 0.29375
301 0.29435
302 0.29565
303 0.2962
304 0.29715
305 0.29915
306 0.2994
307 0.29985
308 0.3011
309 0.3029
310 0.3042
311 0.3055
312 0.3063
313 0.3074
314 0.30915
315 0.31135
316 0.3119
317 0.31275
318 0.3134
319 0.31405
320 0.31545
321 0.31675
322 0.31735
323 0.3178
324 0.3188
325 0.3208
326 0.3223
327 0.3229
328 0.32335
329 0.32565
330 0.32685
331 0.32735
332 0.32775
333 0.3283
334 0.32925
335 0.3296
336 0.33085
337 0.33115
338 0.3318
339 0.3319
340 0.3332
341 0.3343
342 0.3351
343 0.3357
344 0.33585
345 0.33655
346 0.3373
347 0.3381
348 0.33965
349 0.3402
350 0.34105
351 0.3417
352 0.3423
353 0.34325
354 0.3441
355 0.3448
356 0.34645
357 0.34755
358 0.3492
359 0.3511
360 0.3513
361 0.3524
362 0.3526
363 0.35285
364 0.35375
365 0.35415
366 0.3563
367 0.3577
368 0.35905
369 0.36085
370 0.3616
371 0.36245
372 0.36365
373 0.36385
374 0.36535
375 0.36865
376 0.3697
377 0.37135
378 0.3723
379 0.3727
380 0.3744
381 0.3756
382 0.3757
383 0.37675
384 0.3779
385 0.3787
386 0.37915
387 0.37985
388 0.3803
389 0.3812
390 0.38275
391 0.3832
392 0.3838
393 0.3863
394 0.38655
395 0.3867
396 0.38785
397 0.38805
398 0.38935
399 0.38995
400 0.3902
401 0.39065
402 0.3922
403 0.39265
404 0.3931
405 0.39355
406 0.39415
407 0.39535
408 0.39705
409 0.3978
410 0.3984
411 0.4001
412 0.40105
413 0.4026
414 0.40565
415 0.40705
416 0.40765
417 0.40825
418 0.4093
419 0.4096
420 0.41115
421 0.4119
422 0.41255
423 0.41405
424 0.4148
425 0.4151
426 0.41605
427 0.41715
428 0.41815
429 0.4192
430 0.41995
431 0.4209
432 0.4222
433 0.42415
434 0.4253
435 0.42615
436 0.42635
437 0.42705
438 0.4281
439 0.42875
440 0.43065
441 0.4313
442 0.43135
443 0.43155
444 0.4329
445 0.4337
446 0.4341
447 0.43455
448 0.43465
449 0.4357
450 0.4367
451 0.43825
452 0.44015
453 0.4405
454 0.44145
455 0.4417
456 0.44245
457 0.44285
458 0.4447
459 0.4457
460 0.4472
461 0.4481
462 0.4486
463 0.45035
464 0.4509
465 0.4512
466 0.45235
467 0.4533
468 0.45425
469 0.45495
470 0.4556
471 0.4559
472 0.4566
473 0.4576
474 0.45895
475 0.45985
476 0.46205
477 0.4634
478 0.46365
479 0.4652
480 0.4668
481 0.4677
482 0.46845
483 0.46945
484 0.47
485 0.4707
486 0.47255
487 0.4736
488 0.474
489 0.4742
490 0.4745
491 0.47565
492 0.47595
493 0.4768
494 0.47715
495 0.47785
496 0.47865
497 0.47965
498 0.4801
499 0.48085
500 0.4811
501 0.4817
502 0.4823
503 0.48315
504 0.4854
505 0.48595
506 0.4866
507 0.48805
508 0.48965
509 0.49065
510 0.4921
511 0.4928
512 0.49415
513 0.49575
514 0.49665
515 0.49675
516 0.49785
517 0.49835
518 0.4989
519 0.5003
520 0.5009
521 0.50145
522 0.50185
523 0.5036
524 0.5048
525 0.5065
526 0.50735
527 0.50845
528 0.5091
529 0.51005
530 0.51065
531 0.5121
532 0.5134
533 0.5137
534 0.5144
535 0.51505
536 0.5159
537 0.5163
538 0.517
539 0.5178
540 0.518
541 0.51925
542 0.5204
543 0.5212
544 0.5222
545 0.52335
546 0.524
547 0.5248
548 0.52595
549 0.52715
550 0.5282
551 0.52885
552 0.53115
553 0.53155
554 0.53255
555 0.5332
556 0.53365
557 0.5349
558 0.53645
559 0.53825
560 0.5399
561 0.5411
562 0.54205
563 0.54335
564 0.5445
565 0.54615
566 0.54755
567 0.5504
568 0.5513
569 0.55285
570 0.5538
571 0.5542
572 0.5551
573 0.5558
574 0.5568
575 0.55785
576 0.55905
577 0.5603
578 0.5607
579 0.5617
580 0.56195
581 0.5621
582 0.5633
583 0.56405
584 0.5649
585 0.56615
586 0.567
587 0.5678
588 0.5689
589 0.57025
590 0.5713
591 0.57175
592 0.573
593 0.57435
594 0.57515
595 0.576
596 0.5765
597 0.5778
598 0.5788
599 0.57985
600 0.58
601 0.5808
602 0.58295
603 0.5831
604 0.58405
605 0.58505
606 0.5867
607 0.5868
608 0.5872
609 0.58905
610 0.59075
611 0.5911
612 0.59205
613 0.5926
614 0.593
615 0.59345
616 0.5953
617 0.596
618 0.59795
619 0.59925
620 0.6001
621 0.6015
622 0.6028
623 0.60345
624 0.60415
625 0.60465
626 0.60545
627 0.6062
628 0.60715
629 0.6081
630 0.6094
631 0.60985
632 0.6109
633 0.6131
634 0.6139
635 0.61465
636 0.61585
637 0.6161
638 0.6169
639 0.6182
640 0.61835
641 0.6196
642 0.6219
643 0.62255
644 0.6241
645 0.6258
646 0.62725
647 0.6282
648 0.6283
649 0.6285
650 0.62975
651 0.63015
652 0.6306
653 0.6321
654 0.6331
655 0.63375
656 0.6358
657 0.63595
658 0.63695
659 0.63755
660 0.63895
661 0.6401
662 0.64095
663 0.64165
664 0.64255
665 0.6445
666 0.64495
667 0.6455
668 0.6456
669 0.64745
670 0.6478
671 0.64855
672 0.6499
673 0.6511
674 0.6522
675 0.65335
676 0.6544
677 0.65645
678 0.65755
679 0.6591
680 0.66125
681 0.66135
682 0.66205
683 0.66415
684 0.6643
685 0.66545
686 0.66685
687 0.6683
688 0.6696
689 0.6702
690 0.67095
691 0.67165
692 0.67195
693 0.67295
694 0.67495
695 0.6754
696 0.676
697 0.6766
698 0.6774
699 0.67865
700 0.68055
701 0.68125
702 0.6829
703 0.68345
704 0.68365
705 0.68445
706 0.68545
707 0.6867
708 0.6878
709 0.6883
710 0.69055
711 0.69195
712 0.69255
713 0.69375
714 0.6954
715 0.697
716 0.69705
717 0.6978
718 0.69935
719 0.69965
720 0.7005
721 0.70125
722 0.70205
723 0.70375
724 0.7041
725 0.7047
726 0.70495
727 0.70535
728 0.70725
729 0.7077
730 0.7087
731 0.7088
732 0.7093
733 0.71085
734 0.71225
735 0.71375
736 0.7146
737 0.71525
738 0.71585
739 0.71705
740 0.7173
741 0.71835
742 0.71935
743 0.7196
744 0.71965
745 0.72065
746 0.7215
747 0.72235
748 0.7235
749 0.72455
750 0.72515
751 0.7261
752 0.7267
753 0.7286
754 0.73005
755 0.7318
756 0.732
757 0.7326
758 0.73365
759 0.73495
760 0.73575
761 0.73645
762 0.73765
763 0.73845
764 0.7397
765 0.74045
766 0.741
767 0.7415
768 0.74265
769 0.7435
770 0.74435
771 0.7449
772 0.74585
773 0.74655
774 0.7489
775 0.74965
776 0.75235
777 0.75315
778 0.7537
779 0.75415
780 0.7551
781 0.75675
782 0.75885
783 0.75995
784 0.7602
785 0.76045
786 0.76085
787 0.76235
788 0.76415
789 0.7654
790 0.7658
791 0.76625
792 0.7676
793 0.7683
794 0.76855
795 0.769
796 0.7698
797 0.7707
798 0.7713
799 0.77225
800 0.773
801 0.7738
802 0.775
803 0.77615
804 0.7781
805 0.77905
806 0.78085
807 0.78135
808 0.78255
809 0.78265
810 0.7842
811 0.78445
812 0.7845
813 0.7861
814 0.78705
815 0.7873
816 0.78895
817 0.7898
818 0.79
819 0.7913
820 0.7928
821 0.7954
822 0.7957
823 0.7961
824 0.79675
825 0.797
826 0.7975
827 0.79835
828 0.8004
829 0.80085
830 0.8021
831 0.80315
832 0.8035
833 0.80545
834 0.8069
835 0.80755
836 0.80955
837 0.8105
838 0.81145
839 0.81305
840 0.8139
841 0.8144
842 0.81535
843 0.8161
844 0.81745
845 0.8183
846 0.81885
847 0.81925
848 0.8204
849 0.82075
850 0.8224
851 0.82345
852 0.8247
853 0.8263
854 0.82715
855 0.82795
856 0.82845
857 0.82955
858 0.8305
859 0.832
860 0.83265
861 0.83505
862 0.83635
863 0.8369
864 0.83745
865 0.8386
866 0.8402
867 0.84125
868 0.84165
869 0.8436
870 0.8451
871 0.84555
872 0.8473
873 0.8486
874 0.84995
875 0.8526
876 0.85335
877 0.85355
878 0.85435
879 0.8554
880 0.85675
881 0.85765
882 0.85825
883 0.859
884 0.85985
885 0.86145
886 0.8631
887 0.8634
888 0.8649
889 0.8655
890 0.86615
891 0.86675
892 0.86755
893 0.8685
894 0.8687
895 0.86955
896 0.87075
897 0.87135
898 0.8716
899 0.87305
900 0.8741
901 0.8744
902 0.87555
903 0.87625
904 0.878
905 0.87865
906 0.8796
907 0.88115
908 0.882
909 0.8831
910 0.8849
911 0.88555
912 0.8864
913 0.8876
914 0.8891
915 0.8898
916 0.8905
917 0.89145
918 0.89205
919 0.8933
920 0.8936
921 0.895
922 0.89655
923 0.898
924 0.89855
925 0.899
926 0.89935
927 0.9
928 0.9011
929 0.9021
930 0.90355
931 0.90515
932 0.90665
933 0.90755
934 0.90875
935 0.9094
936 0.90965
937 0.9099
938 0.91175
939 0.912
940 0.9125
941 0.91315
942 0.9143
943 0.91595
944 0.91685
945 0.91825
946 0.9184
947 0.9191
948 0.9195
949 0.9201
950 0.9207
951 0.92105
952 0.92255
953 0.9253
954 0.92555
955 0.92665
956 0.92735
957 0.92795
958 0.9295
959 0.93035
960 0.93105
961 0.9318
962 0.9327
963 0.93355
964 0.9346
965 0.93675
966 0.9382
967 0.93925
968 0.9394
969 0.9408
970 0.94175
971 0.94295
972 0.94495
973 0.9458
974 0.94645
975 0.94815
976 0.9498
977 0.95075
978 0.95115
979 0.95295
980 0.9536
981 0.9551
982 0.9554
983 0.9568
984 0.958
985 0.9585
986 0.959
987 0.96065
988 0.9623
989 0.9631
990 0.96355
991 0.9649
992 0.96565
993 0.9669
994 0.9683
995 0.9706
996 0.9715
997 0.97185
998 0.97215
999 0.9727
1000 0.9741
1001 0.9752
1002 0.9762
1003 0.97675
1004 0.97755
1005 0.9786
1006 0.979
1007 0.98045
1008 0.9816
1009 0.98355
1010 0.9843
1011 0.98575
1012 0.9871
1013 0.9888
1014 0.98955
1015 0.99105
1016 0.9917
1017 0.994
1018 0.99425
1019 0.9954
1020 0.99755
1021 0.99825
1022 0.99925
1023 1.0016
# Generated pool n. 12 for Umax = 54.59318923950195
# Generated a biased pool of 20000 with an acceptance of 0.04289892315864563
# Generated a pool of 20000 with an acceptance of 0.000978124999999999
# Generation repeated 1024 times
# Average relative effective sample size: 0.005170803517103195
# Generation efficiency: 0.0009765625
