# Generation 3

0 0.0084
1 0.0163
2 0.0234
3 0.02715
4 0.03485
5 0.04315
6 0.04765
7 0.0533
8 0.05755
9 0.0688
10 0.07665
11 0.08475
12 0.0902
13 0.0972
14 0.10335
15 0.1085
16 0.1128
17 0.1225
18 0.1267
19 0.13445
20 0.141
21 0.1518
22 0.15755
23 0.1635
24 0.1713
25 0.17835
26 0.18805
27 0.20155
28 0.21065
29 0.216
30 0.2229
31 0.2273
32 0.2357
33 0.2388
34 0.242
35 0.24835
36 0.25275
37 0.26025
38 0.2713
39 0.27825
40 0.2869
41 0.2935
42 0.2979
43 0.30365
44 0.31065
45 0.3216
46 0.327
47 0.33515
48 0.3412
49 0.34815
50 0.3515
51 0.35855
52 0.3652
53 0.37295
54 0.38225
55 0.38595
56 0.3901
57 0.39855
58 0.40545
59 0.4122
60 0.41735
61 0.4267
62 0.4345
63 0.4388
64 0.4448
65 0.45035
66 0.4555
67 0.4623
68 0.46985
69 0.4782
70 0.48485
71 0.48915
72 0.4936
73 0.49985
74 0.5077
75 0.5094
76 0.5197
77 0.5231
78 0.52875
79 0.5369
80 0.54315
81 0.55395
82 0.5609
83 0.56775
84 0.5755
85 0.5845
86 0.58985
87 0.59475
88 0.60525
89 0.6114
90 0.6183
91 0.62275
92 0.6293
93 0.6345
94 0.63865
95 0.64605
96 0.6545
97 0.66275
98 0.67045
99 0.67805
100 0.6864
101 0.69675
102 0.7064
103 0.71035
104 0.7183
105 0.7269
106 0.73375
107 0.74225
108 0.747
109 0.7576
110 0.76265
111 0.76915
112 0.7786
113 0.7837
114 0.7902
115 0.79955
116 0.80635
117 0.8117
118 0.8171
119 0.8255
120 0.83095
121 0.83825
122 0.84565
123 0.85345
124 0.8602
125 0.86695
126 0.8766
127 0.881
128 0.89065
129 0.89835
130 0.9055
131 0.9161
132 0.92405
133 0.9317
134 0.9394
135 0.9473
136 0.9556
137 0.96315
138 0.9709
139 0.97855
140 0.9861
141 0.9938
142 1.0043
# Generated pool n. 3 for Umax = 724.4454345703125
# Generated a biased pool of 20000 with an acceptance of 0.10762027651071548
# Generated a pool of 20000 with an acceptance of 0.007023076923076923
# Generation repeated 143 times
# Average relative effective sample size: 0.05285926163196564
# Generation efficiency: 0.006993006993006993
