# Generation 37

0 0.0102
1 0.0273
2 0.05365
3 0.07205
4 0.08945
5 0.10655
6 0.12265
7 0.1361
8 0.15445
9 0.17765
10 0.184
11 0.1956
12 0.20455
13 0.23545
14 0.249
15 0.2677
16 0.2828
17 0.29905
18 0.3015
19 0.32105
20 0.3293
21 0.35105
22 0.37375
23 0.39755
24 0.41
25 0.43265
26 0.44295
27 0.44995
28 0.46625
29 0.47635
30 0.49455
31 0.52365
32 0.5386
33 0.5512
34 0.562
35 0.57145
36 0.5829
37 0.6066
38 0.6259
39 0.63675
40 0.65275
41 0.6718
42 0.686
43 0.69635
44 0.70115
45 0.71455
46 0.7225
47 0.7404
48 0.76035
49 0.7834
50 0.8031
51 0.8156
52 0.8252
53 0.83895
54 0.8492
55 0.8561
56 0.8632
57 0.88465
58 0.90055
59 0.9331
60 0.95675
61 0.97255
62 0.9798
63 0.99335
64 1.0036
# Generated pool n. 37 for Umax = -14.400352478027344
# Generated a biased pool of 20000 with an acceptance of 0.6434792280197144
# Generated a pool of 20000 with an acceptance of 0.015439999999999997
# Generation repeated 65 times
# Average relative effective sample size: 0.2765461206436157
# Generation efficiency: 0.015384615384615385
