# Generation 23

0 0.00305
1 0.0059
2 0.0125
3 0.01285
4 0.0205
5 0.0226
6 0.0278
7 0.0351
8 0.0431
9 0.0468
10 0.05615
11 0.06355
12 0.0704
13 0.07645
14 0.08135
15 0.0889
16 0.0994
17 0.1006
18 0.1119
19 0.11665
20 0.1252
21 0.1314
22 0.1345
23 0.1377
24 0.1419
25 0.14575
26 0.14915
27 0.1512
28 0.15525
29 0.1566
30 0.15945
31 0.16375
32 0.1647
33 0.16725
34 0.1741
35 0.17915
36 0.1827
37 0.1873
38 0.1942
39 0.2028
40 0.2077
41 0.2151
42 0.2183
43 0.2204
44 0.2219
45 0.22625
46 0.2334
47 0.2411
48 0.2467
49 0.24905
50 0.2553
51 0.26285
52 0.2715
53 0.27635
54 0.28235
55 0.2877
56 0.29075
57 0.2975
58 0.298
59 0.2999
60 0.31035
61 0.3176
62 0.32055
63 0.32555
64 0.33475
65 0.34005
66 0.3427
67 0.3478
68 0.3597
69 0.3616
70 0.3654
71 0.36725
72 0.3752
73 0.37945
74 0.38755
75 0.39195
76 0.4028
77 0.41005
78 0.4211
79 0.4249
80 0.4287
81 0.4312
82 0.43795
83 0.44285
84 0.4468
85 0.4543
86 0.45685
87 0.4656
88 0.47475
89 0.4835
90 0.48825
91 0.49115
92 0.49525
93 0.50375
94 0.5114
95 0.5151
96 0.5185
97 0.529
98 0.53105
99 0.53365
100 0.53755
101 0.53915
102 0.5422
103 0.5445
104 0.54785
105 0.5571
106 0.5637
107 0.5702
108 0.57335
109 0.5784
110 0.58195
111 0.58805
112 0.5902
113 0.59745
114 0.60155
115 0.61195
116 0.61745
117 0.6182
118 0.62285
119 0.62415
120 0.62815
121 0.6321
122 0.6374
123 0.6408
124 0.6431
125 0.6505
126 0.65385
127 0.65685
128 0.6664
129 0.6705
130 0.67595
131 0.68065
132 0.68265
133 0.69015
134 0.69305
135 0.70225
136 0.7101
137 0.7189
138 0.72075
139 0.72875
140 0.737
141 0.74085
142 0.7486
143 0.75175
144 0.7592
145 0.76055
146 0.76395
147 0.76615
148 0.7669
149 0.7744
150 0.7811
151 0.7822
152 0.78785
153 0.7904
154 0.793
155 0.8006
156 0.80375
157 0.80725
158 0.8109
159 0.81515
160 0.82625
161 0.82895
162 0.8371
163 0.8408
164 0.84465
165 0.8516
166 0.8565
167 0.86065
168 0.86505
169 0.87005
170 0.8766
171 0.88135
172 0.8854
173 0.88735
174 0.89255
175 0.89875
176 0.9011
177 0.90665
178 0.9079
179 0.91035
180 0.9188
181 0.92475
182 0.9297
183 0.9317
184 0.93825
185 0.94665
186 0.9573
187 0.9627
188 0.96835
189 0.97495
190 0.98245
191 0.98715
192 0.99435
193 1.00395
# Generated pool n. 23 for Umax = -8.825448989868164
# Generated a biased pool of 20000 with an acceptance of 0.36140570044517517
# Generated a pool of 20000 with an acceptance of 0.005174999999999999
# Generation repeated 194 times
# Average relative effective sample size: 0.0736849457025528
# Generation efficiency: 0.005154639175257732
