# Generation 7

0 0.0019
1 0.00365
2 0.0048
3 0.00555
4 0.00585
5 0.0068
6 0.00805
7 0.0087
8 0.0108
9 0.0116
10 0.01365
11 0.01415
12 0.0153
13 0.01565
14 0.0174
15 0.0182
16 0.02215
17 0.02265
18 0.02435
19 0.02515
20 0.02595
21 0.02785
22 0.0294
23 0.0314
24 0.03305
25 0.0344
26 0.036
27 0.0366
28 0.0385
29 0.04115
30 0.0438
31 0.04495
32 0.0463
33 0.0477
34 0.04865
35 0.04915
36 0.0496
37 0.0512
38 0.05205
39 0.05365
40 0.05455
41 0.0561
42 0.0564
43 0.05725
44 0.0589
45 0.0597
46 0.05975
47 0.06165
48 0.06295
49 0.06455
50 0.06555
51 0.06665
52 0.0684
53 0.07085
54 0.07125
55 0.07265
56 0.07425
57 0.0764
58 0.07665
59 0.0775
60 0.07935
61 0.08115
62 0.0823
63 0.08345
64 0.08575
65 0.08755
66 0.08825
67 0.0891
68 0.08925
69 0.0913
70 0.0914
71 0.0928
72 0.0941
73 0.09455
74 0.09525
75 0.09585
76 0.09765
77 0.09945
78 0.10215
79 0.10285
80 0.1032
81 0.1041
82 0.10515
83 0.10645
84 0.1082
85 0.10935
86 0.1111
87 0.1128
88 0.11445
89 0.11525
90 0.1156
91 0.11715
92 0.1188
93 0.1196
94 0.12165
95 0.12225
96 0.1226
97 0.12425
98 0.1246
99 0.12525
100 0.1267
101 0.12775
102 0.1286
103 0.13025
104 0.1316
105 0.13275
106 0.1343
107 0.13645
108 0.13885
109 0.1401
110 0.14165
111 0.14295
112 0.1437
113 0.1447
114 0.14605
115 0.14825
116 0.1493
117 0.1506
118 0.15185
119 0.1536
120 0.15385
121 0.15405
122 0.15645
123 0.1584
124 0.1599
125 0.1605
126 0.16225
127 0.1637
128 0.16435
129 0.1664
130 0.16795
131 0.17185
132 0.17315
133 0.17455
134 0.1761
135 0.1779
136 0.17825
137 0.1794
138 0.1808
139 0.18185
140 0.1835
141 0.1849
142 0.18615
143 0.18735
144 0.1887
145 0.18915
146 0.1903
147 0.19065
148 0.1911
149 0.19225
150 0.19385
151 0.19535
152 0.19645
153 0.19705
154 0.1979
155 0.199
156 0.2004
157 0.2012
158 0.2029
159 0.20555
160 0.20635
161 0.20895
162 0.2096
163 0.2108
164 0.2124
165 0.21385
166 0.2144
167 0.21505
168 0.2162
169 0.2179
170 0.21935
171 0.2202
172 0.22205
173 0.2234
174 0.22385
175 0.2248
176 0.2255
177 0.2261
178 0.22765
179 0.22805
180 0.22895
181 0.2298
182 0.2321
183 0.23285
184 0.23315
185 0.23405
186 0.23495
187 0.23615
188 0.2368
189 0.2381
190 0.23865
191 0.2404
192 0.24145
193 0.2424
194 0.243
195 0.2436
196 0.244
197 0.2461
198 0.24645
199 0.2484
200 0.249
201 0.25075
202 0.2528
203 0.2548
204 0.25515
205 0.2558
206 0.2566
207 0.2569
208 0.2575
209 0.2583
210 0.2591
211 0.2593
212 0.26015
213 0.2607
214 0.26225
215 0.26325
216 0.2639
217 0.26495
218 0.26725
219 0.26885
220 0.2694
221 0.2704
222 0.27065
223 0.2724
224 0.27325
225 0.2743
226 0.27535
227 0.2764
228 0.27815
229 0.2789
230 0.27955
231 0.28125
232 0.28325
233 0.28505
234 0.286
235 0.2872
236 0.28815
237 0.28905
238 0.2895
239 0.29095
240 0.29165
241 0.2931
242 0.29415
243 0.29535
244 0.29665
245 0.29795
246 0.29905
247 0.30015
248 0.3012
249 0.30235
250 0.30325
251 0.305
252 0.3057
253 0.30795
254 0.3081
255 0.3087
256 0.30925
257 0.31035
258 0.3112
259 0.31235
260 0.31325
261 0.3148
262 0.3166
263 0.31835
264 0.3192
265 0.3224
266 0.32355
267 0.3244
268 0.32525
269 0.32635
270 0.32855
271 0.3296
272 0.3306
273 0.33175
274 0.3321
275 0.33455
276 0.336
277 0.3368
278 0.33705
279 0.3379
280 0.33865
281 0.34055
282 0.3419
283 0.34365
284 0.34475
285 0.34715
286 0.34875
287 0.3491
288 0.35015
289 0.35145
290 0.3526
291 0.35395
292 0.35665
293 0.35765
294 0.35865
295 0.3608
296 0.3637
297 0.36555
298 0.3661
299 0.3675
300 0.36905
301 0.37065
302 0.37195
303 0.3744
304 0.37685
305 0.37765
306 0.37895
307 0.3793
308 0.37985
309 0.38065
310 0.38135
311 0.38265
312 0.38405
313 0.38595
314 0.3869
315 0.3872
316 0.38835
317 0.3895
318 0.3906
319 0.39155
320 0.3932
321 0.395
322 0.3954
323 0.39635
324 0.3974
325 0.39885
326 0.39995
327 0.4026
328 0.4038
329 0.4043
330 0.4051
331 0.40675
332 0.40745
333 0.4083
334 0.4099
335 0.41095
336 0.41145
337 0.4127
338 0.41385
339 0.41515
340 0.4157
341 0.41765
342 0.41905
343 0.4205
344 0.42165
345 0.42305
346 0.4246
347 0.4263
348 0.4276
349 0.429
350 0.43075
351 0.4327
352 0.43315
353 0.43415
354 0.4357
355 0.43725
356 0.43835
357 0.44035
358 0.4408
359 0.44245
360 0.44395
361 0.44595
362 0.4471
363 0.44895
364 0.45085
365 0.45195
366 0.4545
367 0.45545
368 0.45645
369 0.4583
370 0.4602
371 0.4614
372 0.4625
373 0.46365
374 0.46445
375 0.4661
376 0.46675
377 0.46815
378 0.47015
379 0.47165
380 0.47315
381 0.474
382 0.4753
383 0.47655
384 0.4777
385 0.48
386 0.48195
387 0.48375
388 0.4848
389 0.4857
390 0.4862
391 0.48845
392 0.48995
393 0.49075
394 0.4917
395 0.4939
396 0.49565
397 0.4972
398 0.49745
399 0.4986
400 0.50115
401 0.50265
402 0.5035
403 0.5042
404 0.50545
405 0.50715
406 0.50885
407 0.50985
408 0.5107
409 0.5116
410 0.51265
411 0.51325
412 0.5137
413 0.5159
414 0.5183
415 0.5206
416 0.5219
417 0.5228
418 0.52455
419 0.525
420 0.52575
421 0.52665
422 0.5279
423 0.52985
424 0.5303
425 0.5312
426 0.5314
427 0.5327
428 0.534
429 0.53525
430 0.5363
431 0.5369
432 0.5378
433 0.5399
434 0.54135
435 0.54265
436 0.54335
437 0.5438
438 0.5443
439 0.54565
440 0.54705
441 0.54845
442 0.54985
443 0.5517
444 0.5537
445 0.5542
446 0.5555
447 0.5579
448 0.559
449 0.55995
450 0.5617
451 0.56345
452 0.56595
453 0.56685
454 0.56775
455 0.56895
456 0.5694
457 0.5716
458 0.57325
459 0.57475
460 0.57525
461 0.5758
462 0.5772
463 0.5801
464 0.58155
465 0.58245
466 0.5842
467 0.58585
468 0.58785
469 0.5886
470 0.589
471 0.59035
472 0.59105
473 0.59195
474 0.59265
475 0.59345
476 0.5945
477 0.5953
478 0.59675
479 0.59835
480 0.5995
481 0.60005
482 0.6011
483 0.60315
484 0.60445
485 0.60505
486 0.60715
487 0.60945
488 0.61045
489 0.6119
490 0.61335
491 0.6138
492 0.61505
493 0.6163
494 0.61675
495 0.61945
496 0.6207
497 0.62125
498 0.62225
499 0.62275
500 0.62295
501 0.62425
502 0.62485
503 0.6261
504 0.6277
505 0.6292
506 0.6309
507 0.63175
508 0.63305
509 0.6352
510 0.6362
511 0.6375
512 0.638
513 0.63895
514 0.64115
515 0.64285
516 0.6448
517 0.6469
518 0.6482
519 0.64935
520 0.6511
521 0.6519
522 0.6535
523 0.65455
524 0.65525
525 0.6558
526 0.6578
527 0.65935
528 0.6603
529 0.6613
530 0.66235
531 0.66345
532 0.66525
533 0.66625
534 0.6671
535 0.6694
536 0.67045
537 0.67175
538 0.67275
539 0.6744
540 0.6766
541 0.67725
542 0.6785
543 0.68035
544 0.68155
545 0.6833
546 0.68425
547 0.6853
548 0.6868
549 0.68835
550 0.6891
551 0.6899
552 0.69185
553 0.69315
554 0.69505
555 0.6965
556 0.6969
557 0.69805
558 0.70015
559 0.70135
560 0.70215
561 0.7025
562 0.70435
563 0.7071
564 0.7082
565 0.70955
566 0.7121
567 0.71315
568 0.714
569 0.71585
570 0.7173
571 0.71775
572 0.71915
573 0.72135
574 0.7221
575 0.72385
576 0.72515
577 0.72645
578 0.72745
579 0.72795
580 0.72875
581 0.7293
582 0.73005
583 0.7305
584 0.73055
585 0.73175
586 0.7329
587 0.7343
588 0.7357
589 0.7372
590 0.73815
591 0.74045
592 0.74285
593 0.7446
594 0.7469
595 0.7476
596 0.74915
597 0.75145
598 0.75275
599 0.75465
600 0.75575
601 0.7563
602 0.7577
603 0.7595
604 0.7615
605 0.7636
606 0.76435
607 0.76535
608 0.7662
609 0.7672
610 0.7678
611 0.7701
612 0.77295
613 0.7735
614 0.77455
615 0.7756
616 0.77685
617 0.77805
618 0.7792
619 0.78025
620 0.78145
621 0.78285
622 0.78375
623 0.786
624 0.78735
625 0.7886
626 0.78985
627 0.79215
628 0.79285
629 0.79365
630 0.79535
631 0.79615
632 0.79745
633 0.798
634 0.79915
635 0.79975
636 0.8023
637 0.80265
638 0.80375
639 0.8046
640 0.80575
641 0.8077
642 0.80925
643 0.8101
644 0.81145
645 0.8125
646 0.8141
647 0.8154
648 0.81655
649 0.8186
650 0.81955
651 0.82035
652 0.821
653 0.82185
654 0.82355
655 0.82465
656 0.82515
657 0.8259
658 0.82735
659 0.8288
660 0.83015
661 0.8311
662 0.8322
663 0.8327
664 0.8337
665 0.8362
666 0.8377
667 0.83915
668 0.8409
669 0.8415
670 0.8419
671 0.84295
672 0.8433
673 0.84355
674 0.8465
675 0.84925
676 0.8497
677 0.85105
678 0.85205
679 0.8534
680 0.855
681 0.8563
682 0.85675
683 0.8595
684 0.8615
685 0.86295
686 0.86385
687 0.8646
688 0.86585
689 0.86665
690 0.8677
691 0.86915
692 0.8711
693 0.8732
694 0.8738
695 0.87635
696 0.8771
697 0.8794
698 0.8812
699 0.8821
700 0.8833
701 0.88495
702 0.8875
703 0.8879
704 0.88865
705 0.8896
706 0.8911
707 0.892
708 0.8927
709 0.8935
710 0.8953
711 0.89765
712 0.8998
713 0.9013
714 0.90195
715 0.903
716 0.90355
717 0.9047
718 0.90535
719 0.90595
720 0.90955
721 0.91055
722 0.91215
723 0.9129
724 0.91415
725 0.91525
726 0.91595
727 0.91695
728 0.91815
729 0.9189
730 0.9206
731 0.9224
732 0.92355
733 0.9254
734 0.9261
735 0.92685
736 0.9286
737 0.93055
738 0.9316
739 0.9334
740 0.9349
741 0.9359
742 0.93675
743 0.93715
744 0.9385
745 0.939
746 0.9405
747 0.94155
748 0.94305
749 0.9442
750 0.945
751 0.94545
752 0.9464
753 0.94705
754 0.94785
755 0.9486
756 0.95
757 0.95155
758 0.9522
759 0.9548
760 0.9552
761 0.95665
762 0.9581
763 0.95925
764 0.9604
765 0.9617
766 0.9621
767 0.9633
768 0.96405
769 0.9648
770 0.9655
771 0.9671
772 0.9679
773 0.9699
774 0.9714
775 0.97275
776 0.97315
777 0.97385
778 0.9751
779 0.9762
780 0.97695
781 0.97815
782 0.97875
783 0.9798
784 0.9802
785 0.9813
786 0.9827
787 0.9834
788 0.9845
789 0.98595
790 0.98675
791 0.9886
792 0.99105
793 0.99305
794 0.9936
795 0.9969
796 0.99895
797 1.0002
# Generated pool n. 7 for Umax = 278.7067565917969
# Generated a biased pool of 20000 with an acceptance of 0.03359081596136093
# Generated a pool of 20000 with an acceptance of 0.0012533834586466149
# Generation repeated 798 times
# Average relative effective sample size: 0.0065260110422968864
# Generation efficiency: 0.0012531328320802004
