# Generation 34

0 0.01445
1 0.0232
2 0.04225
3 0.06675
4 0.09055
5 0.1
6 0.1177
7 0.13035
8 0.14535
9 0.1602
10 0.1757
11 0.19385
12 0.2085
13 0.21695
14 0.2344
15 0.249
16 0.2607
17 0.2804
18 0.3151
19 0.32085
20 0.33115
21 0.3477
22 0.3568
23 0.3794
24 0.39875
25 0.42665
26 0.44475
27 0.46515
28 0.4897
29 0.50735
30 0.5173
31 0.5441
32 0.5506
33 0.5599
34 0.5686
35 0.5888
36 0.60815
37 0.63115
38 0.6384
39 0.6429
40 0.6537
41 0.6641
42 0.68485
43 0.6961
44 0.7128
45 0.7433
46 0.76225
47 0.78285
48 0.8082
49 0.8416
50 0.8525
51 0.86425
52 0.8903
53 0.90955
54 0.93585
55 0.9551
56 0.96385
57 0.97645
58 0.99665
59 1.0218
# Generated pool n. 34 for Umax = -14.053685188293457
# Generated a biased pool of 20000 with an acceptance of 0.6157774925231934
# Generated a pool of 20000 with an acceptance of 0.01703
# Generation repeated 60 times
# Average relative effective sample size: 0.26842936873435974
# Generation efficiency: 0.016666666666666666
