# Generation 4

0 0.0009
1 0.00295
2 0.00735
3 0.0113
4 0.01455
5 0.01815
6 0.02205
7 0.0269
8 0.03365
9 0.04075
10 0.0447
11 0.04865
12 0.052
13 0.0564
14 0.06015
15 0.06825
16 0.0742
17 0.0776
18 0.08145
19 0.085
20 0.0879
21 0.0938
22 0.09855
23 0.1022
24 0.1071
25 0.11005
26 0.1154
27 0.1192
28 0.12145
29 0.12675
30 0.12865
31 0.1357
32 0.13975
33 0.1439
34 0.1487
35 0.1517
36 0.15395
37 0.15895
38 0.16615
39 0.1714
40 0.1752
41 0.17695
42 0.18165
43 0.1844
44 0.1884
45 0.19085
46 0.1967
47 0.2026
48 0.2068
49 0.20875
50 0.21235
51 0.2133
52 0.2182
53 0.22265
54 0.2273
55 0.22895
56 0.23125
57 0.2347
58 0.23885
59 0.241
60 0.2443
61 0.2471
62 0.25165
63 0.2546
64 0.25825
65 0.26235
66 0.2654
67 0.26985
68 0.2712
69 0.2744
70 0.27765
71 0.28
72 0.2855
73 0.2921
74 0.29685
75 0.3017
76 0.30655
77 0.31185
78 0.31805
79 0.32095
80 0.32665
81 0.3311
82 0.3336
83 0.3392
84 0.34075
85 0.3428
86 0.3478
87 0.35245
88 0.3571
89 0.35965
90 0.36395
91 0.36865
92 0.3751
93 0.3785
94 0.3819
95 0.385
96 0.3879
97 0.39155
98 0.396
99 0.40015
100 0.4011
101 0.40335
102 0.40525
103 0.40685
104 0.41075
105 0.41225
106 0.4166
107 0.41795
108 0.4222
109 0.4271
110 0.43045
111 0.4363
112 0.4423
113 0.44635
114 0.44935
115 0.4513
116 0.452
117 0.4555
118 0.46
119 0.4638
120 0.4691
121 0.47575
122 0.47855
123 0.4836
124 0.48715
125 0.4917
126 0.49625
127 0.4984
128 0.50395
129 0.5063
130 0.5118
131 0.5156
132 0.5176
133 0.52215
134 0.52685
135 0.534
136 0.53845
137 0.54395
138 0.5484
139 0.55245
140 0.55535
141 0.55885
142 0.5616
143 0.5664
144 0.5714
145 0.57305
146 0.57565
147 0.5787
148 0.5807
149 0.5836
150 0.58725
151 0.58985
152 0.5933
153 0.60105
154 0.6048
155 0.6064
156 0.60895
157 0.61145
158 0.61365
159 0.62095
160 0.6243
161 0.62885
162 0.6341
163 0.63595
164 0.6425
165 0.645
166 0.64755
167 0.6522
168 0.6584
169 0.6642
170 0.6693
171 0.67425
172 0.676
173 0.678
174 0.6831
175 0.68615
176 0.68805
177 0.69115
178 0.69555
179 0.69745
180 0.702
181 0.70565
182 0.71075
183 0.71485
184 0.7229
185 0.72965
186 0.7319
187 0.7373
188 0.7424
189 0.7457
190 0.7496
191 0.75505
192 0.75795
193 0.76195
194 0.76425
195 0.7658
196 0.76855
197 0.7712
198 0.77545
199 0.7824
200 0.7856
201 0.78775
202 0.79095
203 0.79595
204 0.8014
205 0.80605
206 0.81345
207 0.81755
208 0.8216
209 0.8266
210 0.83215
211 0.83695
212 0.8414
213 0.8448
214 0.84905
215 0.85115
216 0.85715
217 0.86335
218 0.86625
219 0.86955
220 0.8738
221 0.8777
222 0.8815
223 0.88465
224 0.88735
225 0.8931
226 0.8972
227 0.9008
228 0.9047
229 0.90735
230 0.9104
231 0.91375
232 0.91745
233 0.91925
234 0.925
235 0.92995
236 0.9338
237 0.93605
238 0.9382
239 0.9431
240 0.94615
241 0.94885
242 0.95245
243 0.9547
244 0.95745
245 0.9634
246 0.9682
247 0.97195
248 0.97705
249 0.9809
250 0.9837
251 0.98835
252 0.9924
253 0.99795
254 1.00395
# Generated pool n. 4 for Umax = 573.7839965820312
# Generated a biased pool of 20000 with an acceptance of 0.07638075202703476
# Generated a pool of 20000 with an acceptance of 0.003937058823529415
# Generation repeated 255 times
# Average relative effective sample size: 0.027469269931316376
# Generation efficiency: 0.00392156862745098
