# Generation 33

0 0.0078
1 0.01545
2 0.0324
3 0.04015
4 0.0617
5 0.0717
6 0.0809
7 0.1033
8 0.1166
9 0.1241
10 0.126
11 0.1342
12 0.1431
13 0.14705
14 0.15775
15 0.1661
16 0.1833
17 0.1907
18 0.19845
19 0.20565
20 0.21395
21 0.22605
22 0.2337
23 0.23725
24 0.24745
25 0.2571
26 0.2736
27 0.2828
28 0.29155
29 0.2988
30 0.3087
31 0.3218
32 0.32805
33 0.33375
34 0.3459
35 0.35765
36 0.37655
37 0.3908
38 0.3964
39 0.4085
40 0.42295
41 0.4345
42 0.441
43 0.456
44 0.4623
45 0.46905
46 0.4794
47 0.4841
48 0.4876
49 0.49065
50 0.4978
51 0.513
52 0.5277
53 0.54045
54 0.5616
55 0.5708
56 0.5782
57 0.59055
58 0.59805
59 0.60285
60 0.6119
61 0.63745
62 0.6422
63 0.6548
64 0.6687
65 0.68635
66 0.69125
67 0.69965
68 0.7106
69 0.7202
70 0.73275
71 0.7496
72 0.75355
73 0.76515
74 0.76835
75 0.7808
76 0.785
77 0.79605
78 0.81285
79 0.8251
80 0.83535
81 0.85285
82 0.86785
83 0.87035
84 0.88535
85 0.8928
86 0.90345
87 0.91385
88 0.92445
89 0.93475
90 0.94265
91 0.9509
92 0.9677
93 0.9728
94 0.98215
95 0.99305
96 0.9958
97 1.00825
# Generated pool n. 33 for Umax = -13.89370346069336
# Generated a biased pool of 20000 with an acceptance of 0.5722607374191284
# Generated a pool of 20000 with an acceptance of 0.010288265306122445
# Generation repeated 98 times
# Average relative effective sample size: 0.1883946806192398
# Generation efficiency: 0.01020408163265306
