# Generation 24

0 0.00175
1 0.0069
2 0.01425
3 0.0189
4 0.02055
5 0.02655
6 0.0347
7 0.04135
8 0.0441
9 0.04925
10 0.05155
11 0.0541
12 0.0597
13 0.0679
14 0.07315
15 0.0755
16 0.0819
17 0.0862
18 0.09345
19 0.0948
20 0.0978
21 0.0991
22 0.11025
23 0.1152
24 0.12155
25 0.12825
26 0.13655
27 0.1415
28 0.15195
29 0.1613
30 0.1705
31 0.177
32 0.18125
33 0.18345
34 0.1881
35 0.18895
36 0.19705
37 0.2069
38 0.2125
39 0.21765
40 0.2193
41 0.22535
42 0.2355
43 0.2375
44 0.24705
45 0.25745
46 0.26
47 0.26685
48 0.27505
49 0.28115
50 0.2909
51 0.29785
52 0.3015
53 0.3032
54 0.30425
55 0.30895
56 0.31355
57 0.31865
58 0.3238
59 0.3369
60 0.3383
61 0.34085
62 0.3469
63 0.3533
64 0.35885
65 0.3613
66 0.3648
67 0.36885
68 0.3785
69 0.3844
70 0.3894
71 0.3988
72 0.40375
73 0.40565
74 0.40645
75 0.4169
76 0.4197
77 0.4266
78 0.4315
79 0.43695
80 0.441
81 0.45025
82 0.4526
83 0.4633
84 0.47065
85 0.477
86 0.4866
87 0.4926
88 0.4969
89 0.4988
90 0.5007
91 0.506
92 0.51065
93 0.5151
94 0.52225
95 0.5258
96 0.53965
97 0.54145
98 0.54795
99 0.55635
100 0.56045
101 0.56965
102 0.57605
103 0.5766
104 0.5856
105 0.588
106 0.5931
107 0.59525
108 0.6013
109 0.60795
110 0.6142
111 0.61885
112 0.62785
113 0.64265
114 0.6452
115 0.6471
116 0.64855
117 0.65305
118 0.65575
119 0.66755
120 0.67005
121 0.67125
122 0.6749
123 0.6794
124 0.6878
125 0.69005
126 0.6965
127 0.6973
128 0.7016
129 0.71005
130 0.7157
131 0.7229
132 0.729
133 0.73145
134 0.73935
135 0.74185
136 0.7479
137 0.75955
138 0.76885
139 0.7717
140 0.7745
141 0.78325
142 0.78925
143 0.79335
144 0.7984
145 0.80245
146 0.81315
147 0.8165
148 0.82075
149 0.8239
150 0.8269
151 0.84065
152 0.8516
153 0.85435
154 0.86345
155 0.8691
156 0.87765
157 0.87925
158 0.88445
159 0.88725
160 0.89785
161 0.90315
162 0.9076
163 0.9167
164 0.92115
165 0.9286
166 0.93475
167 0.94015
168 0.94755
169 0.96395
170 0.9687
171 0.9721
172 0.97535
173 0.97915
174 0.98865
175 0.9977
176 1.00365
# Generated pool n. 24 for Umax = -9.869661331176758
# Generated a biased pool of 20000 with an acceptance of 0.3810342848300934
# Generated a pool of 20000 with an acceptance of 0.005670338983050846
# Generation repeated 177 times
# Average relative effective sample size: 0.0848768875002861
# Generation efficiency: 0.005649717514124294
