# Generation 16

0 0.001
1 0.00205
2 0.0065
3 0.008
4 0.00905
5 0.0109
6 0.01325
7 0.01405
8 0.01485
9 0.01545
10 0.01625
11 0.01785
12 0.01905
13 0.02075
14 0.02215
15 0.0223
16 0.02285
17 0.02355
18 0.02415
19 0.0258
20 0.02635
21 0.02825
22 0.02985
23 0.03125
24 0.03205
25 0.03335
26 0.03525
27 0.03535
28 0.036
29 0.0376
30 0.03915
31 0.0398
32 0.041
33 0.04175
34 0.04215
35 0.0458
36 0.04605
37 0.04785
38 0.04945
39 0.0516
40 0.0522
41 0.05375
42 0.0562
43 0.05705
44 0.0596
45 0.0604
46 0.0612
47 0.0616
48 0.06275
49 0.0633
50 0.0646
51 0.06565
52 0.067
53 0.06745
54 0.06855
55 0.071
56 0.0727
57 0.0737
58 0.07485
59 0.0755
60 0.0768
61 0.0773
62 0.07865
63 0.0801
64 0.08205
65 0.0828
66 0.08335
67 0.08345
68 0.0836
69 0.0847
70 0.0848
71 0.0876
72 0.08935
73 0.09
74 0.09145
75 0.09285
76 0.0942
77 0.09575
78 0.0963
79 0.09645
80 0.0973
81 0.09855
82 0.0993
83 0.1019
84 0.10245
85 0.1035
86 0.1046
87 0.1058
88 0.1073
89 0.1079
90 0.10865
91 0.1096
92 0.1102
93 0.1116
94 0.11225
95 0.11415
96 0.11455
97 0.11675
98 0.1171
99 0.11845
100 0.1189
101 0.12
102 0.12075
103 0.122
104 0.12315
105 0.12405
106 0.1249
107 0.1261
108 0.12675
109 0.12725
110 0.12865
111 0.13035
112 0.1315
113 0.13195
114 0.13215
115 0.1331
116 0.13475
117 0.1359
118 0.1366
119 0.13735
120 0.13855
121 0.1407
122 0.1417
123 0.14245
124 0.144
125 0.14635
126 0.14885
127 0.1496
128 0.1521
129 0.1536
130 0.15505
131 0.15665
132 0.15775
133 0.15885
134 0.16035
135 0.1622
136 0.16305
137 0.16495
138 0.16555
139 0.16605
140 0.16665
141 0.16715
142 0.1689
143 0.1691
144 0.17015
145 0.1709
146 0.1722
147 0.1723
148 0.1741
149 0.17455
150 0.1749
151 0.1782
152 0.17885
153 0.18035
154 0.18215
155 0.18235
156 0.18355
157 0.1842
158 0.1854
159 0.18745
160 0.18935
161 0.1908
162 0.1913
163 0.19215
164 0.193
165 0.19325
166 0.19405
167 0.1977
168 0.19815
169 0.20085
170 0.2015
171 0.2037
172 0.20515
173 0.2057
174 0.2063
175 0.20735
176 0.20935
177 0.2109
178 0.2117
179 0.2128
180 0.21375
181 0.2145
182 0.21705
183 0.2186
184 0.21985
185 0.22115
186 0.2242
187 0.227
188 0.2289
189 0.23065
190 0.23125
191 0.2322
192 0.2326
193 0.23385
194 0.23595
195 0.237
196 0.2379
197 0.24025
198 0.24045
199 0.24185
200 0.2423
201 0.2435
202 0.24585
203 0.2459
204 0.24625
205 0.2475
206 0.24815
207 0.2499
208 0.2518
209 0.2522
210 0.25275
211 0.2544
212 0.2566
213 0.2594
214 0.2633
215 0.26425
216 0.2647
217 0.2652
218 0.2673
219 0.2687
220 0.27015
221 0.2717
222 0.27345
223 0.2748
224 0.276
225 0.277
226 0.2775
227 0.27965
228 0.2803
229 0.282
230 0.28275
231 0.2846
232 0.28595
233 0.28755
234 0.2885
235 0.29095
236 0.293
237 0.2959
238 0.29655
239 0.29845
240 0.29935
241 0.3004
242 0.30225
243 0.3028
244 0.30535
245 0.3055
246 0.30625
247 0.3076
248 0.30825
249 0.3104
250 0.31065
251 0.3121
252 0.3143
253 0.31435
254 0.3152
255 0.31715
256 0.31795
257 0.3189
258 0.31895
259 0.3206
260 0.32105
261 0.3216
262 0.3227
263 0.3238
264 0.32465
265 0.32525
266 0.32625
267 0.3271
268 0.32845
269 0.3312
270 0.3315
271 0.3327
272 0.3342
273 0.33525
274 0.3358
275 0.33695
276 0.3381
277 0.33935
278 0.3414
279 0.34155
280 0.3425
281 0.34315
282 0.34475
283 0.3449
284 0.34685
285 0.3483
286 0.34865
287 0.35195
288 0.35285
289 0.35455
290 0.35665
291 0.35745
292 0.3591
293 0.35915
294 0.36155
295 0.36305
296 0.3644
297 0.3664
298 0.36885
299 0.36915
300 0.37035
301 0.3716
302 0.3722
303 0.37495
304 0.3758
305 0.3774
306 0.37975
307 0.3808
308 0.38135
309 0.3823
310 0.38635
311 0.3869
312 0.3874
313 0.38855
314 0.3905
315 0.3906
316 0.39175
317 0.3931
318 0.39375
319 0.396
320 0.3975
321 0.39885
322 0.40035
323 0.4024
324 0.40435
325 0.4049
326 0.40565
327 0.407
328 0.4081
329 0.40915
330 0.41075
331 0.41245
332 0.4134
333 0.41565
334 0.4175
335 0.4189
336 0.4201
337 0.42285
338 0.42355
339 0.4245
340 0.42645
341 0.42665
342 0.428
343 0.42995
344 0.4311
345 0.4317
346 0.43325
347 0.4342
348 0.43445
349 0.43505
350 0.43715
351 0.43935
352 0.4403
353 0.44205
354 0.4424
355 0.4436
356 0.44405
357 0.44455
358 0.44735
359 0.44765
360 0.44835
361 0.4492
362 0.45085
363 0.4524
364 0.4539
365 0.4544
366 0.4567
367 0.457
368 0.45765
369 0.4587
370 0.46
371 0.46115
372 0.46375
373 0.4662
374 0.4683
375 0.4701
376 0.47025
377 0.47115
378 0.4726
379 0.4736
380 0.47375
381 0.4742
382 0.4756
383 0.4766
384 0.4778
385 0.4785
386 0.4819
387 0.4821
388 0.48265
389 0.48445
390 0.48535
391 0.4872
392 0.48825
393 0.48845
394 0.4885
395 0.49065
396 0.4917
397 0.49185
398 0.49205
399 0.4921
400 0.4926
401 0.4937
402 0.4951
403 0.49565
404 0.4967
405 0.49755
406 0.4996
407 0.5011
408 0.5017
409 0.5021
410 0.5043
411 0.5049
412 0.5052
413 0.50635
414 0.5071
415 0.50775
416 0.50895
417 0.51
418 0.51225
419 0.51245
420 0.5135
421 0.5137
422 0.51455
423 0.5164
424 0.5183
425 0.51955
426 0.52035
427 0.521
428 0.52225
429 0.52325
430 0.5241
431 0.5257
432 0.52635
433 0.527
434 0.5282
435 0.52905
436 0.53025
437 0.53145
438 0.53365
439 0.534
440 0.5349
441 0.53735
442 0.538
443 0.53905
444 0.53935
445 0.5417
446 0.5433
447 0.5448
448 0.5465
449 0.54685
450 0.55045
451 0.5508
452 0.55225
453 0.5542
454 0.55645
455 0.5576
456 0.55805
457 0.5596
458 0.5599
459 0.5613
460 0.5627
461 0.5633
462 0.56345
463 0.5662
464 0.5667
465 0.56775
466 0.56885
467 0.56895
468 0.5697
469 0.57055
470 0.57215
471 0.57275
472 0.57425
473 0.5747
474 0.5766
475 0.5776
476 0.5784
477 0.58025
478 0.58105
479 0.5821
480 0.58295
481 0.5837
482 0.58475
483 0.58635
484 0.58765
485 0.5887
486 0.5899
487 0.59085
488 0.59245
489 0.5945
490 0.5951
491 0.5974
492 0.59775
493 0.5992
494 0.6009
495 0.601
496 0.6016
497 0.60245
498 0.60385
499 0.60465
500 0.60515
501 0.6064
502 0.6069
503 0.6074
504 0.6095
505 0.61075
506 0.6116
507 0.6138
508 0.6148
509 0.61575
510 0.6165
511 0.6175
512 0.6177
513 0.61825
514 0.61865
515 0.62015
516 0.6212
517 0.62315
518 0.62375
519 0.6253
520 0.626
521 0.62645
522 0.6275
523 0.6282
524 0.629
525 0.62965
526 0.6315
527 0.6327
528 0.6345
529 0.63485
530 0.6356
531 0.63795
532 0.63985
533 0.64185
534 0.6425
535 0.64375
536 0.6449
537 0.64635
538 0.6467
539 0.64795
540 0.64925
541 0.6521
542 0.65285
543 0.6529
544 0.6535
545 0.6552
546 0.6564
547 0.65815
548 0.65925
549 0.6604
550 0.6614
551 0.6618
552 0.66235
553 0.6628
554 0.66495
555 0.6658
556 0.6662
557 0.66855
558 0.66965
559 0.67085
560 0.67145
561 0.67215
562 0.6744
563 0.6761
564 0.67645
565 0.6786
566 0.6801
567 0.68095
568 0.68325
569 0.68435
570 0.6862
571 0.6893
572 0.69115
573 0.6936
574 0.69425
575 0.6948
576 0.6967
577 0.69725
578 0.698
579 0.6988
580 0.70045
581 0.7025
582 0.70405
583 0.7054
584 0.70595
585 0.7075
586 0.7087
587 0.71105
588 0.71335
589 0.71525
590 0.718
591 0.7192
592 0.7198
593 0.7218
594 0.72325
595 0.72345
596 0.72445
597 0.72675
598 0.7274
599 0.7298
600 0.7308
601 0.7317
602 0.7336
603 0.7337
604 0.73445
605 0.7365
606 0.7378
607 0.74035
608 0.7408
609 0.7412
610 0.74465
611 0.74625
612 0.74835
613 0.74985
614 0.7527
615 0.756
616 0.7582
617 0.75945
618 0.75975
619 0.7607
620 0.7625
621 0.76305
622 0.7647
623 0.7666
624 0.7676
625 0.7696
626 0.7712
627 0.7728
628 0.77365
629 0.7749
630 0.77525
631 0.7778
632 0.7784
633 0.77895
634 0.78005
635 0.7814
636 0.78205
637 0.7822
638 0.7833
639 0.7844
640 0.7857
641 0.787
642 0.78895
643 0.7899
644 0.79095
645 0.79255
646 0.79455
647 0.7967
648 0.79685
649 0.7992
650 0.8017
651 0.80335
652 0.805
653 0.80625
654 0.807
655 0.80725
656 0.809
657 0.80945
658 0.81175
659 0.8147
660 0.81585
661 0.8166
662 0.818
663 0.81885
664 0.8216
665 0.8229
666 0.8235
667 0.826
668 0.82805
669 0.82885
670 0.8295
671 0.83085
672 0.8322
673 0.8334
674 0.8364
675 0.83805
676 0.8386
677 0.8397
678 0.8408
679 0.84285
680 0.8438
681 0.8454
682 0.8475
683 0.84935
684 0.85035
685 0.85195
686 0.8523
687 0.85375
688 0.8543
689 0.85655
690 0.85855
691 0.85995
692 0.8607
693 0.86165
694 0.8624
695 0.86295
696 0.8643
697 0.8655
698 0.86855
699 0.8697
700 0.87095
701 0.87175
702 0.8721
703 0.8746
704 0.8751
705 0.87575
706 0.87685
707 0.88
708 0.88175
709 0.88335
710 0.8837
711 0.8865
712 0.88735
713 0.8885
714 0.88955
715 0.89045
716 0.8924
717 0.8947
718 0.8957
719 0.897
720 0.8998
721 0.90155
722 0.90395
723 0.90565
724 0.907
725 0.9078
726 0.90945
727 0.9105
728 0.9126
729 0.914
730 0.9158
731 0.9175
732 0.919
733 0.92025
734 0.92315
735 0.92425
736 0.9258
737 0.9285
738 0.92955
739 0.9312
740 0.93405
741 0.9357
742 0.9362
743 0.93765
744 0.93905
745 0.9402
746 0.94115
747 0.94275
748 0.94285
749 0.9434
750 0.9471
751 0.9486
752 0.9492
753 0.9495
754 0.9501
755 0.9509
756 0.9521
757 0.95315
758 0.9542
759 0.95515
760 0.95565
761 0.9574
762 0.9583
763 0.95915
764 0.95975
765 0.96085
766 0.9627
767 0.9646
768 0.96485
769 0.9651
770 0.96795
771 0.96865
772 0.96935
773 0.97085
774 0.97265
775 0.9741
776 0.97545
777 0.97665
778 0.97785
779 0.97885
780 0.98
781 0.98235
782 0.98595
783 0.9876
784 0.9887
785 0.9895
786 0.9903
787 0.99245
788 0.99325
789 0.9946
790 0.99715
791 0.99815
792 0.99915
793 0.99965
794 1.0004
# Generated pool n. 16 for Umax = 10.636157035827637
# Generated a biased pool of 20000 with an acceptance of 0.08244909346103668
# Generated a pool of 20000 with an acceptance of 0.0012583647798742133
# Generation repeated 795 times
# Average relative effective sample size: 0.008066756650805473
# Generation efficiency: 0.0012578616352201257
