# Generation 13

0 0.0013
1 0.00305
2 0.0041
3 0.0051
4 0.0056
5 0.00725
6 0.00795
7 0.0101
8 0.01145
9 0.0128
10 0.0138
11 0.01445
12 0.01545
13 0.01785
14 0.0187
15 0.0196
16 0.02005
17 0.0211
18 0.0213
19 0.02235
20 0.02305
21 0.02355
22 0.02445
23 0.02555
24 0.0267
25 0.0281
26 0.0294
27 0.03
28 0.03075
29 0.03245
30 0.03325
31 0.0334
32 0.0344
33 0.0359
34 0.03675
35 0.0382
36 0.0392
37 0.04
38 0.04195
39 0.0426
40 0.0431
41 0.0436
42 0.04475
43 0.0458
44 0.0473
45 0.04805
46 0.04855
47 0.05005
48 0.051
49 0.0513
50 0.0523
51 0.053
52 0.05435
53 0.0557
54 0.05605
55 0.05695
56 0.0574
57 0.0588
58 0.0599
59 0.0606
60 0.0613
61 0.06235
62 0.0642
63 0.06485
64 0.0652
65 0.0654
66 0.06695
67 0.06855
68 0.06985
69 0.071
70 0.07165
71 0.0736
72 0.0744
73 0.0766
74 0.0782
75 0.07945
76 0.08045
77 0.0823
78 0.08305
79 0.0846
80 0.0857
81 0.0869
82 0.0877
83 0.0893
84 0.09215
85 0.0927
86 0.0944
87 0.095
88 0.09665
89 0.09725
90 0.09765
91 0.09845
92 0.0986
93 0.09955
94 0.1009
95 0.1024
96 0.10345
97 0.10475
98 0.10665
99 0.1072
100 0.10765
101 0.10885
102 0.10975
103 0.1105
104 0.1121
105 0.11295
106 0.11415
107 0.11525
108 0.118
109 0.1197
110 0.12045
111 0.1216
112 0.12185
113 0.12275
114 0.12435
115 0.12555
116 0.1262
117 0.12705
118 0.1272
119 0.128
120 0.12855
121 0.12945
122 0.1311
123 0.13215
124 0.13285
125 0.1341
126 0.13475
127 0.13565
128 0.13635
129 0.1378
130 0.13885
131 0.14055
132 0.14085
133 0.14155
134 0.1429
135 0.1443
136 0.1454
137 0.1461
138 0.147
139 0.14745
140 0.1483
141 0.14895
142 0.15065
143 0.1523
144 0.15325
145 0.15355
146 0.1543
147 0.15495
148 0.1551
149 0.15595
150 0.15745
151 0.1586
152 0.1588
153 0.15905
154 0.16
155 0.16125
156 0.1627
157 0.16365
158 0.16415
159 0.16495
160 0.16685
161 0.1678
162 0.17015
163 0.1719
164 0.1722
165 0.1742
166 0.17525
167 0.17555
168 0.17665
169 0.17765
170 0.1783
171 0.1789
172 0.1799
173 0.18055
174 0.18295
175 0.18325
176 0.184
177 0.18595
178 0.1867
179 0.18825
180 0.189
181 0.18975
182 0.19045
183 0.1909
184 0.192
185 0.19295
186 0.1934
187 0.1956
188 0.1961
189 0.1969
190 0.19915
191 0.2004
192 0.20105
193 0.20195
194 0.2028
195 0.20325
196 0.2046
197 0.20575
198 0.20695
199 0.20815
200 0.2085
201 0.2089
202 0.21005
203 0.21115
204 0.21285
205 0.2153
206 0.21595
207 0.2163
208 0.21865
209 0.22045
210 0.22125
211 0.22335
212 0.22405
213 0.22535
214 0.2271
215 0.22745
216 0.22885
217 0.2309
218 0.2319
219 0.23445
220 0.2348
221 0.235
222 0.2362
223 0.2367
224 0.2371
225 0.2377
226 0.23795
227 0.23915
228 0.23975
229 0.2408
230 0.24235
231 0.24355
232 0.2442
233 0.2448
234 0.2465
235 0.2477
236 0.2493
237 0.2506
238 0.25125
239 0.25215
240 0.2527
241 0.25365
242 0.25445
243 0.25535
244 0.2573
245 0.25795
246 0.25955
247 0.2602
248 0.2616
249 0.2625
250 0.26265
251 0.26495
252 0.26565
253 0.26765
254 0.2684
255 0.2693
256 0.2699
257 0.2706
258 0.27185
259 0.27285
260 0.27385
261 0.2749
262 0.2763
263 0.2776
264 0.27945
265 0.2811
266 0.2821
267 0.28315
268 0.28385
269 0.2847
270 0.2856
271 0.28585
272 0.2869
273 0.2884
274 0.29055
275 0.29205
276 0.293
277 0.294
278 0.2951
279 0.29655
280 0.29835
281 0.2992
282 0.29985
283 0.3015
284 0.30275
285 0.30435
286 0.30545
287 0.30695
288 0.30835
289 0.30935
290 0.31025
291 0.31185
292 0.3127
293 0.31425
294 0.31535
295 0.31565
296 0.3172
297 0.3183
298 0.31955
299 0.32075
300 0.32175
301 0.3221
302 0.3236
303 0.3243
304 0.3268
305 0.3272
306 0.3274
307 0.3287
308 0.329
309 0.32975
310 0.3323
311 0.3328
312 0.33315
313 0.335
314 0.3362
315 0.33675
316 0.3374
317 0.3386
318 0.34
319 0.3406
320 0.3424
321 0.3425
322 0.34295
323 0.34335
324 0.3447
325 0.3461
326 0.34695
327 0.3473
328 0.3477
329 0.3481
330 0.34925
331 0.3506
332 0.351
333 0.35215
334 0.3529
335 0.35345
336 0.35475
337 0.3564
338 0.3577
339 0.359
340 0.3608
341 0.3623
342 0.3642
343 0.36445
344 0.3657
345 0.3669
346 0.3678
347 0.3686
348 0.3693
349 0.37075
350 0.3715
351 0.3735
352 0.37435
353 0.3752
354 0.37695
355 0.37825
356 0.3795
357 0.38055
358 0.3815
359 0.3821
360 0.3824
361 0.38295
362 0.38375
363 0.3842
364 0.386
365 0.38715
366 0.3879
367 0.38895
368 0.3896
369 0.39105
370 0.3917
371 0.393
372 0.3949
373 0.39545
374 0.39615
375 0.3972
376 0.3976
377 0.3986
378 0.3988
379 0.4004
380 0.40195
381 0.40315
382 0.4038
383 0.40435
384 0.40605
385 0.40745
386 0.40855
387 0.40945
388 0.41
389 0.41085
390 0.41215
391 0.41295
392 0.4149
393 0.4153
394 0.41595
395 0.41685
396 0.41815
397 0.41895
398 0.42005
399 0.4206
400 0.4216
401 0.42395
402 0.424
403 0.42475
404 0.42515
405 0.426
406 0.4278
407 0.4282
408 0.4289
409 0.4303
410 0.43255
411 0.43315
412 0.43375
413 0.4358
414 0.4368
415 0.4377
416 0.43935
417 0.4398
418 0.44085
419 0.4412
420 0.4419
421 0.4435
422 0.44445
423 0.44545
424 0.44665
425 0.44705
426 0.4495
427 0.4508
428 0.45165
429 0.4524
430 0.45405
431 0.4554
432 0.4571
433 0.45815
434 0.4586
435 0.4597
436 0.46035
437 0.4606
438 0.46115
439 0.4631
440 0.4644
441 0.46615
442 0.46825
443 0.46905
444 0.4704
445 0.47265
446 0.474
447 0.47475
448 0.4749
449 0.47595
450 0.478
451 0.47875
452 0.4797
453 0.4806
454 0.48155
455 0.48215
456 0.4831
457 0.4838
458 0.48435
459 0.4848
460 0.48505
461 0.4857
462 0.4869
463 0.48745
464 0.4892
465 0.48985
466 0.49115
467 0.4916
468 0.4922
469 0.4944
470 0.4956
471 0.4965
472 0.497
473 0.49905
474 0.4995
475 0.49995
476 0.50045
477 0.50085
478 0.50175
479 0.5026
480 0.504
481 0.5053
482 0.50685
483 0.508
484 0.509
485 0.5102
486 0.5115
487 0.51205
488 0.5134
489 0.51435
490 0.5155
491 0.51605
492 0.51735
493 0.5196
494 0.5214
495 0.52245
496 0.5236
497 0.52425
498 0.52555
499 0.5269
500 0.52715
501 0.52745
502 0.5293
503 0.5323
504 0.535
505 0.5365
506 0.53895
507 0.53945
508 0.5405
509 0.54205
510 0.5429
511 0.54345
512 0.54455
513 0.5451
514 0.54555
515 0.5468
516 0.5495
517 0.5505
518 0.5514
519 0.5525
520 0.55255
521 0.55435
522 0.55565
523 0.5559
524 0.55685
525 0.5579
526 0.5595
527 0.5604
528 0.56125
529 0.562
530 0.5632
531 0.56505
532 0.5656
533 0.5663
534 0.5678
535 0.56915
536 0.5701
537 0.57065
538 0.57215
539 0.5725
540 0.57325
541 0.57505
542 0.57745
543 0.57765
544 0.57835
545 0.57895
546 0.5797
547 0.58075
548 0.58135
549 0.5823
550 0.5832
551 0.5841
552 0.5848
553 0.5854
554 0.58585
555 0.58655
556 0.58785
557 0.5888
558 0.5906
559 0.59215
560 0.59305
561 0.59405
562 0.5955
563 0.59655
564 0.5977
565 0.5985
566 0.5993
567 0.60035
568 0.60155
569 0.6036
570 0.60455
571 0.6053
572 0.6061
573 0.6062
574 0.60685
575 0.6079
576 0.6083
577 0.6091
578 0.60985
579 0.61085
580 0.6112
581 0.61195
582 0.61335
583 0.6144
584 0.61525
585 0.61615
586 0.61755
587 0.6185
588 0.62055
589 0.62145
590 0.62275
591 0.6244
592 0.62505
593 0.62605
594 0.6271
595 0.628
596 0.62945
597 0.63005
598 0.6321
599 0.6329
600 0.6343
601 0.6353
602 0.6362
603 0.63665
604 0.63715
605 0.6377
606 0.63835
607 0.63865
608 0.6397
609 0.6411
610 0.6416
611 0.6427
612 0.64335
613 0.6455
614 0.64665
615 0.64805
616 0.64865
617 0.6524
618 0.65375
619 0.65475
620 0.6566
621 0.65735
622 0.6576
623 0.65875
624 0.6593
625 0.66015
626 0.66205
627 0.6624
628 0.66255
629 0.6636
630 0.6639
631 0.6644
632 0.6648
633 0.666
634 0.66795
635 0.66855
636 0.6698
637 0.6701
638 0.6725
639 0.67305
640 0.67405
641 0.6762
642 0.6773
643 0.6789
644 0.6796
645 0.6808
646 0.6812
647 0.68175
648 0.68245
649 0.6839
650 0.68465
651 0.68535
652 0.68665
653 0.68755
654 0.688
655 0.689
656 0.69085
657 0.69195
658 0.69245
659 0.69335
660 0.695
661 0.6971
662 0.699
663 0.70115
664 0.7024
665 0.704
666 0.7051
667 0.70585
668 0.7079
669 0.7083
670 0.70935
671 0.7117
672 0.71255
673 0.71335
674 0.714
675 0.7152
676 0.71625
677 0.71715
678 0.71775
679 0.7191
680 0.71925
681 0.72055
682 0.72075
683 0.7214
684 0.72285
685 0.72435
686 0.7253
687 0.727
688 0.7278
689 0.7282
690 0.73035
691 0.7328
692 0.73395
693 0.7343
694 0.73585
695 0.7367
696 0.7378
697 0.739
698 0.7401
699 0.7408
700 0.74245
701 0.7442
702 0.745
703 0.7459
704 0.7471
705 0.7483
706 0.749
707 0.75
708 0.7507
709 0.7513
710 0.75225
711 0.7526
712 0.75335
713 0.7536
714 0.75465
715 0.75565
716 0.7561
717 0.7571
718 0.75775
719 0.7587
720 0.7598
721 0.7608
722 0.76165
723 0.76235
724 0.7642
725 0.76575
726 0.7663
727 0.76835
728 0.76935
729 0.7699
730 0.7706
731 0.77175
732 0.7728
733 0.7732
734 0.7737
735 0.7741
736 0.7745
737 0.77565
738 0.7768
739 0.7775
740 0.7781
741 0.77975
742 0.78075
743 0.78145
744 0.78265
745 0.78385
746 0.7841
747 0.7865
748 0.7871
749 0.7875
750 0.78925
751 0.7897
752 0.791
753 0.79175
754 0.79265
755 0.7958
756 0.79665
757 0.7974
758 0.7982
759 0.7987
760 0.79955
761 0.80105
762 0.80265
763 0.80355
764 0.8059
765 0.80665
766 0.8072
767 0.8082
768 0.80965
769 0.8103
770 0.8111
771 0.8118
772 0.81275
773 0.81335
774 0.81595
775 0.81635
776 0.81705
777 0.81775
778 0.81855
779 0.82045
780 0.82215
781 0.8222
782 0.8231
783 0.8233
784 0.8237
785 0.82495
786 0.8253
787 0.82635
788 0.8267
789 0.82835
790 0.83045
791 0.8325
792 0.8341
793 0.8353
794 0.83555
795 0.83715
796 0.8379
797 0.83905
798 0.8404
799 0.8407
800 0.8417
801 0.84335
802 0.8441
803 0.84515
804 0.8461
805 0.8465
806 0.84765
807 0.84845
808 0.84945
809 0.8504
810 0.8514
811 0.85275
812 0.8531
813 0.8545
814 0.85615
815 0.8591
816 0.8596
817 0.86045
818 0.86195
819 0.86285
820 0.86425
821 0.86475
822 0.86605
823 0.86755
824 0.8678
825 0.86795
826 0.8689
827 0.86985
828 0.8706
829 0.8713
830 0.8725
831 0.87335
832 0.87415
833 0.87475
834 0.8751
835 0.87615
836 0.8773
837 0.8778
838 0.87935
839 0.88055
840 0.88095
841 0.88135
842 0.8822
843 0.88335
844 0.8839
845 0.8847
846 0.8853
847 0.88615
848 0.888
849 0.8893
850 0.89015
851 0.89075
852 0.8929
853 0.8935
854 0.89445
855 0.89515
856 0.89745
857 0.8984
858 0.89895
859 0.8994
860 0.90005
861 0.90055
862 0.90105
863 0.9028
864 0.905
865 0.90675
866 0.90925
867 0.90975
868 0.9104
869 0.9118
870 0.91195
871 0.9121
872 0.9131
873 0.91405
874 0.9148
875 0.91625
876 0.9167
877 0.91845
878 0.9196
879 0.92245
880 0.9233
881 0.92415
882 0.92425
883 0.925
884 0.9253
885 0.9257
886 0.92695
887 0.92975
888 0.92995
889 0.9315
890 0.9329
891 0.93395
892 0.93605
893 0.9371
894 0.939
895 0.9393
896 0.9405
897 0.9427
898 0.9436
899 0.9445
900 0.94475
901 0.9457
902 0.94765
903 0.9482
904 0.9485
905 0.9505
906 0.9519
907 0.95265
908 0.9537
909 0.954
910 0.95485
911 0.95505
912 0.9576
913 0.95925
914 0.96005
915 0.96175
916 0.96325
917 0.96525
918 0.96555
919 0.96805
920 0.96845
921 0.96945
922 0.9716
923 0.97245
924 0.97275
925 0.9747
926 0.97515
927 0.97615
928 0.97645
929 0.9772
930 0.978
931 0.98
932 0.9805
933 0.98105
934 0.9825
935 0.98565
936 0.987
937 0.98825
938 0.98975
939 0.9914
940 0.9921
941 0.99325
942 0.9938
943 0.9952
944 0.9973
945 0.99855
946 0.99925
947 1.0007
# Generated pool n. 13 for Umax = 37.591007232666016
# Generated a biased pool of 20000 with an acceptance of 0.04948931932449341
# Generated a pool of 20000 with an acceptance of 0.0010555907172995773
# Generation repeated 948 times
# Average relative effective sample size: 0.005949308164417744
# Generation efficiency: 0.0010548523206751054
