# Generation 19

0 0.00025
1 0.00255
2 0.0041
3 0.00635
4 0.0072
5 0.0101
6 0.01035
7 0.01265
8 0.0152
9 0.01675
10 0.01745
11 0.0187
12 0.02045
13 0.02215
14 0.0285
15 0.03165
16 0.03445
17 0.038
18 0.0429
19 0.04315
20 0.0437
21 0.04495
22 0.047
23 0.04785
24 0.054
25 0.0562
26 0.05645
27 0.06035
28 0.06145
29 0.0627
30 0.06535
31 0.06835
32 0.06935
33 0.07075
34 0.0716
35 0.07225
36 0.07455
37 0.07615
38 0.0772
39 0.07805
40 0.0797
41 0.0813
42 0.0838
43 0.08465
44 0.08975
45 0.09125
46 0.0924
47 0.09685
48 0.0979
49 0.09835
50 0.1013
51 0.10235
52 0.1039
53 0.1055
54 0.10655
55 0.1093
56 0.1107
57 0.1114
58 0.1123
59 0.1143
60 0.11475
61 0.11615
62 0.11965
63 0.12165
64 0.1232
65 0.1255
66 0.1267
67 0.12825
68 0.1304
69 0.1323
70 0.1344
71 0.13635
72 0.13695
73 0.139
74 0.1418
75 0.14395
76 0.1447
77 0.1472
78 0.14745
79 0.14965
80 0.1499
81 0.1533
82 0.1546
83 0.1578
84 0.16005
85 0.16175
86 0.1633
87 0.1665
88 0.17115
89 0.17195
90 0.17295
91 0.17355
92 0.17485
93 0.17595
94 0.1764
95 0.1806
96 0.18315
97 0.18385
98 0.185
99 0.1854
100 0.1866
101 0.189
102 0.19
103 0.19425
104 0.1962
105 0.1981
106 0.1998
107 0.20125
108 0.20385
109 0.20835
110 0.21015
111 0.2147
112 0.21695
113 0.22035
114 0.22165
115 0.2237
116 0.22525
117 0.22955
118 0.23285
119 0.23475
120 0.2375
121 0.24175
122 0.24325
123 0.2492
124 0.2512
125 0.2557
126 0.25795
127 0.26305
128 0.26505
129 0.26605
130 0.2707
131 0.2722
132 0.2725
133 0.2741
134 0.27655
135 0.2795
136 0.2809
137 0.28415
138 0.28595
139 0.28675
140 0.2887
141 0.2899
142 0.29325
143 0.2954
144 0.2959
145 0.29735
146 0.29935
147 0.3015
148 0.3024
149 0.3047
150 0.30555
151 0.3102
152 0.3112
153 0.31505
154 0.31575
155 0.31805
156 0.3194
157 0.3198
158 0.3225
159 0.32675
160 0.3278
161 0.32905
162 0.3302
163 0.33135
164 0.33315
165 0.334
166 0.3382
167 0.3396
168 0.3432
169 0.3436
170 0.3451
171 0.3484
172 0.35055
173 0.35065
174 0.3527
175 0.3556
176 0.3583
177 0.36155
178 0.3639
179 0.3662
180 0.37005
181 0.37245
182 0.3737
183 0.37615
184 0.3788
185 0.38165
186 0.38385
187 0.38435
188 0.3859
189 0.3877
190 0.39055
191 0.39385
192 0.39555
193 0.39825
194 0.40035
195 0.4022
196 0.4039
197 0.40615
198 0.40805
199 0.40905
200 0.41155
201 0.41195
202 0.4156
203 0.4218
204 0.42445
205 0.427
206 0.4296
207 0.43145
208 0.4325
209 0.43375
210 0.435
211 0.43765
212 0.43855
213 0.4417
214 0.44495
215 0.4481
216 0.44945
217 0.45255
218 0.4538
219 0.4598
220 0.46165
221 0.4647
222 0.46605
223 0.4695
224 0.4761
225 0.4796
226 0.4851
227 0.4869
228 0.49
229 0.4906
230 0.49285
231 0.4949
232 0.49815
233 0.50095
234 0.5022
235 0.5044
236 0.50605
237 0.50935
238 0.5107
239 0.51285
240 0.51455
241 0.51725
242 0.5182
243 0.5196
244 0.5198
245 0.52395
246 0.5252
247 0.52865
248 0.52935
249 0.53295
250 0.5358
251 0.5384
252 0.53925
253 0.54215
254 0.54425
255 0.54925
256 0.5547
257 0.5574
258 0.55945
259 0.56065
260 0.56445
261 0.56675
262 0.5689
263 0.57025
264 0.57205
265 0.5752
266 0.57615
267 0.57765
268 0.57945
269 0.5815
270 0.58585
271 0.58855
272 0.5901
273 0.5907
274 0.59305
275 0.5965
276 0.5979
277 0.5997
278 0.60215
279 0.6029
280 0.6037
281 0.60585
282 0.60915
283 0.61005
284 0.61095
285 0.61325
286 0.61665
287 0.61795
288 0.62045
289 0.62365
290 0.62525
291 0.62755
292 0.6309
293 0.63335
294 0.6342
295 0.6368
296 0.63735
297 0.6383
298 0.64065
299 0.64215
300 0.64535
301 0.6487
302 0.6517
303 0.65695
304 0.66025
305 0.6621
306 0.6629
307 0.6639
308 0.6672
309 0.66765
310 0.66885
311 0.66965
312 0.66995
313 0.6736
314 0.67775
315 0.6791
316 0.6805
317 0.68375
318 0.68595
319 0.6874
320 0.689
321 0.69025
322 0.69255
323 0.6946
324 0.6962
325 0.69715
326 0.70085
327 0.7023
328 0.70505
329 0.70555
330 0.71055
331 0.71165
332 0.71655
333 0.7195
334 0.725
335 0.7273
336 0.7314
337 0.7346
338 0.7383
339 0.7426
340 0.74415
341 0.74715
342 0.7499
343 0.75285
344 0.7542
345 0.7547
346 0.7556
347 0.757
348 0.7592
349 0.7597
350 0.7636
351 0.76395
352 0.76495
353 0.7673
354 0.76835
355 0.7701
356 0.7744
357 0.77775
358 0.7796
359 0.78435
360 0.7858
361 0.7909
362 0.79205
363 0.7951
364 0.7972
365 0.7994
366 0.8029
367 0.8064
368 0.80905
369 0.8111
370 0.8136
371 0.81575
372 0.81645
373 0.8185
374 0.82285
375 0.82565
376 0.8268
377 0.8288
378 0.83205
379 0.8355
380 0.8384
381 0.83885
382 0.8399
383 0.8412
384 0.8464
385 0.8501
386 0.85415
387 0.8551
388 0.85535
389 0.8565
390 0.85755
391 0.85985
392 0.86215
393 0.86455
394 0.86675
395 0.86725
396 0.869
397 0.87035
398 0.87235
399 0.8751
400 0.8793
401 0.88165
402 0.88285
403 0.8861
404 0.88885
405 0.8904
406 0.8932
407 0.89505
408 0.89955
409 0.9045
410 0.90565
411 0.9066
412 0.9081
413 0.9092
414 0.9114
415 0.912
416 0.91295
417 0.9137
418 0.91545
419 0.9174
420 0.91885
421 0.92055
422 0.92245
423 0.9251
424 0.92875
425 0.9302
426 0.9313
427 0.93275
428 0.93505
429 0.93725
430 0.9375
431 0.94
432 0.942
433 0.9427
434 0.9456
435 0.9474
436 0.9529
437 0.9565
438 0.9591
439 0.9601
440 0.96305
441 0.9663
442 0.96915
443 0.97105
444 0.973
445 0.9753
446 0.97965
447 0.98235
448 0.9866
449 0.98875
450 0.99125
451 0.99645
452 0.9986
453 1.0006
# Generated pool n. 19 for Umax = -1.4630441665649414
# Generated a biased pool of 20000 with an acceptance of 0.1969001293182373
# Generated a pool of 20000 with an acceptance of 0.0022039647577092474
# Generation repeated 454 times
# Average relative effective sample size: 0.02158438041806221
# Generation efficiency: 0.0022026431718061676
