# Generation 25

0 0.013
1 0.01695
2 0.02445
3 0.02995
4 0.0356
5 0.0427
6 0.049
7 0.0524
8 0.0584
9 0.06395
10 0.0679
11 0.07535
12 0.08125
13 0.08205
14 0.08855
15 0.09345
16 0.10675
17 0.115
18 0.12035
19 0.1262
20 0.1311
21 0.137
22 0.13785
23 0.14315
24 0.1458
25 0.15425
26 0.16055
27 0.16585
28 0.17845
29 0.18245
30 0.1872
31 0.18805
32 0.1956
33 0.2006
34 0.2071
35 0.21205
36 0.2201
37 0.2229
38 0.22895
39 0.23705
40 0.241
41 0.251
42 0.2612
43 0.2734
44 0.2799
45 0.28525
46 0.29005
47 0.3008
48 0.30665
49 0.31305
50 0.31845
51 0.325
52 0.3328
53 0.33635
54 0.34245
55 0.34945
56 0.3544
57 0.36055
58 0.36995
59 0.37255
60 0.38215
61 0.3899
62 0.4032
63 0.4096
64 0.41745
65 0.4248
66 0.43645
67 0.44145
68 0.44405
69 0.45055
70 0.4604
71 0.4689
72 0.4803
73 0.4839
74 0.4919
75 0.49725
76 0.50555
77 0.51285
78 0.524
79 0.53425
80 0.544
81 0.551
82 0.5654
83 0.57115
84 0.5736
85 0.5775
86 0.58065
87 0.5903
88 0.5945
89 0.6006
90 0.6053
91 0.6079
92 0.6164
93 0.6188
94 0.62475
95 0.63095
96 0.64015
97 0.6466
98 0.6529
99 0.66465
100 0.6712
101 0.67335
102 0.68105
103 0.68265
104 0.68465
105 0.69245
106 0.69865
107 0.7004
108 0.7124
109 0.7164
110 0.72295
111 0.7327
112 0.7414
113 0.7469
114 0.758
115 0.7651
116 0.7703
117 0.77485
118 0.7795
119 0.78125
120 0.79415
121 0.79855
122 0.80535
123 0.81155
124 0.82025
125 0.8257
126 0.83575
127 0.843
128 0.8432
129 0.84665
130 0.85565
131 0.86205
132 0.86605
133 0.87355
134 0.8768
135 0.8822
136 0.89235
137 0.89395
138 0.89955
139 0.9054
140 0.9076
141 0.9222
142 0.9252
143 0.92975
144 0.93485
145 0.94015
146 0.9508
147 0.96405
148 0.9686
149 0.97965
150 0.98265
151 0.9936
152 1.00295
# Generated pool n. 25 for Umax = -10.727067947387695
# Generated a biased pool of 20000 with an acceptance of 0.43161463737487793
# Generated a pool of 20000 with an acceptance of 0.006555228758169936
# Generation repeated 153 times
# Average relative effective sample size: 0.1042739748954773
# Generation efficiency: 0.006535947712418301
