# Generation 10

0 0.0015
1 0.0021
2 0.00365
3 0.00485
4 0.00575
5 0.00745
6 0.0077
7 0.00835
8 0.00945
9 0.01025
10 0.01055
11 0.0119
12 0.0126
13 0.0141
14 0.01465
15 0.01695
16 0.01845
17 0.0202
18 0.02185
19 0.02345
20 0.0246
21 0.02535
22 0.0269
23 0.0285
24 0.0296
25 0.03135
26 0.0319
27 0.0321
28 0.03345
29 0.0355
30 0.03615
31 0.03735
32 0.0376
33 0.0395
34 0.04115
35 0.04225
36 0.04385
37 0.0456
38 0.0469
39 0.04755
40 0.0487
41 0.0499
42 0.05115
43 0.0525
44 0.053
45 0.05405
46 0.05585
47 0.05655
48 0.05775
49 0.0582
50 0.05905
51 0.05925
52 0.0608
53 0.063
54 0.06475
55 0.0653
56 0.06605
57 0.0675
58 0.06815
59 0.06845
60 0.0697
61 0.07025
62 0.07195
63 0.0736
64 0.0748
65 0.0754
66 0.0778
67 0.07915
68 0.0808
69 0.081
70 0.0827
71 0.08355
72 0.0851
73 0.08545
74 0.08575
75 0.08675
76 0.0873
77 0.0885
78 0.0908
79 0.09255
80 0.09315
81 0.0945
82 0.095
83 0.0963
84 0.09735
85 0.0982
86 0.10055
87 0.101
88 0.1021
89 0.10245
90 0.10355
91 0.10545
92 0.1072
93 0.10835
94 0.1102
95 0.11215
96 0.11305
97 0.1135
98 0.11455
99 0.11475
100 0.1164
101 0.1177
102 0.11885
103 0.12045
104 0.12075
105 0.1213
106 0.12205
107 0.1226
108 0.12365
109 0.12495
110 0.1252
111 0.12635
112 0.12735
113 0.12795
114 0.1291
115 0.13135
116 0.1322
117 0.13325
118 0.13425
119 0.1348
120 0.1366
121 0.13675
122 0.1385
123 0.14065
124 0.1422
125 0.14285
126 0.1439
127 0.1446
128 0.14625
129 0.14655
130 0.14805
131 0.14915
132 0.15035
133 0.1514
134 0.1526
135 0.1551
136 0.1558
137 0.15855
138 0.1598
139 0.16115
140 0.16175
141 0.16265
142 0.1641
143 0.1647
144 0.16585
145 0.1672
146 0.16795
147 0.1694
148 0.17075
149 0.1731
150 0.1735
151 0.17535
152 0.1757
153 0.1768
154 0.1773
155 0.1783
156 0.17965
157 0.1801
158 0.18075
159 0.18185
160 0.18345
161 0.18395
162 0.185
163 0.1864
164 0.18805
165 0.1909
166 0.1923
167 0.1935
168 0.19445
169 0.1951
170 0.1969
171 0.19725
172 0.19925
173 0.19985
174 0.2014
175 0.2026
176 0.20335
177 0.2038
178 0.20485
179 0.20585
180 0.20695
181 0.2081
182 0.21035
183 0.2111
184 0.212
185 0.2137
186 0.2157
187 0.2166
188 0.21815
189 0.2193
190 0.2203
191 0.2213
192 0.2229
193 0.22345
194 0.22395
195 0.22425
196 0.2264
197 0.22715
198 0.22765
199 0.2279
200 0.22855
201 0.22955
202 0.2305
203 0.2314
204 0.2336
205 0.23675
206 0.2375
207 0.23845
208 0.23955
209 0.2414
210 0.2425
211 0.24385
212 0.24505
213 0.2469
214 0.2479
215 0.2486
216 0.2514
217 0.2522
218 0.25295
219 0.25325
220 0.2562
221 0.25815
222 0.25955
223 0.26035
224 0.261
225 0.26225
226 0.2639
227 0.2651
228 0.26655
229 0.2678
230 0.26805
231 0.2691
232 0.2704
233 0.27155
234 0.2723
235 0.27365
236 0.27445
237 0.2746
238 0.27545
239 0.2758
240 0.27715
241 0.2776
242 0.2787
243 0.28075
244 0.28215
245 0.28265
246 0.283
247 0.2849
248 0.285
249 0.2851
250 0.28705
251 0.28815
252 0.2899
253 0.29065
254 0.29215
255 0.29405
256 0.2967
257 0.29775
258 0.2986
259 0.3017
260 0.3028
261 0.30285
262 0.3032
263 0.30365
264 0.3043
265 0.3053
266 0.3071
267 0.3075
268 0.3076
269 0.3078
270 0.31005
271 0.3105
272 0.3119
273 0.3123
274 0.31275
275 0.31315
276 0.31425
277 0.3163
278 0.3169
279 0.3173
280 0.3193
281 0.32025
282 0.3204
283 0.3214
284 0.3229
285 0.3248
286 0.3256
287 0.3267
288 0.3283
289 0.3297
290 0.33175
291 0.3335
292 0.33475
293 0.3355
294 0.33715
295 0.33825
296 0.3398
297 0.34035
298 0.3414
299 0.3429
300 0.34325
301 0.3435
302 0.34415
303 0.34455
304 0.3458
305 0.3462
306 0.347
307 0.3479
308 0.3496
309 0.3504
310 0.3508
311 0.35165
312 0.3529
313 0.35395
314 0.35525
315 0.3561
316 0.35835
317 0.3598
318 0.36055
319 0.36105
320 0.36255
321 0.36385
322 0.3652
323 0.3668
324 0.368
325 0.36945
326 0.37055
327 0.3708
328 0.37095
329 0.37165
330 0.37325
331 0.3744
332 0.3755
333 0.37785
334 0.37905
335 0.37995
336 0.38095
337 0.3824
338 0.38465
339 0.38495
340 0.38535
341 0.3861
342 0.3874
343 0.38985
344 0.39155
345 0.39365
346 0.39405
347 0.39505
348 0.3972
349 0.3989
350 0.3995
351 0.4023
352 0.40275
353 0.40305
354 0.40335
355 0.4048
356 0.407
357 0.40805
358 0.40915
359 0.41065
360 0.41215
361 0.4129
362 0.41415
363 0.41525
364 0.4169
365 0.4182
366 0.4204
367 0.4214
368 0.42195
369 0.42225
370 0.4239
371 0.4249
372 0.42505
373 0.42655
374 0.4273
375 0.429
376 0.42985
377 0.43135
378 0.43185
379 0.4336
380 0.4361
381 0.43775
382 0.4393
383 0.44015
384 0.44135
385 0.44285
386 0.44375
387 0.4445
388 0.44485
389 0.44555
390 0.44605
391 0.44785
392 0.4485
393 0.4493
394 0.44975
395 0.45005
396 0.45125
397 0.452
398 0.4532
399 0.45405
400 0.4546
401 0.45635
402 0.45675
403 0.4573
404 0.4581
405 0.45915
406 0.4594
407 0.4598
408 0.46015
409 0.4617
410 0.4627
411 0.4644
412 0.4668
413 0.4678
414 0.469
415 0.4697
416 0.4701
417 0.471
418 0.4726
419 0.474
420 0.47545
421 0.47705
422 0.4785
423 0.47915
424 0.48
425 0.481
426 0.48225
427 0.48335
428 0.4848
429 0.4853
430 0.48685
431 0.4876
432 0.48905
433 0.48915
434 0.49035
435 0.4931
436 0.4943
437 0.49485
438 0.49685
439 0.4974
440 0.49905
441 0.5
442 0.5007
443 0.50145
444 0.5021
445 0.50235
446 0.50315
447 0.5057
448 0.5082
449 0.5101
450 0.51075
451 0.5122
452 0.51345
453 0.51515
454 0.51635
455 0.5172
456 0.51935
457 0.52105
458 0.52185
459 0.52265
460 0.5237
461 0.52495
462 0.52605
463 0.5271
464 0.5289
465 0.5298
466 0.5308
467 0.53185
468 0.53255
469 0.53345
470 0.53495
471 0.53755
472 0.5379
473 0.53965
474 0.5407
475 0.54185
476 0.5446
477 0.54495
478 0.546
479 0.5466
480 0.54755
481 0.5483
482 0.55085
483 0.55225
484 0.554
485 0.5553
486 0.5568
487 0.55755
488 0.5591
489 0.5595
490 0.5611
491 0.5617
492 0.56255
493 0.5646
494 0.56515
495 0.5663
496 0.56825
497 0.5694
498 0.5697
499 0.57055
500 0.5716
501 0.573
502 0.57345
503 0.57455
504 0.57535
505 0.57645
506 0.57895
507 0.5792
508 0.58175
509 0.58275
510 0.58415
511 0.5861
512 0.58735
513 0.5876
514 0.58905
515 0.59005
516 0.59165
517 0.592
518 0.59255
519 0.5932
520 0.594
521 0.5947
522 0.59635
523 0.5969
524 0.5988
525 0.5998
526 0.6006
527 0.60165
528 0.60275
529 0.6032
530 0.60375
531 0.60435
532 0.6056
533 0.60665
534 0.6078
535 0.60795
536 0.60885
537 0.6097
538 0.61015
539 0.61135
540 0.6121
541 0.6129
542 0.6142
543 0.6144
544 0.61505
545 0.61555
546 0.617
547 0.61905
548 0.62075
549 0.62225
550 0.62285
551 0.6237
552 0.62425
553 0.625
554 0.62555
555 0.6272
556 0.6282
557 0.62985
558 0.63055
559 0.63155
560 0.63305
561 0.63475
562 0.6355
563 0.63685
564 0.638
565 0.6396
566 0.6412
567 0.64305
568 0.64325
569 0.645
570 0.6474
571 0.64875
572 0.6489
573 0.64925
574 0.6504
575 0.6514
576 0.6527
577 0.65345
578 0.65495
579 0.65525
580 0.6563
581 0.6568
582 0.6571
583 0.65825
584 0.65935
585 0.6608
586 0.66115
587 0.6624
588 0.66415
589 0.66465
590 0.6664
591 0.6668
592 0.6683
593 0.67045
594 0.67145
595 0.67215
596 0.67365
597 0.6743
598 0.6754
599 0.67715
600 0.6781
601 0.6792
602 0.6802
603 0.6821
604 0.6833
605 0.6836
606 0.68465
607 0.6863
608 0.68705
609 0.6886
610 0.68945
611 0.69165
612 0.6923
613 0.69395
614 0.6947
615 0.696
616 0.69705
617 0.69835
618 0.6994
619 0.7005
620 0.70125
621 0.7021
622 0.7034
623 0.7055
624 0.7062
625 0.7079
626 0.709
627 0.7097
628 0.71065
629 0.71225
630 0.7147
631 0.7161
632 0.7174
633 0.71845
634 0.7193
635 0.7217
636 0.7222
637 0.72325
638 0.72465
639 0.72505
640 0.72605
641 0.72785
642 0.72875
643 0.73
644 0.7312
645 0.7321
646 0.7341
647 0.7354
648 0.73755
649 0.7388
650 0.73975
651 0.74055
652 0.74205
653 0.74385
654 0.74435
655 0.7455
656 0.74655
657 0.7477
658 0.7479
659 0.749
660 0.7496
661 0.7506
662 0.75225
663 0.75305
664 0.7547
665 0.7565
666 0.7569
667 0.7581
668 0.75875
669 0.7598
670 0.7617
671 0.764
672 0.765
673 0.76585
674 0.76735
675 0.76795
676 0.7703
677 0.7723
678 0.77395
679 0.7742
680 0.77455
681 0.77505
682 0.77555
683 0.7764
684 0.7772
685 0.77795
686 0.77995
687 0.7809
688 0.78105
689 0.78185
690 0.7827
691 0.7844
692 0.78525
693 0.7866
694 0.78715
695 0.78795
696 0.7885
697 0.7892
698 0.79195
699 0.7936
700 0.7947
701 0.7959
702 0.7973
703 0.79855
704 0.7989
705 0.80005
706 0.8006
707 0.80105
708 0.8028
709 0.8047
710 0.80485
711 0.8066
712 0.80685
713 0.80725
714 0.80845
715 0.8089
716 0.81
717 0.8106
718 0.81185
719 0.8126
720 0.81405
721 0.8156
722 0.81625
723 0.8178
724 0.81825
725 0.81985
726 0.8206
727 0.8218
728 0.8222
729 0.823
730 0.8248
731 0.82645
732 0.8271
733 0.82775
734 0.82945
735 0.8296
736 0.8311
737 0.83295
738 0.83435
739 0.83455
740 0.8356
741 0.839
742 0.8397
743 0.8411
744 0.84335
745 0.8443
746 0.8456
747 0.84615
748 0.84765
749 0.84945
750 0.85015
751 0.85075
752 0.85235
753 0.8532
754 0.85445
755 0.85555
756 0.8562
757 0.85715
758 0.85835
759 0.8597
760 0.86065
761 0.8633
762 0.86495
763 0.8663
764 0.8674
765 0.86795
766 0.8682
767 0.86915
768 0.8705
769 0.872
770 0.87265
771 0.8744
772 0.875
773 0.87615
774 0.87795
775 0.8785
776 0.8804
777 0.8827
778 0.88455
779 0.88495
780 0.88605
781 0.8874
782 0.8881
783 0.88875
784 0.89
785 0.89095
786 0.89205
787 0.89365
788 0.8941
789 0.8951
790 0.8961
791 0.8981
792 0.8985
793 0.89945
794 0.90055
795 0.90095
796 0.90235
797 0.9041
798 0.90505
799 0.90575
800 0.9073
801 0.90785
802 0.9084
803 0.9098
804 0.91155
805 0.91415
806 0.9145
807 0.9155
808 0.9164
809 0.9176
810 0.91835
811 0.9202
812 0.92125
813 0.9225
814 0.9233
815 0.92395
816 0.92585
817 0.92695
818 0.92765
819 0.9289
820 0.9295
821 0.9301
822 0.9308
823 0.93125
824 0.93295
825 0.93365
826 0.93455
827 0.9371
828 0.9375
829 0.9381
830 0.9388
831 0.9399
832 0.9415
833 0.94265
834 0.943
835 0.9442
836 0.9453
837 0.94545
838 0.9466
839 0.9473
840 0.94815
841 0.95
842 0.9518
843 0.954
844 0.9567
845 0.95855
846 0.95995
847 0.9616
848 0.9622
849 0.96335
850 0.9655
851 0.96665
852 0.96705
853 0.96785
854 0.9702
855 0.971
856 0.97245
857 0.9735
858 0.9748
859 0.9767
860 0.9783
861 0.9788
862 0.9793
863 0.9796
864 0.9806
865 0.9808
866 0.98145
867 0.9824
868 0.98355
869 0.98445
870 0.9848
871 0.9878
872 0.98885
873 0.9894
874 0.99015
875 0.99065
876 0.9916
877 0.9922
878 0.99385
879 0.99515
880 0.9959
881 0.99715
882 0.99805
883 0.9988
884 0.9992
885 1.0003
# Generated pool n. 10 for Umax = 112.78746032714844
# Generated a biased pool of 20000 with an acceptance of 0.04111113399267197
# Generated a pool of 20000 with an acceptance of 0.0011290067720090293
# Generation repeated 886 times
# Average relative effective sample size: 0.005911307409405708
# Generation efficiency: 0.001128668171557562
