# Generation 44

0 0.02695
1 0.0417
2 0.0642
3 0.0946
4 0.09975
5 0.11485
6 0.13775
7 0.1673
8 0.18115
9 0.18475
10 0.19515
11 0.2148
12 0.2242
13 0.23065
14 0.24785
15 0.262
16 0.28165
17 0.30255
18 0.32765
19 0.3405
20 0.3755
21 0.40595
22 0.4226
23 0.44995
24 0.4738
25 0.5031
26 0.5297
27 0.55935
28 0.58325
29 0.60655
30 0.6177
31 0.65285
32 0.67205
33 0.6813
34 0.69165
35 0.7075
36 0.7343
37 0.7622
38 0.7801
39 0.7972
40 0.8019
41 0.83145
42 0.84675
43 0.8687
44 0.90135
45 0.92265
46 0.9368
47 0.9548
48 0.98075
49 0.994
50 1.0047
# Generated pool n. 44 for Umax = -14.769214630126953
# Generated a biased pool of 20000 with an acceptance of 0.6634774804115295
# Generated a pool of 20000 with an acceptance of 0.0197
# Generation repeated 51 times
# Average relative effective sample size: 0.31352248787879944
# Generation efficiency: 0.0196078431372549
