# Generation 28

0 0.0071
1 0.0136
2 0.02725
3 0.0298
4 0.0332
5 0.0406
6 0.0555
7 0.0606
8 0.0643
9 0.0773
10 0.0831
11 0.094
12 0.10255
13 0.11145
14 0.1165
15 0.11735
16 0.1289
17 0.1372
18 0.14455
19 0.1551
20 0.16465
21 0.1815
22 0.18725
23 0.1948
24 0.19925
25 0.20285
26 0.22465
27 0.2327
28 0.2392
29 0.2478
30 0.25895
31 0.2717
32 0.28055
33 0.284
34 0.28965
35 0.2979
36 0.3069
37 0.31445
38 0.32305
39 0.3327
40 0.3461
41 0.3526
42 0.3584
43 0.3747
44 0.38865
45 0.405
46 0.41135
47 0.4171
48 0.4222
49 0.43215
50 0.4324
51 0.44765
52 0.45915
53 0.46625
54 0.4886
55 0.4987
56 0.50795
57 0.51525
58 0.52745
59 0.5382
60 0.55
61 0.559
62 0.5711
63 0.5896
64 0.59485
65 0.5963
66 0.60885
67 0.61225
68 0.62135
69 0.62845
70 0.6389
71 0.6485
72 0.6619
73 0.6678
74 0.67655
75 0.69155
76 0.69825
77 0.7158
78 0.72455
79 0.7299
80 0.74375
81 0.75255
82 0.75845
83 0.7667
84 0.77295
85 0.7816
86 0.7901
87 0.79485
88 0.8023
89 0.8065
90 0.80775
91 0.82595
92 0.83925
93 0.847
94 0.8555
95 0.86055
96 0.87385
97 0.8949
98 0.9063
99 0.9115
100 0.9226
101 0.92605
102 0.9357
103 0.94645
104 0.95685
105 0.9578
106 0.97115
107 0.9782
108 0.9844
109 0.99145
110 1.0002
# Generated pool n. 28 for Umax = -12.473350524902344
# Generated a biased pool of 20000 with an acceptance of 0.5059364438056946
# Generated a pool of 20000 with an acceptance of 0.009010810810810808
# Generation repeated 111 times
# Average relative effective sample size: 0.1472560465335846
# Generation efficiency: 0.009009009009009009
