# Run started: 2026-09-27 20:13:43.811974
# 
# STD_NS	NF_NS	TRAIN	GENER
9.071690999999999505e+00 0.000000000000000000e+00 2.700084580000000187e+02 3.209973999999999883e+00
8.953554000000000457e+00 1.789827599999999919e+01 2.681544920000000047e+02 1.495100900000000088e+01
8.926325000000000287e+00 1.795246699999999862e+01 2.856395459999999957e+02 5.328528200000000226e+01
8.889476000000000155e+00 1.808652299999999968e+01 2.815795979999999759e+02 1.530563420000000008e+02
8.817712000000000216e+00 1.805497499999999889e+01 2.823056559999999990e+02 2.719073660000000245e+02
8.864642999999999162e+00 1.819196000000000168e+01 2.823539430000000152e+02 4.647545129999999745e+02
9.008342000000000738e+00 1.810978199999999916e+01 2.894958609999999908e+02 5.530565629999999828e+02
8.955555999999999628e+00 1.815257099999999824e+01 2.909560040000000072e+02 8.630597370000000410e+02
9.034375000000000711e+00 1.813898700000000019e+01 2.940726020000000176e+02 8.755278449999999566e+02
9.095243999999999218e+00 1.906584600000000052e+01 2.961553200000000174e+02 1.038626616999999897e+03
8.996335000000000193e+00 1.824896599999999935e+01 2.960323629999999753e+02 9.705451719999999796e+02
9.105762999999999607e+00 1.830254000000000048e+01 2.969566990000000146e+02 1.031811746999999968e+03
9.051505999999999830e+00 1.867153499999999866e+01 2.998394430000000170e+02 1.123896520999999893e+03
9.054144000000000858e+00 1.815125400000000155e+01 2.974044420000000173e+02 1.017441327000000001e+03
8.878702000000000538e+00 1.803380800000000050e+01 2.818594959999999787e+02 9.616875280000000430e+02
8.942425999999999320e+00 1.818880199999999903e+01 2.853555029999999988e+02 9.068274460000000090e+02
8.950561999999999685e+00 1.808668700000000129e+01 2.862013140000000249e+02 8.525528590000000122e+02
8.918233000000000743e+00 1.897312399999999855e+01 2.862285449999999969e+02 7.490491520000000492e+02
8.948147000000000517e+00 1.810755599999999887e+01 2.855895449999999869e+02 6.519911429999999655e+02
8.940348999999999435e+00 1.799883200000000016e+01 2.829307529999999815e+02 4.849913359999999898e+02
8.937713999999999714e+00 1.787466099999999969e+01 2.852698459999999727e+02 4.018112360000000081e+02
8.971031999999999229e+00 1.804714399999999941e+01 2.858019449999999892e+02 3.471314179999999965e+02
8.854072000000000386e+00 1.813911999999999836e+01 2.861291529999999739e+02 2.383509579999999914e+02
8.920837999999999823e+00 1.814280899999999974e+01 2.876124550000000113e+02 2.084568789999999865e+02
8.906129999999999214e+00 1.811950600000000122e+01 2.866673270000000002e+02 1.900538779999999974e+02
8.890098000000000056e+00 1.796511200000000130e+01 2.847702150000000074e+02 1.635078629999999862e+02
8.901733999999999369e+00 1.807578200000000024e+01 2.852209490000000187e+02 1.390476999999999919e+02
8.879379999999999384e+00 1.819160700000000119e+01 2.889393019999999979e+02 1.280529659999999978e+02
8.847250000000000725e+00 1.806122600000000133e+01 2.818717649999999821e+02 1.183740460000000070e+02
8.844020000000000437e+00 1.811265600000000120e+01 2.836508319999999799e+02 8.532905999999999835e+01
8.829207000000000249e+00 1.799083600000000160e+01 2.849131169999999997e+02 9.486150899999999808e+01
8.831585000000000463e+00 1.807135299999999845e+01 2.850782019999999761e+02 9.615154699999999366e+01
8.928876000000000701e+00 1.873654900000000012e+01 2.855418619999999805e+02 8.222598399999999685e+01
8.905141000000000417e+00 1.797725499999999954e+01 2.852704979999999750e+02 1.049461550000000045e+02
8.982457000000000136e+00 1.791780800000000085e+01 2.850032199999999989e+02 6.458715300000000070e+01
8.854132999999999143e+00 1.793205299999999980e+01 2.857629939999999920e+02 7.005010099999999795e+01
9.029673000000000727e+00 1.827580100000000130e+01 2.857004559999999742e+02 7.481702199999999436e+01
8.947727000000000430e+00 1.795894300000000143e+01 2.858694449999999847e+02 6.963098300000000052e+01
8.944615999999999900e+00 1.806279800000000080e+01 2.861291180000000054e+02 6.841327800000000536e+01
8.948242000000000473e+00 1.797342499999999887e+01 2.889566879999999855e+02 5.447350399999999837e+01
9.048545000000000726e+00 1.796757300000000157e+01 2.865635169999999903e+02 6.126230699999999985e+01
8.874584999999999724e+00 1.791662600000000083e+01 2.859537859999999796e+02 5.879451699999999903e+01
8.945147999999999655e+00 1.793722700000000003e+01 2.855350710000000163e+02 5.241230300000000142e+01
8.878119999999999123e+00 1.797176800000000085e+01 2.868107840000000124e+02 5.777014900000000353e+01
8.917626999999999526e+00 1.777837800000000001e+01 2.883732079999999769e+02 5.484667199999999809e+01
# Run ended: 2026-09-28 04:37:35.135018
# Elapsed time: 8:23:51.323044
