# epoch	step	nll	ecut	ecut_viol	grad_norm	val_nll	val_ecut	val_ecut_viol	val_ress_zx	LR
1	27	-6.617987632751465	0.0	0.0	38.65432357788086	-6.586398601531982	520.621337890625	514.2291259765625	0.008328130468726158	9.757729755661011e-05
2	54	-6.740024089813232	0.0	0.0	41.12166213989258	-6.6999711990356445	514.8853759765625	508.36834716796875	0.006862997077405453	9.05463412215599e-05
3	81	-6.795335292816162	0.0	0.0	38.78559494018555	-6.75882625579834	502.385986328125	495.78436279296875	0.00652218796312809	7.959536998847742e-05
4	108	-6.885024070739746	0.0	0.0	36.18510055541992	-6.874431610107422	491.1712341308594	484.60784912109375	0.005012779962271452	6.57963412215599e-05
5	135	-6.984188079833984	0.0	0.0	38.753726959228516	-6.928598403930664	481.63201904296875	474.8018493652344	0.010606003925204277	5.05e-05
6	162	-7.03775691986084	0.0	0.0	29.956336975097656	-7.063896179199219	467.6416931152344	460.9611511230469	0.009086402133107185	3.5203658778440106e-05
7	189	-7.116682052612305	0.0	0.0	34.22602844238281	-7.203738689422607	456.05609130859375	449.169189453125	0.008117806166410446	2.1404630011522586e-05
8	216	-7.262219429016113	0.0	0.0	39.615196228027344	-7.276322364807129	451.42041015625	444.53228759765625	0.013310334645211697	1.0453658778440107e-05
9	243	-7.335894584655762	0.0	0.0	39.054969787597656	-7.335435390472412	446.5619812011719	439.6664733886719	0.013402966782450676	3.4227024433899e-06
10	270	-7.323624610900879	0.0	0.0	33.09507751464844	-7.350109100341797	444.99700927734375	438.0817565917969	0.01186276227235794	1e-06
# Best epoch: 9
