# epoch	step	nll	ecut	ecut_viol	grad_norm	val_nll	val_ecut	val_ecut_viol	val_ress_zx	LR
1	27	-13.451780319213867	0.0	0.0	83.6528091430664	-13.544586181640625	309.35186767578125	296.401611328125	0.008092001080513	9.757729755661011e-05
2	54	-13.763716697692871	0.0	0.0	133.1343994140625	-13.509921073913574	303.90289306640625	291.08184814453125	0.011199875734746456	9.05463412215599e-05
3	81	-13.549978256225586	0.0	0.0	103.46359252929688	-13.782913208007812	299.3148193359375	286.2225036621094	0.012817377224564552	7.959536998847742e-05
4	108	-13.947395324707031	0.0	0.0	86.25435638427734	-13.995325088500977	286.5989990234375	273.40875244140625	0.0102382842451334	6.57963412215599e-05
5	135	-14.107638359069824	0.0	0.0	83.90559387207031	-14.198663711547852	261.74072265625	248.08770751953125	0.014268948696553707	5.05e-05
6	162	-14.309840202331543	0.0	0.0	131.3687286376953	-14.330992698669434	253.2623291015625	239.6728515625	0.02118009328842163	3.5203658778440106e-05
7	189	-14.361106872558594	0.0	0.0	64.0399169921875	-14.419416427612305	243.40167236328125	229.49266052246094	0.01731191948056221	2.1404630011522586e-05
8	216	-14.52685546875	0.0	0.0	89.03707122802734	-14.56193733215332	242.87481689453125	228.89913940429688	0.02161506935954094	1.0453658778440107e-05
9	243	-14.631523132324219	0.0	0.0	74.67578887939453	-14.671595573425293	236.27610778808594	222.1374969482422	0.016419027000665665	3.4227024433899e-06
10	270	-14.616798400878906	0.0	0.0	127.05089569091797	-14.719572067260742	233.7277069091797	219.56492614746094	0.01718628779053688	1e-06
# Best epoch: 8
