# epoch	step	nll	ecut	ecut_viol	grad_norm	val_nll	val_ecut	val_ecut_viol	val_ress_zx	LR
1	27	-17.753997802734375	0.0	0.0	76.1039810180664	-17.744258880615234	227.8086395263672	210.47640991210938	0.028726911172270775	9.757729755661011e-05
2	54	-18.156713485717773	0.0	0.0	71.75892639160156	-18.102481842041016	190.48291015625	172.34898376464844	0.018139507621526718	9.05463412215599e-05
3	81	-18.256526947021484	0.0	0.0	109.45127868652344	-18.31383514404297	171.2315673828125	152.97390747070312	0.01842198334634304	7.959536998847742e-05
4	108	-18.312355041503906	0.0	0.0	77.93611907958984	-18.347673416137695	161.5767822265625	143.0103759765625	0.032206352800130844	6.57963412215599e-05
5	135	-18.19411277770996	0.0	0.0	110.36817932128906	-18.205860137939453	161.1208953857422	142.83212280273438	0.01515687070786953	5.05e-05
6	162	-18.624387741088867	0.0	0.0	148.0625	-18.558170318603516	154.7933807373047	136.090087890625	0.05317481979727745	3.5203658778440106e-05
7	189	-18.754535675048828	0.0	0.0	75.19493865966797	-18.727035522460938	145.02072143554688	126.13102722167969	0.046451445668935776	2.1404630011522586e-05
8	216	-18.962650299072266	0.0	0.0	100.3178482055664	-18.875457763671875	139.31613159179688	120.21954345703125	0.04080374166369438	1.0453658778440107e-05
9	243	-19.07227325439453	0.0	0.0	89.59180450439453	-18.983049392700195	134.12448120117188	114.85258483886719	0.05540148541331291	3.4227024433899e-06
10	270	-19.051809310913086	0.0	0.0	109.52033233642578	-19.018827438354492	136.29742431640625	117.07778930664062	0.052499961107969284	1e-06
# Best epoch: 9
