# epoch	step	nll	ecut	ecut_viol	grad_norm	val_nll	val_ecut	val_ecut_viol	val_ress_zx	LR
1	27	-2.9535224437713623	0.0	0.0	23.92755699157715	-2.930601119995117	604.4108276367188	601.0916748046875	0.01301165483891964	9.757729755661011e-05
2	54	-3.078728675842285	0.0	0.0	19.55512809753418	-3.0240581035614014	590.7440795898438	587.4059448242188	0.015625132247805595	9.05463412215599e-05
3	81	-3.1071434020996094	0.0	0.0	17.389780044555664	-3.0962305068969727	573.1497802734375	569.725341796875	0.016486577689647675	7.959536998847742e-05
4	108	-3.213604688644409	0.0	0.0	26.441762924194336	-3.147181987762451	571.1715087890625	567.7052612304688	0.011781650595366955	6.57963412215599e-05
5	135	-3.163846969604492	0.0	0.0	21.59174919128418	-3.184199333190918	551.2872924804688	547.7919921875	0.01097060926258564	5.05e-05
6	162	-3.205272674560547	0.0	0.0	17.447566986083984	-3.274050235748291	546.0115966796875	542.5452880859375	0.01071223895996809	3.5203658778440106e-05
7	189	-3.2907874584198	0.0	0.0	31.291242599487305	-3.3509058952331543	526.1213989257812	522.5587768554688	0.016142157837748528	2.1404630011522586e-05
8	216	-3.3904855251312256	0.0	0.0	16.489383697509766	-3.368699550628662	525.8896484375	522.3646240234375	0.015574376098811626	1.0453658778440107e-05
9	243	-3.48451566696167	0.0	0.0	15.371927261352539	-3.418750286102295	516.9219360351562	513.3893432617188	0.013673531822860241	3.4227024433899e-06
10	270	-3.4545085430145264	0.0	0.0	14.356941223144531	-3.4449822902679443	517.9229736328125	514.3941650390625	0.01538112573325634	1e-06
# Best epoch: 3
