# epoch	step	nll	ecut	ecut_viol	grad_norm	val_nll	val_ecut	val_ecut_viol	val_ress_zx	LR
1	27	-2.1379523277282715	0.0	0.0	13.187359809875488	-2.1416711807250977	648.3416748046875	645.84521484375	0.011708904057741165	9.757729755661011e-05
2	54	-2.184659719467163	0.0	0.0	11.718034744262695	-2.2051310539245605	618.6585083007812	616.0820922851562	0.011041040532290936	9.05463412215599e-05
3	81	-2.285001754760742	0.0	0.0	19.094301223754883	-2.265517234802246	615.4684448242188	612.8908081054688	0.00958273932337761	7.959536998847742e-05
4	108	-2.3707003593444824	0.0	0.0	16.161863327026367	-2.357318639755249	596.44580078125	593.7203369140625	0.011352457106113434	6.57963412215599e-05
5	135	-2.3332176208496094	0.0	0.0	13.490643501281738	-2.3626413345336914	584.6748046875	581.9539184570312	0.01807459443807602	5.05e-05
6	162	-2.3853747844696045	0.0	0.0	10.401796340942383	-2.424254894256592	576.7892456054688	574.05615234375	0.019392104819417	3.5203658778440106e-05
7	189	-2.5183119773864746	0.0	0.0	13.828146934509277	-2.478032350540161	571.094970703125	568.3360595703125	0.017841601744294167	2.1404630011522586e-05
8	216	-2.5738303661346436	0.0	0.0	13.588945388793945	-2.5316836833953857	559.7092895507812	556.912841796875	0.023225482553243637	1.0453658778440107e-05
9	243	-2.5721025466918945	0.0	0.0	14.97067642211914	-2.558915138244629	554.9276733398438	552.143798828125	0.023514477536082268	3.4227024433899e-06
10	270	-2.5688259601593018	0.0	0.0	15.91441822052002	-2.5672099590301514	554.5424194335938	551.7709350585938	0.020841263234615326	1e-06
# Best epoch: 9
