# epoch	step	nll	ecut	ecut_viol	grad_norm	val_nll	val_ecut	val_ecut_viol	val_ress_zx	LR
1	27	-16.214725494384766	0.0	0.0	79.11808776855469	-16.190372467041016	260.8889465332031	245.18113708496094	0.020081955939531326	9.757729755661011e-05
2	54	-16.56690788269043	0.0	0.0	57.72229766845703	-16.694351196289062	226.65972900390625	210.46556091308594	0.015979237854480743	9.05463412215599e-05
3	81	-16.609790802001953	0.0	0.0	120.43594360351562	-16.64517593383789	209.3050994873047	192.6868133544922	0.026121612638235092	7.959536998847742e-05
4	108	-16.65010643005371	0.0	0.0	268.50897216796875	-16.761388778686523	205.6463623046875	188.85433959960938	0.02733009122312069	6.57963412215599e-05
5	135	-16.97443199157715	0.0	0.0	118.31620025634766	-17.028226852416992	198.41134643554688	181.34249877929688	0.025892235338687897	5.05e-05
6	162	-16.883651733398438	0.0	0.0	166.98196411132812	-16.951374053955078	190.01004028320312	172.70321655273438	0.027732565999031067	3.5203658778440106e-05
7	189	-17.26456069946289	0.0	0.0	107.92029571533203	-17.287124633789062	176.154296875	159.00933837890625	0.04908927530050278	2.1404630011522586e-05
8	216	-17.38631820678711	0.0	0.0	71.78772735595703	-17.493366241455078	173.265625	155.82659912109375	0.05922667309641838	1.0453658778440107e-05
9	243	-17.56072235107422	0.0	0.0	64.08683013916016	-17.547046661376953	168.21926879882812	150.710693359375	0.06917993724346161	3.4227024433899e-06
10	270	-17.609424591064453	0.0	0.0	88.65980529785156	-17.61334991455078	169.6797637939453	152.19964599609375	0.05660666152834892	1e-06
# Best epoch: 9
