# epoch	step	nll	ecut	ecut_viol	grad_norm	val_nll	val_ecut	val_ecut_viol	val_ress_zx	LR
1	18	0.010701019316911697	0.0	0.0	3.4207818508148193	-0.016764530912041664	394.1217956542969	393.9823303222656	0.28428804874420166	9.875893165300026e-05
2	36	-0.014557166025042534	0.0	0.0	2.86444091796875	-0.0035716230049729347	379.9044494628906	379.7254638671875	0.28358954191207886	9.509795896116975e-05
3	54	-0.021886471658945084	0.0	0.0	2.753335952758789	-0.029727023094892502	383.0177307128906	382.87274169921875	0.27682510018348694	8.920065838216748e-05
4	72	-0.018712012097239494	0.0	0.0	3.190176010131836	-0.026105880737304688	376.3228759765625	376.1441650390625	0.2973945736885071	8.136274519200731e-05
5	90	-0.03458840399980545	0.0	0.0	2.427131175994873	-0.04583518207073212	377.8962707519531	377.7357177734375	0.3004962205886841	7.197724508631912e-05
6	108	-0.05211956426501274	0.0	0.0	2.900794267654419	-0.03875284269452095	373.810546875	373.65301513671875	0.3055786192417145	6.151478623083756e-05
7	126	-0.08127032220363617	0.0	0.0	2.6790947914123535	-0.04331500083208084	370.9678039550781	370.80902099609375	0.3007860779762268	5.05e-05
8	144	-0.08094952255487442	0.0	0.0	2.0642518997192383	-0.04659922048449516	370.28955078125	370.12841796875	0.30614808201789856	3.948521376916244e-05
9	162	-0.07713791728019714	0.0	0.0	2.5188419818878174	-0.057902656495571136	373.4715576171875	373.32830810546875	0.3115263283252716	2.9022754913680878e-05
10	180	-0.08229756355285645	0.0	0.0	2.301815986633301	-0.06959107518196106	366.16015625	366.003662109375	0.3140266537666321	1.9637254807992694e-05
11	198	-0.07429870963096619	0.0	0.0	3.119248867034912	-0.07234552502632141	365.94854736328125	365.7899169921875	0.30918049812316895	1.1799341617832541e-05
12	216	-0.07458687573671341	0.0	0.0	2.4983842372894287	-0.07440504431724548	367.0845031738281	366.9345397949219	0.31486082077026367	5.902041038830257e-06
13	234	-0.08722397685050964	0.0	0.0	2.525214910507202	-0.07402551174163818	366.0531311035156	365.90399169921875	0.31466928124427795	2.241068346999725e-06
14	252	-0.09373997151851654	0.0	0.0	2.5591366291046143	-0.07492879033088684	365.65740966796875	365.50823974609375	0.31754836440086365	1e-06
# Best epoch: 14
