# epoch	step	nll	ecut	ecut_viol	grad_norm	val_nll	val_ecut	val_ecut_viol	val_ress_zx	LR
1	27	-11.029607772827148	0.0	0.0	102.55873107910156	-11.044939994812012	380.8893737792969	370.2545166015625	0.006484597455710173	9.757729755661011e-05
2	54	-11.068465232849121	0.0	0.0	92.403076171875	-11.201757431030273	366.409912109375	355.65960693359375	0.005043028853833675	9.05463412215599e-05
3	81	-11.238764762878418	0.0	0.0	53.70719528198242	-11.33860969543457	360.90557861328125	350.18353271484375	0.010716600343585014	7.959536998847742e-05
4	108	-11.368307113647461	0.0	0.0	72.19808959960938	-11.399604797363281	362.9222412109375	351.9889831542969	0.0072585782036185265	6.57963412215599e-05
5	135	-11.402392387390137	0.0	0.0	72.4131851196289	-11.595983505249023	345.60882568359375	334.6358642578125	0.011014902964234352	5.05e-05
6	162	-11.625446319580078	0.0	0.0	57.01652145385742	-11.710348129272461	332.628173828125	321.58905029296875	0.01036760676652193	3.5203658778440106e-05
7	189	-11.70395565032959	0.0	0.0	52.95366287231445	-11.82465934753418	316.5558776855469	305.23004150390625	0.012714448384940624	2.1404630011522586e-05
8	216	-11.789819717407227	0.0	0.0	57.727237701416016	-11.891590118408203	316.10565185546875	304.67645263671875	0.007783062290400267	1.0453658778440107e-05
9	243	-11.981237411499023	0.0	0.0	46.793209075927734	-11.969717025756836	306.7940673828125	295.41766357421875	0.00881897658109665	3.4227024433899e-06
10	270	-12.042197227478027	0.0	0.0	39.204166412353516	-12.031977653503418	306.11651611328125	294.63897705078125	0.014580657705664635	1e-06
# Best epoch: 10
