# epoch	step	nll	ecut	ecut_viol	grad_norm	val_nll	val_ecut	val_ecut_viol	val_ress_zx	LR
1	27	-45.037681579589844	0.0	0.0	151.69131469726562	-45.008697509765625	184.1263427734375	139.91119384765625	0.07753138244152069	9.757729755661011e-05
2	54	-45.467098236083984	0.0	0.0	150.0240936279297	-45.61997604370117	114.47235107421875	68.34226989746094	0.14210449159145355	9.05463412215599e-05
3	81	-45.75758361816406	0.0	0.0	228.5749969482422	-45.79193115234375	99.2960433959961	52.707027435302734	0.12362613528966904	7.959536998847742e-05
4	108	-45.727901458740234	0.0	0.0	142.1100616455078	-45.84709167480469	95.90818786621094	49.48023223876953	0.19732624292373657	6.57963412215599e-05
5	135	-46.03376007080078	0.0	0.0	93.3113784790039	-45.97100067138672	94.03075408935547	47.152565002441406	0.2183244228363037	5.05e-05
6	162	-45.98122787475586	0.0	0.0	148.7671661376953	-45.901153564453125	86.822265625	39.88385772705078	0.23091578483581543	3.5203658778440106e-05
7	189	-46.17084884643555	0.0	0.0	96.4463119506836	-46.19902801513672	83.1607666015625	35.921470642089844	0.2752072513103485	2.1404630011522586e-05
8	216	-46.23991394042969	0.0	0.0	113.6887435913086	-46.2480583190918	80.1624755859375	32.91790771484375	0.28171345591545105	1.0453658778440107e-05
9	243	-46.2993278503418	0.0	0.0	83.29356384277344	-46.31343078613281	80.23246765136719	33.02266311645508	0.2880241870880127	3.4227024433899e-06
10	270	-46.4013671875	0.0	0.0	45.11580276489258	-46.37607955932617	78.86077880859375	31.55902099609375	0.30232954025268555	1e-06
# Best epoch: 10
