# epoch	step	nll	ecut	ecut_viol	grad_norm	val_nll	val_ecut	val_ecut_viol	val_ress_zx	LR
1	27	-37.00522994995117	0.0	0.0	145.50387573242188	-37.14893341064453	140.20458984375	103.49095153808594	0.06565474718809128	9.757729755661011e-05
2	54	-37.863380432128906	0.0	0.0	127.97969818115234	-37.901695251464844	105.5239486694336	67.22801971435547	0.14927464723587036	9.05463412215599e-05
3	81	-38.021461486816406	0.0	0.0	104.2123794555664	-37.89695358276367	94.29681396484375	55.47132873535156	0.17438486218452454	7.959536998847742e-05
4	108	-37.894474029541016	0.0	0.0	165.49270629882812	-37.964263916015625	91.32530212402344	52.65911865234375	0.17918026447296143	6.57963412215599e-05
5	135	-38.06871032714844	0.0	0.0	89.6030044555664	-38.11832809448242	83.9598388671875	44.8961181640625	0.14036107063293457	5.05e-05
6	162	-38.143646240234375	0.0	0.0	118.1031494140625	-38.14942169189453	83.78791809082031	44.64287567138672	0.2069447636604309	3.5203658778440106e-05
7	189	-38.33182907104492	0.0	0.0	117.52850341796875	-38.313018798828125	84.75215148925781	45.457183837890625	0.216697096824646	2.1404630011522586e-05
8	216	-38.4539794921875	0.0	0.0	75.3475570678711	-38.427879333496094	80.28349304199219	40.9049072265625	0.24337860941886902	1.0453658778440107e-05
9	243	-38.467525482177734	0.0	0.0	60.257022857666016	-38.47296905517578	79.57775115966797	40.22218322753906	0.34076714515686035	3.4227024433899e-06
10	270	-38.56828308105469	0.0	0.0	43.272823333740234	-38.51383590698242	77.54634857177734	38.14089584350586	0.3246879279613495	1e-06
# Best epoch: 9
