# epoch	step	nll	ecut	ecut_viol	grad_norm	val_nll	val_ecut	val_ecut_viol	val_ress_zx	LR
1	9	0.125991091132164	0.0	0.0	4.591569900512695	0.08662164956331253	63.84153747558594	63.75057601928711	0.7384949922561646	9.968875438971552e-05
2	18	0.058251406997442245	0.0	0.0	3.3182318210601807	0.06301775574684143	59.10337829589844	59.02049255371094	0.7696294188499451	9.875893165300026e-05
3	27	0.05847659707069397	0.0	0.0	2.8530163764953613	0.05642148479819298	61.01716232299805	60.948516845703125	0.7852990031242371	9.722222485026419e-05
4	36	0.03389771282672882	0.0	0.0	3.3281662464141846	0.03529469296336174	62.193363189697266	62.121299743652344	0.7997493743896484	9.509795896116974e-05
5	45	0.053128160536289215	0.0	0.0	3.1425960063934326	0.03773392736911774	62.18660354614258	62.143863677978516	0.8030402064323425	9.241284786180005e-05
6	54	0.0225523691624403	0.0	0.0	2.439908027648926	0.04493994265794754	63.34309005737305	63.300621032714844	0.8088341355323792	8.920065838216747e-05
7	63	0.036642830818891525	0.0	0.0	3.292344331741333	0.0372445210814476	61.05647277832031	60.999610900878906	0.7968842387199402	8.550178566873408e-05
8	72	0.043869126588106155	0.0	0.0	3.6413421630859375	0.05145919322967529	61.84293746948242	61.79074478149414	0.8200419545173645	8.13627451920073e-05
9	81	0.031177010387182236	0.0	0.0	2.3026037216186523	0.05239180848002434	60.11344909667969	60.045379638671875	0.8027838468551636	7.683558778750915e-05
10	90	0.03444070741534233	0.0	0.0	2.9195637702941895	0.03511028736829758	61.7717170715332	61.71330642700195	0.7992774844169617	7.197724508631912e-05
11	99	0.034919001162052155	0.0	0.0	3.083007574081421	0.03346649184823036	60.95018768310547	60.90956115722656	0.8232511878013611	6.684881356678078e-05
12	108	0.0213269405066967	0.0	0.0	2.5921719074249268	0.019652828574180603	58.46546936035156	58.405517578125	0.8148307800292969	6.151478623083756e-05
13	117	0.022140314802527428	0.0	0.0	3.1871988773345947	0.021188756451010704	63.39236068725586	63.351165771484375	0.8221567273139954	5.604224156711373e-05
14	126	0.016692310571670532	0.0	0.0	2.638369560241699	0.005592480767518282	60.16044998168945	60.110660552978516	0.8327040076255798	5.05e-05
15	135	0.015793263912200928	0.0	0.0	2.308983087539673	0.022611860185861588	61.31901931762695	61.277835845947266	0.8378086686134338	4.4957758432886274e-05
16	144	0.004989377688616514	0.0	0.0	2.5967488288879395	0.028986215591430664	59.08000946044922	59.030460357666016	0.8284488320350647	3.948521376916244e-05
17	153	0.009643261320888996	0.0	0.0	2.5661187171936035	0.015193305909633636	59.933284759521484	59.89142990112305	0.8407244086265564	3.4151186433219223e-05
18	162	-0.006679067388176918	0.0	0.0	2.62919020652771	0.0063879219815135	59.08320236206055	59.043331146240234	0.8429316878318787	2.9022754913680878e-05
19	171	0.00412895018234849	0.0	0.0	2.007333755493164	0.010168913751840591	59.766822814941406	59.73183822631836	0.8426921367645264	2.4164412212490847e-05
20	180	0.0009528720402158797	0.0	0.0	2.1915993690490723	-0.001368905883282423	59.66798782348633	59.6357421875	0.8499031662940979	1.9637254807992694e-05
21	189	-0.0033793370239436626	0.0	0.0	2.3345463275909424	0.002636949298903346	60.623863220214844	60.596126556396484	0.8571211695671082	1.54982143312659e-05
22	198	-0.006410493981093168	0.0	0.0	2.1675052642822266	-0.0032175597734749317	60.01723861694336	59.99267578125	0.858733057975769	1.1799341617832541e-05
23	207	-0.016833603382110596	0.0	0.0	2.686157703399658	-0.005352010019123554	59.7306022644043	59.71078109741211	0.8645387887954712	8.587152138199936e-06
24	216	-0.012877796776592731	0.0	0.0	2.023894786834717	-0.006856767926365137	59.340675354003906	59.32156753540039	0.8637628555297852	5.902041038830258e-06
25	225	3.052592364838347e-05	0.0	0.0	2.3866164684295654	-0.007792177610099316	59.67599868774414	59.65727233886719	0.8676332235336304	3.777775149735805e-06
26	234	-0.003254336304962635	0.0	0.0	2.128514528274536	-0.008105192333459854	59.77681350708008	59.76001739501953	0.868298351764679	2.2410683469997256e-06
27	243	-0.009077322669327259	0.0	0.0	2.073242664337158	-0.009367939084768295	59.63821792602539	59.62152862548828	0.8675122857093811	1.3112456102844912e-06
28	252	0.0006924536428414285	0.0	0.0	2.4817934036254883	-0.009791874326765537	59.570316314697266	59.55323028564453	0.8676716089248657	1e-06
# Best epoch: 26
