# epoch	step	nll	ecut	ecut_viol	grad_norm	val_nll	val_ecut	val_ecut_viol	val_ress_zx	LR
1	27	-1.3810776472091675	0.0	0.0	11.631446838378906	-1.4531033039093018	640.2359619140625	638.3436889648438	0.014999020844697952	9.757729755661011e-05
2	54	-1.5504417419433594	0.0	0.0	6.288705348968506	-1.5243104696273804	623.8661499023438	621.8870849609375	0.01586439460515976	9.05463412215599e-05
3	81	-1.5809364318847656	0.0	0.0	8.942094802856445	-1.559358835220337	611.4337158203125	609.4384765625	0.021956792101264	7.959536998847742e-05
4	108	-1.6590689420700073	0.0	0.0	7.963016986846924	-1.5796406269073486	600.3262939453125	598.3214721679688	0.01743028685450554	6.57963412215599e-05
5	135	-1.646990180015564	0.0	0.0	10.639399528503418	-1.617606520652771	593.8285522460938	591.7708740234375	0.025504644960165024	5.05e-05
6	162	-1.6667908430099487	0.0	0.0	10.692065238952637	-1.6749961376190186	580.2525634765625	578.154296875	0.0323488675057888	3.5203658778440106e-05
7	189	-1.735388159751892	0.0	0.0	6.232919216156006	-1.7142598628997803	568.405029296875	566.263427734375	0.015086340717971325	2.1404630011522586e-05
8	216	-1.7161024808883667	0.0	0.0	12.787787437438965	-1.7476814985275269	565.6702880859375	563.5532836914062	0.030328160151839256	1.0453658778440107e-05
9	243	-1.8092238903045654	0.0	0.0	8.036516189575195	-1.7587636709213257	563.2374267578125	561.1224975585938	0.025919994339346886	3.4227024433899e-06
10	270	-1.878190279006958	0.0	0.0	7.399433612823486	-1.7662638425827026	561.0029296875	558.8960571289062	0.024310700595378876	1e-06
# Best epoch: 6
