# epoch	step	nll	ecut	ecut_viol	grad_norm	val_nll	val_ecut	val_ecut_viol	val_ress_zx	LR
1	27	-45.833431243896484	0.0	0.0	155.1009063720703	-46.02341842651367	173.63272094726562	128.20188903808594	0.06001497805118561	9.757729755661011e-05
2	54	-46.740257263183594	0.0	0.0	140.45985412597656	-46.880733489990234	121.18431854248047	74.0718994140625	0.1223808228969574	9.05463412215599e-05
3	81	-46.70341110229492	0.0	0.0	231.3554229736328	-46.73649215698242	106.7778549194336	59.09004211425781	0.14189669489860535	7.959536998847742e-05
4	108	-46.98179244995117	0.0	0.0	142.60194396972656	-47.06634521484375	94.70082092285156	46.858306884765625	0.19393883645534515	6.57963412215599e-05
5	135	-47.11012268066406	0.0	0.0	112.68366241455078	-46.9575309753418	92.83171844482422	44.78166961669922	0.1803542822599411	5.05e-05
6	162	-47.156368255615234	0.0	0.0	146.845947265625	-47.17802047729492	91.87215423583984	43.7259521484375	0.2640193998813629	3.5203658778440106e-05
7	189	-47.28608322143555	0.0	0.0	142.7585906982422	-47.308990478515625	85.73245239257812	37.28588104248047	0.2437521070241928	2.1404630011522586e-05
8	216	-47.36146545410156	0.0	0.0	80.0074691772461	-47.390892028808594	86.3171615600586	38.01118469238281	0.19664883613586426	1.0453658778440107e-05
9	243	-47.53522491455078	0.0	0.0	103.580810546875	-47.50202941894531	84.61815643310547	36.16517639160156	0.3170124292373657	3.4227024433899e-06
10	270	-47.47954559326172	0.0	0.0	54.4102783203125	-47.517250061035156	83.61099243164062	35.17146682739258	0.3381763696670532	1e-06
# Best epoch: 10
