# epoch	step	nll	ecut	ecut_viol	grad_norm	val_nll	val_ecut	val_ecut_viol	val_ress_zx	LR
1	27	-21.757320404052734	0.0	0.0	275.4691467285156	-21.648529052734375	169.31011962890625	147.907470703125	0.02929360792040825	9.757729755661011e-05
2	54	-22.019512176513672	0.0	0.0	271.33782958984375	-21.61127471923828	150.659423828125	129.01422119140625	0.04206857085227966	9.05463412215599e-05
3	81	-22.189870834350586	0.0	0.0	163.6650848388672	-22.15888786315918	129.18101501464844	106.90337371826172	0.044735442847013474	7.959536998847742e-05
4	108	-22.253957748413086	0.0	0.0	130.64125061035156	-22.372831344604492	125.21353149414062	102.48260498046875	0.040546536445617676	6.57963412215599e-05
5	135	-22.503128051757812	0.0	0.0	190.7036895751953	-22.587215423583984	118.10609436035156	95.43777465820312	0.052137941122055054	5.05e-05
6	162	-22.735013961791992	0.0	0.0	101.62651062011719	-22.743438720703125	108.00030517578125	84.83439636230469	0.06062130630016327	3.5203658778440106e-05
7	189	-22.89128875732422	0.0	0.0	64.75967407226562	-22.8448543548584	100.79032897949219	77.45626831054688	0.07059020549058914	2.1404630011522586e-05
8	216	-22.979755401611328	0.0	0.0	75.48299407958984	-22.970565795898438	102.4461898803711	79.11386108398438	0.09273602813482285	1.0453658778440107e-05
9	243	-23.05709457397461	0.0	0.0	94.81956481933594	-23.099529266357422	96.67645263671875	73.15681457519531	0.12192945927381516	3.4227024433899e-06
10	270	-23.11530113220215	0.0	0.0	57.38429260253906	-23.139209747314453	99.11238861083984	75.59626770019531	0.12938368320465088	1e-06
# Best epoch: 10
