# epoch	step	nll	ecut	ecut_viol	grad_norm	val_nll	val_ecut	val_ecut_viol	val_ress_zx	LR
1	27	-42.71250534057617	0.0	0.0	173.0156707763672	-42.4943962097168	158.4747772216797	116.30650329589844	0.031974177807569504	9.757729755661011e-05
2	54	-43.273956298828125	0.0	0.0	192.1107940673828	-43.48142623901367	113.44527435302734	69.63908386230469	0.09582557529211044	9.05463412215599e-05
3	81	-43.453514099121094	0.0	0.0	180.0448455810547	-43.37610626220703	103.4804916381836	59.30738830566406	0.0977800190448761	7.959536998847742e-05
4	108	-43.59687423706055	0.0	0.0	138.19140625	-43.64616394042969	99.6021728515625	54.96047592163086	0.21828922629356384	6.57963412215599e-05
5	135	-43.679954528808594	0.0	0.0	95.3907241821289	-43.69941711425781	98.02139282226562	53.61518478393555	0.2095252275466919	5.05e-05
6	162	-43.84511947631836	0.0	0.0	107.10900115966797	-43.860618591308594	88.96531677246094	44.3912353515625	0.2660674750804901	3.5203658778440106e-05
7	189	-43.953880310058594	0.0	0.0	100.56329345703125	-43.98417282104492	92.17192077636719	47.40718078613281	0.31799495220184326	2.1404630011522586e-05
8	216	-44.01131820678711	0.0	0.0	179.2774200439453	-44.04742431640625	84.447509765625	39.500732421875	0.29001015424728394	1.0453658778440107e-05
9	243	-44.121124267578125	0.0	0.0	92.97858428955078	-44.119598388671875	84.67388916015625	39.65751647949219	0.32440710067749023	3.4227024433899e-06
10	270	-44.17403793334961	0.0	0.0	79.02330017089844	-44.14692306518555	83.7575454711914	38.734596252441406	0.34890303015708923	1e-06
# Best epoch: 10
