# epoch	step	nll	ecut	ecut_viol	grad_norm	val_nll	val_ecut	val_ecut_viol	val_ress_zx	LR
1	27	-30.416616439819336	0.0	0.0	95.94745635986328	-30.57779312133789	131.88290405273438	101.90631103515625	0.0848439559340477	9.757729755661011e-05
2	54	-30.728010177612305	0.0	0.0	194.8871612548828	-30.79176902770996	104.66282653808594	73.34444427490234	0.08128450810909271	9.05463412215599e-05
3	81	-31.145709991455078	0.0	0.0	107.919921875	-30.984664916992188	90.99617767333984	59.4698600769043	0.14318305253982544	7.959536998847742e-05
4	108	-31.03681755065918	0.0	0.0	121.83419799804688	-30.94661521911621	86.57493591308594	54.73136520385742	0.08120329678058624	6.57963412215599e-05
5	135	-31.20192527770996	0.0	0.0	85.76255798339844	-31.2883358001709	86.43817138671875	54.5144157409668	0.12753412127494812	5.05e-05
6	162	-31.334745407104492	0.0	0.0	118.08541870117188	-31.308073043823242	86.15382385253906	54.285987854003906	0.1443062424659729	3.5203658778440106e-05
7	189	-31.439945220947266	0.0	0.0	90.2008056640625	-31.356414794921875	85.44993591308594	53.50910949707031	0.18196436762809753	2.1404630011522586e-05
8	216	-31.534358978271484	0.0	0.0	99.23802185058594	-31.595409393310547	78.27616882324219	45.98647689819336	0.21363332867622375	1.0453658778440107e-05
9	243	-31.6134090423584	0.0	0.0	74.64151000976562	-31.63412094116211	75.7072982788086	43.304622650146484	0.2076987326145172	3.4227024433899e-06
10	270	-31.695636749267578	0.0	0.0	48.72203063964844	-31.67927360534668	77.04659271240234	44.62712097167969	0.2189025580883026	1e-06
# Best epoch: 10
