# epoch	step	nll	ecut	ecut_viol	grad_norm	val_nll	val_ecut	val_ecut_viol	val_ress_zx	LR
1	27	-14.525970458984375	0.0	0.0	82.90440368652344	-14.566688537597656	288.29217529296875	274.28448486328125	0.00886957161128521	9.757729755661011e-05
2	54	-14.646986961364746	0.0	0.0	179.10455322265625	-14.677473068237305	276.45611572265625	262.05145263671875	0.011281415820121765	9.05463412215599e-05
3	81	-15.066996574401855	0.0	0.0	110.35212707519531	-15.079877853393555	255.82102966308594	241.2081298828125	0.018478650599718094	7.959536998847742e-05
4	108	-15.29117202758789	0.0	0.0	82.43871307373047	-15.314323425292969	244.6235809326172	229.7650146484375	0.012807684950530529	6.57963412215599e-05
5	135	-15.398309707641602	0.0	0.0	81.51361083984375	-15.457091331481934	246.55259704589844	231.6172332763672	0.009166283532977104	5.05e-05
6	162	-15.640303611755371	0.0	0.0	102.74883270263672	-15.613012313842773	234.89605712890625	219.70358276367188	0.016951102763414383	3.5203658778440106e-05
7	189	-15.888628005981445	0.0	0.0	81.71892547607422	-15.815753936767578	217.24298095703125	201.8460693359375	0.012009469792246819	2.1404630011522586e-05
8	216	-15.902472496032715	0.0	0.0	68.06852722167969	-15.943522453308105	215.09848022460938	199.4403076171875	0.024939298629760742	1.0453658778440107e-05
9	243	-16.041446685791016	0.0	0.0	72.74636840820312	-16.042774200439453	213.35833740234375	197.67727661132812	0.014602861367166042	3.4227024433899e-06
10	270	-16.054691314697266	0.0	0.0	63.35430145263672	-16.08833122253418	213.96365356445312	198.2756805419922	0.013127624988555908	1e-06
# Best epoch: 8
