# epoch	step	nll	ecut	ecut_viol	grad_norm	val_nll	val_ecut	val_ecut_viol	val_ress_zx	LR
1	27	-41.540931701660156	0.0	0.0	178.84893798828125	-41.71820831298828	150.7080078125	110.07136535644531	0.10878457874059677	9.757729755661011e-05
2	54	-42.39952087402344	0.0	0.0	110.6673583984375	-42.22126770019531	104.74742889404297	61.928955078125	0.12536513805389404	9.05463412215599e-05
3	81	-42.354278564453125	0.0	0.0	157.66041564941406	-42.464080810546875	97.15266418457031	54.207855224609375	0.16128790378570557	7.959536998847742e-05
4	108	-42.41228485107422	0.0	0.0	227.36453247070312	-42.382598876953125	84.811767578125	41.56290817260742	0.11965823173522949	6.57963412215599e-05
5	135	-42.66279983520508	0.0	0.0	66.02263641357422	-42.571895599365234	86.61042785644531	43.04813766479492	0.2283291220664978	5.05e-05
6	162	-42.64146423339844	0.0	0.0	111.8988037109375	-42.7307243347168	86.34602355957031	42.68294906616211	0.2538358271121979	3.5203658778440106e-05
7	189	-42.841163635253906	0.0	0.0	73.43364715576172	-42.897117614746094	84.77117919921875	41.05564498901367	0.25526437163352966	2.1404630011522586e-05
8	216	-42.91120529174805	0.0	0.0	91.2109375	-42.946285247802734	80.97616577148438	37.15085983276367	0.3485807776451111	1.0453658778440107e-05
9	243	-42.991050720214844	0.0	0.0	123.6715087890625	-42.99810028076172	79.50105285644531	35.623558044433594	0.2905328869819641	3.4227024433899e-06
10	270	-43.03750228881836	0.0	0.0	46.02796936035156	-43.03623962402344	79.38612365722656	35.504417419433594	0.3872092664241791	1e-06
# Best epoch: 10
