# epoch	step	nll	ecut	ecut_viol	grad_norm	val_nll	val_ecut	val_ecut_viol	val_ress_zx	LR
1	27	-8.684864044189453	0.0	0.0	49.10164260864258	-8.728363037109375	455.6531677246094	447.2096862792969	0.004242296330630779	9.757729755661011e-05
2	54	-8.954984664916992	0.0	0.0	35.69811248779297	-8.84187126159668	441.212158203125	432.7386169433594	0.007643291261047125	9.05463412215599e-05
3	81	-8.943228721618652	0.0	0.0	59.41750717163086	-9.090045928955078	409.019775390625	399.96160888671875	0.004903987515717745	7.959536998847742e-05
4	108	-9.161584854125977	0.0	0.0	71.4561538696289	-9.135709762573242	415.5127868652344	406.7567138671875	0.007331466302275658	6.57963412215599e-05
5	135	-9.229955673217773	0.0	0.0	67.50689697265625	-9.248063087463379	399.8792724609375	390.9471130371094	0.00962696224451065	5.05e-05
6	162	-9.251659393310547	0.0	0.0	52.713844299316406	-9.32324504852295	399.3834228515625	390.469970703125	0.011138362810015678	3.5203658778440106e-05
7	189	-9.405558586120605	0.0	0.0	41.37181091308594	-9.441184997558594	394.8381042480469	385.8304138183594	0.007289622910320759	2.1404630011522586e-05
8	216	-9.467695236206055	0.0	0.0	41.10628890991211	-9.470464706420898	382.5850524902344	373.39337158203125	0.011433383449912071	1.0453658778440107e-05
9	243	-9.695390701293945	0.0	0.0	37.554012298583984	-9.580875396728516	379.38165283203125	370.2695007324219	0.011759933084249496	3.4227024433899e-06
10	270	-9.589521408081055	0.0	0.0	36.9530143737793	-9.63198471069336	377.48382568359375	368.34521484375	0.01607513427734375	1e-06
# Best epoch: 10
