# epoch	step	nll	ecut	ecut_viol	grad_norm	val_nll	val_ecut	val_ecut_viol	val_ress_zx	LR
1	27	-24.318092346191406	0.0	0.0	155.4641876220703	-24.41878318786621	143.20565795898438	118.83785247802734	0.021632812917232513	9.757729755661011e-05
2	54	-24.58685302734375	0.0	0.0	89.40221405029297	-24.57784080505371	116.66075134277344	91.89273071289062	0.048382312059402466	9.05463412215599e-05
3	81	-24.755523681640625	0.0	0.0	85.37641143798828	-24.930830001831055	106.8209457397461	81.37651824951172	0.0376337468624115	7.959536998847742e-05
4	108	-25.08163833618164	0.0	0.0	63.563236236572266	-25.033935546875	105.9282455444336	80.32608032226562	0.055370431393384933	6.57963412215599e-05
5	135	-25.178909301757812	0.0	0.0	132.19117736816406	-25.12735366821289	98.65409851074219	73.12065124511719	0.10178613662719727	5.05e-05
6	162	-25.2462215423584	0.0	0.0	99.54659271240234	-25.26715660095215	89.00520324707031	63.13238525390625	0.049173902720212936	3.5203658778440106e-05
7	189	-25.32692527770996	0.0	0.0	194.49899291992188	-25.3857421875	86.99603271484375	60.911521911621094	0.11701550334692001	2.1404630011522586e-05
8	216	-25.491872787475586	0.0	0.0	102.28530883789062	-25.5368709564209	87.11825561523438	61.019065856933594	0.12834790349006653	1.0453658778440107e-05
9	243	-25.55348014831543	0.0	0.0	75.01302337646484	-25.562246322631836	85.5557861328125	59.27021026611328	0.09925214946269989	3.4227024433899e-06
10	270	-25.61823844909668	0.0	0.0	309.68280029296875	-25.669811248779297	85.86923217773438	59.599090576171875	0.1509825438261032	1e-06
# Best epoch: 10
