# epoch	step	nll	ecut	ecut_viol	grad_norm	val_nll	val_ecut	val_ecut_viol	val_ress_zx	LR
1	27	-25.56896209716797	0.0	0.0	161.293212890625	-25.585134506225586	137.60198974609375	112.58699035644531	0.02766249142587185	9.757729755661011e-05
2	54	-26.060195922851562	0.0	0.0	133.96694946289062	-25.94344139099121	104.5266342163086	78.11312866210938	0.05144907161593437	9.05463412215599e-05
3	81	-26.07979393005371	0.0	0.0	108.11693572998047	-26.08509635925293	100.34507751464844	73.98963165283203	0.018130604177713394	7.959536998847742e-05
4	108	-26.27313995361328	0.0	0.0	208.64669799804688	-26.270328521728516	97.5610580444336	70.66900634765625	0.07439597696065903	6.57963412215599e-05
5	135	-26.347219467163086	0.0	0.0	116.42537689208984	-26.338787078857422	89.42529296875	62.595359802246094	0.08495557308197021	5.05e-05
6	162	-26.368431091308594	0.0	0.0	71.87487030029297	-26.396892547607422	87.68251037597656	60.715370178222656	0.1016375944018364	3.5203658778440106e-05
7	189	-26.693767547607422	0.0	0.0	54.9060173034668	-26.614681243896484	81.83812713623047	54.54064178466797	0.14821693301200867	2.1404630011522586e-05
8	216	-26.652145385742188	0.0	0.0	253.3475341796875	-26.702682495117188	78.6744155883789	51.41856002807617	0.1356530487537384	1.0453658778440107e-05
9	243	-26.862972259521484	0.0	0.0	60.188663482666016	-26.800443649291992	75.36431121826172	47.93447494506836	0.1301802545785904	3.4227024433899e-06
10	270	-26.934194564819336	0.0	0.0	81.53313446044922	-26.86794662475586	73.28003692626953	45.80104064941406	0.20241037011146545	1e-06
# Best epoch: 10
