# epoch	step	nll	ecut	ecut_viol	grad_norm	val_nll	val_ecut	val_ecut_viol	val_ress_zx	LR
1	27	-3.6491470336914062	0.0	0.0	21.55630874633789	-3.573291301727295	624.3702392578125	620.6293334960938	0.0065890122205019	9.757729755661011e-05
2	54	-3.7314343452453613	0.0	0.0	23.086254119873047	-3.7300243377685547	594.072265625	590.1315307617188	0.008468041196465492	9.05463412215599e-05
3	81	-3.7527966499328613	0.0	0.0	20.19094467163086	-3.8254241943359375	592.8544921875	588.900634765625	0.011720243841409683	7.959536998847742e-05
4	108	-3.8176143169403076	0.0	0.0	21.30898666381836	-3.8682737350463867	581.0029296875	577.0289916992188	0.007395458407700062	6.57963412215599e-05
5	135	-3.974457263946533	0.0	0.0	25.521318435668945	-3.975938320159912	569.883544921875	565.82763671875	0.008384600281715393	5.05e-05
6	162	-3.948169708251953	0.0	0.0	28.59180450439453	-4.044989109039307	551.5338134765625	547.3677978515625	0.013807956129312515	3.5203658778440106e-05
7	189	-4.10621976852417	0.0	0.0	18.484094619750977	-4.099732398986816	539.6513671875	535.446044921875	0.013299398124217987	2.1404630011522586e-05
8	216	-4.137506008148193	0.0	0.0	16.620126724243164	-4.184482574462891	533.017333984375	528.8280639648438	0.013948466628789902	1.0453658778440107e-05
9	243	-4.1840949058532715	0.0	0.0	21.742673873901367	-4.211464881896973	525.9461669921875	521.720947265625	0.00890231505036354	3.4227024433899e-06
10	270	-4.243476867675781	0.0	0.0	26.09351921081543	-4.237864971160889	525.1063232421875	520.88134765625	0.014532707631587982	1e-06
# Best epoch: 10
