# epoch	step	nll	ecut	ecut_viol	grad_norm	val_nll	val_ecut	val_ecut_viol	val_ress_zx	LR
1	27	-11.956151962280273	0.0	0.0	89.14531707763672	-11.969196319580078	345.0009460449219	333.2256164550781	0.00585000216960907	9.757729755661011e-05
2	54	-12.436555862426758	0.0	0.0	77.02252197265625	-12.443578720092773	316.9485778808594	304.86883544921875	0.012308577075600624	9.05463412215599e-05
3	81	-12.598106384277344	0.0	0.0	86.02162170410156	-12.532735824584961	311.9617919921875	299.80670166015625	0.009296145290136337	7.959536998847742e-05
4	108	-12.624425888061523	0.0	0.0	127.98822784423828	-12.452577590942383	309.2271728515625	296.7379150390625	0.010589918121695518	6.57963412215599e-05
5	135	-12.647841453552246	0.0	0.0	84.41902160644531	-12.66497802734375	309.4908752441406	297.35528564453125	0.00825752317905426	5.05e-05
6	162	-12.930418014526367	0.0	0.0	93.89958190917969	-12.932197570800781	287.625	275.175048828125	0.016345534473657608	3.5203658778440106e-05
7	189	-12.98825454711914	0.0	0.0	222.73487854003906	-13.061751365661621	283.4112243652344	270.9398193359375	0.016397014260292053	2.1404630011522586e-05
8	216	-13.166139602661133	0.0	0.0	55.986732482910156	-13.229015350341797	269.555419921875	256.78936767578125	0.01835867203772068	1.0453658778440107e-05
9	243	-13.259550094604492	0.0	0.0	83.28557586669922	-13.296255111694336	268.55474853515625	255.7710418701172	0.025371093302965164	3.4227024433899e-06
10	270	-13.417784690856934	0.0	0.0	58.736907958984375	-13.331412315368652	266.598388671875	253.7664031982422	0.023609107360243797	1e-06
# Best epoch: 9
