# epoch	step	nll	ecut	ecut_viol	grad_norm	val_nll	val_ecut	val_ecut_viol	val_ress_zx	LR
1	27	-35.83544921875	0.0	0.0	150.2421417236328	-35.98577117919922	145.32015991210938	109.75822448730469	0.05692136287689209	9.757729755661011e-05
2	54	-36.63908386230469	0.0	0.0	127.96653747558594	-36.58289337158203	104.50192260742188	67.42770385742188	0.12744703888893127	9.05463412215599e-05
3	81	-36.92361831665039	0.0	0.0	89.4911117553711	-36.79180145263672	92.10063171386719	54.527320861816406	0.13959932327270508	7.959536998847742e-05
4	108	-36.785850524902344	0.0	0.0	114.67161560058594	-36.85393524169922	89.48033142089844	51.841426849365234	0.13499876856803894	6.57963412215599e-05
5	135	-37.0734977722168	0.0	0.0	127.96489715576172	-37.053565979003906	83.82176971435547	45.90055847167969	0.19764339923858643	5.05e-05
6	162	-37.07677459716797	0.0	0.0	151.0129852294922	-37.04351043701172	81.64213562011719	43.77046203613281	0.19763140380382538	3.5203658778440106e-05
7	189	-37.21110153198242	0.0	0.0	134.25636291503906	-37.20841598510742	78.70429992675781	40.613525390625	0.22744974493980408	2.1404630011522586e-05
8	216	-37.26874923706055	0.0	0.0	80.2906723022461	-37.277122497558594	73.27478790283203	35.07107162475586	0.28615739941596985	1.0453658778440107e-05
9	243	-37.406898498535156	0.0	0.0	97.70899200439453	-37.3657341003418	75.09629821777344	36.864601135253906	0.32809504866600037	3.4227024433899e-06
10	270	-37.41472625732422	0.0	0.0	32.730674743652344	-37.385887145996094	75.41285705566406	37.15451431274414	0.3445635735988617	1e-06
# Best epoch: 10
