# epoch	step	nll	ecut	ecut_viol	grad_norm	val_nll	val_ecut	val_ecut_viol	val_ress_zx	LR
1	27	-31.454010009765625	0.0	0.0	89.04714965820312	-31.67633628845215	143.67388916015625	112.681396484375	0.055736787617206573	9.757729755661011e-05
2	54	-32.09142303466797	0.0	0.0	114.71527862548828	-31.92891502380371	107.72285461425781	75.161376953125	0.08257107436656952	9.05463412215599e-05
3	81	-32.273040771484375	0.0	0.0	185.27928161621094	-32.10308837890625	98.46488952636719	65.62327575683594	0.10590715706348419	7.959536998847742e-05
4	108	-32.27448272705078	0.0	0.0	137.8824005126953	-32.13500213623047	96.5882797241211	63.652923583984375	0.10164740681648254	6.57963412215599e-05
5	135	-32.37187194824219	0.0	0.0	92.86104583740234	-32.40541076660156	88.21415710449219	55.14335250854492	0.08724513649940491	5.05e-05
6	162	-32.572837829589844	0.0	0.0	63.5811767578125	-32.46684646606445	85.94952392578125	52.82038497924805	0.14706836640834808	3.5203658778440106e-05
7	189	-32.528419494628906	0.0	0.0	124.75064849853516	-32.58082962036133	85.74069213867188	52.4228630065918	0.10136553645133972	2.1404630011522586e-05
8	216	-32.72604751586914	0.0	0.0	78.35801696777344	-32.69563293457031	79.99259948730469	46.67503356933594	0.20722012221813202	1.0453658778440107e-05
9	243	-32.82371139526367	0.0	0.0	82.60691833496094	-32.76856994628906	77.93498992919922	44.373680114746094	0.19576430320739746	3.4227024433899e-06
10	270	-32.86977767944336	0.0	0.0	58.57514190673828	-32.8061408996582	79.77362060546875	46.2410888671875	0.15151861310005188	1e-06
# Best epoch: 8
