# epoch	step	nll	ecut	ecut_viol	grad_norm	val_nll	val_ecut	val_ecut_viol	val_ress_zx	LR
1	27	-22.86464500427246	0.0	0.0	102.55660247802734	-23.039505004882812	156.99185180664062	134.15335083007812	0.036447230726480484	9.757729755661011e-05
2	54	-23.439773559570312	0.0	0.0	103.23214721679688	-23.422176361083984	132.59942626953125	109.06807708740234	0.03805721551179886	9.05463412215599e-05
3	81	-23.42230796813965	0.0	0.0	157.26199340820312	-23.58321762084961	118.90980529785156	95.07378387451172	0.045560628175735474	7.959536998847742e-05
4	108	-23.738540649414062	0.0	0.0	128.970947265625	-23.746246337890625	121.5799560546875	97.64273071289062	0.06248129531741142	6.57963412215599e-05
5	135	-23.774044036865234	0.0	0.0	222.58251953125	-23.64065170288086	107.3944091796875	83.0792007446289	0.032237257808446884	5.05e-05
6	162	-23.8487548828125	0.0	0.0	145.81675720214844	-24.00786590576172	101.23421478271484	76.75506591796875	0.06782106310129166	3.5203658778440106e-05
7	189	-24.11896324157715	0.0	0.0	111.73683166503906	-24.146514892578125	98.96904754638672	74.44091796875	0.07281322777271271	2.1404630011522586e-05
8	216	-24.058208465576172	0.0	0.0	208.9855194091797	-24.195411682128906	96.69152069091797	72.08529663085938	0.066215381026268	1.0453658778440107e-05
9	243	-24.297712326049805	0.0	0.0	104.52899169921875	-24.366718292236328	91.9486083984375	67.16207122802734	0.07905586808919907	3.4227024433899e-06
10	270	-24.449888229370117	0.0	0.0	47.988685607910156	-24.43519401550293	92.23497009277344	67.43844604492188	0.12934629619121552	1e-06
# Best epoch: 10
