# epoch	step	nll	ecut	ecut_viol	grad_norm	val_nll	val_ecut	val_ecut_viol	val_ress_zx	LR
1	27	-43.64430236816406	0.0	0.0	239.03292846679688	-43.810760498046875	185.34825134277344	142.35833740234375	0.07289767265319824	9.757729755661011e-05
2	54	-44.57944869995117	0.0	0.0	104.44425201416016	-44.175567626953125	111.5091552734375	66.59750366210938	0.07755759358406067	9.05463412215599e-05
3	81	-44.551551818847656	0.0	0.0	145.42315673828125	-44.66099548339844	100.49862670898438	55.11826705932617	0.14761212468147278	7.959536998847742e-05
4	108	-44.81333923339844	0.0	0.0	130.59695434570312	-44.78078842163086	93.96562194824219	48.26224899291992	0.11115723848342896	6.57963412215599e-05
5	135	-44.77838134765625	0.0	0.0	122.76081848144531	-44.84521484375	90.90694427490234	44.95158004760742	0.18611888587474823	5.05e-05
6	162	-45.01717758178711	0.0	0.0	180.9193572998047	-44.931800842285156	85.36152648925781	39.53359603881836	0.22216050326824188	3.5203658778440106e-05
7	189	-45.09888458251953	0.0	0.0	100.56177520751953	-45.10310363769531	85.89556884765625	39.77989959716797	0.2541242837905884	2.1404630011522586e-05
8	216	-45.147117614746094	0.0	0.0	83.73485565185547	-45.14398956298828	83.65913391113281	37.49091720581055	0.25405701994895935	1.0453658778440107e-05
9	243	-45.206111907958984	0.0	0.0	74.66449737548828	-45.23362350463867	81.16667175292969	35.03961944580078	0.3012637794017792	3.4227024433899e-06
10	270	-45.3004264831543	0.0	0.0	44.032981872558594	-45.26435089111328	81.25554656982422	35.057838439941406	0.34684300422668457	1e-06
# Best epoch: 10
