# epoch	step	nll	ecut	ecut_viol	grad_norm	val_nll	val_ecut	val_ecut_viol	val_ress_zx	LR
1	27	-0.8829941153526306	0.0	0.0	5.429088592529297	-0.8901905417442322	649.8974609375	648.6219482421875	0.030196931213140488	9.757729755661011e-05
2	54	-0.9174468517303467	0.0	0.0	6.60621452331543	-0.9508959650993347	631.9660034179688	630.6493530273438	0.03309553489089012	9.05463412215599e-05
3	81	-0.967138946056366	0.0	0.0	8.142727851867676	-0.982808530330658	611.1273803710938	609.7485961914062	0.026470374315977097	7.959536998847742e-05
4	108	-1.050523281097412	0.0	0.0	6.2047343254089355	-1.0242329835891724	602.9485473632812	601.5386352539062	0.03265316039323807	6.57963412215599e-05
5	135	-0.9899091720581055	0.0	0.0	4.526820659637451	-1.0579423904418945	592.2238159179688	590.7833862304688	0.029429052025079727	5.05e-05
6	162	-1.082961082458496	0.0	0.0	7.214749813079834	-1.067950963973999	583.2825927734375	581.80908203125	0.034801095724105835	3.5203658778440106e-05
7	189	-1.0698716640472412	0.0	0.0	11.293161392211914	-1.1051521301269531	578.2296142578125	576.7518310546875	0.03629040718078613	2.1404630011522586e-05
8	216	-1.088781714439392	0.0	0.0	9.470852851867676	-1.124061942100525	578.04638671875	576.5993041992188	0.03618253767490387	1.0453658778440107e-05
9	243	-1.1519951820373535	0.0	0.0	10.973672866821289	-1.1392731666564941	570.7745971679688	569.3052978515625	0.03639128804206848	3.4227024433899e-06
10	270	-1.123270034790039	0.0	0.0	6.748959064483643	-1.1458979845046997	570.2158813476562	568.7547607421875	0.037585824728012085	1e-06
# Best epoch: 10
