# epoch	step	nll	ecut	ecut_viol	grad_norm	val_nll	val_ecut	val_ecut_viol	val_ress_zx	LR
1	27	-27.083454132080078	0.0	0.0	87.79434204101562	-27.17397689819336	139.2451629638672	112.76556396484375	0.04173554107546806	9.757729755661011e-05
2	54	-27.26717758178711	0.0	0.0	183.55809020996094	-27.03108024597168	100.15138244628906	72.39462280273438	0.047124117612838745	9.05463412215599e-05
3	81	-27.269519805908203	0.0	0.0	94.65028381347656	-27.115646362304688	94.44063568115234	66.74019622802734	0.05791000649333	7.959536998847742e-05
4	108	-27.398090362548828	0.0	0.0	100.78934478759766	-27.423187255859375	95.49821472167969	67.59898376464844	0.06564082205295563	6.57963412215599e-05
5	135	-27.176921844482422	0.0	0.0	147.5609893798828	-27.382780075073242	90.81573486328125	62.58209991455078	0.06673663854598999	5.05e-05
6	162	-27.758197784423828	0.0	0.0	147.22265625	-27.784805297851562	83.98167419433594	55.67340850830078	0.12673936784267426	3.5203658778440106e-05
7	189	-27.844593048095703	0.0	0.0	93.79014587402344	-27.874828338623047	82.21192932128906	53.70391845703125	0.17867252230644226	2.1404630011522586e-05
8	216	-28.04452133178711	0.0	0.0	85.67536163330078	-27.99422836303711	78.823486328125	50.26647186279297	0.15553824603557587	1.0453658778440107e-05
9	243	-28.076778411865234	0.0	0.0	524.5557861328125	-28.066701889038086	76.31181335449219	47.63006591796875	0.19115036725997925	3.4227024433899e-06
10	270	-28.144886016845703	0.0	0.0	121.27536010742188	-28.092336654663086	76.91475677490234	48.192108154296875	0.1884663701057434	1e-06
# Best epoch: 9
