# epoch	step	nll	ecut	ecut_viol	grad_norm	val_nll	val_ecut	val_ecut_viol	val_ress_zx	LR
1	27	-38.46052551269531	0.0	0.0	152.44300842285156	-38.585968017578125	148.172119140625	110.36111450195312	0.07738690078258514	9.757729755661011e-05
2	54	-39.0194091796875	0.0	0.0	95.23192596435547	-38.925148010253906	97.04912567138672	57.326507568359375	0.13721439242362976	9.05463412215599e-05
3	81	-39.007781982421875	0.0	0.0	126.44869232177734	-38.993736267089844	93.3426513671875	53.60744857788086	0.12113433331251144	7.959536998847742e-05
4	108	-38.942718505859375	0.0	0.0	217.72439575195312	-39.16056442260742	91.7376937866211	51.8255729675293	0.16471517086029053	6.57963412215599e-05
5	135	-39.259620666503906	0.0	0.0	97.15641784667969	-39.20140838623047	88.03126525878906	47.907318115234375	0.1494649052619934	5.05e-05
6	162	-39.32678985595703	0.0	0.0	103.71414184570312	-39.40949630737305	84.65849304199219	44.414756774902344	0.236977681517601	3.5203658778440106e-05
7	189	-39.47259521484375	0.0	0.0	99.32184600830078	-39.45848083496094	82.48379516601562	42.1185302734375	0.20977595448493958	2.1404630011522586e-05
8	216	-39.58641052246094	0.0	0.0	41.82595443725586	-39.546688079833984	79.66548156738281	39.25023651123047	0.2591328024864197	1.0453658778440107e-05
9	243	-39.596107482910156	0.0	0.0	76.79863739013672	-39.6450080871582	78.79515838623047	38.19135665893555	0.25086575746536255	3.4227024433899e-06
10	270	-39.62310791015625	0.0	0.0	53.247493743896484	-39.66549301147461	79.55375671386719	38.99832534790039	0.3091006875038147	1e-06
# Best epoch: 10
