# epoch	step	nll	ecut	ecut_viol	grad_norm	val_nll	val_ecut	val_ecut_viol	val_ress_zx	LR
1	27	-18.978178024291992	0.0	0.0	118.85865783691406	-19.060935974121094	182.60110473632812	163.8077392578125	0.02616911754012108	9.757729755661011e-05
2	54	-19.5111083984375	0.0	0.0	91.20690155029297	-19.60421371459961	151.05776977539062	131.4678192138672	0.02595922164618969	9.05463412215599e-05
3	81	-19.6374568939209	0.0	0.0	138.5045623779297	-19.552785873413086	150.78433227539062	131.08566284179688	0.028104037046432495	7.959536998847742e-05
4	108	-19.96007537841797	0.0	0.0	70.49654388427734	-19.923099517822266	142.4920196533203	122.42382049560547	0.049539126455783844	6.57963412215599e-05
5	135	-19.984731674194336	0.0	0.0	101.25428009033203	-20.05559539794922	132.54592895507812	112.33088684082031	0.019008828327059746	5.05e-05
6	162	-20.144004821777344	0.0	0.0	113.11934661865234	-20.03577423095703	131.049072265625	110.56072998046875	0.0644318014383316	3.5203658778440106e-05
7	189	-20.305585861206055	0.0	0.0	122.9688720703125	-20.34406280517578	121.37393188476562	100.75029754638672	0.03338146209716797	2.1404630011522586e-05
8	216	-20.354976654052734	0.0	0.0	83.62476348876953	-20.357301712036133	113.87478637695312	93.1661605834961	0.07017569243907928	1.0453658778440107e-05
9	243	-20.484699249267578	0.0	0.0	125.57763671875	-20.453855514526367	115.05764770507812	94.20796203613281	0.029402239248156548	3.4227024433899e-06
10	270	-20.551441192626953	0.0	0.0	82.96797943115234	-20.526714324951172	111.10099792480469	90.24620056152344	0.05662217363715172	1e-06
# Best epoch: 8
