# epoch	step	nll	ecut	ecut_viol	grad_norm	val_nll	val_ecut	val_ecut_viol	val_ress_zx	LR
1	27	-20.566326141357422	0.0	0.0	367.3602600097656	-20.276897430419922	183.033203125	162.8906707763672	0.017870452255010605	9.757729755661011e-05
2	54	-20.945425033569336	0.0	0.0	124.46923828125	-20.94339370727539	133.71136474609375	112.56295776367188	0.03156552091240883	9.05463412215599e-05
3	81	-20.568326950073242	0.0	0.0	124.55023956298828	-20.916629791259766	138.01858520507812	117.16378021240234	0.043416064232587814	7.959536998847742e-05
4	108	-20.95623016357422	0.0	0.0	208.39125061035156	-21.008281707763672	128.63998413085938	107.33212280273438	0.05937434360384941	6.57963412215599e-05
5	135	-21.24441909790039	0.0	0.0	126.58442687988281	-21.295265197753906	116.38240051269531	94.72117614746094	0.050463803112506866	5.05e-05
6	162	-21.385366439819336	0.0	0.0	172.19020080566406	-21.311012268066406	120.70338439941406	99.0075912475586	0.051737599074840546	3.5203658778440106e-05
7	189	-21.62483024597168	0.0	0.0	313.98583984375	-21.550365447998047	108.92408752441406	87.02981567382812	0.06922024488449097	2.1404630011522586e-05
8	216	-21.726318359375	0.0	0.0	304.45196533203125	-21.705486297607422	106.31926727294922	84.35328674316406	0.08228722214698792	1.0453658778440107e-05
9	243	-21.867414474487305	0.0	0.0	53.741127014160156	-21.807485580444336	105.91314697265625	83.7383804321289	0.1191626638174057	3.4227024433899e-06
10	270	-21.8460750579834	0.0	0.0	251.06729125976562	-21.84267234802246	102.53905487060547	80.32213592529297	0.09640239179134369	1e-06
# Best epoch: 9
