# epoch	step	nll	ecut	ecut_viol	grad_norm	val_nll	val_ecut	val_ecut_viol	val_ress_zx	LR
1	27	-33.954986572265625	0.0	0.0	117.35869598388672	-33.770511627197266	135.19622802734375	101.85893249511719	0.056724339723587036	9.757729755661011e-05
2	54	-34.061729431152344	0.0	0.0	140.95140075683594	-34.24778747558594	101.87142181396484	67.03790283203125	0.07188358902931213	9.05463412215599e-05
3	81	-34.559478759765625	0.0	0.0	144.9966583251953	-34.555030822753906	84.42179870605469	49.184844970703125	0.09095022082328796	7.959536998847742e-05
4	108	-34.60121154785156	0.0	0.0	164.2432098388672	-34.624595642089844	84.24441528320312	48.737632751464844	0.14311254024505615	6.57963412215599e-05
5	135	-34.78359603881836	0.0	0.0	65.80747985839844	-34.766845703125	81.42893981933594	45.81534957885742	0.16765427589416504	5.05e-05
6	162	-34.85762023925781	0.0	0.0	128.12850952148438	-34.86190414428711	75.64421081542969	39.98025131225586	0.2309310883283615	3.5203658778440106e-05
7	189	-34.99690628051758	0.0	0.0	56.60696029663086	-34.96133041381836	78.54318237304688	42.64636993408203	0.22211402654647827	2.1404630011522586e-05
8	216	-35.06702423095703	0.0	0.0	76.9798583984375	-35.012001037597656	74.20427703857422	38.23633575439453	0.2950616776943207	1.0453658778440107e-05
9	243	-35.09357833862305	0.0	0.0	76.36653900146484	-35.07259750366211	74.11494445800781	38.044952392578125	0.24228045344352722	3.4227024433899e-06
10	270	-35.17420959472656	0.0	0.0	42.64171600341797	-35.126075744628906	72.49980926513672	36.44080352783203	0.2545987665653229	1e-06
# Best epoch: 8
