# Generation 17

0 4e-05
1 0.00213
2 0.00403
3 0.00636
4 0.0077
5 0.00819
6 0.00913
7 0.01166
8 0.01382
9 0.01585
10 0.01658
11 0.01693
12 0.01751
13 0.02051
14 0.02075
15 0.02197
16 0.02271
17 0.02316
18 0.02353
19 0.0242
20 0.0262
21 0.02921
22 0.02981
23 0.03046
24 0.03385
25 0.0362
26 0.03917
27 0.04249
28 0.04316
29 0.04526
30 0.04563
31 0.04813
32 0.05069
33 0.05517
34 0.05789
35 0.06122
36 0.06264
37 0.06477
38 0.06842
39 0.07159
40 0.07283
41 0.07343
42 0.07482
43 0.07823
44 0.07838
45 0.08121
46 0.08297
47 0.08423
48 0.08618
49 0.0876
50 0.09151
51 0.09239
52 0.09459
53 0.09629
54 0.09976
55 0.10096
56 0.10675
57 0.10767
58 0.10855
59 0.10996
60 0.11245
61 0.11525
62 0.11676
63 0.11782
64 0.12237
65 0.12293
66 0.1256
67 0.12796
68 0.12881
69 0.13054
70 0.13413
71 0.13828
72 0.13906
73 0.13938
74 0.14079
75 0.1436
76 0.14454
77 0.14895
78 0.15117
79 0.1514
80 0.15151
81 0.15307
82 0.15479
83 0.15603
84 0.15736
85 0.15929
86 0.16111
87 0.16273
88 0.16308
89 0.16632
90 0.16792
91 0.17047
92 0.17202
93 0.17435
94 0.17649
95 0.17912
96 0.18131
97 0.18401
98 0.18499
99 0.18627
100 0.18893
101 0.19098
102 0.19338
103 0.19383
104 0.19636
105 0.19848
106 0.19947
107 0.20125
108 0.20307
109 0.20458
110 0.20503
111 0.20707
112 0.2084
113 0.21025
114 0.21147
115 0.21392
116 0.21451
117 0.21534
118 0.21627
119 0.21779
120 0.21961
121 0.22228
122 0.22565
123 0.22729
124 0.2276
125 0.22866
126 0.22945
127 0.23043
128 0.23306
129 0.23448
130 0.23635
131 0.2372
132 0.23848
133 0.24027
134 0.24206
135 0.24529
136 0.24812
137 0.24918
138 0.25061
139 0.25201
140 0.25436
141 0.2576
142 0.26096
143 0.26243
144 0.26427
145 0.26675
146 0.26786
147 0.27064
148 0.27253
149 0.27466
150 0.27524
151 0.27643
152 0.27714
153 0.27963
154 0.28113
155 0.28504
156 0.28807
157 0.29009
158 0.29127
159 0.29508
160 0.29729
161 0.29856
162 0.29934
163 0.30369
164 0.30587
165 0.30708
166 0.31216
167 0.31376
168 0.31489
169 0.31536
170 0.31694
171 0.3194
172 0.32052
173 0.32186
174 0.3225
175 0.32603
176 0.3286
177 0.33131
178 0.33177
179 0.3322
180 0.33618
181 0.33822
182 0.34202
183 0.34464
184 0.34551
185 0.34655
186 0.34744
187 0.34866
188 0.35134
189 0.35334
190 0.35494
191 0.35582
192 0.35726
193 0.35869
194 0.36118
195 0.36287
196 0.36625
197 0.36774
198 0.37074
199 0.37227
200 0.373
201 0.37474
202 0.3773
203 0.37952
204 0.38086
205 0.38143
206 0.38217
207 0.38507
208 0.38671
209 0.38815
210 0.39123
211 0.39281
212 0.39638
213 0.39877
214 0.39984
215 0.40253
216 0.4032
217 0.40375
218 0.40488
219 0.40617
220 0.40668
221 0.40916
222 0.41291
223 0.41677
224 0.4194
225 0.42077
226 0.42184
227 0.42333
228 0.42515
229 0.4262
230 0.42813
231 0.43119
232 0.43263
233 0.43348
234 0.43509
235 0.43761
236 0.44068
237 0.44111
238 0.44173
239 0.44506
240 0.44727
241 0.4479
242 0.45158
243 0.45195
244 0.45413
245 0.45529
246 0.45823
247 0.46021
248 0.46055
249 0.46173
250 0.4646
251 0.46746
252 0.46799
253 0.46935
254 0.47081
255 0.47228
256 0.47234
257 0.47304
258 0.47372
259 0.475
260 0.47632
261 0.4788
262 0.48006
263 0.48325
264 0.48402
265 0.48472
266 0.48818
267 0.48897
268 0.49071
269 0.49417
270 0.49424
271 0.49459
272 0.49615
273 0.49795
274 0.50152
275 0.50317
276 0.50781
277 0.51017
278 0.51388
279 0.51447
280 0.5155
281 0.51763
282 0.51911
283 0.52051
284 0.52195
285 0.52387
286 0.52782
287 0.53028
288 0.53152
289 0.53306
290 0.53483
291 0.53662
292 0.53914
293 0.54148
294 0.54239
295 0.54308
296 0.5445
297 0.54626
298 0.54836
299 0.55153
300 0.55302
301 0.55609
302 0.55693
303 0.55799
304 0.56259
305 0.56409
306 0.56604
307 0.56921
308 0.57238
309 0.574
310 0.5743
311 0.57532
312 0.57556
313 0.57704
314 0.58004
315 0.58412
316 0.58482
317 0.58628
318 0.5874
319 0.58962
320 0.59157
321 0.59347
322 0.59754
323 0.5985
324 0.60051
325 0.60342
326 0.60391
327 0.60469
328 0.6079
329 0.61091
330 0.61201
331 0.61215
332 0.61261
333 0.61405
334 0.61529
335 0.61551
336 0.61747
337 0.62039
338 0.62145
339 0.62299
340 0.62402
341 0.62578
342 0.62733
343 0.6285
344 0.62888
345 0.63283
346 0.6342
347 0.63574
348 0.63697
349 0.63934
350 0.64268
351 0.64418
352 0.64527
353 0.64846
354 0.64883
355 0.64987
356 0.65147
357 0.65474
358 0.65612
359 0.6575
360 0.65934
361 0.66019
362 0.66347
363 0.66578
364 0.66923
365 0.67119
366 0.67297
367 0.67333
368 0.67503
369 0.67713
370 0.68026
371 0.68348
372 0.6865
373 0.68804
374 0.6892
375 0.6918
376 0.69244
377 0.69401
378 0.6976
379 0.69968
380 0.70251
381 0.70295
382 0.70671
383 0.70813
384 0.70964
385 0.71272
386 0.71354
387 0.7147
388 0.71752
389 0.71977
390 0.72198
391 0.72339
392 0.7241
393 0.7246
394 0.72648
395 0.7283
396 0.72975
397 0.73061
398 0.73112
399 0.73252
400 0.73456
401 0.73656
402 0.73702
403 0.73839
404 0.73854
405 0.73915
406 0.74347
407 0.74596
408 0.74789
409 0.74914
410 0.74978
411 0.75061
412 0.75159
413 0.75214
414 0.75483
415 0.75713
416 0.7582
417 0.75931
418 0.75969
419 0.761
420 0.76344
421 0.76628
422 0.76884
423 0.76968
424 0.7728
425 0.77604
426 0.77728
427 0.77964
428 0.78389
429 0.78419
430 0.78497
431 0.78561
432 0.78621
433 0.7896
434 0.79148
435 0.79367
436 0.79446
437 0.79618
438 0.7971
439 0.79791
440 0.79998
441 0.80099
442 0.80467
443 0.80737
444 0.80902
445 0.81287
446 0.8138
447 0.81539
448 0.81703
449 0.81815
450 0.82041
451 0.82377
452 0.82503
453 0.82829
454 0.83004
455 0.83272
456 0.83564
457 0.83851
458 0.84113
459 0.84186
460 0.84637
461 0.84997
462 0.85299
463 0.85564
464 0.85578
465 0.85651
466 0.85868
467 0.85935
468 0.86171
469 0.865
470 0.8654
471 0.86741
472 0.86988
473 0.87074
474 0.87206
475 0.87262
476 0.87438
477 0.87656
478 0.8795
479 0.88044
480 0.88442
481 0.88627
482 0.88692
483 0.88847
484 0.8905
485 0.89118
486 0.89338
487 0.89484
488 0.8978
489 0.89976
490 0.90112
491 0.90437
492 0.90638
493 0.90761
494 0.90877
495 0.91057
496 0.91196
497 0.91458
498 0.91534
499 0.91766
500 0.91901
501 0.92309
502 0.92587
503 0.9262
504 0.92935
505 0.93147
506 0.93514
507 0.93717
508 0.93747
509 0.94103
510 0.94444
511 0.94834
512 0.94884
513 0.95058
514 0.95408
515 0.95447
516 0.95595
517 0.958
518 0.96227
519 0.96342
520 0.96612
521 0.9666
522 0.96843
523 0.97156
524 0.9725
525 0.97567
526 0.97673
527 0.9783
528 0.97985
529 0.98234
530 0.98263
531 0.98451
532 0.98482
533 0.98606
534 0.9872
535 0.9884
536 0.99165
537 0.99307
538 0.99363
539 0.99437
540 0.99529
541 1.00005
# Generated pool n. 17 for Umax = -14.375890731811523
# Generated a biased pool of 100000 with an acceptance of 0.5141217112541199
# Generated a pool of 100000 with an acceptance of 0.00922555350553506
# Generation repeated 542 times
# Average relative effective sample size: 0.17366108298301697
# Generation efficiency: 0.0018450184501845018
