# Generation 6

0 0.00162
1 0.00178
2 0.00233
3 0.00354
4 0.00446
5 0.00494
6 0.00552
7 0.00653
8 0.00822
9 0.00864
10 0.00945
11 0.01053
12 0.0108
13 0.01145
14 0.01171
15 0.01202
16 0.01243
17 0.01274
18 0.01296
19 0.01387
20 0.01491
21 0.01558
22 0.01743
23 0.01817
24 0.01863
25 0.0191
26 0.01988
27 0.02017
28 0.02118
29 0.02233
30 0.02257
31 0.02283
32 0.02361
33 0.0244
34 0.02502
35 0.02613
36 0.02657
37 0.02727
38 0.02762
39 0.02908
40 0.02943
41 0.02993
42 0.03025
43 0.03123
44 0.03206
45 0.03334
46 0.03425
47 0.03509
48 0.03618
49 0.03716
50 0.03757
51 0.03823
52 0.03903
53 0.03979
54 0.03988
55 0.04048
56 0.04121
57 0.04123
58 0.04187
59 0.04278
60 0.04405
61 0.04482
62 0.04572
63 0.04624
64 0.04671
65 0.04761
66 0.0488
67 0.05015
68 0.05117
69 0.05207
70 0.05272
71 0.05322
72 0.0545
73 0.05477
74 0.05515
75 0.05617
76 0.05627
77 0.05658
78 0.05667
79 0.05742
80 0.05801
81 0.05891
82 0.06002
83 0.06078
84 0.06113
85 0.06261
86 0.06335
87 0.06475
88 0.06568
89 0.06602
90 0.06616
91 0.06721
92 0.06793
93 0.0689
94 0.06985
95 0.07039
96 0.07159
97 0.07315
98 0.07413
99 0.07471
100 0.07517
101 0.07562
102 0.07669
103 0.07816
104 0.07883
105 0.07902
106 0.07974
107 0.07989
108 0.08045
109 0.08088
110 0.08173
111 0.08245
112 0.08312
113 0.08354
114 0.08573
115 0.08705
116 0.08752
117 0.08987
118 0.09053
119 0.09118
120 0.09171
121 0.092
122 0.09317
123 0.09372
124 0.09394
125 0.09491
126 0.09546
127 0.09671
128 0.09721
129 0.09803
130 0.09923
131 0.1004
132 0.10148
133 0.10206
134 0.1027
135 0.10308
136 0.1039
137 0.10511
138 0.10554
139 0.10631
140 0.10666
141 0.10764
142 0.10822
143 0.10856
144 0.10946
145 0.11031
146 0.11106
147 0.11164
148 0.11246
149 0.11308
150 0.11431
151 0.11524
152 0.11688
153 0.11782
154 0.11916
155 0.12042
156 0.12155
157 0.12229
158 0.12243
159 0.12358
160 0.12463
161 0.12571
162 0.12697
163 0.12783
164 0.12897
165 0.12924
166 0.12983
167 0.13061
168 0.13102
169 0.13182
170 0.13274
171 0.13304
172 0.13405
173 0.13448
174 0.13481
175 0.1356
176 0.13623
177 0.13633
178 0.13683
179 0.13738
180 0.13779
181 0.13905
182 0.13954
183 0.14012
184 0.14069
185 0.14128
186 0.14215
187 0.14258
188 0.14319
189 0.14494
190 0.14595
191 0.14659
192 0.14715
193 0.14734
194 0.14768
195 0.1479
196 0.14861
197 0.14908
198 0.1503
199 0.15062
200 0.15271
201 0.15303
202 0.15364
203 0.15383
204 0.15457
205 0.15517
206 0.15522
207 0.15543
208 0.1568
209 0.15847
210 0.15866
211 0.15925
212 0.16047
213 0.16089
214 0.16182
215 0.16235
216 0.16246
217 0.1645
218 0.16475
219 0.16529
220 0.16623
221 0.16813
222 0.16867
223 0.16969
224 0.17107
225 0.17291
226 0.17297
227 0.17368
228 0.17556
229 0.17624
230 0.17708
231 0.17875
232 0.1797
233 0.18062
234 0.18103
235 0.18198
236 0.18301
237 0.18304
238 0.18397
239 0.18499
240 0.1858
241 0.18686
242 0.18699
243 0.18892
244 0.18965
245 0.19169
246 0.19193
247 0.19303
248 0.19316
249 0.19393
250 0.19477
251 0.19504
252 0.19603
253 0.19799
254 0.19817
255 0.19866
256 0.19981
257 0.19999
258 0.20162
259 0.20273
260 0.20354
261 0.20432
262 0.20543
263 0.20586
264 0.2065
265 0.20667
266 0.20724
267 0.20791
268 0.20829
269 0.20909
270 0.20995
271 0.21045
272 0.21062
273 0.21274
274 0.21354
275 0.21504
276 0.21548
277 0.21561
278 0.21647
279 0.21717
280 0.21771
281 0.2184
282 0.219
283 0.22024
284 0.22137
285 0.2219
286 0.22238
287 0.2229
288 0.22393
289 0.22555
290 0.22688
291 0.22756
292 0.22823
293 0.22944
294 0.22979
295 0.23055
296 0.23109
297 0.23199
298 0.23268
299 0.23311
300 0.23335
301 0.23393
302 0.23503
303 0.23521
304 0.23582
305 0.23745
306 0.23847
307 0.23973
308 0.2402
309 0.24124
310 0.24292
311 0.24386
312 0.24471
313 0.24536
314 0.24621
315 0.24656
316 0.24739
317 0.2481
318 0.24901
319 0.24923
320 0.24952
321 0.25118
322 0.25201
323 0.25268
324 0.25343
325 0.25379
326 0.25461
327 0.25545
328 0.2558
329 0.25665
330 0.25712
331 0.25874
332 0.25965
333 0.26014
334 0.26051
335 0.26143
336 0.2629
337 0.26427
338 0.26502
339 0.26507
340 0.26545
341 0.26618
342 0.26733
343 0.26752
344 0.26841
345 0.26915
346 0.26954
347 0.2706
348 0.27089
349 0.27145
350 0.27257
351 0.2729
352 0.27395
353 0.27468
354 0.27559
355 0.27618
356 0.27632
357 0.27689
358 0.2778
359 0.27804
360 0.27823
361 0.27863
362 0.27878
363 0.27956
364 0.27996
365 0.28057
366 0.28157
367 0.28323
368 0.28454
369 0.28505
370 0.28658
371 0.28679
372 0.28714
373 0.28767
374 0.28854
375 0.28929
376 0.28995
377 0.29165
378 0.29198
379 0.29237
380 0.29331
381 0.29444
382 0.2955
383 0.29561
384 0.29608
385 0.29742
386 0.29787
387 0.29912
388 0.30051
389 0.30149
390 0.30279
391 0.30349
392 0.30385
393 0.30464
394 0.3059
395 0.30719
396 0.30777
397 0.30841
398 0.30914
399 0.30958
400 0.31039
401 0.3108
402 0.31186
403 0.31291
404 0.31368
405 0.31534
406 0.3163
407 0.31665
408 0.31882
409 0.31983
410 0.32037
411 0.32097
412 0.32143
413 0.32168
414 0.32264
415 0.32336
416 0.3243
417 0.32522
418 0.32703
419 0.32727
420 0.32838
421 0.32902
422 0.32965
423 0.3305
424 0.33136
425 0.33257
426 0.33272
427 0.33349
428 0.33412
429 0.33615
430 0.33681
431 0.33809
432 0.3399
433 0.34068
434 0.34094
435 0.34204
436 0.34349
437 0.34405
438 0.34431
439 0.34436
440 0.34581
441 0.34693
442 0.34797
443 0.34835
444 0.35034
445 0.35153
446 0.35225
447 0.35318
448 0.35389
449 0.35476
450 0.35569
451 0.35685
452 0.35775
453 0.3589
454 0.3597
455 0.36044
456 0.36065
457 0.36122
458 0.3618
459 0.36251
460 0.36294
461 0.3635
462 0.36413
463 0.3653
464 0.36601
465 0.3669
466 0.36788
467 0.36944
468 0.36991
469 0.37016
470 0.37155
471 0.37182
472 0.37237
473 0.37283
474 0.37334
475 0.3739
476 0.37397
477 0.37423
478 0.37474
479 0.37488
480 0.37528
481 0.3757
482 0.37628
483 0.37727
484 0.37788
485 0.37924
486 0.37998
487 0.38053
488 0.38101
489 0.3827
490 0.3838
491 0.38413
492 0.38515
493 0.38614
494 0.38653
495 0.38726
496 0.38763
497 0.38772
498 0.38859
499 0.3903
500 0.39089
501 0.39196
502 0.39371
503 0.39401
504 0.39453
505 0.39496
506 0.39568
507 0.39616
508 0.39671
509 0.39722
510 0.39776
511 0.39804
512 0.39821
513 0.4
514 0.40052
515 0.40162
516 0.40172
517 0.40224
518 0.40282
519 0.40312
520 0.40393
521 0.40416
522 0.40502
523 0.40587
524 0.406
525 0.40711
526 0.40812
527 0.40925
528 0.41044
529 0.412
530 0.41369
531 0.41483
532 0.41543
533 0.41572
534 0.41712
535 0.41783
536 0.41823
537 0.41876
538 0.41982
539 0.41998
540 0.42134
541 0.42229
542 0.42285
543 0.42445
544 0.42482
545 0.42568
546 0.4264
547 0.42665
548 0.42769
549 0.42828
550 0.42867
551 0.43037
552 0.43185
553 0.43241
554 0.43355
555 0.43405
556 0.43514
557 0.43587
558 0.43657
559 0.43741
560 0.43858
561 0.4397
562 0.44078
563 0.44174
564 0.44231
565 0.44253
566 0.4435
567 0.44556
568 0.44625
569 0.44731
570 0.44763
571 0.44798
572 0.45054
573 0.4516
574 0.45234
575 0.45354
576 0.45437
577 0.45592
578 0.45613
579 0.45749
580 0.45807
581 0.45926
582 0.45968
583 0.4605
584 0.46149
585 0.46224
586 0.46292
587 0.46316
588 0.46397
589 0.46518
590 0.46625
591 0.46755
592 0.46829
593 0.4692
594 0.46982
595 0.47068
596 0.47126
597 0.47226
598 0.47276
599 0.47325
600 0.47381
601 0.47454
602 0.47615
603 0.4776
604 0.47837
605 0.48034
606 0.48098
607 0.48162
608 0.48234
609 0.48348
610 0.48356
611 0.48434
612 0.48492
613 0.48561
614 0.48611
615 0.48665
616 0.48754
617 0.48871
618 0.48888
619 0.48937
620 0.4897
621 0.49052
622 0.49153
623 0.49223
624 0.4929
625 0.49309
626 0.49384
627 0.49438
628 0.49537
629 0.49624
630 0.49666
631 0.49776
632 0.49821
633 0.49867
634 0.49933
635 0.50017
636 0.50056
637 0.50083
638 0.50094
639 0.50165
640 0.50189
641 0.50322
642 0.50369
643 0.50485
644 0.50529
645 0.50569
646 0.50598
647 0.50735
648 0.50794
649 0.50916
650 0.50995
651 0.51148
652 0.51231
653 0.51342
654 0.51377
655 0.5148
656 0.51577
657 0.51642
658 0.51656
659 0.518
660 0.51914
661 0.52004
662 0.52012
663 0.52124
664 0.52174
665 0.52255
666 0.52311
667 0.52454
668 0.52537
669 0.52655
670 0.52713
671 0.52779
672 0.52844
673 0.5286
674 0.52913
675 0.52962
676 0.53021
677 0.53121
678 0.53179
679 0.53252
680 0.53319
681 0.53351
682 0.53382
683 0.53514
684 0.5355
685 0.53593
686 0.53608
687 0.5364
688 0.53753
689 0.53767
690 0.53865
691 0.53882
692 0.53918
693 0.54011
694 0.54127
695 0.54216
696 0.54222
697 0.54318
698 0.54333
699 0.5437
700 0.54487
701 0.54555
702 0.54633
703 0.54721
704 0.54858
705 0.5499
706 0.55143
707 0.55231
708 0.55279
709 0.55305
710 0.55377
711 0.55402
712 0.55431
713 0.5548
714 0.55568
715 0.55602
716 0.55773
717 0.55817
718 0.55986
719 0.56098
720 0.56151
721 0.56234
722 0.56318
723 0.56427
724 0.56455
725 0.56493
726 0.56566
727 0.56676
728 0.56709
729 0.56718
730 0.56751
731 0.5677
732 0.5683
733 0.56915
734 0.56975
735 0.57029
736 0.57057
737 0.57118
738 0.57261
739 0.5731
740 0.57365
741 0.5746
742 0.57553
743 0.57622
744 0.57648
745 0.57791
746 0.57799
747 0.57844
748 0.57932
749 0.57967
750 0.58027
751 0.58102
752 0.58215
753 0.58246
754 0.58301
755 0.58346
756 0.58393
757 0.58456
758 0.58523
759 0.58566
760 0.58696
761 0.5872
762 0.58772
763 0.58826
764 0.58856
765 0.5889
766 0.58956
767 0.59042
768 0.5913
769 0.59263
770 0.59272
771 0.59371
772 0.59488
773 0.59572
774 0.59643
775 0.59668
776 0.59735
777 0.59752
778 0.59882
779 0.59944
780 0.59968
781 0.60073
782 0.60261
783 0.60318
784 0.60396
785 0.60478
786 0.60543
787 0.60597
788 0.60701
789 0.6079
790 0.60809
791 0.60827
792 0.60881
793 0.60965
794 0.60997
795 0.61095
796 0.61194
797 0.61273
798 0.61289
799 0.61313
800 0.61415
801 0.61456
802 0.61685
803 0.61782
804 0.6194
805 0.61987
806 0.61996
807 0.62022
808 0.62104
809 0.62168
810 0.62191
811 0.62266
812 0.62374
813 0.62404
814 0.62455
815 0.62479
816 0.62593
817 0.62626
818 0.62635
819 0.62688
820 0.62817
821 0.62966
822 0.63065
823 0.63146
824 0.63182
825 0.63283
826 0.63377
827 0.63439
828 0.6352
829 0.63655
830 0.63715
831 0.63735
832 0.63763
833 0.63911
834 0.63996
835 0.64046
836 0.64066
837 0.64172
838 0.6425
839 0.64386
840 0.64396
841 0.64498
842 0.64533
843 0.64637
844 0.64747
845 0.64778
846 0.64838
847 0.64946
848 0.64983
849 0.65023
850 0.65179
851 0.65217
852 0.65249
853 0.65371
854 0.65404
855 0.65413
856 0.6553
857 0.65667
858 0.65716
859 0.6585
860 0.65894
861 0.65926
862 0.66107
863 0.66217
864 0.66272
865 0.6639
866 0.66433
867 0.66526
868 0.6657
869 0.66635
870 0.66687
871 0.66746
872 0.66781
873 0.66825
874 0.66889
875 0.66893
876 0.66993
877 0.67016
878 0.67123
879 0.67204
880 0.6725
881 0.67332
882 0.67431
883 0.67522
884 0.67621
885 0.67722
886 0.67734
887 0.67797
888 0.67813
889 0.67905
890 0.67941
891 0.67942
892 0.6805
893 0.68087
894 0.68206
895 0.68229
896 0.68263
897 0.68294
898 0.68344
899 0.68385
900 0.68428
901 0.68524
902 0.68656
903 0.68696
904 0.68804
905 0.68812
906 0.68849
907 0.68899
908 0.68941
909 0.69013
910 0.69027
911 0.69086
912 0.69101
913 0.69196
914 0.69322
915 0.69382
916 0.69435
917 0.69459
918 0.69552
919 0.69637
920 0.69699
921 0.69899
922 0.70025
923 0.70161
924 0.70249
925 0.70365
926 0.70398
927 0.70469
928 0.7057
929 0.70594
930 0.70624
931 0.70651
932 0.70694
933 0.70781
934 0.70865
935 0.70974
936 0.71069
937 0.71124
938 0.71218
939 0.71262
940 0.71366
941 0.7147
942 0.71557
943 0.71584
944 0.71626
945 0.71711
946 0.71846
947 0.71987
948 0.72118
949 0.72151
950 0.72229
951 0.72259
952 0.72363
953 0.72475
954 0.72511
955 0.72623
956 0.7268
957 0.72686
958 0.72765
959 0.72879
960 0.72975
961 0.7309
962 0.73193
963 0.73225
964 0.73243
965 0.73354
966 0.73588
967 0.737
968 0.73736
969 0.73818
970 0.73837
971 0.73863
972 0.74008
973 0.74059
974 0.74091
975 0.74131
976 0.74199
977 0.7424
978 0.74385
979 0.74503
980 0.74595
981 0.74624
982 0.74722
983 0.74813
984 0.74841
985 0.74873
986 0.74956
987 0.75077
988 0.75152
989 0.75154
990 0.75174
991 0.75202
992 0.75238
993 0.75401
994 0.75522
995 0.75618
996 0.75727
997 0.75845
998 0.75889
999 0.75995
1000 0.76063
1001 0.76138
1002 0.76167
1003 0.7629
1004 0.76429
1005 0.76524
1006 0.76646
1007 0.76722
1008 0.76982
1009 0.77171
1010 0.77232
1011 0.77366
1012 0.77513
1013 0.77559
1014 0.77691
1015 0.77746
1016 0.77883
1017 0.77921
1018 0.77936
1019 0.78057
1020 0.78077
1021 0.78115
1022 0.78265
1023 0.78321
1024 0.7849
1025 0.7856
1026 0.78688
1027 0.78745
1028 0.78815
1029 0.78857
1030 0.78887
1031 0.78938
1032 0.78968
1033 0.78989
1034 0.79013
1035 0.79184
1036 0.79308
1037 0.79432
1038 0.79518
1039 0.79581
1040 0.7963
1041 0.79677
1042 0.79739
1043 0.79786
1044 0.79865
1045 0.7989
1046 0.79935
1047 0.80079
1048 0.8015
1049 0.80222
1050 0.80317
1051 0.80462
1052 0.80564
1053 0.8066
1054 0.8083
1055 0.80879
1056 0.80994
1057 0.81008
1058 0.81135
1059 0.81193
1060 0.81235
1061 0.81295
1062 0.81447
1063 0.81505
1064 0.81543
1065 0.81616
1066 0.81622
1067 0.81762
1068 0.81877
1069 0.81966
1070 0.82121
1071 0.82189
1072 0.82256
1073 0.82354
1074 0.82365
1075 0.82393
1076 0.82528
1077 0.82585
1078 0.82638
1079 0.82642
1080 0.82775
1081 0.82884
1082 0.82975
1083 0.83087
1084 0.83254
1085 0.83284
1086 0.83347
1087 0.83403
1088 0.8342
1089 0.83457
1090 0.83476
1091 0.83528
1092 0.83606
1093 0.83694
1094 0.83705
1095 0.83788
1096 0.83808
1097 0.83816
1098 0.83882
1099 0.8394
1100 0.84101
1101 0.8413
1102 0.84232
1103 0.84246
1104 0.84338
1105 0.84395
1106 0.84444
1107 0.84504
1108 0.84666
1109 0.84721
1110 0.8482
1111 0.84828
1112 0.84884
1113 0.84992
1114 0.85034
1115 0.85054
1116 0.85145
1117 0.85196
1118 0.85371
1119 0.85532
1120 0.85544
1121 0.85562
1122 0.85629
1123 0.85696
1124 0.85753
1125 0.8585
1126 0.85907
1127 0.85952
1128 0.86034
1129 0.8612
1130 0.86203
1131 0.86255
1132 0.863
1133 0.86415
1134 0.86608
1135 0.86687
1136 0.86811
1137 0.86879
1138 0.86988
1139 0.87155
1140 0.8725
1141 0.87354
1142 0.87385
1143 0.87459
1144 0.87551
1145 0.8757
1146 0.87689
1147 0.8773
1148 0.87814
1149 0.87905
1150 0.88003
1151 0.88053
1152 0.88131
1153 0.88211
1154 0.88234
1155 0.88239
1156 0.88395
1157 0.88529
1158 0.88535
1159 0.88646
1160 0.88675
1161 0.88743
1162 0.88786
1163 0.88922
1164 0.88998
1165 0.89019
1166 0.89149
1167 0.89275
1168 0.89357
1169 0.89462
1170 0.89494
1171 0.89596
1172 0.89632
1173 0.89741
1174 0.89786
1175 0.89885
1176 0.89937
1177 0.9002
1178 0.9006
1179 0.90115
1180 0.90282
1181 0.90371
1182 0.90497
1183 0.90604
1184 0.90644
1185 0.90699
1186 0.90822
1187 0.90868
1188 0.91002
1189 0.91062
1190 0.91161
1191 0.91252
1192 0.91268
1193 0.91395
1194 0.9145
1195 0.91584
1196 0.91666
1197 0.9167
1198 0.91809
1199 0.91833
1200 0.91924
1201 0.91993
1202 0.92039
1203 0.92078
1204 0.92223
1205 0.9229
1206 0.92367
1207 0.92494
1208 0.9253
1209 0.92588
1210 0.92639
1211 0.92753
1212 0.92781
1213 0.92854
1214 0.93033
1215 0.93082
1216 0.93171
1217 0.9329
1218 0.9337
1219 0.93422
1220 0.93465
1221 0.93505
1222 0.93544
1223 0.93637
1224 0.93784
1225 0.9384
1226 0.93953
1227 0.94065
1228 0.94154
1229 0.94204
1230 0.94264
1231 0.94351
1232 0.94408
1233 0.94573
1234 0.94638
1235 0.947
1236 0.94704
1237 0.94817
1238 0.94941
1239 0.95092
1240 0.95136
1241 0.9519
1242 0.95264
1243 0.95364
1244 0.95381
1245 0.9551
1246 0.95589
1247 0.95696
1248 0.958
1249 0.95821
1250 0.95911
1251 0.95967
1252 0.96039
1253 0.96122
1254 0.96131
1255 0.96218
1256 0.96355
1257 0.96382
1258 0.96525
1259 0.96636
1260 0.96665
1261 0.96727
1262 0.96791
1263 0.96825
1264 0.9689
1265 0.97019
1266 0.97068
1267 0.97206
1268 0.97298
1269 0.97318
1270 0.97398
1271 0.9743
1272 0.97522
1273 0.97605
1274 0.97614
1275 0.97693
1276 0.97751
1277 0.97851
1278 0.97915
1279 0.98031
1280 0.98121
1281 0.98168
1282 0.9828
1283 0.984
1284 0.98417
1285 0.98474
1286 0.98561
1287 0.98604
1288 0.98642
1289 0.9868
1290 0.98868
1291 0.98888
1292 0.98988
1293 0.99041
1294 0.99086
1295 0.99143
1296 0.99194
1297 0.99322
1298 0.99372
1299 0.99455
1300 0.99514
1301 0.99533
1302 0.99599
1303 0.9964
1304 0.99792
1305 0.9983
1306 0.99843
1307 0.99953
1308 0.99993
1309 1.00092
# Generated pool n. 6 for Umax = 38.5677375793457
# Generated a biased pool of 100000 with an acceptance of 0.3383319079875946
# Generated a pool of 100000 with an acceptance of 0.003820305343511451
# Generation repeated 1310 times
# Average relative effective sample size: 0.05004104599356651
# Generation efficiency: 0.0007633587786259542
