# Generation 12

0 0.00145
1 0.00301
2 0.00554
3 0.00697
4 0.01007
5 0.01303
6 0.01607
7 0.01816
8 0.02044
9 0.02317
10 0.02483
11 0.02578
12 0.02718
13 0.02985
14 0.03372
15 0.03433
16 0.03581
17 0.04016
18 0.04308
19 0.04494
20 0.04677
21 0.04807
22 0.0493
23 0.05045
24 0.05243
25 0.05418
26 0.05562
27 0.05888
28 0.06141
29 0.06247
30 0.0639
31 0.06585
32 0.06769
33 0.06972
34 0.07148
35 0.07362
36 0.07612
37 0.07733
38 0.07919
39 0.0842
40 0.08521
41 0.08816
42 0.08841
43 0.09034
44 0.0917
45 0.0945
46 0.09681
47 0.09934
48 0.09998
49 0.10189
50 0.10265
51 0.10377
52 0.10695
53 0.11064
54 0.11235
55 0.11661
56 0.1191
57 0.12145
58 0.12609
59 0.12896
60 0.12998
61 0.13127
62 0.13333
63 0.13619
64 0.13825
65 0.14111
66 0.14255
67 0.14437
68 0.14569
69 0.14964
70 0.15025
71 0.15142
72 0.15363
73 0.15664
74 0.15755
75 0.15802
76 0.16191
77 0.16313
78 0.16369
79 0.16733
80 0.1684
81 0.16976
82 0.17169
83 0.17478
84 0.17878
85 0.1832
86 0.18578
87 0.18914
88 0.19035
89 0.19265
90 0.19518
91 0.19632
92 0.19837
93 0.20037
94 0.20157
95 0.20546
96 0.20767
97 0.2128
98 0.21639
99 0.21984
100 0.22426
101 0.22558
102 0.22831
103 0.2308
104 0.23361
105 0.23489
106 0.23582
107 0.23863
108 0.24074
109 0.24272
110 0.24337
111 0.24826
112 0.24972
113 0.25004
114 0.25528
115 0.25786
116 0.2598
117 0.26064
118 0.26199
119 0.26493
120 0.2662
121 0.26844
122 0.26972
123 0.27341
124 0.27504
125 0.27653
126 0.27744
127 0.27893
128 0.27982
129 0.28229
130 0.28406
131 0.28597
132 0.29037
133 0.29095
134 0.29418
135 0.29628
136 0.29933
137 0.30246
138 0.30468
139 0.30841
140 0.31064
141 0.31113
142 0.31232
143 0.31405
144 0.31596
145 0.31945
146 0.32224
147 0.32625
148 0.32766
149 0.33028
150 0.33147
151 0.33318
152 0.33551
153 0.33765
154 0.33985
155 0.34311
156 0.34732
157 0.35026
158 0.35212
159 0.35629
160 0.35722
161 0.3612
162 0.36363
163 0.36648
164 0.36963
165 0.37088
166 0.3744
167 0.37593
168 0.37782
169 0.38029
170 0.38416
171 0.38646
172 0.39
173 0.39318
174 0.39499
175 0.39833
176 0.40259
177 0.40546
178 0.40756
179 0.41145
180 0.41358
181 0.41419
182 0.41584
183 0.41882
184 0.42285
185 0.42491
186 0.42705
187 0.42828
188 0.43076
189 0.43238
190 0.43406
191 0.43695
192 0.44016
193 0.44258
194 0.4451
195 0.4476
196 0.45019
197 0.45299
198 0.45334
199 0.45613
200 0.45812
201 0.45967
202 0.46223
203 0.46618
204 0.46705
205 0.46768
206 0.47103
207 0.4744
208 0.47787
209 0.48051
210 0.48203
211 0.48482
212 0.48756
213 0.48971
214 0.49334
215 0.49456
216 0.49833
217 0.50061
218 0.50142
219 0.50215
220 0.50599
221 0.50824
222 0.51131
223 0.51304
224 0.51525
225 0.51936
226 0.52157
227 0.52472
228 0.5295
229 0.53312
230 0.53454
231 0.53576
232 0.53809
233 0.53918
234 0.54206
235 0.54489
236 0.54546
237 0.54727
238 0.54955
239 0.55163
240 0.5539
241 0.55531
242 0.55835
243 0.56155
244 0.56358
245 0.56719
246 0.5678
247 0.57065
248 0.57345
249 0.57486
250 0.57698
251 0.57786
252 0.57889
253 0.58092
254 0.58241
255 0.58321
256 0.58507
257 0.5862
258 0.58861
259 0.59034
260 0.59194
261 0.59418
262 0.5959
263 0.59829
264 0.60027
265 0.60629
266 0.60683
267 0.60799
268 0.60849
269 0.61116
270 0.61319
271 0.61625
272 0.61787
273 0.61903
274 0.62223
275 0.62657
276 0.62903
277 0.6333
278 0.63439
279 0.63765
280 0.64091
281 0.64288
282 0.64386
283 0.64626
284 0.64824
285 0.65009
286 0.65087
287 0.65337
288 0.65446
289 0.65523
290 0.65768
291 0.66064
292 0.66207
293 0.66398
294 0.66495
295 0.66927
296 0.67139
297 0.67583
298 0.67737
299 0.68199
300 0.68406
301 0.68482
302 0.68837
303 0.68849
304 0.68982
305 0.69343
306 0.69582
307 0.69671
308 0.69882
309 0.6996
310 0.70393
311 0.70517
312 0.70649
313 0.70759
314 0.71131
315 0.71482
316 0.71932
317 0.72053
318 0.72181
319 0.7238
320 0.72619
321 0.72741
322 0.72824
323 0.73359
324 0.73573
325 0.7386
326 0.73932
327 0.7408
328 0.74167
329 0.74356
330 0.74446
331 0.74785
332 0.75121
333 0.7534
334 0.75737
335 0.75862
336 0.76038
337 0.76196
338 0.76348
339 0.76553
340 0.767
341 0.76845
342 0.76897
343 0.7711
344 0.77384
345 0.7744
346 0.77645
347 0.7777
348 0.77974
349 0.78271
350 0.78445
351 0.78773
352 0.7893
353 0.79171
354 0.79427
355 0.79543
356 0.79895
357 0.80071
358 0.80295
359 0.80587
360 0.8064
361 0.80982
362 0.8117
363 0.81479
364 0.81581
365 0.81638
366 0.8219
367 0.82449
368 0.82504
369 0.82592
370 0.82799
371 0.8317
372 0.83381
373 0.83456
374 0.83665
375 0.8433
376 0.84584
377 0.84945
378 0.85118
379 0.85234
380 0.85483
381 0.856
382 0.85721
383 0.86112
384 0.86256
385 0.86414
386 0.86499
387 0.86588
388 0.86866
389 0.87074
390 0.87192
391 0.8746
392 0.88019
393 0.88277
394 0.88478
395 0.88835
396 0.89078
397 0.89182
398 0.89316
399 0.89467
400 0.89811
401 0.90226
402 0.9079
403 0.90929
404 0.90976
405 0.91413
406 0.91795
407 0.92137
408 0.92336
409 0.92367
410 0.92605
411 0.92917
412 0.92969
413 0.93083
414 0.93213
415 0.9365
416 0.93752
417 0.94167
418 0.94231
419 0.94387
420 0.9463
421 0.94784
422 0.94949
423 0.9518
424 0.95522
425 0.95654
426 0.95849
427 0.96141
428 0.96211
429 0.96289
430 0.96411
431 0.96579
432 0.96688
433 0.96859
434 0.96999
435 0.97226
436 0.9768
437 0.9809
438 0.98255
439 0.98705
440 0.98793
441 0.99214
442 0.99427
443 0.9969
444 1.00261
# Generated pool n. 12 for Umax = -11.324871063232422
# Generated a biased pool of 100000 with an acceptance of 0.5304719805717468
# Generated a pool of 100000 with an acceptance of 0.011265280898876398
# Generation repeated 445 times
# Average relative effective sample size: 0.20703443884849548
# Generation efficiency: 0.0022471910112359553
