# Generation 7

0 0.00038
1 0.00192
2 0.0035
3 0.00389
4 0.00564
5 0.0075
6 0.00871
7 0.00955
8 0.01125
9 0.01161
10 0.01292
11 0.01328
12 0.01513
13 0.0158
14 0.01712
15 0.01823
16 0.01846
17 0.01892
18 0.01989
19 0.01994
20 0.02063
21 0.02124
22 0.02199
23 0.02229
24 0.02323
25 0.02414
26 0.02479
27 0.02637
28 0.02714
29 0.02798
30 0.02836
31 0.02872
32 0.02934
33 0.03103
34 0.0324
35 0.03386
36 0.03433
37 0.03449
38 0.03522
39 0.03551
40 0.03667
41 0.03883
42 0.03953
43 0.04026
44 0.04112
45 0.04181
46 0.04279
47 0.04307
48 0.04318
49 0.04445
50 0.04476
51 0.04545
52 0.04622
53 0.04677
54 0.04764
55 0.04908
56 0.05149
57 0.05169
58 0.05223
59 0.05297
60 0.0541
61 0.05496
62 0.0556
63 0.05576
64 0.05676
65 0.05778
66 0.05923
67 0.05956
68 0.06019
69 0.06083
70 0.06114
71 0.06201
72 0.06357
73 0.06407
74 0.06442
75 0.06462
76 0.06506
77 0.06558
78 0.06628
79 0.0665
80 0.06744
81 0.06798
82 0.06834
83 0.06921
84 0.07046
85 0.07241
86 0.07298
87 0.07487
88 0.07538
89 0.07632
90 0.0765
91 0.07708
92 0.07822
93 0.07868
94 0.08057
95 0.08171
96 0.08215
97 0.08232
98 0.0827
99 0.08376
100 0.08529
101 0.0859
102 0.08673
103 0.08762
104 0.08863
105 0.08939
106 0.08952
107 0.09058
108 0.09158
109 0.09212
110 0.09299
111 0.09398
112 0.09474
113 0.09488
114 0.09561
115 0.0964
116 0.0969
117 0.09711
118 0.09782
119 0.09917
120 0.09982
121 0.10109
122 0.10132
123 0.10222
124 0.10281
125 0.10399
126 0.10501
127 0.10546
128 0.10565
129 0.10779
130 0.10881
131 0.10945
132 0.10986
133 0.11014
134 0.11187
135 0.11334
136 0.11436
137 0.11495
138 0.11567
139 0.11654
140 0.11681
141 0.1173
142 0.11756
143 0.11808
144 0.11914
145 0.11953
146 0.12008
147 0.12087
148 0.12112
149 0.1213
150 0.122
151 0.12268
152 0.12342
153 0.12445
154 0.12475
155 0.12609
156 0.12828
157 0.12971
158 0.13005
159 0.13047
160 0.13056
161 0.13103
162 0.13104
163 0.13152
164 0.1323
165 0.13345
166 0.13421
167 0.13498
168 0.13637
169 0.13747
170 0.13839
171 0.13893
172 0.13979
173 0.14
174 0.14111
175 0.14214
176 0.14277
177 0.14312
178 0.14393
179 0.14434
180 0.14499
181 0.14552
182 0.14572
183 0.14685
184 0.14843
185 0.14868
186 0.14947
187 0.14979
188 0.15038
189 0.15084
190 0.1527
191 0.15283
192 0.15392
193 0.15506
194 0.15693
195 0.15757
196 0.15834
197 0.15863
198 0.15901
199 0.15974
200 0.16029
201 0.16138
202 0.16174
203 0.16287
204 0.16314
205 0.16504
206 0.16522
207 0.16601
208 0.1667
209 0.16693
210 0.16738
211 0.1676
212 0.16877
213 0.1701
214 0.17102
215 0.17142
216 0.1721
217 0.17236
218 0.17274
219 0.17403
220 0.17475
221 0.17541
222 0.17562
223 0.17609
224 0.17725
225 0.17819
226 0.17955
227 0.18
228 0.18024
229 0.18039
230 0.18108
231 0.18155
232 0.18246
233 0.18323
234 0.18378
235 0.1841
236 0.1846
237 0.18628
238 0.18686
239 0.1874
240 0.18816
241 0.18911
242 0.18955
243 0.19019
244 0.19081
245 0.19131
246 0.19158
247 0.192
248 0.19208
249 0.1926
250 0.19317
251 0.19401
252 0.19444
253 0.1957
254 0.19584
255 0.19643
256 0.19746
257 0.19881
258 0.19958
259 0.20008
260 0.2009
261 0.20191
262 0.20218
263 0.20244
264 0.20296
265 0.20367
266 0.20376
267 0.204
268 0.2047
269 0.20539
270 0.20589
271 0.20654
272 0.20693
273 0.20723
274 0.20787
275 0.2087
276 0.20917
277 0.21074
278 0.2115
279 0.21199
280 0.21394
281 0.21514
282 0.21636
283 0.2168
284 0.21698
285 0.21757
286 0.21811
287 0.21859
288 0.21948
289 0.22038
290 0.2208
291 0.22168
292 0.22239
293 0.22433
294 0.22514
295 0.22525
296 0.22596
297 0.22689
298 0.22749
299 0.22816
300 0.22885
301 0.2291
302 0.2305
303 0.23173
304 0.23331
305 0.23404
306 0.23501
307 0.23708
308 0.23734
309 0.23838
310 0.23936
311 0.23967
312 0.23998
313 0.24079
314 0.24088
315 0.24142
316 0.24156
317 0.24173
318 0.24251
319 0.24314
320 0.24441
321 0.24491
322 0.24534
323 0.2458
324 0.24631
325 0.24686
326 0.24723
327 0.24754
328 0.2479
329 0.24864
330 0.24906
331 0.2502
332 0.25209
333 0.25354
334 0.25425
335 0.25568
336 0.25614
337 0.25648
338 0.25739
339 0.25836
340 0.25927
341 0.26061
342 0.26087
343 0.26137
344 0.26184
345 0.26285
346 0.26444
347 0.2653
348 0.26561
349 0.26612
350 0.2668
351 0.2679
352 0.26827
353 0.26902
354 0.26983
355 0.27083
356 0.27131
357 0.27209
358 0.27302
359 0.27409
360 0.27554
361 0.27555
362 0.2758
363 0.27668
364 0.27742
365 0.27834
366 0.28022
367 0.28043
368 0.28079
369 0.28178
370 0.28265
371 0.28355
372 0.28405
373 0.28542
374 0.28584
375 0.28683
376 0.28742
377 0.28818
378 0.28866
379 0.29027
380 0.29106
381 0.2916
382 0.29209
383 0.29213
384 0.29303
385 0.29484
386 0.2956
387 0.29646
388 0.29705
389 0.29778
390 0.29783
391 0.2985
392 0.2988
393 0.29934
394 0.29983
395 0.30089
396 0.3016
397 0.30243
398 0.3033
399 0.30419
400 0.30577
401 0.30648
402 0.30721
403 0.30742
404 0.30918
405 0.31053
406 0.3108
407 0.31104
408 0.31105
409 0.31169
410 0.31193
411 0.31242
412 0.31344
413 0.31474
414 0.31528
415 0.31619
416 0.31641
417 0.31698
418 0.31792
419 0.31889
420 0.3192
421 0.32053
422 0.32108
423 0.32149
424 0.32212
425 0.32257
426 0.32295
427 0.32386
428 0.32412
429 0.32442
430 0.32514
431 0.32543
432 0.32613
433 0.32653
434 0.32762
435 0.3283
436 0.32892
437 0.32966
438 0.33015
439 0.33174
440 0.33189
441 0.3324
442 0.33332
443 0.33427
444 0.33478
445 0.33529
446 0.33595
447 0.33706
448 0.33747
449 0.3383
450 0.33944
451 0.33955
452 0.34017
453 0.34043
454 0.34181
455 0.34189
456 0.34263
457 0.34322
458 0.34451
459 0.34558
460 0.34685
461 0.3483
462 0.34883
463 0.35001
464 0.35052
465 0.35125
466 0.35217
467 0.35307
468 0.35396
469 0.35539
470 0.35571
471 0.35651
472 0.35767
473 0.35824
474 0.3591
475 0.35954
476 0.36042
477 0.36052
478 0.36057
479 0.36155
480 0.36217
481 0.36273
482 0.36405
483 0.36494
484 0.36643
485 0.36689
486 0.367
487 0.36727
488 0.36804
489 0.36933
490 0.37018
491 0.3711
492 0.37238
493 0.37262
494 0.37356
495 0.37382
496 0.37427
497 0.3749
498 0.37526
499 0.37584
500 0.37646
501 0.37666
502 0.37761
503 0.37889
504 0.37941
505 0.38151
506 0.38185
507 0.38192
508 0.38197
509 0.38226
510 0.38313
511 0.38379
512 0.38431
513 0.38591
514 0.38728
515 0.38839
516 0.38868
517 0.38898
518 0.38955
519 0.3898
520 0.39093
521 0.39142
522 0.39165
523 0.39209
524 0.39275
525 0.39348
526 0.3936
527 0.39367
528 0.39459
529 0.39567
530 0.39669
531 0.39714
532 0.3976
533 0.39819
534 0.39845
535 0.39892
536 0.39928
537 0.40077
538 0.40145
539 0.40214
540 0.4036
541 0.40474
542 0.40598
543 0.40621
544 0.40671
545 0.40794
546 0.40847
547 0.40878
548 0.40916
549 0.40919
550 0.41059
551 0.41081
552 0.4111
553 0.41263
554 0.41316
555 0.41373
556 0.41526
557 0.41585
558 0.41627
559 0.41733
560 0.41823
561 0.41855
562 0.41941
563 0.4202
564 0.42083
565 0.42115
566 0.42152
567 0.42244
568 0.42296
569 0.42401
570 0.42505
571 0.42567
572 0.426
573 0.42628
574 0.42793
575 0.4284
576 0.4287
577 0.42962
578 0.4304
579 0.43202
580 0.43231
581 0.43464
582 0.43504
583 0.43626
584 0.43714
585 0.43813
586 0.43874
587 0.43944
588 0.4401
589 0.4407
590 0.44179
591 0.44299
592 0.44354
593 0.44393
594 0.44463
595 0.44576
596 0.4465
597 0.44676
598 0.44726
599 0.4477
600 0.44917
601 0.44953
602 0.44979
603 0.4509
604 0.45236
605 0.45243
606 0.45321
607 0.45395
608 0.45433
609 0.45561
610 0.45597
611 0.45741
612 0.45812
613 0.45953
614 0.45978
615 0.46123
616 0.46149
617 0.46346
618 0.4641
619 0.46422
620 0.46472
621 0.46616
622 0.46629
623 0.4668
624 0.46761
625 0.46812
626 0.46877
627 0.46891
628 0.46951
629 0.47059
630 0.47078
631 0.47137
632 0.47179
633 0.4723
634 0.47326
635 0.47387
636 0.47412
637 0.47418
638 0.47498
639 0.47552
640 0.47694
641 0.47701
642 0.47847
643 0.47886
644 0.47945
645 0.48001
646 0.4812
647 0.48179
648 0.48235
649 0.48407
650 0.48469
651 0.48571
652 0.4864
653 0.48706
654 0.48787
655 0.48821
656 0.48889
657 0.49015
658 0.49082
659 0.49104
660 0.49132
661 0.49133
662 0.49173
663 0.49188
664 0.49239
665 0.49277
666 0.49281
667 0.49334
668 0.49456
669 0.49481
670 0.49509
671 0.49546
672 0.49615
673 0.49668
674 0.4979
675 0.49831
676 0.50013
677 0.50142
678 0.50197
679 0.50352
680 0.50429
681 0.50488
682 0.50521
683 0.50638
684 0.50673
685 0.50749
686 0.50801
687 0.50824
688 0.50835
689 0.50866
690 0.50983
691 0.51011
692 0.51057
693 0.51102
694 0.51164
695 0.51208
696 0.51383
697 0.51448
698 0.51549
699 0.51658
700 0.51783
701 0.51796
702 0.51821
703 0.51901
704 0.51923
705 0.52038
706 0.52089
707 0.52196
708 0.5234
709 0.52475
710 0.52583
711 0.52614
712 0.52676
713 0.5273
714 0.52895
715 0.52929
716 0.53034
717 0.53168
718 0.53176
719 0.53337
720 0.53492
721 0.53527
722 0.53554
723 0.53612
724 0.53691
725 0.53778
726 0.53883
727 0.53965
728 0.54012
729 0.54032
730 0.54153
731 0.54182
732 0.54205
733 0.54227
734 0.54245
735 0.5427
736 0.54325
737 0.54351
738 0.54413
739 0.54435
740 0.54571
741 0.54623
742 0.54685
743 0.54701
744 0.54859
745 0.54943
746 0.54993
747 0.55148
748 0.55162
749 0.5527
750 0.55386
751 0.55441
752 0.55498
753 0.55567
754 0.55622
755 0.55674
756 0.55787
757 0.55851
758 0.55861
759 0.56003
760 0.561
761 0.56135
762 0.56291
763 0.56343
764 0.56442
765 0.56471
766 0.56495
767 0.565
768 0.56529
769 0.56633
770 0.56695
771 0.56778
772 0.56885
773 0.56959
774 0.57103
775 0.57135
776 0.57165
777 0.57243
778 0.57246
779 0.57358
780 0.57399
781 0.5758
782 0.5773
783 0.57859
784 0.57945
785 0.57949
786 0.58069
787 0.58182
788 0.58318
789 0.58333
790 0.58414
791 0.58451
792 0.58499
793 0.5864
794 0.58728
795 0.5875
796 0.58761
797 0.58896
798 0.58966
799 0.59013
800 0.59094
801 0.59153
802 0.59282
803 0.59372
804 0.59472
805 0.59584
806 0.59688
807 0.59731
808 0.59904
809 0.59924
810 0.60003
811 0.602
812 0.60212
813 0.60305
814 0.60451
815 0.60506
816 0.60619
817 0.60742
818 0.60953
819 0.60993
820 0.61012
821 0.61137
822 0.61254
823 0.61358
824 0.61461
825 0.61486
826 0.61565
827 0.61634
828 0.61655
829 0.61664
830 0.61739
831 0.61792
832 0.61824
833 0.61855
834 0.61913
835 0.62034
836 0.62086
837 0.62163
838 0.62209
839 0.62241
840 0.62275
841 0.62354
842 0.62435
843 0.62449
844 0.62459
845 0.62495
846 0.62629
847 0.62704
848 0.62857
849 0.629
850 0.62997
851 0.63059
852 0.63159
853 0.63184
854 0.63311
855 0.63421
856 0.63444
857 0.63486
858 0.63558
859 0.63645
860 0.63683
861 0.63727
862 0.63745
863 0.63863
864 0.6408
865 0.64159
866 0.64243
867 0.64249
868 0.64305
869 0.64394
870 0.64466
871 0.64472
872 0.64566
873 0.64701
874 0.64819
875 0.64909
876 0.64978
877 0.65107
878 0.65116
879 0.65158
880 0.65217
881 0.65327
882 0.65365
883 0.65454
884 0.65638
885 0.65707
886 0.658
887 0.65823
888 0.65882
889 0.65883
890 0.65904
891 0.65968
892 0.66049
893 0.66094
894 0.66236
895 0.66238
896 0.66324
897 0.66414
898 0.66437
899 0.66493
900 0.66524
901 0.66578
902 0.66673
903 0.66791
904 0.66868
905 0.67008
906 0.67039
907 0.67144
908 0.67252
909 0.6734
910 0.67401
911 0.67497
912 0.67557
913 0.67718
914 0.67817
915 0.67835
916 0.67948
917 0.68052
918 0.68094
919 0.68187
920 0.68294
921 0.6833
922 0.68393
923 0.6852
924 0.68597
925 0.6867
926 0.68741
927 0.68823
928 0.68918
929 0.69021
930 0.69142
931 0.69288
932 0.69317
933 0.69349
934 0.69421
935 0.6956
936 0.69604
937 0.69614
938 0.69696
939 0.69795
940 0.69877
941 0.69956
942 0.70105
943 0.70111
944 0.70229
945 0.70258
946 0.7043
947 0.70472
948 0.70536
949 0.70649
950 0.70659
951 0.70717
952 0.70763
953 0.70875
954 0.70917
955 0.70987
956 0.7104
957 0.71183
958 0.71199
959 0.71235
960 0.71288
961 0.71318
962 0.71366
963 0.71415
964 0.71511
965 0.71696
966 0.71708
967 0.7177
968 0.71811
969 0.7192
970 0.72082
971 0.72153
972 0.72212
973 0.72368
974 0.72402
975 0.72416
976 0.72433
977 0.72506
978 0.72544
979 0.72629
980 0.72705
981 0.7276
982 0.72805
983 0.72825
984 0.72888
985 0.72948
986 0.73074
987 0.73089
988 0.73232
989 0.73329
990 0.73556
991 0.73644
992 0.73697
993 0.73823
994 0.73923
995 0.73997
996 0.74038
997 0.74067
998 0.7415
999 0.7428
1000 0.74331
1001 0.74333
1002 0.7436
1003 0.74453
1004 0.74474
1005 0.74528
1006 0.74636
1007 0.74664
1008 0.74722
1009 0.74787
1010 0.74847
1011 0.74895
1012 0.74922
1013 0.74966
1014 0.75055
1015 0.75094
1016 0.75183
1017 0.75236
1018 0.75363
1019 0.75499
1020 0.75554
1021 0.75602
1022 0.75748
1023 0.75772
1024 0.75785
1025 0.75849
1026 0.75922
1027 0.75943
1028 0.76031
1029 0.76269
1030 0.76317
1031 0.76464
1032 0.76485
1033 0.76524
1034 0.7655
1035 0.76596
1036 0.76696
1037 0.76729
1038 0.76744
1039 0.76751
1040 0.76815
1041 0.76912
1042 0.76937
1043 0.77004
1044 0.77086
1045 0.77111
1046 0.77205
1047 0.77272
1048 0.77324
1049 0.7736
1050 0.77397
1051 0.77429
1052 0.77511
1053 0.77548
1054 0.77567
1055 0.77669
1056 0.77827
1057 0.77981
1058 0.78093
1059 0.78186
1060 0.78213
1061 0.78275
1062 0.78392
1063 0.78397
1064 0.78498
1065 0.78563
1066 0.78598
1067 0.78696
1068 0.78787
1069 0.78811
1070 0.78843
1071 0.78879
1072 0.78948
1073 0.79026
1074 0.79059
1075 0.7915
1076 0.79234
1077 0.79264
1078 0.79356
1079 0.79421
1080 0.79495
1081 0.79614
1082 0.7966
1083 0.797
1084 0.79791
1085 0.79859
1086 0.79959
1087 0.80068
1088 0.8011
1089 0.80211
1090 0.80239
1091 0.80319
1092 0.80375
1093 0.80499
1094 0.80589
1095 0.80698
1096 0.80703
1097 0.80754
1098 0.80777
1099 0.80819
1100 0.80863
1101 0.80879
1102 0.80943
1103 0.8106
1104 0.81248
1105 0.81429
1106 0.81455
1107 0.81619
1108 0.81678
1109 0.81713
1110 0.81765
1111 0.81843
1112 0.81937
1113 0.82081
1114 0.82151
1115 0.82245
1116 0.82383
1117 0.82443
1118 0.82453
1119 0.8259
1120 0.82643
1121 0.82742
1122 0.82764
1123 0.82898
1124 0.831
1125 0.83136
1126 0.83262
1127 0.83326
1128 0.83359
1129 0.83409
1130 0.83536
1131 0.83703
1132 0.83776
1133 0.83868
1134 0.83927
1135 0.83956
1136 0.83965
1137 0.84014
1138 0.84057
1139 0.84123
1140 0.84153
1141 0.84204
1142 0.84286
1143 0.84341
1144 0.84451
1145 0.84569
1146 0.84669
1147 0.8468
1148 0.84711
1149 0.84796
1150 0.84872
1151 0.84918
1152 0.84997
1153 0.85134
1154 0.85151
1155 0.85247
1156 0.85276
1157 0.85296
1158 0.85392
1159 0.85407
1160 0.85457
1161 0.85548
1162 0.85698
1163 0.85728
1164 0.85739
1165 0.8576
1166 0.85874
1167 0.8593
1168 0.85973
1169 0.86003
1170 0.8602
1171 0.86036
1172 0.86182
1173 0.86273
1174 0.8644
1175 0.86448
1176 0.86577
1177 0.86593
1178 0.86678
1179 0.86753
1180 0.86802
1181 0.86831
1182 0.8695
1183 0.86975
1184 0.87002
1185 0.8707
1186 0.87158
1187 0.87226
1188 0.87273
1189 0.87299
1190 0.87357
1191 0.8742
1192 0.87511
1193 0.87535
1194 0.87663
1195 0.87722
1196 0.87747
1197 0.87842
1198 0.87911
1199 0.87966
1200 0.88019
1201 0.88117
1202 0.88207
1203 0.88265
1204 0.88403
1205 0.88453
1206 0.88486
1207 0.88511
1208 0.88615
1209 0.88677
1210 0.88764
1211 0.88861
1212 0.88926
1213 0.89029
1214 0.89143
1215 0.89296
1216 0.89396
1217 0.89459
1218 0.89621
1219 0.89711
1220 0.89778
1221 0.89899
1222 0.89998
1223 0.90011
1224 0.90114
1225 0.90286
1226 0.90374
1227 0.90552
1228 0.90683
1229 0.90725
1230 0.90735
1231 0.90796
1232 0.90881
1233 0.9095
1234 0.9105
1235 0.91146
1236 0.91178
1237 0.91195
1238 0.91214
1239 0.91252
1240 0.91274
1241 0.91375
1242 0.91511
1243 0.91566
1244 0.9159
1245 0.91837
1246 0.91889
1247 0.91913
1248 0.9198
1249 0.92131
1250 0.92328
1251 0.9249
1252 0.92572
1253 0.92687
1254 0.92746
1255 0.92796
1256 0.92885
1257 0.92974
1258 0.93019
1259 0.93082
1260 0.93197
1261 0.9322
1262 0.93238
1263 0.93395
1264 0.93479
1265 0.93538
1266 0.9365
1267 0.93656
1268 0.93713
1269 0.93736
1270 0.93877
1271 0.9391
1272 0.93952
1273 0.94006
1274 0.9407
1275 0.94108
1276 0.94136
1277 0.94168
1278 0.9417
1279 0.94261
1280 0.9435
1281 0.94383
1282 0.94425
1283 0.94527
1284 0.94622
1285 0.94732
1286 0.94854
1287 0.94922
1288 0.95031
1289 0.95038
1290 0.95105
1291 0.95131
1292 0.95232
1293 0.95319
1294 0.95361
1295 0.95437
1296 0.95524
1297 0.95574
1298 0.9562
1299 0.95769
1300 0.95858
1301 0.95982
1302 0.96099
1303 0.96153
1304 0.96207
1305 0.96241
1306 0.9636
1307 0.96451
1308 0.96552
1309 0.96627
1310 0.96759
1311 0.9684
1312 0.96933
1313 0.97009
1314 0.97065
1315 0.97131
1316 0.97173
1317 0.97264
1318 0.97293
1319 0.97352
1320 0.97387
1321 0.97405
1322 0.97557
1323 0.97582
1324 0.97689
1325 0.97785
1326 0.97892
1327 0.98043
1328 0.98057
1329 0.98114
1330 0.98199
1331 0.9831
1332 0.98342
1333 0.98396
1334 0.98483
1335 0.9858
1336 0.98699
1337 0.98758
1338 0.988
1339 0.98892
1340 0.98937
1341 0.99076
1342 0.99095
1343 0.99156
1344 0.99177
1345 0.99199
1346 0.99251
1347 0.99396
1348 0.99502
1349 0.99526
1350 0.99586
1351 0.99599
1352 0.99625
1353 0.99642
1354 0.99769
1355 0.99943
1356 1.00032
# Generated pool n. 7 for Umax = 16.690013885498047
# Generated a biased pool of 100000 with an acceptance of 0.32042065262794495
# Generated a pool of 100000 with an acceptance of 0.003685777450257926
# Generation repeated 1357 times
# Average relative effective sample size: 0.050961438566446304
# Generation efficiency: 0.0007369196757553427
