# Generation 14

0 0.00449
1 0.0079
2 0.01029
3 0.01136
4 0.01417
5 0.01725
6 0.02007
7 0.02179
8 0.02259
9 0.02278
10 0.0259
11 0.02974
12 0.03071
13 0.0327
14 0.0351
15 0.03613
16 0.04041
17 0.04282
18 0.04324
19 0.04823
20 0.05233
21 0.05374
22 0.05578
23 0.05836
24 0.06158
25 0.06283
26 0.06381
27 0.06419
28 0.0652
29 0.0673
30 0.06779
31 0.07158
32 0.07504
33 0.07716
34 0.07791
35 0.08012
36 0.081
37 0.08267
38 0.08463
39 0.08583
40 0.08685
41 0.08976
42 0.09303
43 0.09392
44 0.09788
45 0.09885
46 0.10114
47 0.10208
48 0.10468
49 0.10806
50 0.1099
51 0.11267
52 0.11482
53 0.11569
54 0.11892
55 0.11964
56 0.12325
57 0.12566
58 0.12721
59 0.12815
60 0.13246
61 0.13572
62 0.13901
63 0.14178
64 0.14336
65 0.14773
66 0.14974
67 0.15085
68 0.15444
69 0.15916
70 0.16304
71 0.16726
72 0.1687
73 0.17094
74 0.17181
75 0.17596
76 0.17901
77 0.18106
78 0.18397
79 0.18793
80 0.19074
81 0.19302
82 0.19526
83 0.19692
84 0.20164
85 0.2033
86 0.20494
87 0.20566
88 0.20766
89 0.21246
90 0.21542
91 0.22096
92 0.22227
93 0.22419
94 0.22462
95 0.22549
96 0.22677
97 0.23136
98 0.23206
99 0.23353
100 0.23546
101 0.23823
102 0.23948
103 0.24386
104 0.24715
105 0.25113
106 0.25298
107 0.25445
108 0.25641
109 0.25936
110 0.26228
111 0.26566
112 0.26936
113 0.27149
114 0.27323
115 0.27559
116 0.27812
117 0.2814
118 0.28544
119 0.28929
120 0.29124
121 0.29432
122 0.29632
123 0.3001
124 0.30385
125 0.30576
126 0.30831
127 0.31285
128 0.31318
129 0.31399
130 0.31557
131 0.31835
132 0.32163
133 0.32567
134 0.33007
135 0.33349
136 0.33598
137 0.34008
138 0.34467
139 0.34708
140 0.34766
141 0.34952
142 0.35353
143 0.35649
144 0.3582
145 0.36004
146 0.36234
147 0.36421
148 0.36893
149 0.37057
150 0.37412
151 0.37593
152 0.37826
153 0.38139
154 0.38325
155 0.38573
156 0.38745
157 0.38883
158 0.39131
159 0.39255
160 0.39332
161 0.39493
162 0.39744
163 0.40232
164 0.40517
165 0.40709
166 0.40985
167 0.41222
168 0.41633
169 0.41763
170 0.42189
171 0.42338
172 0.42619
173 0.42921
174 0.43194
175 0.4353
176 0.43709
177 0.44122
178 0.44285
179 0.44601
180 0.44779
181 0.44947
182 0.45126
183 0.45128
184 0.45173
185 0.45525
186 0.45802
187 0.46094
188 0.46295
189 0.46596
190 0.469
191 0.47192
192 0.47313
193 0.47499
194 0.4776
195 0.47777
196 0.48003
197 0.48091
198 0.48558
199 0.48734
200 0.49066
201 0.49114
202 0.49356
203 0.49523
204 0.49923
205 0.5033
206 0.50728
207 0.50765
208 0.51015
209 0.51251
210 0.51657
211 0.51795
212 0.52152
213 0.52487
214 0.52673
215 0.52865
216 0.52942
217 0.53284
218 0.537
219 0.53875
220 0.53999
221 0.54211
222 0.54346
223 0.54612
224 0.55048
225 0.55382
226 0.55459
227 0.55862
228 0.56261
229 0.56473
230 0.56743
231 0.56977
232 0.5739
233 0.57809
234 0.58234
235 0.5835
236 0.58635
237 0.58873
238 0.58946
239 0.5911
240 0.59363
241 0.6
242 0.60209
243 0.60307
244 0.60446
245 0.60689
246 0.61018
247 0.61065
248 0.6132
249 0.61661
250 0.62084
251 0.62379
252 0.62586
253 0.62835
254 0.63221
255 0.63371
256 0.63618
257 0.63734
258 0.63773
259 0.64248
260 0.64536
261 0.64561
262 0.64754
263 0.65077
264 0.65535
265 0.65707
266 0.66007
267 0.66372
268 0.66639
269 0.66834
270 0.67115
271 0.67318
272 0.67382
273 0.67808
274 0.68047
275 0.68392
276 0.68725
277 0.69149
278 0.69269
279 0.69375
280 0.69405
281 0.69682
282 0.69841
283 0.70051
284 0.70176
285 0.70418
286 0.70554
287 0.70747
288 0.70776
289 0.71214
290 0.71381
291 0.71835
292 0.72163
293 0.72217
294 0.72306
295 0.72549
296 0.72734
297 0.7286
298 0.73187
299 0.7366
300 0.7381
301 0.74096
302 0.74265
303 0.74666
304 0.75123
305 0.75323
306 0.75455
307 0.75623
308 0.75912
309 0.76299
310 0.76567
311 0.76913
312 0.77205
313 0.77402
314 0.77608
315 0.77762
316 0.7786
317 0.78386
318 0.78609
319 0.78805
320 0.79194
321 0.79371
322 0.79541
323 0.79824
324 0.79992
325 0.80202
326 0.80509
327 0.80804
328 0.80897
329 0.81037
330 0.81205
331 0.81299
332 0.81694
333 0.82031
334 0.82175
335 0.82612
336 0.82967
337 0.8311
338 0.8313
339 0.83413
340 0.83733
341 0.83863
342 0.83938
343 0.84158
344 0.84369
345 0.84621
346 0.84736
347 0.85084
348 0.85159
349 0.85512
350 0.85851
351 0.86027
352 0.86256
353 0.86656
354 0.86793
355 0.8681
356 0.87175
357 0.87337
358 0.87557
359 0.87868
360 0.88378
361 0.88662
362 0.88947
363 0.89115
364 0.89402
365 0.89717
366 0.89885
367 0.89979
368 0.90205
369 0.9038
370 0.90483
371 0.90542
372 0.90939
373 0.91175
374 0.91607
375 0.91824
376 0.92131
377 0.92423
378 0.92627
379 0.92713
380 0.93052
381 0.93162
382 0.93322
383 0.93503
384 0.93756
385 0.93913
386 0.94425
387 0.94572
388 0.95081
389 0.95399
390 0.95526
391 0.95834
392 0.96072
393 0.96203
394 0.96474
395 0.96509
396 0.96541
397 0.96844
398 0.97048
399 0.97367
400 0.97673
401 0.9798
402 0.98192
403 0.9864
404 0.99033
405 0.99403
406 0.99665
407 0.99928
408 1.00346
# Generated pool n. 14 for Umax = -13.252923965454102
# Generated a biased pool of 100000 with an acceptance of 0.5493224263191223
# Generated a pool of 100000 with an acceptance of 0.012267237163814185
# Generation repeated 409 times
# Average relative effective sample size: 0.2237548679113388
# Generation efficiency: 0.0024449877750611247
