# Generation 5

0 0.00094
1 0.00126
2 0.0016
3 0.00258
4 0.00429
5 0.00585
6 0.00624
7 0.00693
8 0.00761
9 0.00893
10 0.00919
11 0.00951
12 0.00963
13 0.01002
14 0.01034
15 0.01114
16 0.01189
17 0.01263
18 0.01296
19 0.0137
20 0.01389
21 0.01441
22 0.01519
23 0.01648
24 0.01731
25 0.01757
26 0.01771
27 0.01908
28 0.01942
29 0.02163
30 0.02263
31 0.02321
32 0.02393
33 0.02454
34 0.0253
35 0.02569
36 0.02626
37 0.02722
38 0.02782
39 0.02849
40 0.02928
41 0.03072
42 0.03252
43 0.03344
44 0.03426
45 0.03472
46 0.03568
47 0.03655
48 0.03728
49 0.03828
50 0.03868
51 0.03895
52 0.03998
53 0.04117
54 0.04214
55 0.04257
56 0.0427
57 0.04324
58 0.0439
59 0.04497
60 0.04563
61 0.04689
62 0.04735
63 0.04846
64 0.04932
65 0.0501
66 0.05107
67 0.05141
68 0.05177
69 0.05212
70 0.05273
71 0.05369
72 0.05427
73 0.05444
74 0.05527
75 0.05598
76 0.05726
77 0.05888
78 0.05955
79 0.05979
80 0.06132
81 0.06237
82 0.06327
83 0.06435
84 0.06583
85 0.06614
86 0.06647
87 0.06744
88 0.06797
89 0.06922
90 0.07052
91 0.07104
92 0.07128
93 0.07154
94 0.07182
95 0.07262
96 0.07334
97 0.0741
98 0.07438
99 0.07469
100 0.07541
101 0.0759
102 0.07619
103 0.07655
104 0.07701
105 0.07804
106 0.07956
107 0.07991
108 0.08137
109 0.0828
110 0.08398
111 0.08522
112 0.08584
113 0.08684
114 0.08841
115 0.08961
116 0.09127
117 0.0924
118 0.0936
119 0.09435
120 0.09506
121 0.09548
122 0.09609
123 0.09694
124 0.09762
125 0.098
126 0.0989
127 0.0999
128 0.10097
129 0.10121
130 0.10163
131 0.10256
132 0.10307
133 0.10362
134 0.10465
135 0.10516
136 0.10777
137 0.10801
138 0.10933
139 0.10978
140 0.11008
141 0.11065
142 0.11164
143 0.11201
144 0.11219
145 0.11318
146 0.11353
147 0.11388
148 0.11405
149 0.11426
150 0.11493
151 0.11568
152 0.11698
153 0.11845
154 0.11927
155 0.12005
156 0.12028
157 0.1216
158 0.12235
159 0.12247
160 0.1227
161 0.12354
162 0.1243
163 0.12624
164 0.12761
165 0.12818
166 0.12944
167 0.13014
168 0.13069
169 0.13125
170 0.13219
171 0.13283
172 0.13405
173 0.13439
174 0.13528
175 0.13617
176 0.13731
177 0.13766
178 0.1381
179 0.13943
180 0.14058
181 0.14204
182 0.14269
183 0.14322
184 0.14478
185 0.14571
186 0.14588
187 0.14682
188 0.14823
189 0.14872
190 0.14943
191 0.15029
192 0.15145
193 0.15176
194 0.15338
195 0.15398
196 0.15442
197 0.15557
198 0.15699
199 0.15734
200 0.15862
201 0.15961
202 0.16011
203 0.16061
204 0.1618
205 0.16236
206 0.16253
207 0.16272
208 0.16293
209 0.16302
210 0.16431
211 0.1653
212 0.16599
213 0.16667
214 0.16803
215 0.16924
216 0.17034
217 0.17057
218 0.17123
219 0.172
220 0.17254
221 0.17328
222 0.17355
223 0.17479
224 0.17524
225 0.17687
226 0.17732
227 0.17826
228 0.17938
229 0.18071
230 0.18149
231 0.18184
232 0.18235
233 0.18278
234 0.18389
235 0.18469
236 0.18582
237 0.18665
238 0.18746
239 0.18911
240 0.18989
241 0.19055
242 0.19148
243 0.19278
244 0.19306
245 0.19334
246 0.1939
247 0.1943
248 0.19506
249 0.19688
250 0.19826
251 0.19866
252 0.19961
253 0.20085
254 0.20122
255 0.20259
256 0.20282
257 0.20394
258 0.20471
259 0.20533
260 0.20563
261 0.20614
262 0.20647
263 0.20735
264 0.20824
265 0.20851
266 0.20985
267 0.2103
268 0.2116
269 0.21205
270 0.21235
271 0.21292
272 0.21377
273 0.21397
274 0.21433
275 0.21447
276 0.21504
277 0.21603
278 0.21661
279 0.21792
280 0.21856
281 0.21919
282 0.21962
283 0.2204
284 0.22074
285 0.22118
286 0.22217
287 0.22324
288 0.2242
289 0.22467
290 0.22558
291 0.22641
292 0.2278
293 0.22888
294 0.23024
295 0.23098
296 0.23209
297 0.23268
298 0.23316
299 0.23361
300 0.23424
301 0.23498
302 0.23565
303 0.23717
304 0.23738
305 0.23843
306 0.23926
307 0.2403
308 0.2416
309 0.24229
310 0.24291
311 0.24367
312 0.24462
313 0.24537
314 0.24643
315 0.24717
316 0.24781
317 0.24958
318 0.25018
319 0.25093
320 0.25169
321 0.2538
322 0.25417
323 0.25516
324 0.2558
325 0.25636
326 0.25779
327 0.25919
328 0.26007
329 0.26103
330 0.26135
331 0.26188
332 0.26228
333 0.26326
334 0.2636
335 0.26472
336 0.2653
337 0.26643
338 0.26689
339 0.26744
340 0.26824
341 0.26904
342 0.26922
343 0.26985
344 0.27032
345 0.27058
346 0.27123
347 0.27195
348 0.27217
349 0.27299
350 0.27386
351 0.2744
352 0.27568
353 0.27591
354 0.27745
355 0.27822
356 0.27901
357 0.27945
358 0.27979
359 0.28122
360 0.28165
361 0.28252
362 0.28322
363 0.28346
364 0.28366
365 0.28434
366 0.28515
367 0.28567
368 0.28658
369 0.2869
370 0.28783
371 0.28844
372 0.28935
373 0.28968
374 0.29012
375 0.29064
376 0.29093
377 0.29157
378 0.2931
379 0.29404
380 0.29492
381 0.29541
382 0.29593
383 0.29638
384 0.29742
385 0.29796
386 0.299
387 0.29932
388 0.3
389 0.30077
390 0.30115
391 0.30214
392 0.30269
393 0.30329
394 0.30384
395 0.3048
396 0.30536
397 0.30621
398 0.3071
399 0.30744
400 0.30849
401 0.30908
402 0.30962
403 0.31029
404 0.31152
405 0.31206
406 0.31305
407 0.31384
408 0.31515
409 0.31673
410 0.31775
411 0.31841
412 0.31941
413 0.32064
414 0.32174
415 0.32262
416 0.32298
417 0.32374
418 0.32487
419 0.32597
420 0.32675
421 0.32705
422 0.32852
423 0.32946
424 0.33022
425 0.33066
426 0.33142
427 0.3318
428 0.33189
429 0.33307
430 0.33436
431 0.33467
432 0.33518
433 0.33627
434 0.33788
435 0.33854
436 0.33967
437 0.34062
438 0.34167
439 0.3427
440 0.34482
441 0.34609
442 0.34758
443 0.34853
444 0.3497
445 0.35002
446 0.35037
447 0.35075
448 0.35123
449 0.35174
450 0.35216
451 0.35263
452 0.35346
453 0.3545
454 0.35534
455 0.35591
456 0.35669
457 0.35745
458 0.35819
459 0.35937
460 0.36054
461 0.3609
462 0.36128
463 0.36268
464 0.36377
465 0.36436
466 0.36488
467 0.36554
468 0.36684
469 0.36791
470 0.3688
471 0.36933
472 0.36956
473 0.37127
474 0.37179
475 0.37231
476 0.37299
477 0.37346
478 0.37417
479 0.37515
480 0.37573
481 0.37772
482 0.37832
483 0.3799
484 0.38022
485 0.38052
486 0.38162
487 0.38306
488 0.38397
489 0.38403
490 0.38458
491 0.38545
492 0.38593
493 0.38639
494 0.38692
495 0.38702
496 0.3879
497 0.38914
498 0.39021
499 0.39089
500 0.39168
501 0.3926
502 0.39353
503 0.39472
504 0.39595
505 0.39633
506 0.39752
507 0.3976
508 0.39866
509 0.39881
510 0.40066
511 0.40166
512 0.40223
513 0.40263
514 0.40364
515 0.40458
516 0.40532
517 0.40604
518 0.40637
519 0.40659
520 0.40691
521 0.40749
522 0.40831
523 0.409
524 0.40996
525 0.4107
526 0.41174
527 0.41309
528 0.41339
529 0.41414
530 0.41444
531 0.41488
532 0.4158
533 0.4171
534 0.41759
535 0.41812
536 0.41876
537 0.419
538 0.41981
539 0.42027
540 0.4209
541 0.42128
542 0.42167
543 0.42326
544 0.42454
545 0.42539
546 0.42645
547 0.42772
548 0.42872
549 0.42977
550 0.43105
551 0.43236
552 0.43273
553 0.43347
554 0.43431
555 0.43542
556 0.4363
557 0.43645
558 0.43706
559 0.43791
560 0.43835
561 0.43962
562 0.4404
563 0.44093
564 0.44218
565 0.44326
566 0.44339
567 0.44461
568 0.44478
569 0.44553
570 0.44641
571 0.44791
572 0.44889
573 0.44919
574 0.45034
575 0.45124
576 0.45162
577 0.452
578 0.45256
579 0.45316
580 0.45355
581 0.4551
582 0.45551
583 0.45622
584 0.4579
585 0.45815
586 0.45948
587 0.45967
588 0.46061
589 0.46206
590 0.46294
591 0.4631
592 0.46349
593 0.46376
594 0.4641
595 0.46585
596 0.46709
597 0.46836
598 0.46924
599 0.4696
600 0.46995
601 0.47026
602 0.47053
603 0.47113
604 0.47149
605 0.47206
606 0.47274
607 0.4739
608 0.47495
609 0.47539
610 0.47628
611 0.47776
612 0.47803
613 0.47953
614 0.48003
615 0.48114
616 0.48126
617 0.48173
618 0.48219
619 0.48311
620 0.48389
621 0.48405
622 0.48613
623 0.48779
624 0.48849
625 0.48982
626 0.49074
627 0.49175
628 0.49301
629 0.49405
630 0.49445
631 0.49497
632 0.49618
633 0.49744
634 0.49809
635 0.49854
636 0.49988
637 0.50065
638 0.50131
639 0.50206
640 0.50225
641 0.50316
642 0.50466
643 0.50493
644 0.50577
645 0.50604
646 0.50714
647 0.50874
648 0.50924
649 0.50964
650 0.50998
651 0.51075
652 0.51161
653 0.51267
654 0.51443
655 0.51536
656 0.51587
657 0.51647
658 0.5172
659 0.51758
660 0.51864
661 0.51912
662 0.51965
663 0.51998
664 0.52048
665 0.52194
666 0.52266
667 0.52337
668 0.52417
669 0.52468
670 0.52547
671 0.52651
672 0.52735
673 0.5286
674 0.52977
675 0.53073
676 0.53128
677 0.53271
678 0.53394
679 0.53405
680 0.53467
681 0.53522
682 0.53567
683 0.53744
684 0.53892
685 0.54025
686 0.54088
687 0.54145
688 0.54221
689 0.5427
690 0.54324
691 0.54385
692 0.54479
693 0.54627
694 0.54679
695 0.54859
696 0.54945
697 0.54991
698 0.55123
699 0.55233
700 0.5531
701 0.5543
702 0.55549
703 0.55669
704 0.55678
705 0.5574
706 0.55768
707 0.55846
708 0.55983
709 0.56057
710 0.56103
711 0.56237
712 0.56356
713 0.56499
714 0.56559
715 0.56615
716 0.5664
717 0.56675
718 0.56723
719 0.56829
720 0.56854
721 0.56938
722 0.57021
723 0.57056
724 0.57106
725 0.57209
726 0.5725
727 0.57306
728 0.57398
729 0.57463
730 0.57587
731 0.5765
732 0.5774
733 0.57791
734 0.57991
735 0.58104
736 0.5814
737 0.58205
738 0.58248
739 0.58295
740 0.58413
741 0.58539
742 0.58607
743 0.58785
744 0.58905
745 0.59038
746 0.5909
747 0.59272
748 0.59315
749 0.5935
750 0.5939
751 0.59572
752 0.5969
753 0.59772
754 0.59901
755 0.60036
756 0.60287
757 0.60414
758 0.60438
759 0.60507
760 0.60561
761 0.6059
762 0.60804
763 0.60973
764 0.6099
765 0.61049
766 0.61216
767 0.61267
768 0.61327
769 0.61527
770 0.61639
771 0.61759
772 0.61884
773 0.6195
774 0.62007
775 0.62121
776 0.62275
777 0.6237
778 0.62468
779 0.62597
780 0.62641
781 0.62656
782 0.62711
783 0.62748
784 0.62878
785 0.62936
786 0.62984
787 0.63082
788 0.63285
789 0.63399
790 0.63442
791 0.63476
792 0.63499
793 0.63618
794 0.63665
795 0.63715
796 0.63811
797 0.64004
798 0.64042
799 0.64232
800 0.64238
801 0.64372
802 0.64404
803 0.6456
804 0.64591
805 0.64752
806 0.64786
807 0.6494
808 0.65072
809 0.65192
810 0.65284
811 0.65384
812 0.65402
813 0.6548
814 0.65552
815 0.65596
816 0.6568
817 0.65815
818 0.65952
819 0.66002
820 0.66064
821 0.66209
822 0.6631
823 0.66357
824 0.6641
825 0.66513
826 0.66575
827 0.66586
828 0.66626
829 0.66675
830 0.667
831 0.66745
832 0.6683
833 0.66927
834 0.66967
835 0.67041
836 0.67095
837 0.67174
838 0.67268
839 0.67399
840 0.67475
841 0.67626
842 0.6771
843 0.67718
844 0.6785
845 0.67977
846 0.68116
847 0.6818
848 0.68269
849 0.68375
850 0.68444
851 0.68577
852 0.68623
853 0.68742
854 0.6883
855 0.68908
856 0.69034
857 0.69248
858 0.69311
859 0.69377
860 0.69428
861 0.69483
862 0.69569
863 0.69609
864 0.6972
865 0.69782
866 0.69918
867 0.70055
868 0.70226
869 0.70271
870 0.70288
871 0.70353
872 0.70412
873 0.70419
874 0.70519
875 0.7063
876 0.70669
877 0.70787
878 0.70857
879 0.71052
880 0.71112
881 0.71153
882 0.71247
883 0.71431
884 0.71478
885 0.71516
886 0.71623
887 0.71666
888 0.71783
889 0.71827
890 0.71916
891 0.71948
892 0.72011
893 0.72081
894 0.72106
895 0.72161
896 0.72203
897 0.72294
898 0.72331
899 0.72382
900 0.72452
901 0.72563
902 0.72594
903 0.72621
904 0.72684
905 0.72705
906 0.7274
907 0.72789
908 0.7286
909 0.7295
910 0.7301
911 0.73094
912 0.73168
913 0.73256
914 0.73317
915 0.7342
916 0.73508
917 0.73524
918 0.73571
919 0.73574
920 0.73651
921 0.73799
922 0.73854
923 0.7394
924 0.7409
925 0.74167
926 0.74218
927 0.74331
928 0.7435
929 0.74483
930 0.74517
931 0.74635
932 0.747
933 0.7479
934 0.74935
935 0.75064
936 0.75159
937 0.75207
938 0.75272
939 0.75394
940 0.754
941 0.75424
942 0.75647
943 0.75652
944 0.75713
945 0.7577
946 0.75896
947 0.75937
948 0.75976
949 0.76122
950 0.76306
951 0.76364
952 0.76408
953 0.76493
954 0.76552
955 0.76598
956 0.76651
957 0.76718
958 0.76776
959 0.76812
960 0.76903
961 0.7702
962 0.77115
963 0.77141
964 0.77279
965 0.77477
966 0.77569
967 0.7769
968 0.77806
969 0.77921
970 0.77999
971 0.78078
972 0.7816
973 0.78264
974 0.78429
975 0.78479
976 0.78644
977 0.78711
978 0.78761
979 0.78784
980 0.789
981 0.79107
982 0.79224
983 0.79293
984 0.79333
985 0.79441
986 0.79487
987 0.79537
988 0.79622
989 0.79643
990 0.79783
991 0.79827
992 0.79922
993 0.79956
994 0.80063
995 0.80083
996 0.80127
997 0.80251
998 0.80287
999 0.80473
1000 0.80611
1001 0.80671
1002 0.80702
1003 0.80751
1004 0.80789
1005 0.80845
1006 0.80932
1007 0.8099
1008 0.81
1009 0.81049
1010 0.81175
1011 0.81252
1012 0.81361
1013 0.81379
1014 0.81396
1015 0.81472
1016 0.81556
1017 0.81566
1018 0.81646
1019 0.81719
1020 0.81775
1021 0.81829
1022 0.81891
1023 0.81959
1024 0.8209
1025 0.82286
1026 0.82394
1027 0.82517
1028 0.82638
1029 0.82669
1030 0.82851
1031 0.82945
1032 0.83018
1033 0.83215
1034 0.8336
1035 0.83417
1036 0.83518
1037 0.83659
1038 0.8375
1039 0.8385
1040 0.83922
1041 0.84008
1042 0.84167
1043 0.84211
1044 0.84227
1045 0.84306
1046 0.84386
1047 0.84459
1048 0.84572
1049 0.84597
1050 0.84697
1051 0.84744
1052 0.84825
1053 0.84893
1054 0.8498
1055 0.85089
1056 0.85196
1057 0.85348
1058 0.85398
1059 0.85487
1060 0.85523
1061 0.85626
1062 0.85738
1063 0.85853
1064 0.85912
1065 0.86026
1066 0.86088
1067 0.86162
1068 0.86309
1069 0.86421
1070 0.86495
1071 0.86575
1072 0.86623
1073 0.86724
1074 0.86738
1075 0.86786
1076 0.86857
1077 0.86989
1078 0.87033
1079 0.87145
1080 0.87165
1081 0.87198
1082 0.87313
1083 0.87417
1084 0.87476
1085 0.87509
1086 0.8759
1087 0.87645
1088 0.8769
1089 0.87822
1090 0.87856
1091 0.87939
1092 0.88057
1093 0.8819
1094 0.88256
1095 0.88348
1096 0.88372
1097 0.8842
1098 0.88513
1099 0.88571
1100 0.88632
1101 0.88687
1102 0.88818
1103 0.88844
1104 0.88973
1105 0.89024
1106 0.89278
1107 0.893
1108 0.89487
1109 0.89547
1110 0.8963
1111 0.89757
1112 0.89892
1113 0.89943
1114 0.90073
1115 0.90212
1116 0.90279
1117 0.90408
1118 0.90488
1119 0.90569
1120 0.90712
1121 0.90791
1122 0.90801
1123 0.90883
1124 0.90908
1125 0.91047
1126 0.91154
1127 0.91283
1128 0.91341
1129 0.91424
1130 0.91467
1131 0.9154
1132 0.91686
1133 0.9181
1134 0.9184
1135 0.91898
1136 0.9203
1137 0.92145
1138 0.92249
1139 0.92281
1140 0.92316
1141 0.92408
1142 0.92438
1143 0.92592
1144 0.92737
1145 0.92765
1146 0.9278
1147 0.92914
1148 0.93033
1149 0.93101
1150 0.93139
1151 0.93308
1152 0.93437
1153 0.93571
1154 0.93618
1155 0.93644
1156 0.93731
1157 0.93797
1158 0.93903
1159 0.93997
1160 0.94019
1161 0.94064
1162 0.94139
1163 0.94258
1164 0.94366
1165 0.94458
1166 0.94576
1167 0.94606
1168 0.94698
1169 0.94846
1170 0.94964
1171 0.95003
1172 0.95044
1173 0.95079
1174 0.95163
1175 0.95226
1176 0.95309
1177 0.95443
1178 0.9549
1179 0.95521
1180 0.95546
1181 0.95584
1182 0.95742
1183 0.95847
1184 0.95915
1185 0.95988
1186 0.96057
1187 0.96217
1188 0.96323
1189 0.96393
1190 0.96473
1191 0.9656
1192 0.96725
1193 0.96897
1194 0.96925
1195 0.9693
1196 0.96944
1197 0.9706
1198 0.97096
1199 0.97124
1200 0.97207
1201 0.97229
1202 0.97336
1203 0.97431
1204 0.97553
1205 0.97599
1206 0.9763
1207 0.97668
1208 0.977
1209 0.97741
1210 0.97813
1211 0.97921
1212 0.97933
1213 0.98038
1214 0.98139
1215 0.98181
1216 0.98344
1217 0.98489
1218 0.98514
1219 0.98626
1220 0.98701
1221 0.98773
1222 0.98847
1223 0.98964
1224 0.99089
1225 0.99123
1226 0.99224
1227 0.99287
1228 0.99353
1229 0.99442
1230 0.99541
1231 0.99666
1232 0.99822
1233 0.99923
1234 1.0004
# Generated pool n. 5 for Umax = 84.84554290771484
# Generated a biased pool of 100000 with an acceptance of 0.33459922671318054
# Generated a pool of 100000 with an acceptance of 0.00405020242914979
# Generation repeated 1235 times
# Average relative effective sample size: 0.05446520075201988
# Generation efficiency: 0.0008097165991902834
