# Generation 3

0 0.00223
1 0.00327
2 0.00405
3 0.00574
4 0.00736
5 0.00881
6 0.00987
7 0.01224
8 0.01369
9 0.01508
10 0.01614
11 0.01782
12 0.02021
13 0.02189
14 0.02288
15 0.02496
16 0.02575
17 0.0263
18 0.02713
19 0.02791
20 0.02887
21 0.02946
22 0.03024
23 0.03217
24 0.03313
25 0.03341
26 0.03524
27 0.0366
28 0.03769
29 0.03835
30 0.03938
31 0.03991
32 0.0403
33 0.0411
34 0.04224
35 0.04301
36 0.04383
37 0.04602
38 0.04638
39 0.04733
40 0.04838
41 0.04952
42 0.05062
43 0.05213
44 0.05241
45 0.05367
46 0.05432
47 0.05542
48 0.05623
49 0.05736
50 0.05957
51 0.06006
52 0.06117
53 0.06212
54 0.06241
55 0.06313
56 0.06456
57 0.06572
58 0.0667
59 0.06827
60 0.06995
61 0.07067
62 0.07183
63 0.07262
64 0.07358
65 0.07448
66 0.07503
67 0.07611
68 0.07762
69 0.07871
70 0.07971
71 0.08195
72 0.08246
73 0.08457
74 0.08561
75 0.08599
76 0.08702
77 0.08768
78 0.08901
79 0.08962
80 0.09033
81 0.09136
82 0.09225
83 0.09416
84 0.09585
85 0.0967
86 0.09833
87 0.09916
88 0.10082
89 0.10147
90 0.10289
91 0.10404
92 0.10662
93 0.10753
94 0.10962
95 0.11127
96 0.11272
97 0.11409
98 0.11493
99 0.11683
100 0.11899
101 0.11948
102 0.12056
103 0.12182
104 0.1236
105 0.12482
106 0.12543
107 0.12761
108 0.12884
109 0.13046
110 0.1315
111 0.1324
112 0.13367
113 0.13456
114 0.13472
115 0.13588
116 0.13675
117 0.13755
118 0.1383
119 0.13934
120 0.14116
121 0.14242
122 0.14323
123 0.14413
124 0.14509
125 0.14628
126 0.14735
127 0.14853
128 0.14995
129 0.15156
130 0.15237
131 0.1548
132 0.15651
133 0.15792
134 0.1585
135 0.15989
136 0.16159
137 0.16247
138 0.16341
139 0.16537
140 0.16675
141 0.16817
142 0.16936
143 0.17143
144 0.17316
145 0.1743
146 0.175
147 0.1758
148 0.17683
149 0.17824
150 0.18008
151 0.18071
152 0.18263
153 0.18331
154 0.18513
155 0.18694
156 0.18825
157 0.18935
158 0.19023
159 0.19156
160 0.19245
161 0.19442
162 0.19537
163 0.19669
164 0.19758
165 0.19809
166 0.19831
167 0.19971
168 0.20048
169 0.20123
170 0.20214
171 0.20265
172 0.20365
173 0.20435
174 0.20559
175 0.20656
176 0.20747
177 0.20853
178 0.20899
179 0.21042
180 0.21168
181 0.21195
182 0.21369
183 0.2161
184 0.21708
185 0.21739
186 0.21842
187 0.21929
188 0.22014
189 0.22214
190 0.22329
191 0.22523
192 0.22627
193 0.22719
194 0.22918
195 0.23047
196 0.23139
197 0.23259
198 0.23345
199 0.23507
200 0.23546
201 0.23753
202 0.23828
203 0.23861
204 0.24062
205 0.24212
206 0.24281
207 0.24435
208 0.2448
209 0.24569
210 0.24631
211 0.24682
212 0.24819
213 0.24926
214 0.25113
215 0.25236
216 0.25278
217 0.25345
218 0.25457
219 0.25538
220 0.2562
221 0.25758
222 0.25923
223 0.25968
224 0.26225
225 0.26324
226 0.26351
227 0.26451
228 0.2648
229 0.26626
230 0.26787
231 0.26842
232 0.2685
233 0.26931
234 0.27007
235 0.27125
236 0.27188
237 0.2733
238 0.27513
239 0.27591
240 0.27752
241 0.27815
242 0.28052
243 0.2811
244 0.28211
245 0.2834
246 0.28541
247 0.28711
248 0.28765
249 0.28838
250 0.28906
251 0.28947
252 0.29056
253 0.29188
254 0.29384
255 0.295
256 0.29611
257 0.29741
258 0.29852
259 0.29875
260 0.29979
261 0.30105
262 0.30283
263 0.30374
264 0.30505
265 0.30683
266 0.30786
267 0.30812
268 0.30865
269 0.31015
270 0.3123
271 0.31321
272 0.3153
273 0.31614
274 0.31749
275 0.31918
276 0.32037
277 0.3218
278 0.323
279 0.32369
280 0.32407
281 0.32553
282 0.32641
283 0.32722
284 0.3295
285 0.33075
286 0.33142
287 0.33205
288 0.33343
289 0.33468
290 0.33568
291 0.33717
292 0.33909
293 0.34025
294 0.34293
295 0.34441
296 0.34483
297 0.34617
298 0.34744
299 0.34813
300 0.34961
301 0.35158
302 0.35207
303 0.35386
304 0.35562
305 0.35669
306 0.35821
307 0.36018
308 0.36182
309 0.3624
310 0.36291
311 0.36502
312 0.36585
313 0.36639
314 0.36797
315 0.36936
316 0.37123
317 0.37304
318 0.37396
319 0.37439
320 0.37523
321 0.37579
322 0.37638
323 0.37733
324 0.37794
325 0.37913
326 0.38012
327 0.382
328 0.38367
329 0.38496
330 0.38553
331 0.38697
332 0.3885
333 0.38938
334 0.39067
335 0.39268
336 0.39369
337 0.39528
338 0.39647
339 0.39799
340 0.39969
341 0.40034
342 0.40193
343 0.40314
344 0.40401
345 0.40541
346 0.40626
347 0.40802
348 0.40995
349 0.41109
350 0.41288
351 0.41402
352 0.41564
353 0.41747
354 0.41916
355 0.41984
356 0.42088
357 0.42249
358 0.42344
359 0.42409
360 0.42595
361 0.42626
362 0.42689
363 0.42799
364 0.42939
365 0.43025
366 0.43163
367 0.43191
368 0.43309
369 0.43388
370 0.43577
371 0.43701
372 0.43884
373 0.4412
374 0.44263
375 0.44308
376 0.44484
377 0.44662
378 0.44713
379 0.44781
380 0.44898
381 0.44951
382 0.45128
383 0.45211
384 0.45272
385 0.4541
386 0.45478
387 0.45562
388 0.45875
389 0.45908
390 0.46024
391 0.46079
392 0.46155
393 0.46335
394 0.46426
395 0.46691
396 0.46807
397 0.46893
398 0.47034
399 0.47126
400 0.47227
401 0.47379
402 0.47539
403 0.47625
404 0.47785
405 0.47876
406 0.47949
407 0.48058
408 0.48134
409 0.48273
410 0.48452
411 0.48668
412 0.48778
413 0.48845
414 0.48911
415 0.49087
416 0.49204
417 0.49276
418 0.49441
419 0.49543
420 0.49713
421 0.49783
422 0.49866
423 0.49923
424 0.50094
425 0.50186
426 0.50274
427 0.50353
428 0.50547
429 0.50635
430 0.50758
431 0.50891
432 0.50906
433 0.51026
434 0.51193
435 0.51277
436 0.51428
437 0.51466
438 0.51562
439 0.51635
440 0.51896
441 0.51992
442 0.52141
443 0.52229
444 0.52298
445 0.52489
446 0.52538
447 0.52637
448 0.52749
449 0.52866
450 0.53031
451 0.53067
452 0.53151
453 0.53274
454 0.53354
455 0.53451
456 0.53535
457 0.53623
458 0.53883
459 0.53974
460 0.54047
461 0.54146
462 0.54189
463 0.54387
464 0.54519
465 0.5462
466 0.54667
467 0.54813
468 0.54851
469 0.54979
470 0.55019
471 0.55143
472 0.55235
473 0.55258
474 0.55291
475 0.55542
476 0.55625
477 0.558
478 0.55817
479 0.55994
480 0.56071
481 0.56149
482 0.56215
483 0.56352
484 0.56401
485 0.56659
486 0.56738
487 0.56928
488 0.5707
489 0.57082
490 0.57167
491 0.57273
492 0.57398
493 0.57569
494 0.57693
495 0.57808
496 0.57876
497 0.57999
498 0.58179
499 0.5824
500 0.5838
501 0.58479
502 0.58615
503 0.58689
504 0.58736
505 0.58948
506 0.59135
507 0.59223
508 0.59389
509 0.59459
510 0.59635
511 0.59671
512 0.59739
513 0.59939
514 0.60027
515 0.60057
516 0.603
517 0.60347
518 0.60404
519 0.60603
520 0.60661
521 0.60781
522 0.60873
523 0.60954
524 0.61016
525 0.61212
526 0.6124
527 0.61371
528 0.61493
529 0.61549
530 0.61655
531 0.61798
532 0.61888
533 0.6213
534 0.62245
535 0.62377
536 0.62421
537 0.62484
538 0.62619
539 0.62845
540 0.62922
541 0.63031
542 0.63153
543 0.63233
544 0.63258
545 0.63304
546 0.63348
547 0.63387
548 0.63449
549 0.63598
550 0.6366
551 0.63751
552 0.63926
553 0.64059
554 0.64134
555 0.64174
556 0.64322
557 0.64444
558 0.64578
559 0.64698
560 0.64891
561 0.65037
562 0.65131
563 0.6519
564 0.65249
565 0.65416
566 0.65546
567 0.65556
568 0.6567
569 0.65805
570 0.65865
571 0.6595
572 0.66091
573 0.66128
574 0.66216
575 0.6627
576 0.66378
577 0.66452
578 0.6657
579 0.66743
580 0.66957
581 0.67104
582 0.67273
583 0.67408
584 0.67546
585 0.67726
586 0.67739
587 0.67812
588 0.67919
589 0.68102
590 0.68225
591 0.6824
592 0.68302
593 0.68358
594 0.68433
595 0.68607
596 0.68768
597 0.6891
598 0.68948
599 0.69053
600 0.69224
601 0.69312
602 0.69418
603 0.69517
604 0.69596
605 0.69708
606 0.69782
607 0.69948
608 0.7013
609 0.7028
610 0.7033
611 0.70434
612 0.70463
613 0.70593
614 0.70759
615 0.70915
616 0.70972
617 0.71012
618 0.71084
619 0.71258
620 0.71576
621 0.71706
622 0.71754
623 0.71831
624 0.71901
625 0.72039
626 0.72154
627 0.72187
628 0.72446
629 0.72576
630 0.72665
631 0.72715
632 0.72769
633 0.72844
634 0.72903
635 0.72967
636 0.73115
637 0.73296
638 0.73422
639 0.73442
640 0.73615
641 0.73757
642 0.73918
643 0.74073
644 0.74169
645 0.74288
646 0.74366
647 0.74461
648 0.74578
649 0.7473
650 0.74823
651 0.74883
652 0.7497
653 0.75062
654 0.751
655 0.75219
656 0.75382
657 0.75553
658 0.75758
659 0.75874
660 0.76035
661 0.76137
662 0.76197
663 0.76292
664 0.76391
665 0.76461
666 0.76522
667 0.76629
668 0.76697
669 0.7678
670 0.76858
671 0.76869
672 0.76972
673 0.77194
674 0.77244
675 0.77366
676 0.77622
677 0.77712
678 0.77806
679 0.77937
680 0.78077
681 0.7813
682 0.78196
683 0.78246
684 0.78302
685 0.78475
686 0.78633
687 0.7875
688 0.78832
689 0.78937
690 0.79087
691 0.79184
692 0.7934
693 0.79474
694 0.79576
695 0.79699
696 0.79806
697 0.79852
698 0.79916
699 0.79928
700 0.80161
701 0.80355
702 0.80425
703 0.80627
704 0.80675
705 0.80769
706 0.8103
707 0.81208
708 0.81337
709 0.81459
710 0.81493
711 0.81548
712 0.81722
713 0.81874
714 0.81988
715 0.82169
716 0.82319
717 0.82489
718 0.82587
719 0.8269
720 0.82785
721 0.82936
722 0.83087
723 0.83151
724 0.83356
725 0.83497
726 0.83622
727 0.83703
728 0.83894
729 0.83966
730 0.84061
731 0.84206
732 0.84298
733 0.8438
734 0.84429
735 0.84562
736 0.84751
737 0.8483
738 0.85018
739 0.8514
740 0.85271
741 0.85455
742 0.85503
743 0.85608
744 0.85722
745 0.85777
746 0.85818
747 0.85899
748 0.86088
749 0.86157
750 0.86221
751 0.86258
752 0.86327
753 0.86388
754 0.86442
755 0.86572
756 0.86633
757 0.86711
758 0.86735
759 0.86848
760 0.86967
761 0.87166
762 0.87317
763 0.87482
764 0.87582
765 0.87734
766 0.87762
767 0.88019
768 0.88195
769 0.88306
770 0.88469
771 0.88606
772 0.88667
773 0.88835
774 0.89079
775 0.8913
776 0.89145
777 0.89279
778 0.89429
779 0.89562
780 0.89733
781 0.89851
782 0.89946
783 0.90067
784 0.90206
785 0.90276
786 0.90357
787 0.90456
788 0.90632
789 0.90764
790 0.90897
791 0.91076
792 0.91179
793 0.91269
794 0.91448
795 0.91522
796 0.91677
797 0.9179
798 0.9187
799 0.92105
800 0.9215
801 0.92214
802 0.92321
803 0.9238
804 0.92484
805 0.92556
806 0.92719
807 0.92861
808 0.92954
809 0.9299
810 0.93077
811 0.93224
812 0.93292
813 0.93364
814 0.93446
815 0.93616
816 0.93676
817 0.93875
818 0.94113
819 0.94238
820 0.94331
821 0.94441
822 0.94652
823 0.94754
824 0.94851
825 0.94963
826 0.9517
827 0.95345
828 0.95409
829 0.95465
830 0.95647
831 0.95714
832 0.95935
833 0.96002
834 0.96097
835 0.96299
836 0.96364
837 0.96438
838 0.96499
839 0.96564
840 0.96705
841 0.96812
842 0.97028
843 0.97092
844 0.97241
845 0.97291
846 0.97476
847 0.9753
848 0.9772
849 0.97805
850 0.97935
851 0.98024
852 0.98118
853 0.98284
854 0.98526
855 0.98726
856 0.98789
857 0.98857
858 0.98907
859 0.99138
860 0.99169
861 0.99246
862 0.9936
863 0.9942
864 0.99448
865 0.99565
866 0.99627
867 0.99658
868 0.99723
869 0.99784
870 0.99956
871 1.00102
# Generated pool n. 3 for Umax = 317.36724853515625
# Generated a biased pool of 100000 with an acceptance of 0.364663690328598
# Generated a pool of 100000 with an acceptance of 0.005739793577981642
# Generation repeated 872 times
# Average relative effective sample size: 0.07426181435585022
# Generation efficiency: 0.0011467889908256881
