# Generation 18

0 0.00394
1 0.0059
2 0.01044
3 0.01501
4 0.01826
5 0.02126
6 0.02227
7 0.02448
8 0.02828
9 0.03059
10 0.0318
11 0.03337
12 0.03674
13 0.04005
14 0.04063
15 0.04391
16 0.04923
17 0.05216
18 0.05819
19 0.06016
20 0.06531
21 0.06877
22 0.06979
23 0.07195
24 0.07261
25 0.07629
26 0.07962
27 0.08334
28 0.08754
29 0.09427
30 0.09852
31 0.10036
32 0.1025
33 0.10676
34 0.11388
35 0.11931
36 0.12175
37 0.12407
38 0.12509
39 0.12876
40 0.13443
41 0.13535
42 0.13831
43 0.14491
44 0.14632
45 0.1492
46 0.15276
47 0.15835
48 0.1617
49 0.16317
50 0.17175
51 0.17793
52 0.17822
53 0.18065
54 0.18238
55 0.18344
56 0.18677
57 0.18992
58 0.19173
59 0.19747
60 0.20031
61 0.20061
62 0.20537
63 0.21055
64 0.21343
65 0.21753
66 0.22547
67 0.22595
68 0.22764
69 0.22903
70 0.23057
71 0.23386
72 0.23455
73 0.23809
74 0.24334
75 0.24697
76 0.2484
77 0.25107
78 0.25367
79 0.25794
80 0.2603
81 0.26337
82 0.26576
83 0.26947
84 0.2713
85 0.27484
86 0.27675
87 0.27838
88 0.28124
89 0.28205
90 0.28511
91 0.28712
92 0.29307
93 0.29523
94 0.29749
95 0.30033
96 0.30634
97 0.31013
98 0.31577
99 0.31753
100 0.32564
101 0.32803
102 0.33003
103 0.33459
104 0.33601
105 0.33894
106 0.34066
107 0.34657
108 0.35072
109 0.35273
110 0.35591
111 0.36041
112 0.36265
113 0.36498
114 0.37073
115 0.37371
116 0.37607
117 0.37891
118 0.38125
119 0.38511
120 0.39062
121 0.39299
122 0.39582
123 0.39928
124 0.39983
125 0.40717
126 0.40959
127 0.41315
128 0.41708
129 0.41888
130 0.42327
131 0.42694
132 0.43145
133 0.43603
134 0.4414
135 0.44559
136 0.45008
137 0.45516
138 0.45736
139 0.46078
140 0.46122
141 0.46565
142 0.46827
143 0.47657
144 0.47848
145 0.4807
146 0.48341
147 0.48538
148 0.48578
149 0.4872
150 0.49087
151 0.49568
152 0.49922
153 0.50368
154 0.50806
155 0.51295
156 0.51932
157 0.52164
158 0.5248
159 0.52857
160 0.53063
161 0.53421
162 0.53867
163 0.54441
164 0.54905
165 0.55182
166 0.55375
167 0.55915
168 0.56045
169 0.56578
170 0.56753
171 0.56838
172 0.57037
173 0.57161
174 0.57283
175 0.57686
176 0.58148
177 0.58477
178 0.5877
179 0.58987
180 0.59222
181 0.59255
182 0.59307
183 0.59647
184 0.59897
185 0.60178
186 0.60667
187 0.61237
188 0.61316
189 0.61347
190 0.6193
191 0.6261
192 0.62806
193 0.6322
194 0.63738
195 0.63879
196 0.63957
197 0.64159
198 0.6454
199 0.64609
200 0.65014
201 0.65271
202 0.65444
203 0.65984
204 0.66219
205 0.66473
206 0.66859
207 0.67179
208 0.67535
209 0.67864
210 0.67947
211 0.68171
212 0.68274
213 0.68522
214 0.68655
215 0.69096
216 0.69547
217 0.69712
218 0.69891
219 0.70049
220 0.70202
221 0.70491
222 0.70686
223 0.7118
224 0.71681
225 0.71922
226 0.72098
227 0.72544
228 0.72856
229 0.73446
230 0.73781
231 0.74285
232 0.74611
233 0.74838
234 0.75406
235 0.75771
236 0.76236
237 0.76519
238 0.76568
239 0.76779
240 0.76993
241 0.77326
242 0.77943
243 0.78321
244 0.78487
245 0.78661
246 0.79027
247 0.79544
248 0.7987
249 0.80299
250 0.80639
251 0.80773
252 0.81068
253 0.81221
254 0.81294
255 0.81399
256 0.81574
257 0.81788
258 0.8216
259 0.82983
260 0.83086
261 0.83246
262 0.83614
263 0.83667
264 0.8403
265 0.84364
266 0.84525
267 0.84788
268 0.85162
269 0.85686
270 0.8592
271 0.85986
272 0.86345
273 0.8656
274 0.86951
275 0.87191
276 0.87478
277 0.87947
278 0.88298
279 0.88461
280 0.88671
281 0.88894
282 0.89228
283 0.89395
284 0.89601
285 0.89941
286 0.90713
287 0.90734
288 0.91016
289 0.91316
290 0.91929
291 0.92138
292 0.92495
293 0.92631
294 0.93141
295 0.93163
296 0.93447
297 0.93628
298 0.93694
299 0.93775
300 0.94341
301 0.94733
302 0.95106
303 0.95322
304 0.95476
305 0.9577
306 0.96075
307 0.96562
308 0.96719
309 0.97249
310 0.9799
311 0.98159
312 0.98478
313 0.99013
314 0.99603
315 0.99888
316 1.0018
# Generated pool n. 18 for Umax = -14.546669006347656
# Generated a biased pool of 100000 with an acceptance of 0.6185004115104675
# Generated a pool of 100000 with an acceptance of 0.015801261829653006
# Generation repeated 317 times
# Average relative effective sample size: 0.28280192613601685
# Generation efficiency: 0.0031545741324921135
