# Generation 13

0 0.00206
1 0.00504
2 0.00558
3 0.00753
4 0.01136
5 0.01249
6 0.01502
7 0.01654
8 0.01928
9 0.02213
10 0.02334
11 0.02622
12 0.02653
13 0.03055
14 0.03429
15 0.03742
16 0.03805
17 0.04031
18 0.04314
19 0.04463
20 0.04968
21 0.05203
22 0.0559
23 0.0575
24 0.05897
25 0.06062
26 0.06293
27 0.06413
28 0.06773
29 0.06911
30 0.07056
31 0.07392
32 0.07571
33 0.07613
34 0.0785
35 0.08238
36 0.08405
37 0.08697
38 0.08977
39 0.09409
40 0.09627
41 0.09779
42 0.10148
43 0.10329
44 0.10492
45 0.10814
46 0.11178
47 0.11384
48 0.11475
49 0.11592
50 0.11861
51 0.12151
52 0.12447
53 0.12703
54 0.12716
55 0.13061
56 0.1324
57 0.13734
58 0.1391
59 0.14012
60 0.14226
61 0.14494
62 0.14881
63 0.15251
64 0.15426
65 0.15771
66 0.16061
67 0.16202
68 0.16638
69 0.16833
70 0.16977
71 0.17202
72 0.17567
73 0.1758
74 0.17782
75 0.1803
76 0.18202
77 0.1848
78 0.18927
79 0.19186
80 0.19331
81 0.1958
82 0.19677
83 0.20182
84 0.20609
85 0.2096
86 0.21367
87 0.21525
88 0.21791
89 0.22037
90 0.22099
91 0.22323
92 0.22687
93 0.23008
94 0.23246
95 0.23601
96 0.23658
97 0.23888
98 0.24366
99 0.24497
100 0.24601
101 0.24723
102 0.24949
103 0.25468
104 0.2565
105 0.25687
106 0.26032
107 0.26208
108 0.26423
109 0.2648
110 0.26677
111 0.26851
112 0.27132
113 0.27296
114 0.2756
115 0.27764
116 0.28242
117 0.28411
118 0.28682
119 0.28898
120 0.29168
121 0.29382
122 0.29618
123 0.30042
124 0.30268
125 0.30449
126 0.30754
127 0.31046
128 0.31637
129 0.3181
130 0.32021
131 0.32292
132 0.32414
133 0.32486
134 0.32648
135 0.33074
136 0.33258
137 0.33545
138 0.33879
139 0.34112
140 0.34452
141 0.34688
142 0.34856
143 0.35094
144 0.35251
145 0.35366
146 0.35503
147 0.35524
148 0.3555
149 0.35892
150 0.36017
151 0.36254
152 0.36369
153 0.37035
154 0.37173
155 0.37455
156 0.37704
157 0.37818
158 0.37961
159 0.38103
160 0.38447
161 0.38631
162 0.38752
163 0.39044
164 0.39487
165 0.3981
166 0.40007
167 0.40078
168 0.40413
169 0.40628
170 0.41073
171 0.41459
172 0.4162
173 0.42001
174 0.42053
175 0.42338
176 0.42393
177 0.42611
178 0.42825
179 0.43106
180 0.43266
181 0.43464
182 0.43601
183 0.43685
184 0.44081
185 0.44164
186 0.4452
187 0.44784
188 0.44898
189 0.45164
190 0.45249
191 0.45813
192 0.45958
193 0.46284
194 0.46468
195 0.46667
196 0.46951
197 0.47142
198 0.47356
199 0.47476
200 0.47529
201 0.47694
202 0.48097
203 0.48442
204 0.48578
205 0.48699
206 0.48976
207 0.49037
208 0.49294
209 0.49615
210 0.49824
211 0.50074
212 0.50218
213 0.50273
214 0.50397
215 0.50557
216 0.50635
217 0.50952
218 0.51149
219 0.51336
220 0.51638
221 0.51813
222 0.52362
223 0.52647
224 0.5288
225 0.53234
226 0.53505
227 0.53607
228 0.53728
229 0.54062
230 0.54145
231 0.54451
232 0.54712
233 0.54857
234 0.55089
235 0.5536
236 0.55851
237 0.56139
238 0.56444
239 0.56506
240 0.56758
241 0.5698
242 0.57053
243 0.57335
244 0.57752
245 0.57796
246 0.57988
247 0.58187
248 0.58365
249 0.5883
250 0.58971
251 0.59282
252 0.59318
253 0.59509
254 0.5962
255 0.59948
256 0.60325
257 0.60565
258 0.60741
259 0.60896
260 0.61057
261 0.61203
262 0.61487
263 0.61815
264 0.62067
265 0.623
266 0.62627
267 0.62972
268 0.63332
269 0.63419
270 0.63644
271 0.63907
272 0.6417
273 0.64552
274 0.64881
275 0.65086
276 0.65113
277 0.65507
278 0.65735
279 0.66011
280 0.66477
281 0.66627
282 0.67062
283 0.67252
284 0.6746
285 0.67618
286 0.67666
287 0.67779
288 0.67921
289 0.68142
290 0.68422
291 0.68699
292 0.68846
293 0.69315
294 0.69469
295 0.69746
296 0.69882
297 0.70095
298 0.70203
299 0.70384
300 0.7047
301 0.70718
302 0.70899
303 0.7106
304 0.71292
305 0.71628
306 0.71864
307 0.72034
308 0.72418
309 0.72794
310 0.72867
311 0.72968
312 0.73528
313 0.73603
314 0.73854
315 0.73969
316 0.74567
317 0.74853
318 0.74898
319 0.75031
320 0.75106
321 0.7531
322 0.75491
323 0.75763
324 0.75785
325 0.75892
326 0.76034
327 0.76133
328 0.76353
329 0.76616
330 0.77091
331 0.77273
332 0.77655
333 0.78041
334 0.78321
335 0.7848
336 0.78824
337 0.79017
338 0.79113
339 0.79402
340 0.79522
341 0.79723
342 0.79889
343 0.80027
344 0.80201
345 0.80399
346 0.8061
347 0.80827
348 0.81138
349 0.81327
350 0.81632
351 0.81889
352 0.82002
353 0.82164
354 0.82293
355 0.8248
356 0.82648
357 0.82822
358 0.83104
359 0.83349
360 0.83517
361 0.83716
362 0.83804
363 0.84224
364 0.84415
365 0.84632
366 0.84663
367 0.84992
368 0.85268
369 0.85583
370 0.8569
371 0.85989
372 0.86062
373 0.8641
374 0.86476
375 0.86583
376 0.86713
377 0.86808
378 0.86856
379 0.87125
380 0.87514
381 0.87876
382 0.88052
383 0.88268
384 0.88532
385 0.88725
386 0.88998
387 0.8925
388 0.89438
389 0.8979
390 0.89866
391 0.89966
392 0.90204
393 0.90449
394 0.90909
395 0.91285
396 0.91584
397 0.91797
398 0.92108
399 0.9237
400 0.9279
401 0.92848
402 0.92999
403 0.9318
404 0.935
405 0.93856
406 0.94124
407 0.94338
408 0.94655
409 0.95026
410 0.95334
411 0.95605
412 0.9597
413 0.96259
414 0.96578
415 0.97126
416 0.97241
417 0.97332
418 0.97642
419 0.97919
420 0.98158
421 0.98519
422 0.98788
423 0.99137
424 0.99432
425 0.9957
426 0.99839
427 1.00081
# Generated pool n. 13 for Umax = -12.480474472045898
# Generated a biased pool of 100000 with an acceptance of 0.46580198407173157
# Generated a pool of 100000 with an acceptance of 0.011691705607476633
# Generation repeated 428 times
# Average relative effective sample size: 0.19405701756477356
# Generation efficiency: 0.002336448598130841
