# Generation 19

0 0.00421
1 0.00575
2 0.0093
3 0.01602
4 0.01681
5 0.02073
6 0.02209
7 0.02577
8 0.02825
9 0.02862
10 0.03049
11 0.03441
12 0.03596
13 0.04002
14 0.04241
15 0.04384
16 0.04616
17 0.04704
18 0.04857
19 0.05054
20 0.05171
21 0.05534
22 0.05876
23 0.05966
24 0.06333
25 0.06563
26 0.06749
27 0.06972
28 0.07132
29 0.07595
30 0.07952
31 0.08084
32 0.08194
33 0.08486
34 0.08641
35 0.0917
36 0.09432
37 0.09785
38 0.10166
39 0.10377
40 0.10452
41 0.10697
42 0.10941
43 0.11134
44 0.11462
45 0.11713
46 0.1182
47 0.1204
48 0.12072
49 0.12261
50 0.12722
51 0.12907
52 0.1325
53 0.13651
54 0.14103
55 0.14314
56 0.14631
57 0.14831
58 0.14897
59 0.14946
60 0.15154
61 0.15318
62 0.1565
63 0.15999
64 0.16201
65 0.16523
66 0.16623
67 0.16859
68 0.17308
69 0.17419
70 0.17899
71 0.18269
72 0.18441
73 0.18517
74 0.18676
75 0.19041
76 0.19312
77 0.19654
78 0.1986
79 0.20146
80 0.20485
81 0.20591
82 0.2067
83 0.20728
84 0.21264
85 0.21529
86 0.21956
87 0.22258
88 0.22334
89 0.22783
90 0.23036
91 0.23318
92 0.23694
93 0.23996
94 0.24065
95 0.24258
96 0.24442
97 0.24894
98 0.25236
99 0.25806
100 0.25992
101 0.26121
102 0.26222
103 0.2641
104 0.26483
105 0.26747
106 0.27176
107 0.27488
108 0.27937
109 0.28282
110 0.28436
111 0.28665
112 0.28933
113 0.29342
114 0.29472
115 0.29737
116 0.29973
117 0.30305
118 0.30411
119 0.30785
120 0.30867
121 0.31074
122 0.31578
123 0.31836
124 0.31909
125 0.3204
126 0.32229
127 0.32493
128 0.32757
129 0.3288
130 0.33175
131 0.33398
132 0.33533
133 0.33885
134 0.34191
135 0.34298
136 0.34517
137 0.34904
138 0.34972
139 0.35103
140 0.35507
141 0.35567
142 0.35731
143 0.3581
144 0.36072
145 0.36258
146 0.36794
147 0.37013
148 0.37399
149 0.37711
150 0.38106
151 0.38392
152 0.38413
153 0.38707
154 0.39334
155 0.39703
156 0.39782
157 0.40229
158 0.40334
159 0.4057
160 0.408
161 0.41044
162 0.4121
163 0.4152
164 0.41774
165 0.41911
166 0.42201
167 0.42584
168 0.42839
169 0.43075
170 0.43288
171 0.43604
172 0.43722
173 0.43895
174 0.44134
175 0.44217
176 0.44467
177 0.44689
178 0.44875
179 0.45094
180 0.4533
181 0.45436
182 0.45576
183 0.45865
184 0.46068
185 0.4611
186 0.46377
187 0.46564
188 0.46723
189 0.46977
190 0.47202
191 0.47583
192 0.47839
193 0.48067
194 0.48262
195 0.48689
196 0.49027
197 0.49275
198 0.49452
199 0.4993
200 0.50183
201 0.50455
202 0.50556
203 0.506
204 0.51096
205 0.51562
206 0.51865
207 0.52032
208 0.5209
209 0.52325
210 0.52691
211 0.52921
212 0.53181
213 0.53345
214 0.53457
215 0.53627
216 0.53939
217 0.54254
218 0.54498
219 0.5492
220 0.55144
221 0.55419
222 0.55749
223 0.56067
224 0.56755
225 0.56939
226 0.56972
227 0.57363
228 0.57734
229 0.5774
230 0.58006
231 0.58197
232 0.58501
233 0.58612
234 0.58804
235 0.58866
236 0.59162
237 0.59347
238 0.59709
239 0.59977
240 0.60304
241 0.6045
242 0.60602
243 0.60812
244 0.61135
245 0.61533
246 0.61904
247 0.62189
248 0.62627
249 0.62809
250 0.63038
251 0.63152
252 0.63432
253 0.63622
254 0.63877
255 0.64152
256 0.64488
257 0.6451
258 0.6462
259 0.64943
260 0.65283
261 0.65553
262 0.66039
263 0.66134
264 0.66277
265 0.66454
266 0.66769
267 0.67015
268 0.67115
269 0.67471
270 0.67647
271 0.68098
272 0.68126
273 0.68392
274 0.6877
275 0.68836
276 0.69041
277 0.69134
278 0.69446
279 0.69979
280 0.70041
281 0.70132
282 0.70271
283 0.70414
284 0.70676
285 0.70765
286 0.71072
287 0.71207
288 0.71527
289 0.71759
290 0.72075
291 0.72385
292 0.72507
293 0.72706
294 0.73192
295 0.73353
296 0.73724
297 0.74041
298 0.7421
299 0.7457
300 0.74884
301 0.75354
302 0.75693
303 0.75923
304 0.76138
305 0.76493
306 0.76672
307 0.7701
308 0.77069
309 0.77201
310 0.77328
311 0.77798
312 0.77993
313 0.78246
314 0.78824
315 0.78881
316 0.7918
317 0.79346
318 0.79651
319 0.79955
320 0.80233
321 0.80476
322 0.8059
323 0.80841
324 0.81288
325 0.81612
326 0.81899
327 0.82386
328 0.82573
329 0.83239
330 0.83444
331 0.837
332 0.84285
333 0.84561
334 0.8477
335 0.8526
336 0.85376
337 0.85561
338 0.85776
339 0.8617
340 0.86406
341 0.86606
342 0.86641
343 0.86885
344 0.87092
345 0.8736
346 0.87628
347 0.8774
348 0.8792
349 0.88389
350 0.88701
351 0.88902
352 0.89061
353 0.89385
354 0.89593
355 0.90114
356 0.9026
357 0.90518
358 0.90861
359 0.91107
360 0.9131
361 0.91378
362 0.91727
363 0.92158
364 0.92428
365 0.92619
366 0.92753
367 0.93094
368 0.93538
369 0.93632
370 0.93743
371 0.94173
372 0.94701
373 0.95005
374 0.95074
375 0.95468
376 0.9579
377 0.96301
378 0.96433
379 0.96729
380 0.97047
381 0.97224
382 0.97389
383 0.97796
384 0.97939
385 0.97942
386 0.98276
387 0.9867
388 0.98801
389 0.98823
390 0.99046
391 0.99121
392 0.99311
393 0.99465
394 0.99578
395 0.99648
396 0.99987
397 1.00084
# Generated pool n. 19 for Umax = -14.66484546661377
# Generated a biased pool of 100000 with an acceptance of 0.526375949382782
# Generated a pool of 100000 with an acceptance of 0.012573366834170855
# Generation repeated 398 times
# Average relative effective sample size: 0.23402725160121918
# Generation efficiency: 0.002512562814070352
