# Generation 4

0 0.00076
1 0.00097
2 0.00123
3 0.00252
4 0.00276
5 0.00404
6 0.00504
7 0.00582
8 0.00631
9 0.00707
10 0.00752
11 0.00796
12 0.00917
13 0.00944
14 0.00958
15 0.00971
16 0.01003
17 0.01018
18 0.01094
19 0.01174
20 0.01308
21 0.01353
22 0.01425
23 0.01507
24 0.01615
25 0.01673
26 0.01694
27 0.01745
28 0.01796
29 0.01825
30 0.019
31 0.01911
32 0.01996
33 0.02015
34 0.02032
35 0.02041
36 0.02067
37 0.021
38 0.02141
39 0.02196
40 0.02223
41 0.02269
42 0.02374
43 0.02461
44 0.02514
45 0.02543
46 0.02623
47 0.02674
48 0.02748
49 0.02803
50 0.02847
51 0.0289
52 0.02937
53 0.02973
54 0.03029
55 0.03105
56 0.03128
57 0.03164
58 0.03206
59 0.03275
60 0.03298
61 0.03325
62 0.03428
63 0.03521
64 0.03553
65 0.03609
66 0.03706
67 0.03776
68 0.0385
69 0.03927
70 0.03974
71 0.04025
72 0.04115
73 0.04154
74 0.04233
75 0.043
76 0.04306
77 0.04357
78 0.04401
79 0.0444
80 0.04473
81 0.04552
82 0.04615
83 0.0465
84 0.0474
85 0.04789
86 0.04803
87 0.04882
88 0.04976
89 0.05104
90 0.05199
91 0.05266
92 0.05279
93 0.05354
94 0.05402
95 0.05458
96 0.05557
97 0.0561
98 0.05673
99 0.05713
100 0.05827
101 0.05916
102 0.05978
103 0.05994
104 0.06048
105 0.0609
106 0.06131
107 0.06188
108 0.06259
109 0.06362
110 0.06404
111 0.06454
112 0.06477
113 0.06505
114 0.066
115 0.06648
116 0.06738
117 0.0678
118 0.06856
119 0.06892
120 0.07
121 0.07104
122 0.0717
123 0.07238
124 0.07304
125 0.07379
126 0.07417
127 0.07487
128 0.07588
129 0.07651
130 0.07657
131 0.07712
132 0.07747
133 0.07827
134 0.07888
135 0.07934
136 0.07949
137 0.07985
138 0.08024
139 0.08114
140 0.08162
141 0.08219
142 0.08292
143 0.08377
144 0.0838
145 0.08471
146 0.08531
147 0.0863
148 0.08745
149 0.08763
150 0.08875
151 0.08958
152 0.09007
153 0.09075
154 0.09112
155 0.09132
156 0.09154
157 0.09184
158 0.09237
159 0.09312
160 0.09382
161 0.09396
162 0.0947
163 0.09491
164 0.09546
165 0.09657
166 0.09712
167 0.09758
168 0.09889
169 0.10028
170 0.10073
171 0.10093
172 0.10159
173 0.10233
174 0.10272
175 0.10309
176 0.10405
177 0.10451
178 0.10466
179 0.10528
180 0.10624
181 0.10652
182 0.10713
183 0.10783
184 0.10835
185 0.10881
186 0.10947
187 0.10985
188 0.11021
189 0.11065
190 0.11069
191 0.111
192 0.11185
193 0.11237
194 0.11286
195 0.11323
196 0.114
197 0.11449
198 0.11476
199 0.11535
200 0.11575
201 0.1163
202 0.11695
203 0.11782
204 0.11814
205 0.11881
206 0.11891
207 0.11922
208 0.12025
209 0.12128
210 0.12208
211 0.12249
212 0.12276
213 0.12309
214 0.12362
215 0.12375
216 0.12386
217 0.12428
218 0.12564
219 0.12575
220 0.12663
221 0.1273
222 0.12833
223 0.12878
224 0.12949
225 0.13027
226 0.13084
227 0.13145
228 0.13194
229 0.13274
230 0.13358
231 0.13406
232 0.13495
233 0.13529
234 0.13624
235 0.1371
236 0.13768
237 0.13794
238 0.13877
239 0.13926
240 0.13947
241 0.14026
242 0.14095
243 0.14225
244 0.14284
245 0.14331
246 0.1439
247 0.14414
248 0.14463
249 0.14532
250 0.14633
251 0.14671
252 0.14786
253 0.14836
254 0.14844
255 0.14892
256 0.14953
257 0.1506
258 0.15069
259 0.15105
260 0.15154
261 0.15308
262 0.15354
263 0.15412
264 0.15438
265 0.15454
266 0.15528
267 0.15597
268 0.15683
269 0.15761
270 0.15804
271 0.15936
272 0.15987
273 0.16075
274 0.16089
275 0.1615
276 0.16175
277 0.16205
278 0.16294
279 0.16367
280 0.16384
281 0.16472
282 0.16493
283 0.16516
284 0.16548
285 0.16664
286 0.16697
287 0.16801
288 0.16908
289 0.16981
290 0.1703
291 0.17081
292 0.17158
293 0.17203
294 0.17297
295 0.17342
296 0.17411
297 0.17439
298 0.17521
299 0.17541
300 0.17631
301 0.177
302 0.17795
303 0.17852
304 0.17876
305 0.17994
306 0.18019
307 0.18087
308 0.18102
309 0.18135
310 0.18198
311 0.18227
312 0.18278
313 0.18349
314 0.1844
315 0.18472
316 0.18491
317 0.18524
318 0.18566
319 0.18577
320 0.18639
321 0.18693
322 0.18716
323 0.18794
324 0.18854
325 0.18909
326 0.18998
327 0.19031
328 0.19058
329 0.19112
330 0.19216
331 0.19237
332 0.19383
333 0.194
334 0.1945
335 0.19569
336 0.19601
337 0.19662
338 0.19712
339 0.19798
340 0.19827
341 0.19887
342 0.19946
343 0.20018
344 0.20091
345 0.20173
346 0.20243
347 0.20275
348 0.20312
349 0.20324
350 0.20391
351 0.20426
352 0.2051
353 0.20613
354 0.20706
355 0.20793
356 0.20887
357 0.20907
358 0.20967
359 0.20987
360 0.2112
361 0.2116
362 0.21215
363 0.21268
364 0.2137
365 0.2146
366 0.21475
367 0.21557
368 0.21623
369 0.21774
370 0.21847
371 0.21899
372 0.21966
373 0.22028
374 0.22134
375 0.22196
376 0.22253
377 0.22285
378 0.22345
379 0.22416
380 0.22467
381 0.2256
382 0.2266
383 0.2274
384 0.22806
385 0.22844
386 0.22913
387 0.22946
388 0.23023
389 0.23101
390 0.23255
391 0.23323
392 0.23469
393 0.23515
394 0.23568
395 0.2369
396 0.23706
397 0.23762
398 0.23857
399 0.23978
400 0.24023
401 0.24075
402 0.24108
403 0.24182
404 0.24199
405 0.24221
406 0.24276
407 0.2441
408 0.24449
409 0.24497
410 0.24523
411 0.24548
412 0.24645
413 0.24734
414 0.24781
415 0.24817
416 0.24963
417 0.25032
418 0.25124
419 0.25237
420 0.25269
421 0.25367
422 0.25412
423 0.25487
424 0.25513
425 0.25568
426 0.25595
427 0.25677
428 0.257
429 0.25779
430 0.25798
431 0.25888
432 0.2596
433 0.2608
434 0.26198
435 0.26252
436 0.26345
437 0.2644
438 0.26466
439 0.26488
440 0.26569
441 0.2659
442 0.26645
443 0.26685
444 0.26717
445 0.26741
446 0.26761
447 0.268
448 0.2686
449 0.2695
450 0.27019
451 0.2705
452 0.27058
453 0.27099
454 0.27218
455 0.27266
456 0.27324
457 0.27364
458 0.27459
459 0.27509
460 0.27558
461 0.27616
462 0.27679
463 0.2777
464 0.27857
465 0.27883
466 0.2792
467 0.2804
468 0.28121
469 0.28156
470 0.28191
471 0.28262
472 0.28282
473 0.28323
474 0.28374
475 0.28431
476 0.28444
477 0.28501
478 0.28535
479 0.28568
480 0.28667
481 0.28742
482 0.2879
483 0.28823
484 0.28937
485 0.28971
486 0.29045
487 0.29086
488 0.29128
489 0.29193
490 0.29235
491 0.29336
492 0.29348
493 0.29448
494 0.29554
495 0.2959
496 0.29737
497 0.29814
498 0.29853
499 0.29978
500 0.30051
501 0.30099
502 0.30211
503 0.30246
504 0.30289
505 0.30294
506 0.30329
507 0.30388
508 0.30437
509 0.30498
510 0.30556
511 0.30571
512 0.30653
513 0.30678
514 0.30742
515 0.30826
516 0.3084
517 0.30888
518 0.30911
519 0.30941
520 0.31028
521 0.31053
522 0.31077
523 0.31131
524 0.31187
525 0.31271
526 0.31333
527 0.31442
528 0.3155
529 0.31639
530 0.31692
531 0.31694
532 0.3174
533 0.31803
534 0.31856
535 0.31894
536 0.31981
537 0.3201
538 0.32076
539 0.32135
540 0.32197
541 0.32249
542 0.32263
543 0.32352
544 0.32407
545 0.32484
546 0.32531
547 0.32586
548 0.32612
549 0.32637
550 0.32722
551 0.32735
552 0.32776
553 0.32876
554 0.32984
555 0.33031
556 0.33049
557 0.33133
558 0.33205
559 0.33254
560 0.33331
561 0.33351
562 0.33365
563 0.33373
564 0.33464
565 0.33537
566 0.33596
567 0.33633
568 0.33683
569 0.33791
570 0.33839
571 0.33876
572 0.33957
573 0.34028
574 0.34049
575 0.34127
576 0.34187
577 0.34223
578 0.34313
579 0.34388
580 0.34444
581 0.34465
582 0.34491
583 0.34559
584 0.34597
585 0.34646
586 0.34694
587 0.34758
588 0.34798
589 0.34854
590 0.34903
591 0.3498
592 0.35038
593 0.35091
594 0.35122
595 0.35211
596 0.35252
597 0.35351
598 0.35395
599 0.35442
600 0.35529
601 0.35542
602 0.35596
603 0.35666
604 0.35743
605 0.35835
606 0.35899
607 0.36034
608 0.36116
609 0.36176
610 0.36245
611 0.36292
612 0.36334
613 0.36364
614 0.36444
615 0.36533
616 0.36584
617 0.36653
618 0.36746
619 0.36794
620 0.3684
621 0.36897
622 0.36946
623 0.36961
624 0.36996
625 0.37061
626 0.37084
627 0.37149
628 0.37259
629 0.37272
630 0.37337
631 0.37402
632 0.37477
633 0.37558
634 0.37601
635 0.3762
636 0.37623
637 0.37664
638 0.37728
639 0.3777
640 0.37859
641 0.37888
642 0.37919
643 0.37984
644 0.38057
645 0.38121
646 0.38181
647 0.38212
648 0.38296
649 0.3835
650 0.38389
651 0.38466
652 0.38583
653 0.38747
654 0.38845
655 0.3897
656 0.39037
657 0.39061
658 0.39147
659 0.39256
660 0.39328
661 0.39392
662 0.3945
663 0.39542
664 0.39632
665 0.39688
666 0.39772
667 0.39869
668 0.3992
669 0.40082
670 0.40118
671 0.40128
672 0.40224
673 0.4027
674 0.40311
675 0.40347
676 0.40393
677 0.40457
678 0.40519
679 0.40579
680 0.4067
681 0.40742
682 0.40842
683 0.40964
684 0.41024
685 0.41117
686 0.41146
687 0.41215
688 0.41303
689 0.41395
690 0.41447
691 0.41477
692 0.41592
693 0.41643
694 0.41721
695 0.41801
696 0.41823
697 0.41887
698 0.41947
699 0.41989
700 0.4208
701 0.42131
702 0.42241
703 0.42277
704 0.42339
705 0.42364
706 0.42442
707 0.42492
708 0.426
709 0.42616
710 0.42654
711 0.42715
712 0.42775
713 0.42827
714 0.42916
715 0.42998
716 0.4306
717 0.43071
718 0.43157
719 0.4321
720 0.43259
721 0.43365
722 0.43399
723 0.43506
724 0.43665
725 0.43719
726 0.43784
727 0.43798
728 0.43869
729 0.43983
730 0.44054
731 0.44082
732 0.44167
733 0.44261
734 0.443
735 0.44335
736 0.44425
737 0.44523
738 0.44576
739 0.44658
740 0.44699
741 0.44747
742 0.44824
743 0.44854
744 0.4491
745 0.4505
746 0.45101
747 0.45138
748 0.4517
749 0.45221
750 0.45236
751 0.45364
752 0.45373
753 0.4545
754 0.45492
755 0.45542
756 0.456
757 0.45616
758 0.45684
759 0.45715
760 0.45755
761 0.45773
762 0.45809
763 0.45835
764 0.4585
765 0.45857
766 0.45892
767 0.45932
768 0.45955
769 0.4597
770 0.45979
771 0.45995
772 0.46024
773 0.46098
774 0.46172
775 0.46211
776 0.46243
777 0.46306
778 0.46377
779 0.46478
780 0.46557
781 0.46602
782 0.46637
783 0.46677
784 0.4675
785 0.46819
786 0.46847
787 0.46853
788 0.46923
789 0.46947
790 0.47067
791 0.47115
792 0.47164
793 0.47206
794 0.47261
795 0.47296
796 0.47375
797 0.47468
798 0.47544
799 0.47599
800 0.47636
801 0.47673
802 0.47727
803 0.47813
804 0.47854
805 0.48018
806 0.48109
807 0.48198
808 0.48212
809 0.4828
810 0.48346
811 0.48416
812 0.48486
813 0.48509
814 0.48573
815 0.48623
816 0.48693
817 0.48797
818 0.48898
819 0.48939
820 0.48966
821 0.4902
822 0.49146
823 0.49196
824 0.4923
825 0.49268
826 0.49328
827 0.49398
828 0.495
829 0.49538
830 0.49603
831 0.49662
832 0.49701
833 0.49784
834 0.49827
835 0.49875
836 0.49882
837 0.4994
838 0.50011
839 0.50038
840 0.50118
841 0.50216
842 0.50237
843 0.503
844 0.50358
845 0.5039
846 0.50496
847 0.50597
848 0.50636
849 0.50683
850 0.50707
851 0.50759
852 0.50808
853 0.5087
854 0.5094
855 0.51031
856 0.51073
857 0.51149
858 0.51182
859 0.51263
860 0.51305
861 0.51334
862 0.51423
863 0.51542
864 0.51569
865 0.51722
866 0.51778
867 0.51835
868 0.51881
869 0.51948
870 0.51979
871 0.52101
872 0.52121
873 0.52156
874 0.52204
875 0.5223
876 0.52278
877 0.52317
878 0.52453
879 0.52466
880 0.52543
881 0.52603
882 0.52637
883 0.52666
884 0.52705
885 0.52844
886 0.52869
887 0.52914
888 0.53089
889 0.53201
890 0.53228
891 0.53285
892 0.53323
893 0.53388
894 0.53444
895 0.53524
896 0.53567
897 0.5362
898 0.53711
899 0.53764
900 0.53806
901 0.53873
902 0.53912
903 0.5398
904 0.54072
905 0.54186
906 0.54257
907 0.54303
908 0.54346
909 0.54382
910 0.54439
911 0.54485
912 0.54517
913 0.54579
914 0.54601
915 0.54668
916 0.54733
917 0.54828
918 0.54895
919 0.55006
920 0.55059
921 0.55093
922 0.55128
923 0.55164
924 0.5519
925 0.55253
926 0.55352
927 0.55386
928 0.55421
929 0.5547
930 0.555
931 0.55569
932 0.55623
933 0.55684
934 0.55777
935 0.55887
936 0.5597
937 0.56056
938 0.56063
939 0.56177
940 0.56246
941 0.56294
942 0.56371
943 0.56392
944 0.56469
945 0.56491
946 0.56505
947 0.56532
948 0.566
949 0.56648
950 0.56749
951 0.56816
952 0.56842
953 0.56914
954 0.57025
955 0.57052
956 0.57118
957 0.57187
958 0.57223
959 0.57239
960 0.57286
961 0.57363
962 0.57416
963 0.57442
964 0.57485
965 0.57556
966 0.57621
967 0.57689
968 0.57794
969 0.57852
970 0.57868
971 0.57929
972 0.57948
973 0.58001
974 0.58058
975 0.58161
976 0.58179
977 0.58229
978 0.58254
979 0.58325
980 0.58376
981 0.58451
982 0.58484
983 0.58595
984 0.58666
985 0.58696
986 0.58746
987 0.58763
988 0.58779
989 0.58818
990 0.58906
991 0.58928
992 0.59005
993 0.59084
994 0.59134
995 0.5916
996 0.59186
997 0.59245
998 0.59322
999 0.59367
1000 0.59525
1001 0.59589
1002 0.59605
1003 0.59638
1004 0.59733
1005 0.59793
1006 0.59824
1007 0.59881
1008 0.59909
1009 0.59948
1010 0.60054
1011 0.60182
1012 0.60233
1013 0.6028
1014 0.60336
1015 0.6035
1016 0.60421
1017 0.60476
1018 0.60557
1019 0.60574
1020 0.60678
1021 0.6073
1022 0.60802
1023 0.60888
1024 0.6096
1025 0.60992
1026 0.61025
1027 0.61109
1028 0.61193
1029 0.61231
1030 0.61255
1031 0.61313
1032 0.61417
1033 0.61453
1034 0.61512
1035 0.61607
1036 0.61711
1037 0.61803
1038 0.61849
1039 0.61904
1040 0.61914
1041 0.61989
1042 0.62019
1043 0.62141
1044 0.62207
1045 0.62304
1046 0.62356
1047 0.62465
1048 0.62501
1049 0.62589
1050 0.62671
1051 0.62754
1052 0.62784
1053 0.62874
1054 0.62947
1055 0.63054
1056 0.63128
1057 0.63315
1058 0.63374
1059 0.63431
1060 0.63468
1061 0.63534
1062 0.63575
1063 0.6369
1064 0.63783
1065 0.63852
1066 0.63931
1067 0.63966
1068 0.63974
1069 0.64028
1070 0.64102
1071 0.64211
1072 0.64253
1073 0.64378
1074 0.64427
1075 0.64492
1076 0.64563
1077 0.64683
1078 0.64744
1079 0.64799
1080 0.64849
1081 0.64899
1082 0.6499
1083 0.65002
1084 0.6504
1085 0.65055
1086 0.65086
1087 0.65124
1088 0.65158
1089 0.6521
1090 0.65259
1091 0.65305
1092 0.65377
1093 0.65481
1094 0.65546
1095 0.65637
1096 0.65657
1097 0.65798
1098 0.65819
1099 0.65927
1100 0.65944
1101 0.65988
1102 0.6602
1103 0.66045
1104 0.66074
1105 0.66187
1106 0.66228
1107 0.66272
1108 0.66277
1109 0.66345
1110 0.66388
1111 0.66451
1112 0.66538
1113 0.66659
1114 0.66747
1115 0.66754
1116 0.66817
1117 0.66867
1118 0.66931
1119 0.67071
1120 0.67132
1121 0.67159
1122 0.67201
1123 0.6723
1124 0.67266
1125 0.67315
1126 0.67377
1127 0.67402
1128 0.6743
1129 0.6749
1130 0.67574
1131 0.67638
1132 0.67717
1133 0.67737
1134 0.67792
1135 0.67831
1136 0.67903
1137 0.67966
1138 0.68091
1139 0.68162
1140 0.6818
1141 0.68236
1142 0.68259
1143 0.68283
1144 0.68324
1145 0.68337
1146 0.68394
1147 0.68419
1148 0.68484
1149 0.68537
1150 0.68563
1151 0.68588
1152 0.68611
1153 0.6872
1154 0.68733
1155 0.68816
1156 0.6893
1157 0.68949
1158 0.6898
1159 0.69012
1160 0.69043
1161 0.6906
1162 0.69157
1163 0.69256
1164 0.69305
1165 0.69405
1166 0.69458
1167 0.69475
1168 0.69526
1169 0.69583
1170 0.69614
1171 0.69676
1172 0.69731
1173 0.6977
1174 0.69825
1175 0.69911
1176 0.69957
1177 0.69973
1178 0.70033
1179 0.7006
1180 0.70149
1181 0.70204
1182 0.70305
1183 0.70365
1184 0.70391
1185 0.70462
1186 0.70505
1187 0.7052
1188 0.70583
1189 0.70635
1190 0.70667
1191 0.707
1192 0.70794
1193 0.70885
1194 0.70902
1195 0.70969
1196 0.71025
1197 0.71093
1198 0.71151
1199 0.71215
1200 0.71294
1201 0.71323
1202 0.71334
1203 0.71413
1204 0.715
1205 0.71597
1206 0.71698
1207 0.71743
1208 0.71808
1209 0.71872
1210 0.7191
1211 0.71945
1212 0.71985
1213 0.72042
1214 0.72061
1215 0.72177
1216 0.72211
1217 0.72225
1218 0.72318
1219 0.72356
1220 0.72397
1221 0.72503
1222 0.72601
1223 0.72637
1224 0.72655
1225 0.72719
1226 0.72791
1227 0.72868
1228 0.72903
1229 0.72949
1230 0.7302
1231 0.73062
1232 0.73134
1233 0.73208
1234 0.73267
1235 0.73288
1236 0.73357
1237 0.73387
1238 0.73415
1239 0.73502
1240 0.73561
1241 0.73619
1242 0.73725
1243 0.73774
1244 0.73845
1245 0.7394
1246 0.73977
1247 0.74117
1248 0.74136
1249 0.74143
1250 0.74196
1251 0.74225
1252 0.74324
1253 0.74355
1254 0.74457
1255 0.74502
1256 0.74551
1257 0.74583
1258 0.74601
1259 0.74697
1260 0.74752
1261 0.74819
1262 0.74889
1263 0.74918
1264 0.74948
1265 0.75009
1266 0.75071
1267 0.75142
1268 0.75273
1269 0.75313
1270 0.75386
1271 0.75499
1272 0.75555
1273 0.75667
1274 0.75724
1275 0.75762
1276 0.75815
1277 0.75845
1278 0.75907
1279 0.75951
1280 0.75984
1281 0.76035
1282 0.76123
1283 0.76139
1284 0.76227
1285 0.76276
1286 0.76317
1287 0.76386
1288 0.76452
1289 0.76489
1290 0.76589
1291 0.76645
1292 0.76769
1293 0.76813
1294 0.76817
1295 0.76849
1296 0.76878
1297 0.76888
1298 0.76979
1299 0.7706
1300 0.77146
1301 0.77207
1302 0.77308
1303 0.77368
1304 0.7739
1305 0.77434
1306 0.77484
1307 0.77499
1308 0.7752
1309 0.77613
1310 0.77632
1311 0.77664
1312 0.7769
1313 0.77733
1314 0.77806
1315 0.77877
1316 0.77992
1317 0.7806
1318 0.78094
1319 0.78113
1320 0.78197
1321 0.78282
1322 0.7831
1323 0.78373
1324 0.78515
1325 0.78541
1326 0.78544
1327 0.78635
1328 0.78743
1329 0.78773
1330 0.78809
1331 0.78819
1332 0.78908
1333 0.79012
1334 0.79121
1335 0.79144
1336 0.79217
1337 0.79256
1338 0.79354
1339 0.79417
1340 0.79479
1341 0.7954
1342 0.79614
1343 0.79626
1344 0.79669
1345 0.79807
1346 0.79845
1347 0.7994
1348 0.79971
1349 0.80035
1350 0.80083
1351 0.8016
1352 0.80236
1353 0.80319
1354 0.80394
1355 0.80462
1356 0.80555
1357 0.80606
1358 0.80675
1359 0.80737
1360 0.80795
1361 0.80912
1362 0.8096
1363 0.80993
1364 0.81125
1365 0.81148
1366 0.81229
1367 0.8129
1368 0.81355
1369 0.81376
1370 0.81483
1371 0.81497
1372 0.81546
1373 0.81613
1374 0.81674
1375 0.81818
1376 0.81859
1377 0.81913
1378 0.81923
1379 0.82097
1380 0.82144
1381 0.82197
1382 0.82292
1383 0.82413
1384 0.82463
1385 0.82587
1386 0.82643
1387 0.82732
1388 0.82753
1389 0.82822
1390 0.82862
1391 0.829
1392 0.82964
1393 0.82994
1394 0.8304
1395 0.83081
1396 0.83123
1397 0.83172
1398 0.83207
1399 0.83244
1400 0.83328
1401 0.8344
1402 0.83472
1403 0.83531
1404 0.83545
1405 0.83606
1406 0.83638
1407 0.83711
1408 0.83751
1409 0.83865
1410 0.83953
1411 0.83979
1412 0.8399
1413 0.84037
1414 0.84041
1415 0.84105
1416 0.8419
1417 0.84295
1418 0.84368
1419 0.84446
1420 0.84499
1421 0.84534
1422 0.84565
1423 0.84651
1424 0.84721
1425 0.84784
1426 0.84848
1427 0.84889
1428 0.84936
1429 0.84959
1430 0.85146
1431 0.85174
1432 0.85288
1433 0.85372
1434 0.85438
1435 0.85493
1436 0.85625
1437 0.85671
1438 0.85723
1439 0.85796
1440 0.85866
1441 0.85899
1442 0.86008
1443 0.86037
1444 0.86083
1445 0.86103
1446 0.86161
1447 0.86244
1448 0.86289
1449 0.86323
1450 0.86404
1451 0.86471
1452 0.86533
1453 0.86638
1454 0.86711
1455 0.86748
1456 0.86783
1457 0.86818
1458 0.86868
1459 0.86915
1460 0.87043
1461 0.871
1462 0.87159
1463 0.87249
1464 0.87293
1465 0.87388
1466 0.87443
1467 0.87468
1468 0.87547
1469 0.87611
1470 0.87679
1471 0.87734
1472 0.87766
1473 0.87882
1474 0.8794
1475 0.87954
1476 0.88029
1477 0.88083
1478 0.88132
1479 0.88181
1480 0.88246
1481 0.88272
1482 0.88307
1483 0.88366
1484 0.88466
1485 0.88478
1486 0.88562
1487 0.8857
1488 0.88647
1489 0.88688
1490 0.88739
1491 0.88813
1492 0.88916
1493 0.88952
1494 0.88968
1495 0.88982
1496 0.8905
1497 0.89204
1498 0.89267
1499 0.89322
1500 0.89347
1501 0.89456
1502 0.89517
1503 0.8962
1504 0.89658
1505 0.89735
1506 0.89794
1507 0.8982
1508 0.89843
1509 0.89918
1510 0.89943
1511 0.89985
1512 0.90041
1513 0.90112
1514 0.90219
1515 0.90323
1516 0.90421
1517 0.90445
1518 0.90568
1519 0.90589
1520 0.90642
1521 0.90689
1522 0.90696
1523 0.90765
1524 0.90829
1525 0.90871
1526 0.90885
1527 0.90949
1528 0.90993
1529 0.91027
1530 0.91091
1531 0.91134
1532 0.91199
1533 0.91276
1534 0.91303
1535 0.91331
1536 0.91395
1537 0.91467
1538 0.91509
1539 0.91583
1540 0.91637
1541 0.9171
1542 0.91839
1543 0.91905
1544 0.91967
1545 0.92054
1546 0.92117
1547 0.92161
1548 0.92219
1549 0.92263
1550 0.92335
1551 0.92473
1552 0.92497
1553 0.92585
1554 0.92623
1555 0.92713
1556 0.92757
1557 0.92773
1558 0.92847
1559 0.92865
1560 0.92947
1561 0.93002
1562 0.93072
1563 0.93128
1564 0.9317
1565 0.93224
1566 0.93277
1567 0.93385
1568 0.93413
1569 0.93484
1570 0.93558
1571 0.93618
1572 0.93697
1573 0.9378
1574 0.93831
1575 0.93888
1576 0.94001
1577 0.94065
1578 0.94186
1579 0.94217
1580 0.9424
1581 0.94297
1582 0.94313
1583 0.94368
1584 0.94392
1585 0.94436
1586 0.94481
1587 0.94569
1588 0.94719
1589 0.94753
1590 0.94815
1591 0.94849
1592 0.94855
1593 0.94999
1594 0.95029
1595 0.95102
1596 0.95134
1597 0.952
1598 0.95299
1599 0.95362
1600 0.95443
1601 0.9546
1602 0.95544
1603 0.95629
1604 0.95665
1605 0.95714
1606 0.9572
1607 0.95751
1608 0.958
1609 0.95856
1610 0.95911
1611 0.96074
1612 0.96099
1613 0.96137
1614 0.96184
1615 0.96232
1616 0.96372
1617 0.96398
1618 0.96454
1619 0.96546
1620 0.96569
1621 0.96619
1622 0.96749
1623 0.96844
1624 0.96993
1625 0.97054
1626 0.97159
1627 0.97206
1628 0.97282
1629 0.97399
1630 0.97542
1631 0.97596
1632 0.97628
1633 0.97689
1634 0.97732
1635 0.97837
1636 0.97888
1637 0.97951
1638 0.98004
1639 0.98063
1640 0.98103
1641 0.98121
1642 0.98207
1643 0.98223
1644 0.98317
1645 0.98419
1646 0.98486
1647 0.98556
1648 0.98656
1649 0.98709
1650 0.98766
1651 0.98814
1652 0.98863
1653 0.98928
1654 0.98979
1655 0.99086
1656 0.99093
1657 0.99149
1658 0.99268
1659 0.9933
1660 0.99431
1661 0.99449
1662 0.99506
1663 0.99653
1664 0.99768
1665 0.99801
1666 0.99864
1667 0.99978
1668 1.00049
# Generated pool n. 4 for Umax = 175.27133178710938
# Generated a biased pool of 100000 with an acceptance of 0.2314722239971161
# Generated a pool of 100000 with an acceptance of 0.0029972738166566784
# Generation repeated 1669 times
# Average relative effective sample size: 0.03234218433499336
# Generation efficiency: 0.0005991611743559018
