# Generation 20

0 0.00055
1 0.00133
2 0.00342
3 0.00517
4 0.00583
5 0.00912
6 0.01239
7 0.01336
8 0.01534
9 0.01626
10 0.01872
11 0.02002
12 0.02041
13 0.02136
14 0.02247
15 0.02435
16 0.02668
17 0.02764
18 0.02814
19 0.03077
20 0.0323
21 0.03625
22 0.03775
23 0.03842
24 0.03976
25 0.0401
26 0.04086
27 0.04356
28 0.04445
29 0.04771
30 0.04925
31 0.05141
32 0.05556
33 0.05903
34 0.06065
35 0.06285
36 0.06539
37 0.06557
38 0.0675
39 0.06971
40 0.07209
41 0.07399
42 0.07715
43 0.07924
44 0.07967
45 0.08212
46 0.08385
47 0.08712
48 0.09118
49 0.09255
50 0.09473
51 0.09588
52 0.09608
53 0.09815
54 0.09907
55 0.10015
56 0.10127
57 0.10275
58 0.10419
59 0.10587
60 0.10617
61 0.10709
62 0.10876
63 0.10939
64 0.11068
65 0.11256
66 0.11724
67 0.11875
68 0.12004
69 0.12286
70 0.12339
71 0.12627
72 0.12899
73 0.1305
74 0.13322
75 0.13485
76 0.13659
77 0.13826
78 0.13917
79 0.14153
80 0.14457
81 0.1458
82 0.14834
83 0.14979
84 0.15195
85 0.15279
86 0.1542
87 0.15714
88 0.15969
89 0.16252
90 0.16617
91 0.1679
92 0.17077
93 0.17298
94 0.17516
95 0.17735
96 0.17839
97 0.18093
98 0.18271
99 0.18506
100 0.18564
101 0.18828
102 0.1903
103 0.19154
104 0.19448
105 0.1955
106 0.19738
107 0.19894
108 0.20189
109 0.20303
110 0.20595
111 0.20733
112 0.20872
113 0.20949
114 0.21183
115 0.2132
116 0.21409
117 0.21694
118 0.21852
119 0.21979
120 0.22134
121 0.22229
122 0.22369
123 0.22515
124 0.22646
125 0.22844
126 0.23096
127 0.23205
128 0.2342
129 0.23724
130 0.24084
131 0.24117
132 0.24346
133 0.24596
134 0.24714
135 0.24983
136 0.25393
137 0.2549
138 0.25799
139 0.25875
140 0.26016
141 0.26297
142 0.26383
143 0.26716
144 0.26884
145 0.27175
146 0.27664
147 0.27763
148 0.27953
149 0.28054
150 0.28466
151 0.2856
152 0.28722
153 0.28876
154 0.29059
155 0.29194
156 0.292
157 0.29485
158 0.296
159 0.29756
160 0.29829
161 0.29956
162 0.3019
163 0.30278
164 0.30671
165 0.30813
166 0.30923
167 0.31004
168 0.31258
169 0.31407
170 0.31596
171 0.31852
172 0.319
173 0.32197
174 0.32402
175 0.32796
176 0.32876
177 0.32998
178 0.33125
179 0.33455
180 0.33649
181 0.33882
182 0.34271
183 0.34484
184 0.34714
185 0.34835
186 0.35093
187 0.35387
188 0.35611
189 0.35785
190 0.36095
191 0.36391
192 0.36587
193 0.3687
194 0.37072
195 0.37256
196 0.37435
197 0.37618
198 0.37929
199 0.37966
200 0.38136
201 0.38336
202 0.385
203 0.38811
204 0.38969
205 0.39192
206 0.39465
207 0.39711
208 0.39827
209 0.4011
210 0.40168
211 0.4037
212 0.40599
213 0.40759
214 0.40826
215 0.41135
216 0.4145
217 0.41497
218 0.41782
219 0.41911
220 0.42151
221 0.42372
222 0.42613
223 0.42768
224 0.42961
225 0.43264
226 0.43405
227 0.43641
228 0.43875
229 0.44022
230 0.44222
231 0.44279
232 0.44457
233 0.4452
234 0.44696
235 0.44984
236 0.45108
237 0.45159
238 0.45307
239 0.45483
240 0.4563
241 0.45753
242 0.45861
243 0.46166
244 0.46419
245 0.46447
246 0.46619
247 0.46844
248 0.47011
249 0.47156
250 0.47378
251 0.47608
252 0.47898
253 0.47978
254 0.48158
255 0.4836
256 0.4856
257 0.48718
258 0.49043
259 0.49307
260 0.49568
261 0.49749
262 0.4988
263 0.50025
264 0.50225
265 0.50498
266 0.50682
267 0.5087
268 0.51061
269 0.51219
270 0.51348
271 0.51664
272 0.51777
273 0.51825
274 0.51967
275 0.52018
276 0.52244
277 0.52593
278 0.52751
279 0.52896
280 0.53094
281 0.53199
282 0.53295
283 0.53504
284 0.53747
285 0.53784
286 0.53957
287 0.54204
288 0.54398
289 0.54595
290 0.54684
291 0.54852
292 0.54918
293 0.55165
294 0.55239
295 0.55291
296 0.55694
297 0.55848
298 0.5594
299 0.56131
300 0.56244
301 0.56579
302 0.56872
303 0.57045
304 0.57182
305 0.57329
306 0.57509
307 0.57676
308 0.57878
309 0.579
310 0.58082
311 0.58197
312 0.58226
313 0.584
314 0.58465
315 0.5866
316 0.58789
317 0.58959
318 0.59151
319 0.59298
320 0.59529
321 0.59716
322 0.59757
323 0.6003
324 0.60207
325 0.60316
326 0.60498
327 0.60667
328 0.60837
329 0.61172
330 0.61249
331 0.61353
332 0.6159
333 0.6161
334 0.61813
335 0.6193
336 0.62116
337 0.62371
338 0.62641
339 0.62887
340 0.63197
341 0.63385
342 0.6368
343 0.63902
344 0.64017
345 0.64234
346 0.64338
347 0.64383
348 0.64431
349 0.6479
350 0.64915
351 0.65095
352 0.65161
353 0.65231
354 0.65368
355 0.6541
356 0.65523
357 0.65861
358 0.65971
359 0.66143
360 0.66296
361 0.66369
362 0.6643
363 0.66534
364 0.66712
365 0.66884
366 0.67115
367 0.67342
368 0.67454
369 0.67586
370 0.67705
371 0.67947
372 0.68253
373 0.68441
374 0.68856
375 0.69013
376 0.69313
377 0.69654
378 0.69795
379 0.69863
380 0.70123
381 0.70321
382 0.70617
383 0.7076
384 0.70835
385 0.70916
386 0.71182
387 0.71445
388 0.71531
389 0.71709
390 0.71794
391 0.7189
392 0.72107
393 0.72194
394 0.72585
395 0.72697
396 0.72779
397 0.73066
398 0.73245
399 0.73456
400 0.73758
401 0.74041
402 0.74348
403 0.74411
404 0.74658
405 0.74768
406 0.74927
407 0.75024
408 0.75147
409 0.75444
410 0.75666
411 0.75825
412 0.75924
413 0.76223
414 0.76436
415 0.76525
416 0.76808
417 0.77054
418 0.7715
419 0.77329
420 0.7766
421 0.77929
422 0.78079
423 0.78209
424 0.78348
425 0.78611
426 0.78822
427 0.79072
428 0.79339
429 0.79454
430 0.79587
431 0.79747
432 0.79855
433 0.80157
434 0.80404
435 0.80525
436 0.80653
437 0.80807
438 0.80845
439 0.80899
440 0.81152
441 0.81272
442 0.81382
443 0.81489
444 0.81639
445 0.81985
446 0.82161
447 0.82322
448 0.82348
449 0.82563
450 0.82785
451 0.83175
452 0.83312
453 0.83681
454 0.83876
455 0.83901
456 0.84099
457 0.84386
458 0.84598
459 0.84709
460 0.84813
461 0.84967
462 0.85293
463 0.85502
464 0.85624
465 0.8599
466 0.86182
467 0.86259
468 0.86429
469 0.86538
470 0.86686
471 0.86974
472 0.87154
473 0.87186
474 0.87415
475 0.87524
476 0.87685
477 0.87891
478 0.88013
479 0.88124
480 0.88177
481 0.88356
482 0.88489
483 0.88961
484 0.89148
485 0.89226
486 0.89408
487 0.89818
488 0.90048
489 0.90135
490 0.90214
491 0.9043
492 0.90487
493 0.90644
494 0.90786
495 0.90925
496 0.91162
497 0.91358
498 0.91445
499 0.91615
500 0.91764
501 0.91982
502 0.92171
503 0.92369
504 0.92481
505 0.92698
506 0.92767
507 0.93072
508 0.93114
509 0.93423
510 0.93719
511 0.93859
512 0.94075
513 0.94125
514 0.94237
515 0.94374
516 0.94468
517 0.94653
518 0.94952
519 0.95128
520 0.95247
521 0.95351
522 0.95484
523 0.95747
524 0.95892
525 0.96121
526 0.96335
527 0.96583
528 0.96787
529 0.9683
530 0.97021
531 0.9733
532 0.97513
533 0.97606
534 0.97793
535 0.97964
536 0.98126
537 0.98281
538 0.98416
539 0.98511
540 0.98641
541 0.98847
542 0.98984
543 0.99229
544 0.99436
545 0.99594
546 0.99669
547 0.99817
548 1.00098
# Generated pool n. 20 for Umax = -14.746870994567871
# Generated a biased pool of 100000 with an acceptance of 0.47601819038391113
# Generated a pool of 100000 with an acceptance of 0.009116393442622946
# Generation repeated 549 times
# Average relative effective sample size: 0.1658201962709427
# Generation efficiency: 0.0018214936247723133
