# Generation 15

0 0.00107
1 0.00418
2 0.00574
3 0.00967
4 0.01194
5 0.01381
6 0.01562
7 0.02089
8 0.0258
9 0.02629
10 0.0305
11 0.03249
12 0.03642
13 0.03971
14 0.04139
15 0.04202
16 0.04381
17 0.0453
18 0.04617
19 0.04928
20 0.05239
21 0.05595
22 0.05998
23 0.06197
24 0.06398
25 0.06476
26 0.06683
27 0.06751
28 0.06951
29 0.07241
30 0.07445
31 0.07895
32 0.08326
33 0.08588
34 0.08852
35 0.08974
36 0.09098
37 0.09401
38 0.09779
39 0.09892
40 0.10125
41 0.1049
42 0.1053
43 0.10897
44 0.11018
45 0.11131
46 0.11439
47 0.11669
48 0.11762
49 0.12011
50 0.12223
51 0.12336
52 0.12559
53 0.12648
54 0.12926
55 0.13068
56 0.13379
57 0.13534
58 0.13595
59 0.13889
60 0.14323
61 0.14552
62 0.14729
63 0.15241
64 0.15415
65 0.15539
66 0.15815
67 0.16169
68 0.16393
69 0.16679
70 0.16905
71 0.17228
72 0.17523
73 0.17741
74 0.17964
75 0.18219
76 0.18373
77 0.18548
78 0.18642
79 0.1896
80 0.19169
81 0.19325
82 0.19569
83 0.19783
84 0.20007
85 0.20115
86 0.20302
87 0.20712
88 0.20817
89 0.21116
90 0.21242
91 0.21606
92 0.21699
93 0.21933
94 0.2247
95 0.22682
96 0.2279
97 0.22926
98 0.23064
99 0.23292
100 0.2358
101 0.23635
102 0.23765
103 0.23969
104 0.24175
105 0.24379
106 0.24469
107 0.24799
108 0.24871
109 0.25206
110 0.25499
111 0.25659
112 0.2598
113 0.26188
114 0.26614
115 0.26911
116 0.2711
117 0.27249
118 0.27321
119 0.2746
120 0.27562
121 0.27738
122 0.28142
123 0.28484
124 0.28705
125 0.28887
126 0.28988
127 0.29047
128 0.29122
129 0.29406
130 0.29599
131 0.29625
132 0.29861
133 0.29996
134 0.3023
135 0.30575
136 0.30791
137 0.31023
138 0.31285
139 0.31591
140 0.31906
141 0.32201
142 0.3272
143 0.33117
144 0.33371
145 0.33529
146 0.33771
147 0.33888
148 0.34003
149 0.34061
150 0.3432
151 0.34463
152 0.34699
153 0.34932
154 0.35291
155 0.35351
156 0.35438
157 0.3562
158 0.35746
159 0.35879
160 0.36138
161 0.36386
162 0.3665
163 0.36901
164 0.3702
165 0.37097
166 0.37503
167 0.37588
168 0.37801
169 0.37986
170 0.38254
171 0.38564
172 0.38804
173 0.39062
174 0.3913
175 0.39371
176 0.39682
177 0.40077
178 0.4025
179 0.40265
180 0.40533
181 0.40632
182 0.41102
183 0.41286
184 0.41476
185 0.41859
186 0.41937
187 0.42056
188 0.42487
189 0.42697
190 0.42865
191 0.43165
192 0.43303
193 0.43399
194 0.43757
195 0.43852
196 0.44048
197 0.4425
198 0.44456
199 0.44771
200 0.44986
201 0.45099
202 0.4541
203 0.45693
204 0.45748
205 0.45858
206 0.46109
207 0.46237
208 0.465
209 0.46739
210 0.46846
211 0.47222
212 0.4726
213 0.47351
214 0.47588
215 0.47821
216 0.48183
217 0.48438
218 0.48638
219 0.48786
220 0.49057
221 0.49397
222 0.49618
223 0.49962
224 0.50385
225 0.50631
226 0.50661
227 0.51036
228 0.51332
229 0.5154
230 0.51696
231 0.52012
232 0.52066
233 0.52222
234 0.52392
235 0.5271
236 0.53087
237 0.53128
238 0.53214
239 0.53544
240 0.53867
241 0.54049
242 0.5422
243 0.54304
244 0.54694
245 0.54787
246 0.55074
247 0.55424
248 0.55568
249 0.55858
250 0.5586
251 0.55995
252 0.56359
253 0.56595
254 0.56802
255 0.57185
256 0.57357
257 0.57486
258 0.57529
259 0.57737
260 0.58013
261 0.58176
262 0.58245
263 0.5837
264 0.58665
265 0.58683
266 0.58966
267 0.59309
268 0.59578
269 0.59718
270 0.59927
271 0.60116
272 0.60426
273 0.60573
274 0.60785
275 0.60985
276 0.61186
277 0.61477
278 0.61667
279 0.61912
280 0.62096
281 0.62288
282 0.62661
283 0.62787
284 0.63023
285 0.63105
286 0.63402
287 0.63669
288 0.64013
289 0.64158
290 0.644
291 0.64844
292 0.64971
293 0.65174
294 0.65313
295 0.65415
296 0.65643
297 0.65692
298 0.66045
299 0.66239
300 0.66669
301 0.66776
302 0.66889
303 0.66994
304 0.67184
305 0.67336
306 0.67408
307 0.67804
308 0.68099
309 0.68355
310 0.68514
311 0.6859
312 0.68866
313 0.69243
314 0.69438
315 0.69655
316 0.70008
317 0.70274
318 0.70445
319 0.70722
320 0.70754
321 0.70941
322 0.71432
323 0.71505
324 0.71799
325 0.71999
326 0.72244
327 0.72421
328 0.72585
329 0.7291
330 0.73268
331 0.73618
332 0.73849
333 0.74063
334 0.74216
335 0.74268
336 0.74483
337 0.74882
338 0.75238
339 0.75378
340 0.75618
341 0.75884
342 0.76148
343 0.76443
344 0.76804
345 0.77
346 0.77169
347 0.77254
348 0.77554
349 0.77769
350 0.7806
351 0.78433
352 0.78764
353 0.78912
354 0.79285
355 0.79622
356 0.7985
357 0.80231
358 0.80445
359 0.80769
360 0.81077
361 0.81179
362 0.81269
363 0.81447
364 0.81537
365 0.81865
366 0.82288
367 0.82469
368 0.82724
369 0.82908
370 0.83401
371 0.83422
372 0.83478
373 0.83763
374 0.84034
375 0.84423
376 0.84481
377 0.84751
378 0.84794
379 0.84928
380 0.85063
381 0.855
382 0.85554
383 0.85784
384 0.86288
385 0.86371
386 0.86468
387 0.86732
388 0.86769
389 0.87042
390 0.87125
391 0.8735
392 0.87459
393 0.87734
394 0.87993
395 0.88196
396 0.88545
397 0.88704
398 0.88837
399 0.89013
400 0.89224
401 0.89292
402 0.89639
403 0.89853
404 0.90061
405 0.90442
406 0.90733
407 0.90956
408 0.91222
409 0.91535
410 0.91726
411 0.921
412 0.92372
413 0.92643
414 0.92792
415 0.93007
416 0.93172
417 0.93614
418 0.9371
419 0.93944
420 0.94389
421 0.94476
422 0.9478
423 0.95018
424 0.95297
425 0.95339
426 0.95537
427 0.958
428 0.95893
429 0.96089
430 0.96243
431 0.96418
432 0.96721
433 0.96886
434 0.97067
435 0.97285
436 0.97488
437 0.97701
438 0.979
439 0.98205
440 0.98342
441 0.98415
442 0.98911
443 0.99037
444 0.99259
445 0.99519
446 0.9978
447 1.0013
# Generated pool n. 15 for Umax = -13.775084495544434
# Generated a biased pool of 100000 with an acceptance of 0.4616159498691559
# Generated a pool of 100000 with an acceptance of 0.011175223214285723
# Generation repeated 448 times
# Average relative effective sample size: 0.18682211637496948
# Generation efficiency: 0.002232142857142857
