# Run started: 2026-10-01 15:38:58.357750
# 
# STD_NS	NF_NS	TRAIN	GENER
9.117936999999999514e+00 0.000000000000000000e+00 4.825210342999999739e+03 1.628231299999999848e+01
8.969189000000000078e+00 6.695929900000000146e+01 4.833339270000000397e+03 2.907631369999999720e+02
8.972391999999999257e+00 6.641268700000000536e+01 4.825210570999999618e+03 7.143207650000000513e+02
9.009681999999999746e+00 6.686925800000000208e+01 4.835830369999999675e+03 9.471228509999999687e+02
9.002119000000000426e+00 6.778053400000000295e+01 4.830866358000000218e+03 1.813024231000000100e+03
9.038572999999999524e+00 6.771433399999999381e+01 4.844599095999999918e+03 1.343728855999999951e+03
9.006076999999999444e+00 6.689135100000000023e+01 4.840583023000000139e+03 1.423664279000000079e+03
8.975089000000000539e+00 6.681422499999999332e+01 4.838787984999999935e+03 1.476023809000000028e+03
9.014065000000000438e+00 6.693803200000000686e+01 4.830411645000000135e+03 1.033306278999999904e+03
8.975507000000000346e+00 6.647715300000000127e+01 4.828390508999999838e+03 8.075721650000000409e+02
8.934554999999999580e+00 6.651361099999999738e+01 4.841230088000000251e+03 7.839974969999999530e+02
8.979041999999999746e+00 6.694413199999999620e+01 4.836225798000000395e+03 6.548748020000000452e+02
8.964596000000000231e+00 6.723624800000000334e+01 4.830458391000000120e+03 4.848286219999999958e+02
8.974434000000000466e+00 6.768285000000000196e+01 4.838589914000000135e+03 4.665236520000000269e+02
8.954421999999999215e+00 6.668596100000000604e+01 4.826225008999999773e+03 4.440020599999999718e+02
8.976371000000000322e+00 6.660305999999999926e+01 4.840135696999999709e+03 4.872908150000000091e+02
8.966471000000000302e+00 6.653653500000000065e+01 4.832685220000000299e+03 4.237068419999999946e+02
8.948102000000000444e+00 6.691100299999999379e+01 4.829252081999999973e+03 5.895879589999999553e+02
8.910738999999999521e+00 6.689021300000000281e+01 4.824434879000000365e+03 3.443848350000000096e+02
8.963174999999999670e+00 6.627975200000000200e+01 4.824288577000000259e+03 4.330015530000000012e+02
8.998072000000000514e+00 6.693720199999999920e+01 4.831138480999999956e+03 5.973187269999999671e+02
# Run ended: 2026-10-03 00:36:05.950398
# Elapsed time: 1 day, 8:57:07.592648
