# epoch	step	nll	ecut	ecut_viol	grad_norm	val_nll	val_ecut	val_ecut_viol	val_ress_zx	LR
1	27	-27.16274642944336	0.0	0.0	155.3924102783203	-27.279043197631836	342.50286865234375	313.51885986328125	0.0863686203956604	9.986158796046841e-05
2	54	-27.415542602539062	0.0	0.0	93.66704559326172	-27.35589599609375	313.947265625	284.454345703125	0.1647568792104721	9.944712589814385e-05
3	81	-27.40924072265625	0.0	0.0	288.3115539550781	-27.43450927734375	298.1102294921875	268.38531494140625	0.08510860800743103	9.875893165300026e-05
4	108	-27.451866149902344	0.0	0.0	93.9232177734375	-27.287395477294922	315.4219665527344	285.85650634765625	0.15024612843990326	9.780085388641395e-05
5	135	-27.255277633666992	0.0	0.0	107.89131927490234	-27.208602905273438	317.104248046875	287.83685302734375	0.11487585306167603	9.65782505578881e-05
6	162	-27.39759635925293	0.0	0.0	64.2651596069336	-27.27863121032715	311.38189697265625	281.87200927734375	0.11024817824363708	9.509795896116972e-05
7	189	-27.492385864257812	0.0	0.0	74.95832061767578	-27.397491455078125	297.4947509765625	267.8204040527344	0.09131180495023727	9.336825748732971e-05
8	216	-27.281475067138672	0.0	0.0	79.99252319335938	-27.36202621459961	318.136474609375	288.7537536621094	0.12184260785579681	9.139881932864174e-05
9	243	-27.485769271850586	0.0	0.0	48.927032470703125	-27.45454978942871	303.2008361816406	273.5626220703125	0.11450840532779694	8.920065838216747e-05
10	270	-27.45577621459961	0.0	0.0	100.26750183105469	-27.347461700439453	306.576416015625	276.9925231933594	0.07533884048461914	8.678606765557639e-05
11	297	-27.429779052734375	0.0	0.0	123.41397094726562	-27.40950584411621	303.0481872558594	273.46636962890625	0.10656899213790894	8.416855051966051e-05
12	324	-27.41201400756836	0.0	0.0	57.55304718017578	-27.438610076904297	297.3473205566406	267.8370056152344	0.15025967359542847	8.136274519200731e-05
13	351	-27.502151489257812	0.0	0.0	114.81751251220703	-27.516164779663086	293.7576599121094	264.10430908203125	0.11009302735328674	7.83843428741493e-05
14	378	-27.3714656829834	0.0	0.0	96.61112976074219	-27.41180992126465	305.8470153808594	276.3105163574219	0.11801670491695404	7.525000000000001e-05
15	405	-27.570087432861328	0.0	0.0	62.476905822753906	-27.524648666381836	287.393798828125	257.4876403808594	0.1164269894361496	7.197724508631914e-05
16	432	-27.465421676635742	0.0	0.0	133.3475799560547	-27.57101058959961	298.6741943359375	268.9539794921875	0.14410562813282013	6.858438070613657e-05
17	459	-27.605009078979492	0.0	0.0	78.16000366210938	-27.589954376220703	291.1964111328125	261.2421875	0.17927134037017822	6.509038113333976e-05
18	486	-27.61403465270996	0.0	0.0	62.58283996582031	-27.603126525878906	282.68450927734375	252.6868133544922	0.10782762616872787	6.151478623083758e-05
19	513	-27.49360466003418	0.0	0.0	115.3515625	-27.510093688964844	292.6314697265625	262.9048767089844	0.17446713149547577	5.787759217572066e-05
20	540	-27.590164184570312	0.0	0.0	60.45803451538086	-27.633636474609375	281.3920593261719	251.4254608154297	0.14905500411987305	5.419913963252802e-05
21	567	-27.649221420288086	0.0	0.0	129.59039306640625	-27.62263298034668	277.976806640625	247.91409301757812	0.16989454627037048	5.0500000000000015e-05
22	594	-27.726032257080078	0.0	0.0	73.7763671875	-27.73163414001465	272.41595458984375	242.2095184326172	0.16880051791667938	4.680086036747202e-05
23	621	-27.697172164916992	0.0	0.0	108.89643859863281	-27.666549682617188	273.56549072265625	243.568603515625	0.14636608958244324	4.3122407824279384e-05
24	648	-27.79372215270996	0.0	0.0	56.4684944152832	-27.731443405151367	271.41424560546875	241.30833435058594	0.15506011247634888	3.948521376916245e-05
25	675	-27.751541137695312	0.0	0.0	82.05522918701172	-27.743080139160156	278.24322509765625	248.3099365234375	0.16376858949661255	3.590961886666025e-05
26	702	-27.841833114624023	0.0	0.0	44.667938232421875	-27.83340072631836	275.6885986328125	245.56024169921875	0.1942944973707199	3.241561929386345e-05
27	729	-27.848386764526367	0.0	0.0	72.652099609375	-27.816043853759766	269.13507080078125	238.96469116210938	0.16750988364219666	2.9022754913680884e-05
28	756	-27.88064193725586	0.0	0.0	49.9200439453125	-27.89063262939453	267.3330993652344	237.08377075195312	0.14805129170417786	2.575000000000002e-05
29	783	-28.01398468017578	0.0	0.0	107.93931579589844	-27.842016220092773	262.2456359863281	231.88385009765625	0.13002003729343414	2.2615657125850715e-05
30	810	-27.95668601989746	0.0	0.0	69.575439453125	-27.926177978515625	268.4609069824219	238.12960815429688	0.19576343894004822	1.9637254807992697e-05
31	837	-27.8267879486084	0.0	0.0	131.28150939941406	-27.862567901611328	259.8512268066406	229.54910278320312	0.1790420264005661	1.68314494803395e-05
32	864	-27.973234176635742	0.0	0.0	45.36198425292969	-27.949092864990234	256.8476867675781	226.5226287841797	0.13330581784248352	1.4213932344423597e-05
33	891	-27.994903564453125	0.0	0.0	40.664791107177734	-27.970319747924805	262.302734375	231.871826171875	0.21058359742164612	1.1799341617832526e-05
34	918	-27.964550018310547	0.0	0.0	2721.461181640625	-27.97316551208496	266.45135498046875	236.08935546875	0.2137337177991867	9.601180671358249e-06
35	945	-27.952133178710938	0.0	0.0	65.70066833496094	-27.985023498535156	254.71072387695312	224.35018920898438	0.25373131036758423	7.631742512670296e-06
36	972	-28.005447387695312	0.0	0.0	76.8265380859375	-27.99404525756836	255.7413787841797	225.31369018554688	0.21759019792079926	5.902041038830259e-06
37	999	-28.03165054321289	0.0	0.0	90.63978576660156	-28.010597229003906	257.9413757324219	227.45425415039062	0.23169635236263275	4.421749442111885e-06
38	1026	-28.035839080810547	0.0	0.0	48.49874496459961	-28.00238800048828	257.4603271484375	226.98504638671875	0.22618365287780762	3.199146113586043e-06
39	1053	-28.03119468688965	0.0	0.0	58.240726470947266	-28.014659881591797	256.5254821777344	226.0538330078125	0.22253146767616272	2.2410683469997316e-06
40	1080	-28.046924591064453	0.0	0.0	113.0948257446289	-28.025283813476562	256.4405212402344	225.94393920898438	0.20587937533855438	1.5528741018561385e-06
41	1107	-28.027074813842773	0.0	0.0	45.66401290893555	-28.028881072998047	258.3851318359375	227.87942504882812	0.18935701251029968	1.1384120395315836e-06
42	1134	-28.054405212402344	0.0	0.0	73.91361236572266	-28.032852172851562	254.55490112304688	224.0430145263672	0.23319397866725922	1e-06
# Best epoch: 35
