# epoch	step	nll	ecut	ecut_viol	grad_norm	val_nll	val_ecut	val_ecut_viol	val_ress_zx	LR
1	27	-29.913841247558594	0.0	0.0	93.87525939941406	-29.89650535583496	242.79612731933594	210.8881072998047	0.1534690409898758	9.986158796046841e-05
2	54	-29.890918731689453	0.0	0.0	174.19528198242188	-29.927215576171875	241.52207946777344	209.44371032714844	0.08921869099140167	9.944712589814385e-05
3	81	-29.721405029296875	0.0	0.0	134.80491638183594	-29.834915161132812	228.171875	196.09317016601562	0.15336143970489502	9.875893165300026e-05
4	108	-30.070545196533203	0.0	0.0	97.33348083496094	-30.007492065429688	231.96627807617188	199.7849578857422	0.13406139612197876	9.780085388641395e-05
5	135	-30.119794845581055	0.0	0.0	67.28173065185547	-29.980039596557617	235.2401123046875	203.0570526123047	0.14364248514175415	9.65782505578881e-05
6	162	-29.841049194335938	0.0	0.0	75.72209167480469	-29.854198455810547	234.62863159179688	202.5264129638672	0.16870133578777313	9.509795896116972e-05
7	189	-29.855253219604492	0.0	0.0	111.33485412597656	-29.91196060180664	234.90269470214844	202.9222869873047	0.11144155263900757	9.336825748732971e-05
8	216	-29.988544464111328	0.0	0.0	101.39045715332031	-29.952964782714844	228.5175018310547	196.50045776367188	0.16802185773849487	9.139881932864174e-05
9	243	-30.06509017944336	0.0	0.0	65.993408203125	-30.077922821044922	227.3560028076172	195.3625946044922	0.07277625799179077	8.920065838216747e-05
10	270	-30.095149993896484	0.0	0.0	54.98168182373047	-30.06025505065918	226.6171112060547	194.3591766357422	0.16508594155311584	8.678606765557639e-05
11	297	-30.10387420654297	0.0	0.0	82.31661987304688	-30.02911949157715	212.7801513671875	180.48098754882812	0.16317841410636902	8.416855051966051e-05
12	324	-30.16323471069336	0.0	0.0	111.80924987792969	-30.145917892456055	214.0399627685547	181.6970672607422	0.18017995357513428	8.136274519200731e-05
13	351	-30.03722381591797	0.0	0.0	104.68511962890625	-30.012807846069336	226.24679565429688	194.0723114013672	0.17320355772972107	7.83843428741493e-05
14	378	-30.07355308532715	0.0	0.0	95.77394104003906	-30.154027938842773	218.92807006835938	186.64300537109375	0.17912954092025757	7.525000000000001e-05
15	405	-30.193313598632812	0.0	0.0	76.99404907226562	-30.09322166442871	217.35653686523438	184.84532165527344	0.160121887922287	7.197724508631914e-05
16	432	-30.234909057617188	0.0	0.0	72.01113891601562	-30.18404197692871	217.5537109375	185.14126586914062	0.14096885919570923	6.858438070613657e-05
17	459	-30.176025390625	0.0	0.0	147.50445556640625	-30.168045043945312	215.59539794921875	182.8310546875	0.14756569266319275	6.509038113333976e-05
18	486	-29.947166442871094	0.0	0.0	83.67762756347656	-30.042837142944336	217.356201171875	185.2623748779297	0.15005135536193848	6.151478623083758e-05
19	513	-30.038780212402344	0.0	0.0	97.73553466796875	-30.097137451171875	216.65745544433594	184.4952392578125	0.20566323399543762	5.787759217572066e-05
20	540	-30.35335922241211	0.0	0.0	81.5138168334961	-30.266124725341797	209.63357543945312	176.9168701171875	0.14424660801887512	5.419913963252802e-05
21	567	-30.384092330932617	0.0	0.0	77.51256561279297	-30.30215072631836	206.82955932617188	174.0726318359375	0.146981880068779	5.0500000000000015e-05
22	594	-30.425464630126953	0.0	0.0	57.779117584228516	-30.32221221923828	200.32835388183594	167.71047973632812	0.2160259336233139	4.680086036747202e-05
23	621	-30.317211151123047	0.0	0.0	78.5538330078125	-30.288742065429688	207.27392578125	174.7189178466797	0.2057037651538849	4.3122407824279384e-05
24	648	-30.47028350830078	0.0	0.0	90.57432556152344	-30.348114013671875	207.08477783203125	174.5384979248047	0.1863536536693573	3.948521376916245e-05
25	675	-30.38711929321289	0.0	0.0	114.89318084716797	-30.415050506591797	204.60955810546875	171.93804931640625	0.2476969063282013	3.590961886666025e-05
26	702	-30.444555282592773	0.0	0.0	70.13877868652344	-30.41133689880371	199.94442749023438	167.2390899658203	0.25267741084098816	3.241561929386345e-05
27	729	-30.437658309936523	0.0	0.0	102.4358901977539	-30.428207397460938	200.53440856933594	167.76055908203125	0.24264506995677948	2.9022754913680884e-05
28	756	-30.476470947265625	0.0	0.0	67.48880767822266	-30.47714614868164	196.73272705078125	163.85935974121094	0.2544601559638977	2.575000000000002e-05
29	783	-30.503204345703125	0.0	0.0	321.4344482421875	-30.517675399780273	202.592529296875	169.6875	0.24201542139053345	2.2615657125850715e-05
30	810	-30.584640502929688	0.0	0.0	48.46376037597656	-30.525100708007812	199.96389770507812	167.0960693359375	0.28876668214797974	1.9637254807992697e-05
31	837	-30.489049911499023	0.0	0.0	82.37984466552734	-30.535964965820312	195.99758911132812	163.0174560546875	0.2744670510292053	1.68314494803395e-05
32	864	-30.611858367919922	0.0	0.0	67.89982604980469	-30.58443260192871	196.71395874023438	163.78807067871094	0.27381396293640137	1.4213932344423597e-05
33	891	-30.499980926513672	0.0	0.0	38.75361251831055	-30.543148040771484	193.88327026367188	160.92437744140625	0.28647512197494507	1.1799341617832526e-05
34	918	-30.54773712158203	0.0	0.0	50.89261245727539	-30.560049057006836	191.2989501953125	158.35211181640625	0.3316417336463928	9.601180671358249e-06
35	945	-30.66208267211914	0.0	0.0	52.35179138183594	-30.610267639160156	192.31539916992188	159.2876739501953	0.30774903297424316	7.631742512670296e-06
36	972	-30.579763412475586	0.0	0.0	66.69926452636719	-30.61141586303711	192.8641357421875	159.85227966308594	0.3356974720954895	5.902041038830259e-06
37	999	-30.61244773864746	0.0	0.0	89.08859252929688	-30.615901947021484	190.99337768554688	157.9685516357422	0.3354869484901428	4.421749442111885e-06
38	1026	-30.667495727539062	0.0	0.0	35.2832145690918	-30.621837615966797	189.695556640625	156.69790649414062	0.30180829763412476	3.199146113586043e-06
39	1053	-30.71808624267578	0.0	0.0	87.73160552978516	-30.636520385742188	190.71380615234375	157.65643310546875	0.298989862203598	2.2410683469997316e-06
40	1080	-30.644071578979492	0.0	0.0	64.92559814453125	-30.64215850830078	188.47589111328125	155.39065551757812	0.2687482535839081	1.5528741018561385e-06
41	1107	-30.644155502319336	0.0	0.0	52.999996185302734	-30.643774032592773	189.5186004638672	156.44566345214844	0.3002660274505615	1.1384120395315836e-06
42	1134	-30.629018783569336	0.0	0.0	101.16322326660156	-30.651287078857422	188.54257202148438	155.48397827148438	0.30214303731918335	1e-06
# Best epoch: 36
