# epoch	step	nll	ecut	ecut_viol	grad_norm	val_nll	val_ecut	val_ecut_viol	val_ress_zx	LR
1	27	-8.462784767150879	0.0	0.0	51.047367095947266	-8.769536972045898	1660.978515625	1660.519287109375	0.0	1.0237143666892609e-05
2	54	-14.717296600341797	0.0	0.0	21.87053108215332	-15.024069786071777	1626.3880615234375	1624.5498046875	0.0	1.094763738225795e-05
3	81	-18.226430892944336	0.0	0.0	177.7200164794922	-18.45056915283203	1602.9749755859375	1598.776611328125	0.0	1.2128672994680007e-05
4	108	-20.87023162841797	0.0	0.0	124.2564468383789	-21.012065887451172	1594.732177734375	1588.484130859375	0.0	1.3775582585561007e-05
5	135	-23.100536346435547	0.0	0.0	131.5893096923828	-23.244640350341797	1592.28662109375	1584.5262451171875	0.0	1.588185691857728e-05
6	162	-25.5953369140625	0.0	0.0	115.68463897705078	-25.73274803161621	1606.3466796875	1595.702880859375	0.0	1.8439171166748666e-05
7	189	-28.154525756835938	0.0	0.0	147.11822509765625	-28.39241600036621	1625.801025390625	1610.15234375	0.0	2.143741781543827e-05
8	216	-30.23663902282715	0.0	0.0	162.335693359375	-30.347537994384766	1614.641357421875	1593.5374755859375	0.0	2.4864746611237527e-05
9	243	-31.7510986328125	0.0	0.0	170.56497192382812	-31.718420028686523	1572.240478515625	1547.52490234375	0.0	2.870761139884165e-05
10	270	-32.5826416015625	0.0	0.0	225.71131896972656	-32.66930389404297	1537.2568359375	1510.2318115234375	0.0	3.295082366079895e-05
11	297	-33.43641662597656	0.0	0.0	134.5261688232422	-33.405479431152344	1499.6416015625	1470.937744140625	0.0	3.7577612548522684e-05
12	324	-33.50383758544922	0.0	0.0	381.4399108886719	-33.774314880371094	1449.9912109375	1419.73974609375	0.0	4.256969116729994e-05
13	351	-34.69325637817383	0.0	0.0	209.3890380859375	-34.857627868652344	1402.296630859375	1370.62841796875	0.0003333333588670939	4.790732885331288e-05
14	378	-35.340511322021484	0.0	0.0	236.7299346923828	-35.21411895751953	1349.558837890625	1316.385986328125	0.0	5.356942915700472e-05
15	405	-35.59625244140625	0.0	0.0	306.0319519042969	-35.77197265625	1306.3603515625	1272.597900390625	0.0003333333588670939	5.953361322456993e-05
16	432	-35.839107513427734	0.0	0.0	305.8330993652344	-35.401363372802734	1295.94189453125	1261.68505859375	0.0	6.577630824801178e-05
17	459	-36.51445007324219	0.0	0.0	305.772705078125	-36.48316192626953	1282.6103515625	1248.2366943359375	0.0003333333588670939	7.227284063417776e-05
18	486	-36.900917053222656	0.0	0.0	365.91754150390625	-36.94284439086914	1273.161865234375	1237.9664306640625	0.001287264283746481	7.899753352453215e-05
19	513	-37.124629974365234	0.0	0.0	225.66555786132812	-37.051448822021484	1268.882080078125	1233.357421875	0.0018510955851525068	8.592380828022916e-05
20	540	-37.211692810058594	0.0	0.0	315.9499816894531	-36.99482727050781	1256.226318359375	1220.4564208984375	0.003052609972655773	9.302428953137767e-05
21	567	-37.078243255615234	0.0	0.0	339.2301940917969	-37.42538070678711	1255.4639892578125	1219.559326171875	0.0028534154407680035	0.00010027091337530103
22	594	-37.06114196777344	0.0	0.0	534.1583251953125	-37.30582809448242	1258.4853515625	1222.4676513671875	0.001772750518284738	0.00010763503829615015
23	621	-35.53080749511719	0.0	0.0	528.5302124023438	-36.377113342285156	1242.02099609375	1207.6513671875	0.0015805992297828197	0.00011508755836747201
24	648	-36.80768585205078	0.0	0.0	915.6009521484375	-36.358009338378906	1257.483154296875	1221.5009765625	0.001174837350845337	0.00012259901829031155
25	675	-36.543182373046875	0.0	0.0	780.7406005859375	-36.82174301147461	1260.991455078125	1225.508056640625	0.0022212439216673374	0.00013013972981217172
26	702	-37.32456970214844	0.0	0.0	415.1235656738281	-37.105751037597656	1258.018310546875	1222.6005859375	0.00261521409265697	0.00013767988906669806
27	729	-37.733482360839844	0.0	0.0	414.18292236328125	-38.030174255371094	1244.506591796875	1208.147216796875	0.007408450357615948	0.0001451896943703143
28	756	-37.47113800048828	0.0	0.0	384.038818359375	-37.27083969116211	1230.0565185546875	1194.3641357421875	0.00306188827380538	0.00015263946401023132
29	783	-37.4307861328125	0.0	0.0	190.94175720214844	-37.321617126464844	1242.9151611328125	1207.751708984375	0.0021834601648151875	0.00015999975355828383
30	810	-36.43800354003906	0.0	0.0	428.8672180175781	-37.43609619140625	1194.6995849609375	1159.4359130859375	0.003262661164626479	0.00016724147224692488
31	837	-36.640045166015625	0.0	0.0	592.015869140625	-35.615440368652344	1218.68212890625	1185.255615234375	0.0016807815991342068	0.00017433599794741407
32	864	-37.17524719238281	0.0	0.0	440.25164794921875	-37.20961380004883	1203.170166015625	1168.6746826171875	0.003726240247488022	0.00018125529029576
33	891	-37.989051818847656	0.0	0.0	293.2131652832031	-37.11568832397461	1148.056640625	1112.052001953125	0.002996458439156413	0.00018797200151929956
34	918	-37.576904296875	0.0	0.0	664.3417358398438	-37.72408676147461	1134.5654296875	1099.44677734375	0.0037070149555802345	0.00019445958452588268
35	945	-37.11473083496094	0.0	0.0	335.2679138183594	-37.87592697143555	1149.3720703125	1113.2901611328125	0.0034137244801968336	0.00020069239782845172
36	972	-37.21619415283203	0.0	0.0	226.68191528320312	-37.128562927246094	1147.1983642578125	1112.74853515625	0.005416823085397482	0.00020664580689031296
37	999	-38.139671325683594	0.0	0.0	469.0023193359375	-38.56679916381836	1075.6962890625	1039.25244140625	0.0038471785373985767	0.00021229628149054233
38	1026	-36.27552795410156	0.0	0.0	437.3517150878906	-37.30432891845703	1113.3994140625	1079.551025390625	0.0028979554772377014	0.0002176214887247001
39	1053	-37.23920440673828	0.0	0.0	327.440185546875	-37.473915100097656	1083.6591796875	1048.74169921875	0.0037150918506085873	0.0002226003812732785
40	1080	-37.80354309082031	0.0	0.0	425.86871337890625	-38.37439727783203	1064.08837890625	1028.581787109375	0.00579803716391325	0.00022721328058901023
41	1107	-39.31621551513672	0.0	0.0	100.07343292236328	-36.843055725097656	1034.3309326171875	997.1495971679688	0.007309168577194214	0.0002314419546742497
42	1134	-37.05034255981445	0.0	0.0	479.9381103515625	-36.43232345581055	1061.7664794921875	1028.33056640625	0.0020386173855513334	0.0002352696901410191
43	1161	-37.01784133911133	0.0	0.0	420.9406433105469	-37.17209243774414	1014.4241943359375	980.4305419921875	0.0023473442997783422	0.00023868135826891025
44	1188	-38.70873260498047	0.0	0.0	236.48435974121094	-38.67472839355469	981.5877685546875	945.57177734375	0.003653543768450618	0.0002416634747997555
45	1215	-38.85332107543945	0.0	0.0	163.5666961669922	-38.33811950683594	954.0033569335938	917.2906494140625	0.008154370822012424	0.0002442042532327343
46	1242	-38.61697006225586	0.0	0.0	157.75535583496094	-38.8497314453125	982.0479736328125	945.8406982421875	0.009527469985187054	0.0002462936514092741
47	1269	-39.62287902832031	0.0	0.0	148.83250427246094	-39.260719299316406	876.382080078125	839.3331909179688	0.010385309346020222	0.0002479234112036218
48	1296	-39.721397399902344	0.0	0.0	331.68060302734375	-39.81459045410156	844.574951171875	806.5390625	0.015135062858462334	0.0002490870911622143
49	1323	-38.34294891357422	0.0	0.0	306.0238037109375	-38.428688049316406	894.2210693359375	857.9486694335938	0.004277600906789303	0.00024978009196284376
50	1350	-38.81700897216797	0.0	0.0	279.5581359863281	-39.118080139160156	824.0106201171875	787.7655029296875	0.007514422759413719	0.0002499999097430048
51	1377	-38.80511474609375	0.0	0.0	206.66648864746094	-38.097999572753906	803.5823974609375	766.4935302734375	0.0077073900029063225	0.0002499292496279845
52	1404	-39.727291107177734	0.0	0.0	196.4274444580078	-40.137168884277344	729.3353881835938	690.4034423828125	0.02384471893310547	0.00024972713814798653
53	1431	-39.224403381347656	0.0	0.0	209.25515747070312	-39.8955078125	766.2560424804688	729.1483154296875	0.01883862540125847	0.0002493939298752249
54	1458	-38.68556594848633	0.0	0.0	200.6182861328125	-38.96894836425781	792.067138671875	756.1351318359375	0.007898233830928802	0.0002489302093702348
55	1485	-38.26669692993164	0.0	0.0	511.7066650390625	-38.99417495727539	752.5914306640625	714.6773681640625	0.00814267061650753	0.0002483367901563554
56	1512	-39.57514190673828	0.0	0.0	304.5655212402344	-39.20042419433594	734.061279296875	695.11767578125	0.0073508163914084435	0.000247614713292533
57	1539	-39.500274658203125	0.0	0.0	282.39910888671875	-39.67596435546875	726.037353515625	687.7262573242188	0.008899901993572712	0.0002467652455469501
58	1566	-38.52980041503906	0.0	0.0	161.55755615234375	-38.907814025878906	825.4572143554688	788.8489990234375	0.007679629139602184	0.0002457898771746836
59	1593	-40.254615783691406	0.0	0.0	334.7442932128906	-39.96137619018555	696.4036865234375	657.0697021484375	0.014669450931251049	0.0002446903193032908
60	1620	-39.96744918823242	0.0	0.0	337.0322265625	-39.722293853759766	689.0218505859375	649.3184814453125	0.01657118648290634	0.00024346850093091035
61	1647	-40.226558685302734	0.0	0.0	268.6360778808594	-39.993614196777344	671.1530151367188	631.891357421875	0.02199915423989296	0.00024212656554214415
62	1674	-39.773372650146484	0.0	0.0	222.78778076171875	-40.004478454589844	671.75	631.8828125	0.02285045012831688	0.0002406668673476568
63	1701	-39.72650909423828	0.0	0.0	398.3586120605469	-38.4161491394043	671.114501953125	631.8701171875	0.005596385803073645	0.00023909196715409025
64	1728	-39.457923889160156	0.0	0.0	202.9696502685547	-39.822021484375	781.4376831054688	741.85791015625	0.012301435694098473	0.0002374046278715386
65	1755	-40.67182540893555	0.0	0.0	318.2899475097656	-40.8560791015625	636.3104858398438	596.1177368164062	0.04645171016454697	0.0002356078096664652
66	1782	-40.03232192993164	0.0	0.0	235.1708984375	-40.07353973388672	626.5177001953125	585.5677490234375	0.021953165531158447	0.0002337046647685648
67	1809	-40.32126998901367	0.0	0.0	169.540283203125	-40.34122848510742	617.0946655273438	576.8358764648438	0.03476119786500931	0.00023169853194068108
68	1836	-40.29986572265625	0.0	0.0	150.7386474609375	-40.46589279174805	636.6962890625	597.211669921875	0.029909763485193253	0.0002295929306214829
69	1863	-40.309593200683594	0.0	0.0	614.5325317382812	-40.22208786010742	613.5054931640625	573.6058349609375	0.010166664607822895	0.0002273915547511721
70	1890	-40.69007110595703	0.0	0.0	154.11386108398438	-40.62493896484375	574.9072265625	534.2413330078125	0.03112923912703991	0.00022509826629105785
71	1917	-40.40612030029297	0.0	0.0	257.268798828125	-40.25689697265625	584.6658935546875	543.239990234375	0.026850931346416473	0.0002227170884483638
72	1944	-40.39980697631836	0.0	0.0	262.16595458984375	-40.95647048950195	584.0836181640625	543.175537109375	0.02823290228843689	0.0002202521986181557
73	1971	-40.908870697021484	0.0	0.0	289.2761535644531	-40.831809997558594	558.5192260742188	517.579833984375	0.027143046259880066	0.00021770792105477095
74	1998	-40.8621826171875	0.0	0.0	96.3253173828125	-40.90062713623047	560.9073486328125	519.8759765625	0.046810369938611984	0.00021508871928560704
75	2025	-40.92206954956055	0.0	0.0	96.08824157714844	-40.71422576904297	564.6043090820312	524.0294799804688	0.033790428191423416	0.00021239918828057787
76	2052	-41.242340087890625	0.0	0.0	123.74765014648438	-41.20448684692383	546.628173828125	504.92431640625	0.06813862919807434	0.00020964404639097492
77	2079	-40.600975036621094	0.0	0.0	126.85282135009766	-40.89020538330078	578.95458984375	538.282958984375	0.04918595403432846	0.00020682812707187618
78	2106	-41.00334167480469	0.0	0.0	352.6016540527344	-40.96684265136719	529.3809814453125	487.2728271484375	0.053587209433317184	0.0002039563704026231
79	2133	-41.14956283569336	0.0	0.0	139.8557586669922	-41.063201904296875	513.379638671875	471.1436462402344	0.03592362627387047	0.00020103381442024303
80	2160	-40.901329040527344	0.0	0.0	340.70062255859375	-41.27840805053711	490.6194763183594	448.18170166015625	0.03944952040910721	0.0001980655862810203
81	2187	-41.208953857421875	0.0	0.0	132.54844665527344	-41.34718322753906	497.96649169921875	456.13330078125	0.07102936506271362	0.00019505689326572176
82	2214	-41.25475311279297	0.0	0.0	162.88223266601562	-41.19171142578125	492.02001953125	449.47283935546875	0.058363597840070724	0.00019201301364425705
83	2241	-41.128150939941406	0.0	0.0	188.5540008544922	-41.1536865234375	505.0252380371094	462.6453552246094	0.07934057712554932	0.0001889392874157994
84	2268	-41.1104736328125	0.0	0.0	151.21658325195312	-41.18219757080078	487.640625	445.7508239746094	0.06750371307134628	0.00018584110694061274
85	2295	-40.381317138671875	0.0	0.0	218.15499877929688	-40.7325439453125	466.0325622558594	424.4161376953125	0.03778873756527901	0.00018272390748001933
86	2322	-41.25895309448242	0.0	0.0	112.77698516845703	-41.36269760131836	503.67694091796875	461.66839599609375	0.07787381112575531	0.00017959315766110463
87	2349	-41.480224609375	0.0	0.0	166.529052734375	-41.01600646972656	452.9720153808594	410.4867858886719	0.05408916994929314	0.00017645434988288684
88	2376	-40.936336517333984	0.0	0.0	474.2742919921875	-41.0174560546875	464.99920654296875	422.4031677246094	0.04786641150712967	0.00017331299068078308
89	2403	-41.310821533203125	0.0	0.0	136.8007049560547	-41.51922607421875	444.01641845703125	401.65447998046875	0.06940846890211105	0.00017017459106627485
90	2430	-41.582115173339844	0.0	0.0	111.93950653076172	-41.50868606567383	460.70147705078125	417.7928466796875	0.060377150774002075	0.00016704465685872134
91	2457	-41.534080505371094	0.0	0.0	181.98338317871094	-41.5903205871582	470.35723876953125	427.54095458984375	0.10814177989959717	0.0001639286790262814
92	2484	-41.748695373535156	0.0	0.0	158.36228942871094	-41.70337677001953	440.7172546386719	397.74273681640625	0.09489288181066513	0.0001608321240528895
93	2511	-41.703636169433594	0.0	0.0	149.25765991210938	-41.63140106201172	444.6802978515625	401.6798095703125	0.10955475270748138	0.00015776042434818542
94	2538	-41.68412780761719	0.0	0.0	131.23333740234375	-41.76127624511719	433.28680419921875	390.1481628417969	0.09937475621700287	0.00015471896871722181
95	2565	-41.54043960571289	0.0	0.0	271.5110778808594	-41.523963928222656	460.60968017578125	417.786376953125	0.07079888135194778	0.00015171309290666892
96	2592	-41.56926727294922	0.0	0.0	98.8543701171875	-41.794883728027344	448.5820007324219	405.8352966308594	0.11168859899044037	0.00014874807024410196
97	2619	-41.46528244018555	0.0	0.0	178.9640655517578	-41.45835876464844	439.0960388183594	396.2912292480469	0.06674526631832123	0.00014582910238679245
98	2646	-41.738494873046875	0.0	0.0	112.51649475097656	-41.75988006591797	427.0215759277344	384.28753662109375	0.09966014325618744	0.0001429613101962342
99	2673	-41.30564880371094	0.0	0.0	160.40286254882812	-41.43315124511719	435.16943359375	392.1207275390625	0.0647059828042984	0.00014014972475441165
100	2700	-41.48846435546875	0.0	0.0	330.2662353515625	-41.47977828979492	430.48089599609375	387.9808044433594	0.07984113693237305	0.000137399278537573
101	2727	-41.85691452026367	0.0	0.0	122.09587860107422	-41.89241409301758	412.6976318359375	369.52740478515625	0.09567397832870483	0.00013471479676299046
102	2754	-41.77818298339844	0.0	0.0	77.6508560180664	-41.86277770996094	418.8764343261719	375.5916442871094	0.09844624251127243	0.00013210098892388962
103	2781	-41.83543395996094	0.0	0.0	195.6035919189453	-41.71150207519531	420.5889587402344	377.3857116699219	0.09220503270626068	0.00012956244052739826
104	2808	-41.79195785522461	0.0	0.0	174.6759490966797	-41.83609390258789	395.270751953125	351.9688720703125	0.11850177496671677	0.00012710360505000827
105	2835	-41.9534912109375	0.0	0.0	169.73780822753906	-41.92377853393555	392.0164489746094	348.6691589355469	0.12293700873851776	0.00012472879612466492
106	2862	-41.858943939208984	0.0	0.0	187.16244506835938	-41.842506408691406	399.794921875	356.180908203125	0.07360638678073883	0.00012244217997318878
107	2889	-41.984867095947266	0.0	0.0	114.05779266357422	-41.83884811401367	400.6383056640625	357.04949951171875	0.06422802060842514	0.00012024776809730691
108	2916	-41.77021789550781	0.0	0.0	163.77662658691406	-41.76097869873047	384.2857666015625	340.7369384765625	0.05214105173945427	0.00011814941024111579
109	2943	-41.8536376953125	0.0	0.0	95.00862121582031	-41.91725158691406	390.3143005371094	346.529296875	0.13416960835456848	0.00011615078763732197
110	2970	-41.86228942871094	0.0	0.0	169.72235107421875	-41.86743927001953	394.36553955078125	350.8582458496094	0.10916423797607422	0.000114255406549109
111	2997	-41.95148849487305	0.0	0.0	114.54400634765625	-42.01081466674805	391.367919921875	347.6885986328125	0.1595153957605362	0.00011246659211896043
112	3024	-41.960655212402344	0.0	0.0	209.09066772460938	-41.959659576416016	377.20611572265625	333.39508056640625	0.14063715934753418	0.00011078748253523003
113	3051	-42.031002044677734	0.0	0.0	103.0513916015625	-42.028873443603516	375.40325927734375	331.6544189453125	0.15272514522075653	0.00010922102352669286
114	3078	-42.048377990722656	0.0	0.0	112.49005889892578	-41.96628952026367	386.61029052734375	342.86151123046875	0.08308134973049164	0.00010776996319473627
115	3105	-42.03999328613281	0.0	0.0	161.2413330078125	-42.00524139404297	372.216796875	328.79522705078125	0.13142137229442596	0.00010643684719225612
116	3132	-42.086021423339844	0.0	0.0	97.61185455322266	-42.15129852294922	375.40325927734375	331.4105224609375	0.11578460782766342	0.00010522401425771664
117	3159	-41.99573516845703	0.0	0.0	164.92079162597656	-41.90088653564453	361.9486083984375	317.9244384765625	0.0804164931178093	0.0001041335921122084
118	3186	-42.03532028198242	0.0	0.0	206.78927612304688	-42.0523567199707	376.2605895996094	332.43719482421875	0.11426115036010742	0.00010316749372670254
119	3213	-42.18198776245117	0.0	0.0	132.7859649658203	-42.13243865966797	358.95849609375	314.8968200683594	0.12694230675697327	0.0001023274139660497
120	3240	-41.855648040771484	0.0	0.0	218.30142211914062	-41.96088409423828	369.0499267578125	325.2821044921875	0.12467841804027557	0.00010161482661561108
121	3267	-42.170249938964844	0.0	0.0	136.4176788330078	-42.10215759277344	366.12506103515625	322.1925048828125	0.1739601194858551	0.00010103098179573815
122	3294	-41.96699523925781	0.0	0.0	170.037353515625	-42.07905197143555	369.0242919921875	325.18487548828125	0.14954392611980438	0.00010057690376863677
123	3321	-41.94007110595703	0.0	0.0	270.387939453125	-41.85492706298828	367.03173828125	322.65911865234375	0.1462203711271286	0.00010025338914146325
124	3348	-42.100868225097656	0.0	0.0	127.91766357421875	-42.02054977416992	361.96258544921875	317.9680480957031	0.13768796622753143	0.00010006100546880462
125	3375	-42.15251159667969	0.0	0.0	110.27835845947266	-42.024078369140625	350.2427978515625	306.1375427246094	0.07842125743627548	0.00010000009025699517
# Best epoch: 121
