# epoch	step	nll	ecut	ecut_viol	grad_norm	val_nll	val_ecut	val_ecut_viol	val_ress_zx	LR
1	27	-4.70143985748291	0.0	0.0	31.037485122680664	-4.828181266784668	1612.615234375	1612.0662841796875	0.0	1.0237143666892609e-05
2	54	-7.536315441131592	0.0	0.0	10.93406867980957	-7.657489776611328	1559.5654296875	1557.882568359375	0.0	1.094763738225795e-05
3	81	-9.67514419555664	0.0	0.0	9.412532806396484	-9.705639839172363	1534.214111328125	1531.107177734375	0.0	1.2128672994680007e-05
4	108	-12.194278717041016	0.0	0.0	22.187618255615234	-12.048686981201172	1534.508056640625	1529.6502685546875	0.0	1.3775582585561007e-05
5	135	-14.364652633666992	0.0	0.0	64.8177261352539	-14.522387504577637	1540.075927734375	1532.378662109375	0.0	1.588185691857728e-05
6	162	-16.59727668762207	0.0	0.0	22.32084846496582	-16.686460494995117	1526.1107177734375	1514.7083740234375	0.0	1.8439171166748666e-05
7	189	-18.30980110168457	0.0	0.0	41.38654708862305	-18.425458908081055	1471.356201171875	1456.912841796875	0.0	2.143741781543827e-05
8	216	-19.582015991210938	0.0	0.0	52.606109619140625	-19.690460205078125	1409.001953125	1392.261962890625	0.0	2.4864746611237527e-05
9	243	-21.046607971191406	0.0	0.0	49.94053649902344	-20.93438720703125	1340.639404296875	1321.8052978515625	0.0	2.870761139884165e-05
10	270	-22.116504669189453	0.0	0.0	86.68431091308594	-21.988698959350586	1257.346923828125	1236.89501953125	0.0	3.295082366079895e-05
11	297	-22.947162628173828	0.0	0.0	95.50236511230469	-22.945068359375	1187.8563232421875	1165.99755859375	0.0007647238671779633	3.7577612548522684e-05
12	324	-23.543813705444336	0.0	0.0	68.10462951660156	-23.690038681030273	1125.338623046875	1102.30126953125	0.0013073039008304477	4.256969116729994e-05
13	351	-24.41010284423828	0.0	0.0	113.88288879394531	-24.351484298706055	1080.728515625	1056.4610595703125	0.0017987213796004653	4.790732885331288e-05
14	378	-24.84792137145996	0.0	0.0	121.98524475097656	-24.751127243041992	1048.4412841796875	1023.897216796875	0.002156639937311411	5.356942915700472e-05
15	405	-25.135765075683594	0.0	0.0	125.25274658203125	-25.009368896484375	1024.585693359375	999.4661865234375	0.002296656370162964	5.953361322456993e-05
16	432	-25.503433227539062	0.0	0.0	291.9656066894531	-25.21460723876953	1019.5226440429688	993.774658203125	0.003234914969652891	6.577630824801178e-05
17	459	-25.55455780029297	0.0	0.0	121.06366729736328	-25.66865348815918	984.4537353515625	958.6278076171875	0.004121602047234774	7.227284063417776e-05
18	486	-25.81644058227539	0.0	0.0	199.6244354248047	-25.779983520507812	945.2042846679688	919.6871337890625	0.005551347509026527	7.899753352453215e-05
19	513	-26.02645492553711	0.0	0.0	186.0640411376953	-26.062963485717773	906.6708984375	880.2369995117188	0.0060393791645765305	8.592380828022916e-05
20	540	-26.051921844482422	0.0	0.0	126.05200958251953	-26.14598846435547	880.52734375	854.3146362304688	0.004516915418207645	9.302428953137767e-05
21	567	-26.251419067382812	0.0	0.0	146.4417266845703	-26.1702938079834	862.3089599609375	836.411376953125	0.0059630004689097404	0.00010027091337530103
22	594	-25.62665557861328	0.0	0.0	230.750244140625	-25.962858200073242	824.2669677734375	798.2396850585938	0.0036530294455587864	0.00010763503829615015
23	621	-26.38960838317871	0.0	0.0	251.1047821044922	-26.395299911499023	817.25	790.6134033203125	0.008362560532987118	0.00011508755836747201
24	648	-25.985992431640625	0.0	0.0	171.68255615234375	-26.389570236206055	823.4632568359375	797.7418823242188	0.005821169354021549	0.00012259901829031155
25	675	-26.26101303100586	0.0	0.0	315.5226135253906	-26.125646591186523	778.4191284179688	751.4560546875	0.006832645740360022	0.00013013972981217172
26	702	-26.649580001831055	0.0	0.0	236.0249786376953	-26.747493743896484	722.06591796875	694.880615234375	0.011767490766942501	0.00013767988906669806
27	729	-26.471303939819336	0.0	0.0	238.80459594726562	-26.68990707397461	737.75048828125	711.5006713867188	0.011869527399539948	0.0001451896943703143
28	756	-26.493946075439453	0.0	0.0	177.20565795898438	-26.934181213378906	706.765625	679.3190307617188	0.0158543698489666	0.00015263946401023132
29	783	-26.44487762451172	0.0	0.0	250.3509979248047	-26.38262176513672	709.509033203125	681.91259765625	0.004728733561933041	0.00015999975355828383
30	810	-26.638586044311523	0.0	0.0	292.7403259277344	-26.221601486206055	700.3844604492188	672.9059448242188	0.011173836886882782	0.00016724147224692488
31	837	-26.867673873901367	0.0	0.0	176.769287109375	-26.8321533203125	709.3781127929688	682.1143188476562	0.012723781168460846	0.00017433599794741407
32	864	-27.882915496826172	0.0	0.0	142.4468994140625	-27.780033111572266	651.4320678710938	623.062744140625	0.028410812839865685	0.00018125529029576
33	891	-26.838529586791992	0.0	0.0	226.26821899414062	-26.96956443786621	659.1768798828125	631.4324951171875	0.009251374751329422	0.00018797200151929956
34	918	-27.206462860107422	0.0	0.0	119.957275390625	-26.9414119720459	666.239990234375	639.17236328125	0.014626635238528252	0.00019445958452588268
35	945	-26.98235321044922	0.0	0.0	215.31405639648438	-27.253494262695312	663.3471069335938	636.0301513671875	0.0131292175501585	0.00020069239782845172
36	972	-25.5996150970459	0.0	0.0	332.3379821777344	-26.324087142944336	661.1015014648438	634.098388671875	0.010709695518016815	0.00020664580689031296
37	999	-27.138614654541016	0.0	0.0	218.92713928222656	-27.02376937866211	669.6400756835938	642.333740234375	0.010315659455955029	0.00021229628149054233
38	1026	-27.52893829345703	0.0	0.0	114.24085235595703	-27.263946533203125	622.1051025390625	593.4369506835938	0.010490499436855316	0.0002176214887247001
39	1053	-28.058773040771484	0.0	0.0	120.3898696899414	-27.331806182861328	626.8978271484375	598.9071044921875	0.019465448334813118	0.0002226003812732785
40	1080	-27.535736083984375	0.0	0.0	86.2005844116211	-27.53285789489746	634.1580810546875	607.033203125	0.01847968064248562	0.00022721328058901023
41	1107	-27.872617721557617	0.0	0.0	141.67233276367188	-27.215200424194336	609.2538452148438	581.0587158203125	0.016308745369315147	0.0002314419546742497
42	1134	-27.47242546081543	0.0	0.0	216.2692413330078	-26.894180297851562	619.5093994140625	591.5574951171875	0.013469072990119457	0.0002352696901410191
43	1161	-27.451202392578125	0.0	0.0	102.33106231689453	-27.395652770996094	632.5736083984375	604.7453002929688	0.024052780121564865	0.00023868135826891025
44	1188	-26.56740379333496	0.0	0.0	282.593505859375	-27.202198028564453	651.059814453125	624.236572265625	0.011339940130710602	0.0002416634747997555
45	1215	-27.885845184326172	0.0	0.0	141.1959991455078	-27.808752059936523	630.2931518554688	602.645263671875	0.014858005568385124	0.0002442042532327343
46	1242	-28.01836395263672	0.0	0.0	232.47511291503906	-27.496597290039062	604.0567626953125	575.173828125	0.017889147624373436	0.0002462936514092741
47	1269	-27.685636520385742	0.0	0.0	294.8876647949219	-27.616085052490234	592.054443359375	563.3564453125	0.017747726291418076	0.0002479234112036218
48	1296	-28.429569244384766	0.0	0.0	107.24762725830078	-28.033092498779297	570.5159912109375	541.2205200195312	0.03744267672300339	0.0002490870911622143
49	1323	-28.17781639099121	0.0	0.0	154.97361755371094	-28.09084129333496	590.8722534179688	562.0128173828125	0.037880316376686096	0.00024978009196284376
50	1350	-27.16283416748047	0.0	0.0	100.49667358398438	-27.630016326904297	622.4994506835938	594.8475341796875	0.008665628731250763	0.0002499999097430048
51	1377	-28.47572898864746	0.0	0.0	106.65074157714844	-27.94281578063965	570.7964477539062	541.495361328125	0.015216432511806488	0.0002499292496279845
52	1404	-28.179248809814453	0.0	0.0	182.86741638183594	-27.85365867614746	602.3197631835938	574.2902221679688	0.020076502114534378	0.00024972713814798653
53	1431	-27.69619369506836	0.0	0.0	114.98987579345703	-27.881023406982422	572.7782592773438	544.7037353515625	0.031859129667282104	0.0002493939298752249
54	1458	-28.274612426757812	0.0	0.0	193.0648956298828	-28.249996185302734	580.5157470703125	551.4044189453125	0.028604552149772644	0.0002489302093702348
55	1485	-28.301162719726562	0.0	0.0	125.24250030517578	-28.355754852294922	571.6066284179688	542.662841796875	0.02928885631263256	0.0002483367901563554
56	1512	-27.89203453063965	0.0	0.0	170.20530700683594	-28.315837860107422	541.8392944335938	512.7783203125	0.034331344068050385	0.000247614713292533
57	1539	-28.349163055419922	0.0	0.0	222.69686889648438	-28.071165084838867	547.1016845703125	518.1480712890625	0.020601797848939896	0.0002467652455469501
58	1566	-28.42867660522461	0.0	0.0	94.07606506347656	-27.876323699951172	515.268310546875	485.23443603515625	0.016050804406404495	0.0002457898771746836
59	1593	-28.55415153503418	0.0	0.0	129.69461059570312	-28.54311180114746	519.1246948242188	489.37689208984375	0.041726693511009216	0.0002446903193032908
60	1620	-27.54627799987793	0.0	0.0	256.2773742675781	-27.654163360595703	560.7127685546875	532.680908203125	0.017168423160910606	0.00024346850093091035
61	1647	-28.442731857299805	0.0	0.0	199.8075408935547	-28.338455200195312	540.9402465820312	511.834716796875	0.04495648667216301	0.00024212656554214415
62	1674	-28.506885528564453	0.0	0.0	111.3685531616211	-28.17263412475586	524.3299560546875	495.44036865234375	0.021540775895118713	0.0002406668673476568
63	1701	-28.591167449951172	0.0	0.0	99.17314910888672	-28.73041534423828	493.2466735839844	464.1473083496094	0.03949268162250519	0.00023909196715409025
64	1728	-28.73976707458496	0.0	0.0	157.20167541503906	-28.658803939819336	482.5439453125	452.94451904296875	0.047331552952528	0.0002374046278715386
65	1755	-28.479129791259766	0.0	0.0	77.41727447509766	-28.411514282226562	522.6748046875	494.0313720703125	0.03719474747776985	0.0002356078096664652
66	1782	-28.641586303710938	0.0	0.0	90.66422271728516	-28.519086837768555	476.73394775390625	447.345947265625	0.05300270766019821	0.0002337046647685648
67	1809	-28.463626861572266	0.0	0.0	133.269775390625	-28.42243003845215	492.74847412109375	462.8234558105469	0.04143352434039116	0.00023169853194068108
68	1836	-28.016050338745117	0.0	0.0	78.01931762695312	-28.313323974609375	478.49176025390625	449.305419921875	0.04586627334356308	0.0002295929306214829
69	1863	-28.766286849975586	0.0	0.0	66.55301666259766	-28.843351364135742	432.980224609375	403.341552734375	0.05503080412745476	0.0002273915547511721
70	1890	-28.550853729248047	0.0	0.0	138.67965698242188	-28.707998275756836	471.64324951171875	441.956298828125	0.06300201267004013	0.00022509826629105785
71	1917	-28.698928833007812	0.0	0.0	189.0644989013672	-28.746334075927734	411.65887451171875	381.379150390625	0.030520126223564148	0.0002227170884483638
72	1944	-28.571226119995117	0.0	0.0	126.1752700805664	-28.919292449951172	433.2610778808594	403.60589599609375	0.0640827864408493	0.0002202521986181557
73	1971	-29.004043579101562	0.0	0.0	119.79721069335938	-29.0838623046875	398.8216247558594	368.6937255859375	0.042820364236831665	0.00021770792105477095
74	1998	-29.005001068115234	0.0	0.0	75.27668762207031	-29.206634521484375	377.5491943359375	347.28857421875	0.07062721252441406	0.00021508871928560704
75	2025	-29.001768112182617	0.0	0.0	64.84616088867188	-28.856380462646484	394.0733337402344	364.16986083984375	0.052633531391620636	0.00021239918828057787
76	2052	-29.16351318359375	0.0	0.0	136.62875366210938	-29.09520721435547	372.39935302734375	341.8212890625	0.05697287246584892	0.00020964404639097492
77	2079	-29.160354614257812	0.0	0.0	136.05258178710938	-29.119773864746094	367.44635009765625	336.72149658203125	0.03656741604208946	0.00020682812707187618
78	2106	-29.21755027770996	0.0	0.0	122.2977294921875	-29.090728759765625	371.1020202636719	340.12652587890625	0.052118465304374695	0.0002039563704026231
79	2133	-29.02041244506836	0.0	0.0	107.29946899414062	-29.12841033935547	361.71551513671875	331.0397644042969	0.06629811972379684	0.00020103381442024303
80	2160	-29.141929626464844	0.0	0.0	137.27769470214844	-28.992778778076172	374.49041748046875	343.9794921875	0.08955532312393188	0.0001980655862810203
81	2187	-29.350393295288086	0.0	0.0	129.33531188964844	-29.190587997436523	359.64349365234375	328.6728820800781	0.06954322010278702	0.00019505689326572176
82	2214	-29.432342529296875	0.0	0.0	82.94654846191406	-29.30862045288086	334.1573181152344	303.2052917480469	0.08695768564939499	0.00019201301364425705
83	2241	-29.355178833007812	0.0	0.0	132.61959838867188	-29.318157196044922	338.58758544921875	307.60760498046875	0.06993972510099411	0.0001889392874157994
84	2268	-29.492835998535156	0.0	0.0	46.817901611328125	-29.225309371948242	326.4350280761719	295.1399841308594	0.040327440947294235	0.00018584110694061274
85	2295	-29.266246795654297	0.0	0.0	113.05448913574219	-29.18294334411621	331.2908630371094	300.54718017578125	0.05591842532157898	0.00018272390748001933
86	2322	-29.070791244506836	0.0	0.0	219.84361267089844	-29.238525390625	317.4166259765625	286.10296630859375	0.0685797929763794	0.00017959315766110463
87	2349	-29.428916931152344	0.0	0.0	184.4791717529297	-29.295101165771484	322.2619934082031	290.95928955078125	0.06622608006000519	0.00017645434988288684
88	2376	-29.534408569335938	0.0	0.0	79.72044372558594	-29.529830932617188	310.0152282714844	278.71875	0.06665487587451935	0.00017331299068078308
89	2403	-29.494693756103516	0.0	0.0	87.66992950439453	-29.52264404296875	301.792724609375	270.5546569824219	0.09461339563131332	0.00017017459106627485
90	2430	-29.29438018798828	0.0	0.0	139.45254516601562	-29.385122299194336	332.83636474609375	301.84808349609375	0.07652513682842255	0.00016704465685872134
91	2457	-29.39015007019043	0.0	0.0	151.68310546875	-29.380146026611328	306.7020263671875	275.24615478515625	0.12114867568016052	0.0001639286790262814
92	2484	-29.489910125732422	0.0	0.0	124.45753479003906	-29.548179626464844	302.62664794921875	271.0995788574219	0.07494469732046127	0.0001608321240528895
93	2511	-29.329374313354492	0.0	0.0	110.30950927734375	-29.53022575378418	290.1202697753906	258.8126525878906	0.08399224281311035	0.00015776042434818542
94	2538	-29.505168914794922	0.0	0.0	118.9658432006836	-29.382282257080078	305.885986328125	274.6659851074219	0.07698351889848709	0.00015471896871722181
95	2565	-29.549001693725586	0.0	0.0	89.1465835571289	-29.47674560546875	292.8675537109375	261.3287353515625	0.1131523847579956	0.00015171309290666892
96	2592	-29.635894775390625	0.0	0.0	187.6406707763672	-29.593181610107422	283.52618408203125	252.140625	0.11637111753225327	0.00014874807024410196
97	2619	-29.873580932617188	0.0	0.0	59.33402633666992	-29.702999114990234	276.6455078125	245.10128784179688	0.06788650155067444	0.00014582910238679245
98	2646	-29.675716400146484	0.0	0.0	78.77690887451172	-29.76962661743164	275.0162353515625	243.21786499023438	0.11117672920227051	0.0001429613101962342
99	2673	-29.816089630126953	0.0	0.0	77.41606140136719	-29.754531860351562	282.13482666015625	250.41629028320312	0.1258053183555603	0.00014014972475441165
100	2700	-29.781156539916992	0.0	0.0	103.21415710449219	-29.719993591308594	271.6417541503906	239.9054412841797	0.11682023853063583	0.000137399278537573
101	2727	-29.785980224609375	0.0	0.0	73.40385437011719	-29.630142211914062	258.6663513183594	226.6978759765625	0.06908981502056122	0.00013471479676299046
102	2754	-29.851089477539062	0.0	0.0	120.50763702392578	-29.71620750427246	264.7570495605469	232.96153259277344	0.08450334519147873	0.00013210098892388962
103	2781	-29.73634147644043	0.0	0.0	87.74269104003906	-29.683879852294922	259.9374694824219	228.3119354248047	0.10927173495292664	0.00012956244052739826
104	2808	-29.77413558959961	0.0	0.0	161.49545288085938	-29.635723114013672	267.9639892578125	236.16302490234375	0.12416251003742218	0.00012710360505000827
105	2835	-29.73029327392578	0.0	0.0	113.92500305175781	-29.727994918823242	260.9106140136719	229.09495544433594	0.07365807890892029	0.00012472879612466492
106	2862	-29.765708923339844	0.0	0.0	75.75979614257812	-29.802841186523438	267.6837158203125	235.88363647460938	0.10550468415021896	0.00012244217997318878
107	2889	-29.649093627929688	0.0	0.0	150.21656799316406	-29.648357391357422	263.06744384765625	231.29931640625	0.12725719809532166	0.00012024776809730691
108	2916	-29.662710189819336	0.0	0.0	96.71177673339844	-29.72397232055664	261.05084228515625	229.6852264404297	0.04591282457113266	0.00011814941024111579
109	2943	-29.800579071044922	0.0	0.0	202.823974609375	-29.794139862060547	250.1564178466797	218.35345458984375	0.11091574281454086	0.00011615078763732197
110	2970	-29.863426208496094	0.0	0.0	96.67443084716797	-29.805435180664062	248.68356323242188	216.66038513183594	0.13846829533576965	0.000114255406549109
111	2997	-29.778038024902344	0.0	0.0	97.53311920166016	-29.712600708007812	250.0484619140625	218.0550994873047	0.061422012746334076	0.00011246659211896043
112	3024	-29.772048950195312	0.0	0.0	116.07024383544922	-29.817623138427734	247.27984619140625	215.54330444335938	0.13503222167491913	0.00011078748253523003
113	3051	-29.963605880737305	0.0	0.0	60.64374923706055	-29.8516902923584	254.03744506835938	222.06431579589844	0.13558530807495117	0.00010922102352669286
114	3078	-29.598373413085938	0.0	0.0	115.50601196289062	-29.7285213470459	252.63499450683594	220.88870239257812	0.12801818549633026	0.00010776996319473627
115	3105	-29.94196319580078	0.0	0.0	56.730403900146484	-29.947948455810547	241.09060668945312	209.069091796875	0.10460644960403442	0.00010643684719225612
116	3132	-29.8492431640625	0.0	0.0	91.20581817626953	-29.936901092529297	239.4922332763672	207.4390869140625	0.13017569482326508	0.00010522401425771664
117	3159	-29.88271141052246	0.0	0.0	60.52889633178711	-29.915607452392578	247.26800537109375	215.1531982421875	0.15701594948768616	0.0001041335921122084
118	3186	-29.99036979675293	0.0	0.0	116.97837829589844	-29.947078704833984	236.91818237304688	204.59658813476562	0.09337510913610458	0.00010316749372670254
119	3213	-29.960113525390625	0.0	0.0	62.85077667236328	-30.037601470947266	241.79019165039062	209.71826171875	0.15906867384910583	0.0001023274139660497
120	3240	-29.877090454101562	0.0	0.0	129.92617797851562	-30.008413314819336	241.25613403320312	209.2860107421875	0.13864962756633759	0.00010161482661561108
121	3267	-29.877540588378906	0.0	0.0	61.5367317199707	-29.965614318847656	225.25132751464844	193.1944580078125	0.07743558287620544	0.00010103098179573815
122	3294	-29.945058822631836	0.0	0.0	112.6644058227539	-29.924484252929688	227.0736083984375	194.70529174804688	0.1570260226726532	0.00010057690376863677
123	3321	-30.076976776123047	0.0	0.0	58.83207702636719	-30.001440048217773	232.9136199951172	200.9272918701172	0.12403371185064316	0.00010025338914146325
124	3348	-29.983909606933594	0.0	0.0	61.1851806640625	-29.94173812866211	230.80502319335938	198.69921875	0.14935529232025146	0.00010006100546880462
125	3375	-30.067481994628906	0.0	0.0	81.436767578125	-30.013134002685547	231.85691833496094	199.62216186523438	0.12352638691663742	0.00010000009025699517
# Best epoch: 119
