# epoch	step	nll	ecut	ecut_viol	grad_norm	val_nll	val_ecut	val_ecut_viol	val_ress_zx	LR
1	18	-0.6122894883155823	0.0	0.0	6.595949172973633	-0.6068720817565918	220.91879272460938	219.63775634765625	0.18883252143859863	9.993846760033666e-05
2	36	-0.604416012763977	0.0	0.0	7.668378829956055	-0.6113389730453491	212.30487060546875	211.01919555664062	0.20359349250793457	9.975402338058738e-05
3	54	-0.6172463297843933	0.0	0.0	5.617976188659668	-0.6294692754745483	202.46954345703125	201.09344482421875	0.19006194174289703	9.944712589814386e-05
4	72	-0.6570853590965271	0.0	0.0	11.587383270263672	-0.6139873266220093	206.58135986328125	205.25022888183594	0.16067670285701752	9.901853814850293e-05
5	90	-0.6137251257896423	0.0	0.0	21.2745304107666	-0.6078684329986572	196.77676391601562	195.35691833496094	0.18882611393928528	9.846932566833936e-05
6	108	-0.6518169045448303	0.0	0.0	6.994866371154785	-0.6164131760597229	193.61480712890625	192.2013702392578	0.20738236606121063	9.780085388641396e-05
7	126	-0.6399794816970825	0.0	0.0	23.8389949798584	-0.6083509922027588	196.65365600585938	195.26492309570312	0.21069222688674927	9.701478472890247e-05
8	144	-0.6637578010559082	0.0	0.0	7.906104564666748	-0.6172869205474854	200.17019653320312	198.807861328125	0.21308813989162445	9.611307248758517e-05
9	162	-0.644686758518219	0.0	0.0	4.480053424835205	-0.628563404083252	204.920654296875	203.6431884765625	0.2111791968345642	9.509795896116974e-05
10	180	-0.6341794729232788	0.0	0.0	10.910778999328613	-0.6288354396820068	198.92202758789062	197.61212158203125	0.21767105162143707	9.39719678818263e-05
11	198	-0.6241917610168457	0.0	0.0	7.235604763031006	-0.6234365701675415	202.88430786132812	201.60140991210938	0.2040950208902359	9.27378986407917e-05
12	216	-0.6704950928688049	0.0	0.0	21.584869384765625	-0.6304190754890442	202.24078369140625	200.93553161621094	0.21138301491737366	9.139881932864174e-05
13	234	-0.6563823819160461	0.0	0.0	14.085372924804688	-0.6204494833946228	189.68753051757812	188.2967071533203	0.21719852089881897	8.995805910753466e-05
14	252	-0.6023427844047546	0.0	0.0	11.749970436096191	-0.6145144104957581	194.09042358398438	192.72854614257812	0.20364204049110413	8.841919993438939e-05
15	270	-0.6473773717880249	0.0	0.0	9.417887687683105	-0.640999972820282	201.88453674316406	200.56509399414062	0.20906370878219604	8.678606765557639e-05
16	288	-0.6319649815559387	0.0	0.0	9.80992603302002	-0.6413207054138184	189.7169952392578	188.32806396484375	0.19255587458610535	8.506272249526059e-05
17	306	-0.6237601041793823	0.0	0.0	14.58430290222168	-0.6382125616073608	196.586181640625	195.251220703125	0.19305002689361572	8.325344896104453e-05
18	324	-0.6445893049240112	0.0	0.0	17.273033142089844	-0.6497131586074829	199.77847290039062	198.43939208984375	0.21378716826438904	8.13627451920073e-05
19	342	-0.6189725995063782	0.0	0.0	7.3643293380737305	-0.6446399092674255	198.45394897460938	197.1068878173828	0.18068641424179077	7.939531177562209e-05
20	360	-0.6493064761161804	0.0	0.0	9.175052642822266	-0.6405041217803955	204.97335815429688	203.65069580078125	0.21434444189071655	7.735604006135508e-05
21	378	-0.6539322733879089	0.0	0.0	10.744441986083984	-0.6630684733390808	195.18597412109375	193.80734252929688	0.182803213596344	7.524999999999999e-05
22	396	-0.6910818815231323	0.0	0.0	16.112764358520508	-0.6652930974960327	188.4273681640625	187.03375244140625	0.22267258167266846	7.308242753898156e-05
23	414	-0.6677114367485046	0.0	0.0	16.288166046142578	-0.6788346767425537	182.15811157226562	180.7281036376953	0.2035616934299469	7.085871160496527e-05
24	432	-0.6857439875602722	0.0	0.0	9.814008712768555	-0.6672375202178955	186.11322021484375	184.69512939453125	0.17290151119232178	6.858438070613653e-05
25	450	-0.6646607518196106	0.0	0.0	8.569588661193848	-0.6519806385040283	186.00929260253906	184.6020050048828	0.12919220328330994	6.626508918745837e-05
26	468	-0.6372491121292114	0.0	0.0	8.458601951599121	-0.6666030883789062	186.6344451904297	185.26498413085938	0.15482787787914276	6.390660317307874e-05
27	486	-0.6919551491737366	0.0	0.0	12.483931541442871	-0.682326078414917	187.68699645996094	186.31072998046875	0.17741715908050537	6.151478623083755e-05
28	504	-0.7051663398742676	0.0	0.0	5.216233253479004	-0.6747599840164185	186.71449279785156	185.3126678466797	0.18860575556755066	5.909558479451305e-05
29	522	-0.6839026212692261	0.0	0.0	6.420777320861816	-0.6649845838546753	190.28897094726562	188.90899658203125	0.2110879123210907	5.665501338005051e-05
30	540	-0.6687161326408386	0.0	0.0	7.988667011260986	-0.6676788926124573	190.55648803710938	189.20738220214844	0.11970672011375427	5.4199139632527994e-05
31	558	-0.7001091241836548	0.0	0.0	7.017367839813232	-0.6696891188621521	192.18212890625	190.83908081054688	0.1431703269481659	5.17340692410346e-05
32	576	-0.6805171966552734	0.0	0.0	7.932920932769775	-0.6748454570770264	180.3461151123047	178.94627380371094	0.20845232903957367	4.926593075896538e-05
33	594	-0.7059109807014465	0.0	0.0	7.785616397857666	-0.6743752956390381	175.92568969726562	174.50579833984375	0.21271754801273346	4.680086036747199e-05
34	612	-0.7139961123466492	0.0	0.0	14.233412742614746	-0.680225670337677	176.83560180664062	175.38931274414062	0.18975508213043213	4.434498661994948e-05
35	630	-0.7042657136917114	0.0	0.0	23.202131271362305	-0.6781207919120789	172.73243713378906	171.2767333984375	0.16058123111724854	4.190441520548694e-05
36	648	-0.6942547559738159	0.0	0.0	9.240933418273926	-0.6891508102416992	178.6757354736328	177.27597045898438	0.23218239843845367	3.948521376916243e-05
37	666	-0.6918781399726868	0.0	0.0	11.545469284057617	-0.6951881647109985	174.28390502929688	172.8843994140625	0.179748997092247	3.709339682692124e-05
38	684	-0.6924408674240112	0.0	0.0	10.025386810302734	-0.6947190761566162	170.90267944335938	169.45126342773438	0.17148107290267944	3.4734910812541616e-05
39	702	-0.724203884601593	0.0	0.0	7.594660758972168	-0.6837358474731445	175.50909423828125	174.0932159423828	0.15701007843017578	3.2415619293863445e-05
40	720	-0.7205192446708679	0.0	0.0	12.153288841247559	-0.6996709704399109	176.02894592285156	174.6142578125	0.2110169231891632	3.0141288395034733e-05
41	738	-0.6973536014556885	0.0	0.0	7.675574779510498	-0.699364423751831	170.32736206054688	168.90664672851562	0.16835938394069672	2.7917572461018446e-05
42	756	-0.6887538433074951	0.0	0.0	14.904459953308105	-0.7042373418807983	173.09494018554688	171.70346069335938	0.21416376531124115	2.5749999999999982e-05
43	774	-0.7411038875579834	0.0	0.0	13.666718482971191	-0.7006633877754211	170.27212524414062	168.8509521484375	0.21284908056259155	2.3643959938644907e-05
44	792	-0.7257037162780762	0.0	0.0	7.598883152008057	-0.7046322822570801	167.59722900390625	166.17198181152344	0.2127816081047058	2.160468822437791e-05
45	810	-0.73026442527771	0.0	0.0	12.100773811340332	-0.7092447280883789	169.1987762451172	167.80831909179688	0.19856302440166473	1.963725480799269e-05
46	828	-0.7282485961914062	0.0	0.0	11.925675392150879	-0.7161037921905518	164.58343505859375	163.1490478515625	0.21788139641284943	1.774655103895547e-05
47	846	-0.7323474287986755	0.0	0.0	9.342047691345215	-0.7160772085189819	168.7437744140625	167.3484649658203	0.17838455736637115	1.5937277504739396e-05
48	864	-0.7471716403961182	0.0	0.0	18.142127990722656	-0.7214217185974121	167.45632934570312	166.03436279296875	0.2014305144548416	1.4213932344423594e-05
49	882	-0.7442445755004883	0.0	0.0	6.784531593322754	-0.7242767810821533	167.3656768798828	165.9444122314453	0.19091559946537018	1.2580800065610591e-05
50	900	-0.7146989107131958	0.0	0.0	33.7104606628418	-0.7222995758056641	167.53436279296875	166.11767578125	0.20753934979438782	1.1041940892465333e-05
51	918	-0.749633252620697	0.0	0.0	9.155553817749023	-0.7252334952354431	168.34036254882812	166.92770385742188	0.20474758744239807	9.60118067135826e-06
52	936	-0.7136920690536499	0.0	0.0	9.080343246459961	-0.7265591621398926	168.29344177246094	166.87234497070312	0.1978953629732132	8.262101359208295e-06
53	954	-0.7699993848800659	0.0	0.0	5.655722618103027	-0.7274522185325623	167.30682373046875	165.8865966796875	0.20101329684257507	7.028032118173679e-06
54	972	-0.7396929264068604	0.0	0.0	9.038991928100586	-0.7284401059150696	166.2619171142578	164.84564208984375	0.20866906642913818	5.902041038830256e-06
55	990	-0.7201207876205444	0.0	0.0	11.866436958312988	-0.7323446273803711	165.17251586914062	163.74411010742188	0.20812180638313293	4.886927512414815e-06
56	1008	-0.7594082355499268	0.0	0.0	8.733647346496582	-0.7308836579322815	165.15936279296875	163.72958374023438	0.206393301486969	3.985215271097537e-06
57	1026	-0.7260928750038147	0.0	0.0	9.712484359741211	-0.7310120463371277	164.80532836914062	163.3748779296875	0.20880039036273956	3.1991461135860412e-06
58	1044	-0.76510089635849	0.0	0.0	5.035576343536377	-0.7306092977523804	166.23919677734375	164.8177490234375	0.2095804363489151	2.5306743316606462e-06
59	1062	-0.7482388615608215	0.0	0.0	7.99913215637207	-0.730850338935852	166.05262756347656	164.63140869140625	0.21395280957221985	1.9814618514970807e-06
60	1080	-0.7588253617286682	0.0	0.0	19.16944694519043	-0.7318353652954102	166.39431762695312	164.96890258789062	0.20942682027816772	1.552874101856138e-06
61	1098	-0.749008059501648	0.0	0.0	13.009013175964355	-0.7308788299560547	166.38265991210938	164.95571899414062	0.20897674560546875	1.2459766194126302e-06
62	1116	-0.7599970698356628	0.0	0.0	13.07562255859375	-0.7303590178489685	165.91552734375	164.48727416992188	0.20995211601257324	1.061532399663344e-06
63	1134	-0.7472711801528931	0.0	0.0	11.558326721191406	-0.7308374047279358	165.70242309570312	164.2750701904297	0.21287868916988373	1e-06
# Best epoch: 36
