# epoch	step	nll	ecut	ecut_viol	grad_norm	val_nll	val_ecut	val_ecut_viol	val_ress_zx	LR
1	9	0.01958094909787178	0.0	0.0	3.4324867725372314	0.010493673384189606	65.0852279663086	65.0466079711914	0.8335298299789429	1.0026357014558679e-05
2	18	0.01712382584810257	0.0	0.0	3.339975595474243	0.029049033299088478	61.80126190185547	61.75018310546875	0.8064029812812805	1.0105416480031125e-05
3	27	0.007989293895661831	0.0	0.0	2.355898857116699	0.003224050160497427	62.45928192138672	62.427207946777344	0.845007598400116	1.0237143666892609e-05
4	36	0.011078009381890297	0.0	0.0	2.438026189804077	0.0009207771508954465	65.50336456298828	65.4776840209961	0.8548448085784912	1.0421480709553449e-05
5	45	0.008123579435050488	0.0	0.0	2.4421870708465576	0.005487258080393076	64.02413940429688	63.99854278564453	0.8546294569969177	1.0658346631778353e-05
6	54	-0.0044601368717849255	0.0	0.0	2.790264368057251	0.005174287129193544	59.65219497680664	59.623416900634766	0.8548643589019775	1.094763738225795e-05
7	63	-0.003285437822341919	0.0	0.0	2.5796656608581543	0.003981267102062702	58.62236404418945	58.59158706665039	0.8488591313362122	1.1289225880316967e-05
8	72	0.0023000515066087246	0.0	0.0	1.8793363571166992	-0.003096421016380191	60.521461486816406	60.494285583496094	0.8505950570106506	1.168296207173833e-05
9	81	-0.0010786802740767598	0.0	0.0	2.16534686088562	-0.0016674097860231996	64.17583465576172	64.15621948242188	0.8543208837509155	1.2128672994680007e-05
10	90	-0.004512345418334007	0.0	0.0	2.502533435821533	0.006490547675639391	63.62269592285156	63.603878021240234	0.8534033894538879	1.2626162855653805e-05
11	99	-0.01728992536664009	0.0	0.0	2.390686273574829	3.230810398235917e-05	60.90144348144531	60.880191802978516	0.8538655042648315	1.3175213115534668e-05
12	108	0.003081753384321928	0.0	0.0	2.3205032348632812	-0.0066091138869524	60.122249603271484	60.100894927978516	0.8532170057296753	1.3775582585561007e-05
13	117	-0.0014940534019842744	0.0	0.0	2.2213387489318848	-0.003199799219146371	62.72584915161133	62.708675384521484	0.8495085835456848	1.4427007533285128e-05
14	126	-0.004812018014490604	0.0	0.0	2.08467173576355	-0.0038048478309065104	63.351009368896484	63.33183670043945	0.8507340550422668	1.5129201798426504e-05
15	135	-0.006251348182559013	0.0	0.0	2.2593331336975098	-0.007271369453519583	60.84357452392578	60.820926666259766	0.8499597311019897	1.588185691857728e-05
16	144	0.004619704559445381	0.0	0.0	2.1675193309783936	0.0019803813192993402	60.997501373291016	60.9734001159668	0.8471525311470032	1.66846422647049e-05
17	153	0.00023560143017675728	0.0	0.0	2.7454416751861572	0.0015376771334558725	64.05958557128906	64.04158020019531	0.8520640134811401	1.7537205186391673e-05
18	162	0.001119852066040039	0.0	0.0	2.69289231300354	0.0012319858651608229	64.94996643066406	64.92977905273438	0.8481345176696777	1.8439171166748666e-05
19	171	-0.010888206772506237	0.0	0.0	2.480755090713501	0.004055264871567488	60.2639274597168	60.236595153808594	0.8450687527656555	1.9390143986934615e-05
20	180	-0.0069935619831085205	0.0	0.0	2.3250858783721924	0.005046705715358257	61.63481521606445	61.605899810791016	0.8449233174324036	2.0389705900208347e-05
21	189	0.008716793730854988	0.0	0.0	2.396898031234741	0.01014137826859951	65.09983825683594	65.07746124267578	0.8444325923919678	2.143741781543827e-05
22	198	0.005856352858245373	0.0	0.0	2.8877992630004883	0.0002991676446981728	62.156898498535156	62.13386917114258	0.8474342226982117	2.2532819489987636e-05
23	207	-0.008824008516967297	0.0	0.0	2.687394142150879	-0.0015584316570311785	60.04005813598633	60.013587951660156	0.8471513390541077	2.367542973189172e-05
24	216	-0.000377874996047467	0.0	0.0	2.5619935989379883	0.005422234069555998	61.763919830322266	61.738155364990234	0.8457131385803223	2.4864746611237527e-05
25	225	0.00033444762811996043	0.0	0.0	2.2404940128326416	-0.0002705412043724209	61.60723114013672	61.577510833740234	0.8504763245582581	2.6100247680653287e-05
26	234	0.001788360415957868	0.0	0.0	2.5181221961975098	0.005997787695378065	59.93049621582031	59.90177917480469	0.8460822701454163	2.7381390204811077e-05
27	243	-0.004205851349979639	0.0	0.0	2.265723466873169	0.00894076470285654	62.171775817871094	62.142425537109375	0.8475219011306763	2.870761139884165e-05
28	252	0.0037613112945109606	0.0	0.0	2.26336407661438	0.009183271788060665	61.90892028808594	61.8727912902832	0.8415564298629761	3.0078328675556287e-05
29	261	0.003702594432979822	0.0	0.0	2.4270782470703125	0.02021206170320511	59.93480682373047	59.90283203125	0.8340895771980286	3.1492939901368015e-05
30	270	0.014093371108174324	0.0	0.0	3.0534558296203613	0.020033277571201324	63.04447937011719	63.00697326660156	0.8450989723205566	3.295082366079895e-05
31	279	0.008185027167201042	0.0	0.0	2.811147689819336	0.009606891311705112	61.349639892578125	61.314292907714844	0.8371068239212036	3.445133952945789e-05
32	288	0.007284203078597784	0.0	0.0	2.8714334964752197	0.01889193430542946	58.81204605102539	58.77661895751953	0.8310763239860535	3.599382835536827e-05
33	297	-0.0039687505923211575	0.0	0.0	2.428380012512207	0.007460536435246468	61.611087799072266	61.57087326049805	0.8348094820976257	3.7577612548522684e-05
34	306	-0.001077217166312039	0.0	0.0	2.4601757526397705	0.014151966199278831	61.12977600097656	61.106651306152344	0.8222074508666992	3.9201996378537206e-05
35	315	-0.00554914865642786	0.0	0.0	2.653076410293579	0.010934406891465187	59.88898468017578	59.85544204711914	0.8295344114303589	4.086626628027422e-05
36	324	0.0016657606465741992	0.0	0.0	2.5845837593078613	0.016774971038103104	61.850921630859375	61.81561279296875	0.8387860059738159	4.256969116729994e-05
37	333	0.0175347700715065	0.0	0.0	3.00266432762146	0.01124399434775114	61.06942367553711	61.033058166503906	0.8378379940986633	4.431152275303856e-05
38	342	-0.0019101041834801435	0.0	0.0	1.702396035194397	0.017882879823446274	59.172176361083984	59.128990173339844	0.8302105069160461	4.60909958794823e-05
39	351	0.015185816213488579	0.0	0.0	2.4077649116516113	0.013756496831774712	60.37590026855469	60.35090637207031	0.8263751268386841	4.790732885331288e-05
40	360	0.012413570657372475	0.0	0.0	2.546438217163086	0.020836496725678444	60.173770904541016	60.14164352416992	0.8235873579978943	4.975972378928637e-05
41	369	0.005940630100667477	0.0	0.0	2.842585563659668	0.022171592339873314	61.041812896728516	61.00535583496094	0.8213116526603699	5.164736696073116e-05
42	378	0.02486886829137802	0.0	0.0	3.4939658641815186	0.021590273827314377	59.313636779785156	59.26788330078125	0.8177329897880554	5.356942915700472e-05
43	387	0.0206562802195549	0.0	0.0	2.8717479705810547	0.008921162225306034	62.85332107543945	62.80732345581055	0.8175370693206787	5.5525066047752236e-05
44	396	0.027325302362442017	0.0	0.0	3.5421483516693115	0.029401294887065887	58.56951141357422	58.51213455200195	0.8055830597877502	5.751341855380704e-05
45	405	0.02019311673939228	0.0	0.0	2.8986382484436035	0.016983551904559135	65.75924682617188	65.71831512451172	0.817528247833252	5.953361322456993e-05
46	414	0.026593076065182686	0.0	0.0	2.790364980697632	0.01939382590353489	59.38490295410156	59.33776092529297	0.8130373954772949	6.158476262170182e-05
47	423	0.027001697570085526	0.0	0.0	3.205098867416382	0.022338982671499252	61.21393585205078	61.16975402832031	0.8059784173965454	6.366596570896057e-05
48	432	0.0255022794008255	0.0	0.0	3.261559009552002	0.04573449119925499	61.80005645751953	61.74778366088867	0.8080242872238159	6.577630824801178e-05
49	441	0.018724262714385986	0.0	0.0	3.0914676189422607	0.03145108371973038	62.631935119628906	62.59415817260742	0.8096520304679871	6.79148632000383e-05
50	450	0.0416112020611763	0.0	0.0	3.6161623001098633	0.03815564140677452	58.124900817871094	58.07801055908203	0.7928422689437866	7.00806911329734e-05
51	459	0.024116016924381256	0.0	0.0	3.283813714981079	0.025220315903425217	64.02993774414062	63.98593521118164	0.8087385296821594	7.227284063417776e-05
52	468	0.020079385489225388	0.0	0.0	2.555426836013794	0.025764569640159607	63.04003143310547	62.977256774902344	0.8026868104934692	7.449034872837934e-05
53	477	0.019539766013622284	0.0	0.0	2.601982831954956	0.04855293780565262	58.40309524536133	58.330753326416016	0.7959026098251343	7.673224130069287e-05
54	486	0.027122436091303825	0.0	0.0	2.9899792671203613	0.01729690469801426	61.275413513183594	61.22529602050781	0.8129012584686279	7.899753352453215e-05
55	495	0.011454319581389427	0.0	0.0	2.8701326847076416	0.03564239665865898	56.767181396484375	56.716983795166016	0.801155686378479	8.128523029422846e-05
56	504	0.04039768502116203	0.0	0.0	2.9361846446990967	0.04257383197546005	60.47016525268555	60.40147399902344	0.8126384019851685	8.359432666216405e-05
57	513	0.02864532358944416	0.0	0.0	2.577345371246338	0.04852160066366196	60.66893005371094	60.59804916381836	0.8012914657592773	8.592380828022916e-05
58	522	0.011890854686498642	0.0	0.0	3.316049098968506	0.043526697903871536	61.071990966796875	61.003273010253906	0.7869150638580322	8.827265184540846e-05
59	531	0.0314108207821846	0.0	0.0	3.4274983406066895	0.027560897171497345	61.537418365478516	61.479068756103516	0.7989861965179443	9.063982554930117e-05
60	540	0.011749817989766598	0.0	0.0	2.975083351135254	0.0419924259185791	58.365230560302734	58.310550689697266	0.8051921725273132	9.302428953137767e-05
61	549	0.03829382359981537	0.0	0.0	2.292210102081299	0.05866631492972374	63.246131896972656	63.17544937133789	0.7882220149040222	9.542499633577323e-05
62	558	0.031521737575531006	0.0	0.0	2.8621060848236084	0.02639513649046421	58.83343505859375	58.77651596069336	0.7981736063957214	9.784089137141781e-05
63	567	0.04127240180969238	0.0	0.0	4.184778690338135	0.042590342462062836	61.759613037109375	61.69236373901367	0.7740747332572937	0.00010027091337530103
64	576	0.017853962257504463	0.0	0.0	2.3391995429992676	0.042279671877622604	58.54438400268555	58.49864959716797	0.7933117151260376	0.00010271399487866729
65	585	0.024838140234351158	0.0	0.0	2.891979217529297	0.03305429965257645	59.12090301513672	59.083168029785156	0.8074817657470703	0.00010516906267593742
66	594	0.03843773901462555	0.0	0.0	3.03179669380188	0.04623815417289734	61.08436965942383	61.02167510986328	0.7817307114601135	0.00010763503829615015
67	603	0.015305616892874241	0.0	0.0	2.737518072128296	0.04994063824415207	62.52819061279297	62.47962188720703	0.7989928126335144	0.00011011083847671678
68	612	0.019304266199469566	0.0	0.0	2.503955364227295	0.05839543789625168	61.332149505615234	61.26247787475586	0.79313063621521	0.0001125953756392805
69	621	0.027179326862096786	0.0	0.0	2.7172813415527344	0.035444315522909164	58.14067077636719	58.07151794433594	0.784218430519104	0.00011508755836747201
70	630	0.04645145311951637	0.0	0.0	2.8852574825286865	0.05393064022064209	53.545658111572266	53.462013244628906	0.7648061513900757	0.00011758629188635039
71	639	0.009298454970121384	0.0	0.0	2.3337793350219727	0.04850611463189125	57.60966110229492	57.55373764038086	0.7896830439567566	0.0001200904785433201
72	648	0.03803519532084465	0.0	0.0	2.8348307609558105	0.07390803843736649	57.805301666259766	57.759239196777344	0.7758461833000183	0.00012259901829031155
73	657	0.01611832156777382	0.0	0.0	2.6910629272460938	0.056550025939941406	57.97861099243164	57.9276237487793	0.7812685370445251	0.00012511080916701415
74	666	0.03466131538152695	0.0	0.0	2.9782214164733887	0.04895433411002159	60.95555114746094	60.87348556518555	0.7766095399856567	0.00012762474778494953
75	675	0.019386926665902138	0.0	0.0	2.9911954402923584	0.03666318207979202	60.84798812866211	60.78802490234375	0.7711909413337708	0.00013013972981217172
76	684	0.037965331226587296	0.0	0.0	3.172403335571289	0.05718936398625374	59.365604400634766	59.304039001464844	0.7735632061958313	0.00013265465045838242
77	693	0.03650304302573204	0.0	0.0	3.025383234024048	0.04599864408373833	59.44841766357422	59.4127197265625	0.792695939540863	0.00013516840496024678
78	702	0.04326644539833069	0.0	0.0	3.1457102298736572	0.05820857360959053	56.22687911987305	56.13916778564453	0.7643933892250061	0.00013767988906669806
79	711	0.03146298974752426	0.0	0.0	3.2025344371795654	0.04595840349793434	62.09272003173828	62.033119201660156	0.7879078388214111	0.00014018799952401705
80	720	0.04908128082752228	0.0	0.0	2.730227470397949	0.05117518827319145	54.226871490478516	54.16884231567383	0.7836316823959351	0.00014269163456047306
81	729	0.04327784851193428	0.0	0.0	2.387432336807251	0.05376472696661949	59.79772186279297	59.74053955078125	0.7910424470901489	0.0001451896943703143
82	738	0.04618913307785988	0.0	0.0	2.2759623527526855	0.04680567979812622	62.85362243652344	62.79989242553711	0.7894327640533447	0.00014768108159689456
83	747	0.015573904849588871	0.0	0.0	2.409961700439453	0.05886203795671463	61.025169372558594	60.97906494140625	0.7868155837059021	0.0001501647018147238
84	756	0.03485524654388428	0.0	0.0	2.2039058208465576	0.05809977278113365	59.606014251708984	59.5576171875	0.7891243100166321	0.00015263946401023132
85	765	0.01662268117070198	0.0	0.0	2.3085408210754395	0.04264609515666962	59.18788146972656	59.117679595947266	0.7947707772254944	0.00015510428106103017
86	774	0.052210938185453415	0.0	0.0	3.2513766288757324	0.035212550312280655	58.039649963378906	57.9661750793457	0.7886395454406738	0.00015755807021347221
87	783	0.03739629313349724	0.0	0.0	3.173588752746582	0.06472879648208618	60.7396240234375	60.681175231933594	0.7799176573753357	0.00015999975355828383
88	792	0.03653905168175697	0.0	0.0	3.0709376335144043	0.06087727099657059	60.48401641845703	60.42128372192383	0.7783437371253967	0.0001624282585040739
89	801	0.01920313946902752	0.0	0.0	2.423771858215332	0.04947807639837265	56.625118255615234	56.58128356933594	0.7789697647094727	0.00016484251824850553
90	810	0.04056220501661301	0.0	0.0	3.0482254028320312	0.05818270891904831	58.024330139160156	57.97892761230469	0.7777608633041382	0.00016724147224692488
91	819	0.03316599875688553	0.0	0.0	3.067082643508911	0.05099254101514816	64.04165649414062	63.97694778442383	0.7857460975646973	0.00016962406667824095
92	828	0.03989052027463913	0.0	0.0	3.5150208473205566	0.050380442291498184	62.1095085144043	62.04328536987305	0.808955729007721	0.00017198925490785182
93	837	0.025051848962903023	0.0	0.0	2.434278964996338	0.040299560874700546	59.704959869384766	59.642303466796875	0.7773810029029846	0.00017433599794741407
94	846	0.014341810718178749	0.0	0.0	2.084537982940674	0.052597399801015854	59.78291702270508	59.73337936401367	0.7895346283912659	0.00017666326491125344
95	855	0.04368998855352402	0.0	0.0	2.890251398086548	0.04868004098534584	61.90877914428711	61.84428024291992	0.7787216305732727	0.00017897003346921582
96	864	0.027733677998185158	0.0	0.0	2.7031424045562744	0.031296875327825546	60.209190368652344	60.140464782714844	0.7701634764671326	0.00018125529029576
97	873	0.04150060936808586	0.0	0.0	2.4316885471343994	0.0489513985812664	59.899234771728516	59.85139083862305	0.7986578941345215	0.0001835180315150953
98	882	0.023917898535728455	0.0	0.0	2.382559299468994	0.05366643890738487	59.619041442871094	59.5748405456543	0.7934377789497375	0.00018575726314216736
99	891	0.022883933037519455	0.0	0.0	3.2628159523010254	0.0654565840959549	58.8807258605957	58.81221389770508	0.7412110567092896	0.00018797200151929956
100	900	0.018709968775510788	0.0	0.0	2.2284345626831055	0.060894206166267395	60.79253387451172	60.72935485839844	0.7839971780776978	0.0001901612737482978
101	909	0.041979413479566574	0.0	0.0	2.455579996109009	0.04575306922197342	59.40950012207031	59.3519401550293	0.7688242793083191	0.00019232411811782846
102	918	0.013771186582744122	0.0	0.0	3.251398801803589	0.03698893263936043	56.27341842651367	56.20857238769531	0.7777271270751953	0.00019445958452588268
103	927	0.0341397188603878	0.0	0.0	2.2414369583129883	0.03172925114631653	62.58112335205078	62.507572174072266	0.7923814058303833	0.00019656673489714028
104	936	0.027257392182946205	0.0	0.0	2.222865343093872	0.051533278077840805	60.78642654418945	60.70803451538086	0.7715519666671753	0.0001986446435950511
105	945	0.04104824364185333	0.0	0.0	2.4033422470092773	0.0634678453207016	61.65875244140625	61.590728759765625	0.7605394721031189	0.00020069239782845172
106	954	0.030993463471531868	0.0	0.0	3.143080711364746	0.043989136815071106	60.79115295410156	60.697425842285156	0.7869859933853149	0.00020270909805253983
107	963	0.03453316166996956	0.0	0.0	2.0876810550689697	0.04481898620724678	63.0291633605957	62.96382141113281	0.7948469519615173	0.00020469385836402926
108	972	0.03119305521249771	0.0	0.0	3.5147926807403564	0.052991341799497604	58.495201110839844	58.42607498168945	0.7717843651771545	0.00020664580689031296
109	981	0.028055749833583832	0.0	0.0	2.7276253700256348	0.04992442578077316	59.08156967163086	59.00913619995117	0.7900238037109375	0.00020856408617246216
110	990	0.027976905927062035	0.0	0.0	2.3479673862457275	0.053039874881505966	61.73434066772461	61.67496109008789	0.7724128365516663	0.00021044785354189406
111	999	0.03356120362877846	0.0	0.0	2.3499207496643066	0.044071801006793976	58.36759567260742	58.28458023071289	0.7676449418067932	0.00021229628149054233
112	1008	0.01732807420194149	0.0	0.0	2.5733776092529297	0.06284554302692413	55.558204650878906	55.501258850097656	0.7949333786964417	0.0002141085580343677
113	1017	0.008820206858217716	0.0	0.0	2.1220359802246094	0.03419943526387215	59.382835388183594	59.33056640625	0.8070510625839233	0.0002158838870700494
114	1026	0.026799276471138	0.0	0.0	3.349821090698242	0.050758663564920425	65.67784118652344	65.62024688720703	0.807601273059845	0.0002176214887247001
115	1035	0.04459464177489281	0.0	0.0	2.879953622817993	0.0505644865334034	60.372169494628906	60.3158073425293	0.7853859066963196	0.00021932059969845128
116	1044	0.027228325605392456	0.0	0.0	2.669139862060547	0.050508998334407806	58.743221282958984	58.672767639160156	0.7666780948638916	0.00022098047359975844
117	1053	0.02980932407081127	0.0	0.0	2.7990589141845703	0.04857247322797775	60.35552215576172	60.31197738647461	0.7921977639198303	0.0002226003812732785
118	1062	0.006813108921051025	0.0	0.0	2.0822978019714355	0.040850576013326645	63.49599838256836	63.44797897338867	0.7932590246200562	0.00022417961112017592
119	1071	0.030116204172372818	0.0	0.0	2.6494030952453613	0.05148103088140488	59.08633041381836	59.0212287902832	0.7973476648330688	0.0002257174694107162
120	1080	-0.0029160145204514265	0.0	0.0	1.7013720273971558	0.03970912843942642	58.50990295410156	58.444557189941406	0.8146253824234009	0.00022721328058901023
121	1089	0.02508864738047123	0.0	0.0	2.327497720718384	0.0214910376816988	61.41006851196289	61.350284576416016	0.8050820827484131	0.00022866638756977457
122	1098	0.02042490802705288	0.0	0.0	1.8404244184494019	0.030568629503250122	58.35772705078125	58.29624557495117	0.7968814373016357	0.00023007615202697842
123	1107	0.005770219024270773	0.0	0.0	2.231106996536255	0.040558986365795135	57.707176208496094	57.65508270263672	0.7946391701698303	0.0002314419546742497
124	1116	0.03049144148826599	0.0	0.0	2.458258867263794	0.04590456932783127	59.341732025146484	59.278770446777344	0.7917289733886719	0.00023276319553691753
125	1125	0.004258702974766493	0.0	0.0	1.9688260555267334	0.0265201423317194	59.21003341674805	59.16994857788086	0.7888827919960022	0.00023403929421557092
126	1134	0.029728559777140617	0.0	0.0	2.7678005695343018	0.04356380179524422	57.11198806762695	57.071754455566406	0.794019341468811	0.0002352696901410191
127	1143	0.018909016624093056	0.0	0.0	3.5186080932617188	0.05195256322622299	60.81501007080078	60.77940368652344	0.7963156700134277	0.00023645384282054
128	1152	0.007275496143847704	0.0	0.0	2.8427300453186035	0.05323711782693863	57.164710998535156	57.105159759521484	0.8009430766105652	0.00023759123207531008
129	1161	0.007172685582190752	0.0	0.0	2.261770725250244	0.03959551453590393	62.91763687133789	62.856712341308594	0.7803713083267212	0.00023868135826891025
130	1170	0.012296589091420174	0.0	0.0	2.5721662044525146	0.041881851851940155	61.009071350097656	60.97671890258789	0.808184802532196	0.00023972374252680792
131	1179	0.008311823010444641	0.0	0.0	2.521906852722168	0.03936079517006874	56.824501037597656	56.785099029541016	0.801454484462738	0.00024071792694671873
132	1188	0.025473149493336678	0.0	0.0	3.2950079441070557	0.031157128512859344	57.968074798583984	57.914161682128906	0.804904043674469	0.0002416634747997555
133	1197	0.025062669068574905	0.0	0.0	2.3092041015625	0.035785820335149765	59.278995513916016	59.22135925292969	0.7784558534622192	0.0002425599707222761
134	1206	0.03408339247107506	0.0	0.0	2.100348949432373	0.027895482257008553	55.554378509521484	55.49357223510742	0.8006786704063416	0.00024340702089834583
135	1215	0.03732338175177574	0.0	0.0	2.4165592193603516	0.03490755707025528	57.246097564697266	57.19437789916992	0.8014426231384277	0.0002442042532327343
136	1224	0.022988153621554375	0.0	0.0	1.9949578046798706	0.04125266522169113	58.71706771850586	58.65814971923828	0.7893546223640442	0.00024495131751437084
137	1233	0.028162773698568344	0.0	0.0	2.572413206100464	0.027626946568489075	58.275238037109375	58.22108840942383	0.8052869439125061	0.00024564788557018623
138	1242	0.011814875528216362	0.0	0.0	2.591740846633911	0.03375484049320221	56.3592643737793	56.29652786254883	0.7930669188499451	0.0002462936514092741
139	1251	0.004472228232771158	0.0	0.0	1.9646023511886597	0.05127760395407677	56.090553283691406	56.036109924316406	0.802239179611206	0.00024688833135730733
140	1260	0.0032696735579520464	0.0	0.0	2.509472131729126	0.04203038290143013	61.73976516723633	61.69866943359375	0.8083159923553467	0.00024743166418115186
141	1269	0.029482949525117874	0.0	0.0	3.4050488471984863	0.017844954505562782	58.799964904785156	58.762237548828125	0.8096117377281189	0.0002479234112036218
142	1278	0.00977551843971014	0.0	0.0	2.269662618637085	0.030635859817266464	59.0131950378418	58.96156692504883	0.8082230687141418	0.00024836335640832666
143	1287	0.027347562834620476	0.0	0.0	1.8722171783447266	0.018465882167220116	59.57572555541992	59.52787780761719	0.8165551424026489	0.00024875130653456375
144	1296	-0.01831178367137909	0.0	0.0	2.4008398056030273	0.025306209921836853	58.927616119384766	58.88402557373047	0.815656840801239	0.0002490870911622143
145	1305	0.01438160054385662	0.0	0.0	1.93259596824646	0.03165607899427414	58.921573638916016	58.86800765991211	0.8073804974555969	0.0002493705627866062
146	1314	0.006419253069907427	0.0	0.0	2.3140175342559814	0.008078676648437977	60.34070587158203	60.2978515625	0.8220130801200867	0.0002496015968833108
147	1323	0.0017993777291849256	0.0	0.0	3.1271772384643555	0.03571270778775215	58.55831527709961	58.501792907714844	0.8106122612953186	0.00024978009196284376
148	1332	0.006240122485905886	0.0	0.0	1.9589158296585083	0.034568436443805695	56.755401611328125	56.701236724853516	0.8081350922584534	0.0002499059696152483
149	1341	0.007924470119178295	0.0	0.0	2.1573123931884766	0.029280349612236023	60.74858474731445	60.69498825073242	0.8071960210800171	0.00024997917454453914
150	1350	0.007409978192299604	0.0	0.0	2.093334674835205	0.03458339348435402	58.99723815917969	58.93808364868164	0.802706241607666	0.0002499999097430048
151	1359	0.024199720472097397	0.0	0.0	2.072096824645996	0.03892715647816658	56.866756439208984	56.821590423583984	0.795757532119751	0.0002499909744797011
152	1368	0.008891665376722813	0.0	0.0	1.938537359237671	0.024522343650460243	59.02531433105469	58.969383239746094	0.8031385540962219	0.000249967419577336
153	1377	0.019557802006602287	0.0	0.0	2.158068895339966	0.037327103316783905	57.442771911621094	57.37932205200195	0.8029695153236389	0.0002499292496279845
154	1386	-0.0012187425745651126	0.0	0.0	2.1073641777038574	0.02360004000365734	57.453277587890625	57.39910125732422	0.8076702356338501	0.0002498764720729538
155	1395	0.0040067341178655624	0.0	0.0	2.353116273880005	0.03695651516318321	57.93250274658203	57.88780975341797	0.8199779391288757	0.00024980909720133295
156	1404	0.0065599833615124226	0.0	0.0	2.0468602180480957	0.02749849483370781	57.330894470214844	57.283145904541016	0.8133435845375061	0.00024972713814798653
157	1413	0.02295510098338127	0.0	0.0	2.2052690982818604	0.027337361127138138	57.81983947753906	57.76176071166992	0.8130614161491394	0.0002496306108909945
158	1422	-0.005125298630446196	0.0	0.0	2.383026123046875	0.03965991362929344	59.817752838134766	59.77408218383789	0.8207598328590393	0.00024951953424853676
159	1431	0.01194422971457243	0.0	0.0	2.1521899700164795	0.02085263282060623	56.568687438964844	56.52324676513672	0.8203939199447632	0.0002493939298752249
160	1440	0.005817698780447245	0.0	0.0	1.892679214477539	0.038944751024246216	57.041908264160156	56.98287582397461	0.813595175743103	0.0002492538222578803
161	1449	0.020547520369291306	0.0	0.0	1.8669246435165405	0.024976784363389015	58.250282287597656	58.19209289550781	0.8113008737564087	0.0002490992387107607
162	1458	0.005170408636331558	0.0	0.0	2.379544496536255	0.01660412736237049	57.5777702331543	57.53922653198242	0.8138405084609985	0.0002489302093702348
163	1467	0.023139333352446556	0.0	0.0	2.1743524074554443	0.014536201022565365	56.9337043762207	56.89069747924805	0.8133392930030823	0.0002487467671889075
164	1476	0.0042396364733576775	0.0	0.0	2.3288607597351074	0.023524127900600433	56.37804412841797	56.33464813232422	0.8110477924346924	0.00024854894792919544
165	1485	0.010489079169929028	0.0	0.0	1.8431679010391235	0.03163720294833183	59.15281677246094	59.09965133666992	0.8047980666160583	0.0002483367901563554
166	1494	0.006517805624753237	0.0	0.0	1.954608678817749	0.03700967878103256	54.35740661621094	54.303367614746094	0.7975865602493286	0.00024811033523096545
167	1503	0.0014220625162124634	0.0	0.0	2.436537981033325	0.027354005724191666	58.438289642333984	58.38862991333008	0.8096798062324524	0.000247869627300862
168	1512	0.00439496012404561	0.0	0.0	2.119689702987671	0.034179653972387314	59.46148681640625	59.40713882446289	0.8095819354057312	0.000247614713292533
169	1521	0.01387706771492958	0.0	0.0	2.4281997680664062	0.0291306022554636	55.9208869934082	55.8721809387207	0.8056556582450867	0.00024734564290196945
170	1530	-0.006507663056254387	0.0	0.0	2.173027276992798	0.034798141568899155	58.524967193603516	58.46609878540039	0.8098443746566772	0.00024706246858497707
171	1539	0.001208874979056418	0.0	0.0	2.6519064903259277	0.03178993985056877	56.54375457763672	56.489376068115234	0.8160622119903564	0.0002467652455469501
172	1548	-0.000516938220243901	0.0	0.0	2.163233757019043	0.011992714367806911	59.24528503417969	59.190425872802734	0.8063923716545105	0.0002464540317321087
173	1557	-0.012813597917556763	0.0	0.0	2.259648323059082	0.028622834011912346	58.460533142089844	58.41679000854492	0.8198070526123047	0.00024612888781220274
174	1566	0.0020537066739052534	0.0	0.0	1.8897907733917236	0.042840924113988876	56.290348052978516	56.23741912841797	0.8010189533233643	0.0002457898771746836
175	1575	-0.0018672734731808305	0.0	0.0	2.044646978378296	0.025849483907222748	61.2396354675293	61.21286392211914	0.8160800933837891	0.0002454370659103468
176	1584	0.007220436353236437	0.0	0.0	1.8824050426483154	0.027872197329998016	58.1553955078125	58.102657318115234	0.8120821118354797	0.0002450705228004473
177	1593	0.009145604446530342	0.0	0.0	1.9531877040863037	0.020432882010936737	58.07320022583008	58.02252960205078	0.8142385482788086	0.0002446903193032908
178	1602	-0.005022449418902397	0.0	0.0	2.324115753173828	0.04357152804732323	59.053314208984375	59.01301956176758	0.814301073551178	0.00024429652954030225
179	1611	0.0006371474592015147	0.0	0.0	2.4148361682891846	0.030035439878702164	57.726524353027344	57.67843246459961	0.8152189254760742	0.00024388923028157626
180	1620	-0.0007742364541627467	0.0	0.0	2.1536824703216553	0.0305640809237957	56.929080963134766	56.87166213989258	0.8110721111297607	0.00024346850093091035
181	1629	-7.756376726320013e-05	0.0	0.0	2.429666042327881	0.01629466749727726	58.74653244018555	58.6839485168457	0.8050578832626343	0.00024303442351032505
182	1638	0.0009071569656953216	0.0	0.0	2.2310492992401123	0.015100480057299137	56.46812057495117	56.423423767089844	0.8179455399513245	0.0002425870826440736
183	1647	-0.010004235431551933	0.0	0.0	3.1859114170074463	0.027451802045106888	57.60976791381836	57.565460205078125	0.8026871681213379	0.00024212656554214415
184	1656	-0.011557689867913723	0.0	0.0	2.055591106414795	0.035328857600688934	57.23779296875	57.19734573364258	0.8142105937004089	0.00024165296198325832
185	1665	0.0032740856986492872	0.0	0.0	2.4116363525390625	0.011071168817579746	57.611236572265625	57.57131576538086	0.8150508403778076	0.00024116636429736822
186	1674	-0.015798743814229965	0.0	0.0	2.2332019805908203	0.030260160565376282	54.7702751159668	54.72916793823242	0.8151884078979492	0.0002406668673476568
187	1683	0.0106654092669487	0.0	0.0	1.652658224105835	0.04237982630729675	56.937774658203125	56.901939392089844	0.8180549144744873	0.00024015456851204426
188	1692	-0.0024530040100216866	0.0	0.0	3.2255351543426514	0.04956033453345299	56.42763900756836	56.3806266784668	0.814405620098114	0.00023962956766420356
189	1701	-0.0031111009884625673	0.0	0.0	2.1771841049194336	0.042579036206007004	55.38926315307617	55.345802307128906	0.8013879656791687	0.00023909196715409025
190	1710	-0.005759395658969879	0.0	0.0	1.506950855255127	0.038195956498384476	59.92459487915039	59.888153076171875	0.811196506023407	0.00023854187178798896
191	1719	-0.0032888157293200493	0.0	0.0	2.242192029953003	0.03738032653927803	55.5905647277832	55.54768371582031	0.8058973550796509	0.00023797938880808125
192	1728	0.014802554622292519	0.0	0.0	1.764060378074646	0.025986775755882263	57.244815826416016	57.20431900024414	0.8221057653427124	0.0002374046278715386
193	1737	0.005125625059008598	0.0	0.0	1.9892847537994385	0.032840535044670105	55.25774002075195	55.22080612182617	0.8141398429870605	0.00023681770102914435
194	1746	-0.01369278971105814	0.0	0.0	2.526331901550293	0.027680005878210068	57.19917297363281	57.15009689331055	0.8149020671844482	0.00023621872270344945
195	1755	-0.004023974761366844	0.0	0.0	2.1205894947052	0.019583377987146378	56.86872482299805	56.82536315917969	0.8231297731399536	0.0002356078096664652
196	1764	-0.007774814963340759	0.0	0.0	2.203585386276245	0.02255663089454174	56.75554656982422	56.717041015625	0.8210512399673462	0.0002349850810168987
197	1773	0.006508513353765011	0.0	0.0	2.051229238510132	0.027999211102724075	59.58549499511719	59.54511260986328	0.8201268315315247	0.00023435065815693404
198	1782	0.00170069036539644	0.0	0.0	2.062929630279541	0.03310434892773628	55.209835052490234	55.16573715209961	0.8191881775856018	0.0002337046647685648
199	1791	0.0008555295644327998	0.0	0.0	2.7340123653411865	0.04499601572751999	57.91926574707031	57.87303924560547	0.8104077577590942	0.00023304722678948195
200	1800	-0.0098812161013484	0.0	0.0	2.1071584224700928	0.03167082369327545	58.40037155151367	58.36861038208008	0.8153972625732422	0.00023237847238852217
201	1809	-0.010737643577158451	0.0	0.0	1.8441035747528076	0.022577395662665367	55.478660583496094	55.43357849121094	0.8075069785118103	0.00023169853194068108
202	1818	-0.01998148486018181	0.0	0.0	1.7484264373779297	0.018778901547193527	58.8394660949707	58.79136276245117	0.811115026473999	0.00023100753800169618
203	1827	-0.015350297093391418	0.0	0.0	2.2436037063598633	0.0376674123108387	57.70789337158203	57.65597915649414	0.8076896667480469	0.00023030562528220496
204	1836	-0.010728138498961926	0.0	0.0	2.1453614234924316	0.02923821285367012	54.79385757446289	54.74064636230469	0.8093592524528503	0.0002295929306214829
205	1845	0.00035381081397645175	0.0	0.0	2.2588412761688232	0.01736973226070404	58.06388473510742	58.01025390625	0.8082624077796936	0.0002288695929607662
206	1854	-0.011489726603031158	0.0	0.0	2.2660746574401855	0.01908537745475769	56.90814208984375	56.86305618286133	0.8089571595191956	0.000228135753316165
207	1863	0.0031068564858287573	0.0	0.0	2.1211588382720947	0.03001929074525833	55.69918441772461	55.6597785949707	0.8217043876647949	0.0002273915547511721
208	1872	-0.0035777445882558823	0.0	0.0	2.697871685028076	0.02677510306239128	54.50556564331055	54.454219818115234	0.8093124628067017	0.00022663714234877227
209	1881	-0.004292743280529976	0.0	0.0	2.2471587657928467	0.02072092890739441	56.08820724487305	56.041748046875	0.8121634721755981	0.0002258726631831582
210	1890	-0.009397607296705246	0.0	0.0	2.6783478260040283	0.03105677105486393	59.691001892089844	59.64468002319336	0.809130847454071	0.00022509826629105785
211	1899	-0.032911766320466995	0.0	0.0	2.3299777507781982	0.0369393564760685	53.56572341918945	53.52590560913086	0.8083397150039673	0.00022431410264267982
212	1908	-0.006992129608988762	0.0	0.0	2.5786454677581787	0.03809495270252228	55.43302536010742	55.383853912353516	0.813679039478302	0.000223520325112281
213	1917	-0.032285723835229874	0.0	0.0	2.9799160957336426	0.027732152491807938	58.74537658691406	58.696712493896484	0.8087455034255981	0.0002227170884483638
214	1926	-0.022521203383803368	0.0	0.0	1.9658852815628052	0.02712213061749935	56.059200286865234	56.009761810302734	0.7978527545928955	0.00022190454924350735
215	1935	-0.020514851436018944	0.0	0.0	2.149080991744995	0.035197753459215164	55.15483093261719	55.10890197753906	0.8122886419296265	0.00022108286590383962
216	1944	-0.0013290400383993983	0.0	0.0	2.1817708015441895	0.03951036185026169	57.48708724975586	57.44439697265625	0.8116999864578247	0.0002202521986181557
217	1953	-0.025097139179706573	0.0	0.0	2.0977139472961426	0.03757036104798317	56.27787780761719	56.23016357421875	0.8088516592979431	0.00021941270932668885
218	1962	0.0003502617182675749	0.0	0.0	3.014561414718628	0.0313277505338192	57.29478073120117	57.25564956665039	0.8079869747161865	0.00021856456168953983
219	1971	-0.012300610542297363	0.0	0.0	2.271721839904785	0.03303162008523941	56.4914436340332	56.451324462890625	0.7984474897384644	0.00021770792105477095
220	1980	-0.014530092477798462	0.0	0.0	2.142528533935547	0.024177972227334976	54.947750091552734	54.88484573364258	0.8096922636032104	0.00021684295442617136
221	1989	-0.0171227864921093	0.0	0.0	2.4458768367767334	0.029125478118658066	57.554298400878906	57.50532913208008	0.8149917125701904	0.00021596983043069908
222	1998	-0.028047623112797737	0.0	0.0	3.306816577911377	0.04118604585528374	57.69401168823242	57.65708541870117	0.8153092861175537	0.00021508871928560704
223	2007	-0.009060020558536053	0.0	0.0	2.8720219135284424	0.02831806056201458	59.56026840209961	59.52341842651367	0.8048979043960571	0.00021419979276525886
224	2016	-0.011811619624495506	0.0	0.0	3.533726453781128	0.029499594122171402	56.094139099121094	56.05656051635742	0.8101845383644104	0.0002133032241676409
225	2025	0.004208249039947987	0.0	0.0	2.318142890930176	0.037465520203113556	57.904300689697266	57.85475158691406	0.8141610026359558	0.00021239918828057787
226	2034	-0.005088998004794121	0.0	0.0	2.1531646251678467	0.038460031151771545	58.45380401611328	58.4130744934082	0.8142802715301514	0.000211487861347657
227	2043	-0.009191201068460941	0.0	0.0	2.1813151836395264	0.03615659475326538	54.36150360107422	54.30087661743164	0.799117922782898	0.00021056942103386974
228	2052	-0.011066488921642303	0.0	0.0	2.073185443878174	0.0410454198718071	61.05660629272461	61.010494232177734	0.8174338936805725	0.00020964404639097492
229	2061	-0.009914325550198555	0.0	0.0	2.052502393722534	0.03067251481115818	55.9963493347168	55.947288513183594	0.813505232334137	0.00020871191782259276
230	2070	-0.035914260894060135	0.0	0.0	1.9578794240951538	0.03358034789562225	57.966407775878906	57.91041946411133	0.8181374669075012	0.00020777321704903463
231	2079	-0.008823364973068237	0.0	0.0	2.4602370262145996	0.04644235223531723	56.421573638916016	56.38186264038086	0.8141581416130066	0.00020682812707187618
232	2088	-0.002539712702855468	0.0	0.0	2.1439194679260254	0.047615405172109604	60.02912521362305	59.97380447387695	0.8101295828819275	0.0002058768321382811
233	2097	-0.031018748879432678	0.0	0.0	1.8897299766540527	0.03822552412748337	54.60701370239258	54.55569839477539	0.8150875568389893	0.00020491951770508152
234	2106	-0.024215806275606155	0.0	0.0	2.3269858360290527	0.03293461725115776	57.51747131347656	57.478851318359375	0.8166002035140991	0.0002039563704026231
235	2115	-0.007412455976009369	0.0	0.0	3.696925163269043	0.03556308522820473	54.26996994018555	54.22060012817383	0.8040956258773804	0.00020298757799838078
236	2124	-0.010462898761034012	0.0	0.0	2.284925937652588	0.02933415398001671	57.350379943847656	57.3138313293457	0.806599497795105	0.0002020133293603533
237	2133	-0.03795931860804558	0.0	0.0	2.3176231384277344	0.04548481106758118	54.3072509765625	54.255611419677734	0.8130980134010315	0.00020103381442024303
238	2142	-0.01978619582951069	0.0	0.0	1.823348879814148	0.044450972229242325	57.085479736328125	57.03791809082031	0.8055431246757507	0.00020004922413642838
239	2151	-0.03190053254365921	0.0	0.0	2.275747776031494	0.05357495695352554	55.37358856201172	55.328182220458984	0.8053853511810303	0.000199059750456736
240	2160	-0.031228655949234962	0.0	0.0	1.605858325958252	0.04394753649830818	57.18917465209961	57.15724563598633	0.813590943813324	0.0001980655862810203
241	2169	-0.012454169802367687	0.0	0.0	2.3868937492370605	0.04136248305439949	57.757118225097656	57.71150207519531	0.815001368522644	0.00019706692542355715
242	2178	-0.0071130478754639626	0.0	0.0	2.482086658477783	0.043917056173086166	55.639705657958984	55.59388732910156	0.8022886514663696	0.00019606396257525947
243	2187	-0.007061576005071402	0.0	0.0	2.2831480503082275	0.056929171085357666	60.755401611328125	60.704097747802734	0.8006414771080017	0.00019505689326572176
244	2196	-0.029207071289420128	0.0	0.0	2.277601957321167	0.04979240521788597	55.677494049072266	55.61845016479492	0.8072746396064758	0.00019404591382510137
245	2205	-0.013139077462255955	0.0	0.0	2.143960952758789	0.03911292552947998	58.70950698852539	58.65685272216797	0.8078805208206177	0.00019303122134584332
246	2214	-0.005076248198747635	0.0	0.0	3.0324583053588867	0.03728032112121582	56.63690185546875	56.58462905883789	0.8016720414161682	0.00019201301364425705
247	2223	0.0013513993471860886	0.0	0.0	2.3311426639556885	0.04521693289279938	58.210838317871094	58.167118072509766	0.8091161847114563	0.00019099148922195134
248	2232	0.0003199768252670765	0.0	0.0	2.172210454940796	0.04158717393875122	55.675811767578125	55.63716506958008	0.7957577109336853	0.00018996684722713642
249	2241	-0.007297818548977375	0.0	0.0	2.091381311416626	0.047825150191783905	59.338409423828125	59.291656494140625	0.8084833025932312	0.0001889392874157994
250	2250	-0.011247140355408192	0.0	0.0	2.1496760845184326	0.03998560458421707	56.187198638916016	56.13444900512695	0.8112586736679077	0.00018790901011276145
251	2259	-0.022986721247434616	0.0	0.0	2.71191668510437	0.026858270168304443	58.3552131652832	58.314361572265625	0.8045037388801575	0.00018687621617262423
252	2268	-0.039997462183237076	0.0	0.0	3.090062141418457	0.023906506597995758	56.42279815673828	56.380924224853516	0.7898353934288025	0.00018584110694061274
253	2277	-0.02865324541926384	0.0	0.0	2.2393317222595215	0.03975227475166321	57.02413558959961	56.98381042480469	0.8011024594306946	0.00018480388421332266
254	2286	-0.01384808961302042	0.0	0.0	1.9856473207473755	0.032566409558057785	56.19670486450195	56.15155792236328	0.8104898929595947	0.00018376475019937988
255	2295	-0.036663565784692764	0.0	0.0	2.1516518592834473	0.04475652426481247	56.50939178466797	56.44413375854492	0.7992240190505981	0.00018272390748001933
256	2304	-0.008912138640880585	0.0	0.0	2.2893247604370117	0.03901900723576546	55.17237854003906	55.10646438598633	0.8095977902412415	0.00018168155896959148
257	2313	-0.02006545662879944	0.0	0.0	2.0995147228240967	0.03221447020769119	57.07484436035156	57.022117614746094	0.8107686638832092	0.0001806379078760037
258	2322	-0.03545808419585228	0.0	0.0	3.175708770751953	0.0371989905834198	53.969482421875	53.91444778442383	0.797463595867157	0.00017959315766110463
259	2331	-0.01915271021425724	0.0	0.0	2.516685724258423	0.032799821346998215	56.51634979248047	56.45866012573242	0.8083595633506775	0.0001785475120010186
260	2340	-0.010346359573304653	0.0	0.0	2.0917139053344727	0.029156191274523735	54.562225341796875	54.52223205566406	0.8012343049049377	0.00017750117474643905
261	2349	-0.02642730064690113	0.0	0.0	2.3822224140167236	0.04032322019338608	56.91136169433594	56.87531280517578	0.8129199743270874	0.00017645434988288684
262	2358	-0.016428371891379356	0.0	0.0	4.054403305053711	0.03992670774459839	56.370933532714844	56.325374603271484	0.7883540391921997	0.00017540724149094333
263	2367	-0.027520455420017242	0.0	0.0	2.752093553543091	0.03416714817285538	53.7347412109375	53.680015563964844	0.7931341528892517	0.00017436005370646425
264	2376	-0.0149950897321105	0.0	0.0	2.1752066612243652	0.03829815238714218	58.6547966003418	58.61305618286133	0.8063502311706543	0.00017331299068078308
265	2385	-0.008927887305617332	0.0	0.0	3.3192138671875	0.039366140961647034	56.194908142089844	56.15237045288086	0.8014099597930908	0.0001722662565409113
266	2394	-0.029176993295550346	0.0	0.0	2.154411792755127	0.03477352857589722	58.84611892700195	58.79991912841797	0.8047858476638794	0.0001712200553497435
267	2403	-0.033789049834012985	0.0	0.0	1.9578361511230469	0.027636099606752396	55.1054801940918	55.063720703125	0.8092726469039917	0.00017017459106627485
268	2412	-0.048055678606033325	0.0	0.0	2.4310696125030518	0.036597926169633865	55.378326416015625	55.34075927734375	0.8085026741027832	0.00016913006750583884
269	2421	-0.036810606718063354	0.0	0.0	2.3386430740356445	0.03539412096142769	54.31843566894531	54.266845703125	0.8107079267501831	0.00016808668830037318
270	2430	-0.02820678800344467	0.0	0.0	2.4736528396606445	0.04713008925318718	56.25324630737305	56.2165641784668	0.8112706542015076	0.00016704465685872134
271	2439	-0.033773455768823624	0.0	0.0	2.2883777618408203	0.045505620539188385	55.99468231201172	55.95170211791992	0.8049508333206177	0.00016600417632697752
272	2448	-0.005836916621774435	0.0	0.0	2.682796001434326	0.0383690670132637	55.24947738647461	55.199432373046875	0.8022065162658691	0.00016496544954888308
273	2457	-0.024405866861343384	0.0	0.0	2.3263745307922363	0.03335727006196976	54.4732666015625	54.42333984375	0.8007640242576599	0.0001639286790262814
274	2466	-0.024088408797979355	0.0	0.0	2.524230480194092	0.045411113649606705	55.253387451171875	55.19337463378906	0.8073538541793823	0.00016289406687964016
275	2475	-0.02490505576133728	0.0	0.0	2.070741891860962	0.03285105153918266	54.56658935546875	54.51031494140625	0.8001816272735596	0.00016186181480864735
276	2484	-0.025342119857668877	0.0	0.0	2.723217248916626	0.03988400101661682	56.69948196411133	56.63685607910156	0.796432614326477	0.0001608321240528895
277	2493	-0.03840263560414314	0.0	0.0	2.435798168182373	0.030654987320303917	55.287471771240234	55.22849655151367	0.7995623350143433	0.00015980519535261964
278	2502	-0.02452477067708969	0.0	0.0	2.561720371246338	0.035200849175453186	58.179691314697266	58.12016677856445	0.7984886765480042	0.0001587812289096226
279	2511	-0.041742295026779175	0.0	0.0	2.92756724357605	0.03536371514201164	56.823787689208984	56.7664680480957	0.8025113344192505	0.00015776042434818542
280	2520	-0.051208656281232834	0.0	0.0	2.316572666168213	0.027329731732606888	56.43649673461914	56.382144927978516	0.7866770625114441	0.00015674298067617988
281	2529	-0.03045702539384365	0.0	0.0	2.22023606300354	0.0234534814953804	55.62961196899414	55.567039489746094	0.7956969738006592	0.00015572909624626585
282	2538	-0.049908481538295746	0.0	0.0	2.3821780681610107	0.02876552753150463	56.46786880493164	56.40568161010742	0.8056496381759644	0.00015471896871722181
283	2547	-0.011490249074995518	0.0	0.0	3.967064619064331	0.043520279228687286	55.47196960449219	55.41413497924805	0.7995834946632385	0.000153712795015411
284	2556	-0.02312197908759117	0.0	0.0	1.8693007230758667	0.027884000912308693	56.461490631103516	56.41496276855469	0.7987861037254333	0.00015271077129639025
285	2565	-0.04326209798455238	0.0	0.0	1.6236385107040405	0.0350751057267189	56.334835052490234	56.27886962890625	0.7788440585136414	0.00015171309290666892
286	2574	-0.030603259801864624	0.0	0.0	2.7397239208221436	0.03636777028441429	56.25755310058594	56.202884674072266	0.7983183860778809	0.00015071995434562594
287	2583	-0.016196900978684425	0.0	0.0	2.374028444290161	0.05706639587879181	55.42351150512695	55.37726974487305	0.7986565828323364	0.00014973154922759153
288	2592	-0.020823605358600616	0.0	0.0	3.3074774742126465	0.046347327530384064	58.02313995361328	57.984310150146484	0.7998318672180176	0.00014874807024410196
289	2601	-0.0523337721824646	0.0	0.0	2.737335681915283	0.03739238157868385	57.12119674682617	57.07505416870117	0.8048515915870667	0.00014776970912633362
290	2610	-0.034097976982593536	0.0	0.0	2.6608049869537354	0.0254355501383543	57.3751106262207	57.33794021606445	0.8017479181289673	0.00014679665660772493
291	2619	-0.038253236562013626	0.0	0.0	1.851370930671692	0.025471678003668785	55.05086898803711	55.00442123413086	0.792926013469696	0.00014582910238679245
292	2628	-0.04487825557589531	0.0	0.0	2.2281460762023926	0.02632637694478035	56.764862060546875	56.709285736083984	0.7978931665420532	0.00014486723509014868
293	2637	-0.05900895595550537	0.0	0.0	2.456968307495117	0.03639431297779083	55.77019119262695	55.72211837768555	0.789643406867981	0.00014391124223572886
294	2646	-0.02647249400615692	0.0	0.0	2.3444244861602783	0.045506443828344345	57.52572250366211	57.46835708618164	0.7971757054328918	0.0001429613101962342
295	2655	-0.022385625168681145	0.0	0.0	2.8511340618133545	0.04343084245920181	55.978607177734375	55.9274787902832	0.7942766547203064	0.00014201762416279798
296	2664	-0.038084011524915695	0.0	0.0	1.9665015935897827	0.04073857143521309	56.83705139160156	56.77737045288086	0.7932109236717224	0.0001410803681088822
297	2673	-0.02967347390949726	0.0	0.0	2.519507646560669	0.038325633853673935	55.793067932128906	55.72972869873047	0.7860295176506042	0.00014014972475441165
298	2682	-0.02373507246375084	0.0	0.0	2.1314706802368164	0.037409305572509766	56.355125427246094	56.287776947021484	0.7948572635650635	0.00013922587553015232
299	2691	-0.0454973541200161	0.0	0.0	3.229624032974243	0.03474700450897217	57.19871520996094	57.125614166259766	0.8004168272018433	0.00013830900054234092
300	2700	-0.054234959185123444	0.0	0.0	2.6723992824554443	0.04171063378453255	55.906497955322266	55.83707046508789	0.7947466969490051	0.000137399278537573
301	2709	-0.030515912920236588	0.0	0.0	1.9919228553771973	0.049440477043390274	55.70185852050781	55.6320915222168	0.796731173992157	0.00013649688686795595
302	2718	-0.0419611856341362	0.0	0.0	2.8318099975585938	0.048152755945920944	55.714412689208984	55.66417694091797	0.803149402141571	0.00013560200145653373
303	2727	-0.04186742380261421	0.0	0.0	2.602053642272949	0.0571921169757843	58.34885787963867	58.307220458984375	0.7972843050956726	0.00013471479676299046
304	2736	-0.023890536278486252	0.0	0.0	2.6526529788970947	0.05748024210333824	52.37968826293945	52.32478332519531	0.7904486656188965	0.00013383544574963898
305	2745	-0.039669521152973175	0.0	0.0	2.6823770999908447	0.053201381117105484	59.29082489013672	59.23789596557617	0.7865688800811768	0.00013296411984770168
306	2754	-0.045844387263059616	0.0	0.0	2.318049430847168	0.04831589013338089	57.10011291503906	57.03144073486328	0.7851198315620422	0.00013210098892388962
307	2763	-0.03269065171480179	0.0	0.0	2.778080940246582	0.035261888056993484	56.109371185302734	56.04526138305664	0.7921274900436401	0.00013124622124728664
308	2772	-0.04458034783601761	0.0	0.0	2.559295415878296	0.0460316464304924	57.62837219238281	57.55949401855469	0.7887363433837891	0.00013039998345654483
309	2781	-0.03932199999690056	0.0	0.0	2.3141989707946777	0.03694906085729599	57.803428649902344	57.742164611816406	0.7893250584602356	0.00012956244052739826
310	2790	-0.04725697636604309	0.0	0.0	2.8128740787506104	0.03897419944405556	58.16264343261719	58.103946685791016	0.7894291281700134	0.00012873375574050044
311	2799	-0.042325422167778015	0.0	0.0	2.55110239982605	0.05486355721950531	56.827816009521484	56.76373291015625	0.7801599502563477	0.00012791409064959262
312	2808	-0.04682328924536705	0.0	0.0	4.0907206535339355	0.03990111127495766	59.47157287597656	59.41667175292969	0.7862914800643921	0.00012710360505000827
313	2817	-0.047846708446741104	0.0	0.0	2.830824375152588	0.03917108103632927	57.74253463745117	57.68968200683594	0.7923275232315063	0.0001263024569475209
314	2826	-0.04649491608142853	0.0	0.0	2.278172731399536	0.05253744125366211	56.13824462890625	56.0825309753418	0.785657525062561	0.00012551080252754055
315	2835	-0.05253200605511665	0.0	0.0	2.94916033744812	0.04982097074389458	54.521549224853516	54.46803665161133	0.7864224910736084	0.00012472879612466492
316	2844	-0.043613944202661514	0.0	0.0	2.1744213104248047	0.05857487767934799	53.95389938354492	53.90886688232422	0.7939614653587341	0.00012395659019259173
317	2853	-0.05086062103509903	0.0	0.0	2.473159074783325	0.05360269546508789	57.0021858215332	56.95065689086914	0.8009899854660034	0.00012319433527439746
318	2862	-0.04734275862574577	0.0	0.0	2.730353832244873	0.04591205716133118	56.08946228027344	56.03452682495117	0.7816565036773682	0.00012244217997318878
319	2871	-0.051981352269649506	0.0	0.0	3.0277509689331055	0.04638131707906723	56.9049072265625	56.85820007324219	0.7747628688812256	0.00012170027092313194
320	2880	-0.05369947850704193	0.0	0.0	2.7134010791778564	0.05096800625324249	58.519371032714844	58.46211624145508	0.7855017781257629	0.00012096875276086627
321	2889	-0.05486622825264931	0.0	0.0	3.0462090969085693	0.047550834715366364	55.596412658691406	55.53205871582031	0.7793980836868286	0.00012024776809730691
322	2898	-0.05753939971327782	0.0	0.0	2.323478937149048	0.042292241007089615	57.11067199707031	57.044063568115234	0.7880982160568237	0.0001195374574898426
323	2907	-0.04599006846547127	0.0	0.0	2.528761148452759	0.044593896716833115	55.7510871887207	55.67198181152344	0.7864558696746826	0.00011883795941493368
324	2916	-0.060098495334386826	0.0	0.0	2.65618634223938	0.03362860530614853	53.91041564941406	53.830047607421875	0.7872576713562012	0.00011814941024111579
325	2925	-0.05201024189591408	0.0	0.0	2.4242615699768066	0.040648866444826126	55.82136917114258	55.749385833740234	0.7832040786743164	0.00011747194420241469
326	2934	-0.050771210342645645	0.0	0.0	2.258997678756714	0.04637879133224487	54.75799560546875	54.68922805786133	0.7818235754966736	0.00011680569337217694
327	2943	-0.04819571599364281	0.0	0.0	2.548391819000244	0.05020097643136978	55.09089279174805	55.01653289794922	0.7823721766471863	0.00011615078763732197
328	2952	-0.058156345039606094	0.0	0.0	2.633049726486206	0.05333181098103523	54.48518371582031	54.40827560424805	0.7783057689666748	0.00011550735467302044
329	2961	-0.06186215206980705	0.0	0.0	2.0154807567596436	0.04349081590771675	54.00403594970703	53.927490234375	0.7895652055740356	0.00011487551991780362
330	2970	-0.04099905863404274	0.0	0.0	3.077132225036621	0.040792301297187805	52.46059799194336	52.38302230834961	0.7901038527488708	0.000114255406549109
331	2979	-0.03643207252025604	0.0	0.0	2.2562689781188965	0.05114152655005455	54.70685958862305	54.63876724243164	0.784572958946228	0.00011364713545926645
332	2988	-0.05969313532114029	0.0	0.0	2.65073299407959	0.046649351716041565	52.906253814697266	52.84224319458008	0.800865113735199	0.00011305082523193014
333	2997	-0.06951773166656494	0.0	0.0	3.702584981918335	0.049495771527290344	53.05466079711914	52.9924430847168	0.7955103516578674	0.00011246659211896043
334	3006	-0.051488250494003296	0.0	0.0	2.5336523056030273	0.05517005920410156	56.91281509399414	56.85319519042969	0.7911120057106018	0.00011189455001776034
335	3015	-0.06389600783586502	0.0	0.0	2.0288479328155518	0.03842642530798912	53.031517028808594	52.95816421508789	0.779487669467926	0.00011133481044907087
336	3024	-0.0585528202354908	0.0	0.0	2.853081226348877	0.041453078389167786	56.66220474243164	56.58159637451172	0.7746143937110901	0.00011078748253523003
337	3033	-0.06520447134971619	0.0	0.0	2.807032823562622	0.03743649274110794	55.37040328979492	55.284523010253906	0.7647372484207153	0.00011025267297889908
338	3042	-0.0636969804763794	0.0	0.0	3.0330147743225098	0.03789789602160454	55.16551208496094	55.08673095703125	0.7710811495780945	0.0001097304860422607
339	3051	-0.07790614664554596	0.0	0.0	3.315601348876953	0.055322740226984024	54.38306427001953	54.2930908203125	0.7755213379859924	0.00010922102352669286
340	3060	-0.06606398522853851	0.0	0.0	2.986523151397705	0.0547899529337883	53.48154830932617	53.39287567138672	0.7768312692642212	0.00010872438475292239
341	3069	-0.054417725652456284	0.0	0.0	3.9842324256896973	0.04483971744775772	56.82598876953125	56.7462043762207	0.7747445106506348	0.00010824066654166228
342	3078	-0.07400313019752502	0.0	0.0	3.327765941619873	0.051039062440395355	55.73028564453125	55.65299987792969	0.7713204026222229	0.00010776996319473627
343	3087	-0.07232123613357544	0.0	0.0	3.5530054569244385	0.03738127276301384	56.05156326293945	55.989410400390625	0.780830979347229	0.00010731236647669446
344	3096	-0.04057895019650459	0.0	0.0	4.410609722137451	0.04434141889214516	55.09696960449219	55.034549713134766	0.7650154829025269	0.00010686796559692373
345	3105	-0.0824137032032013	0.0	0.0	3.743014335632324	0.04713129997253418	54.388511657714844	54.322532653808594	0.7688753604888916	0.00010643684719225612
346	3114	-0.05799941346049309	0.0	0.0	4.083088397979736	0.05660385265946388	54.92894744873047	54.8564453125	0.7643460035324097	0.00010601909531007884
347	3123	-0.06810527294874191	0.0	0.0	3.434861660003662	0.05656659975647926	54.89970016479492	54.833282470703125	0.7777882814407349	0.00010561479139194903
348	3132	-0.07881943136453629	0.0	0.0	2.4999372959136963	0.060896966606378555	53.75173568725586	53.68692398071289	0.7707087993621826	0.00010522401425771664
349	3141	-0.05278889834880829	0.0	0.0	4.644777297973633	0.07092521339654922	53.22419357299805	53.14924621582031	0.7727359533309937	0.00010484684009015825
350	3150	-0.059471480548381805	0.0	0.0	4.013537406921387	0.05690351501107216	54.99992752075195	54.922698974609375	0.7804365158081055	0.00010448334242012518
351	3159	-0.04839698225259781	0.0	0.0	3.952230453491211	0.05734216049313545	54.865421295166016	54.78174591064453	0.7692879438400269	0.0001041335921122084
352	3168	-0.0698016881942749	0.0	0.0	2.8278446197509766	0.05775391310453415	55.15673828125	55.07167053222656	0.7700831294059753	0.00010379765735092345
353	3177	-0.06730984896421432	0.0	0.0	2.8220925331115723	0.062467221170663834	54.30292510986328	54.21417236328125	0.7651767730712891	0.00010347560362741766
354	3186	-0.07666072249412537	0.0	0.0	2.5971219539642334	0.0656505599617958	55.96257400512695	55.86848068237305	0.7639837861061096	0.00010316749372670254
355	3195	-0.06695391237735748	0.0	0.0	3.059457540512085	0.0666905865073204	53.357032775878906	53.26385498046875	0.7599475383758545	0.00010287338771541373
356	3204	-0.06828190386295319	0.0	0.0	2.5802252292633057	0.057193510234355927	55.84624481201172	55.76027297973633	0.7632595300674438	0.00010259334293010086
357	3213	-0.07668280601501465	0.0	0.0	2.2630155086517334	0.04755360633134842	53.547908782958984	53.4520149230957	0.7610864043235779	0.0001023274139660497
358	3222	-0.06954780966043472	0.0	0.0	2.394085168838501	0.051153749227523804	54.345699310302734	54.26176071166992	0.7674299478530884	0.00010207565266663873
359	3231	-0.09871707856655121	0.0	0.0	3.124077320098877	0.04897671565413475	56.59867477416992	56.533416748046875	0.7683680057525635	0.00010183810811323207
360	3240	-0.06862717121839523	0.0	0.0	3.333904266357422	0.05495906248688698	52.5429801940918	52.473655700683594	0.763128936290741	0.00010161482661561108
361	3249	-0.06408233195543289	0.0	0.0	2.710994005203247	0.06132245436310768	55.37907409667969	55.30888366699219	0.7721062302589417	0.00010140585170294615
362	3258	-0.0612577386200428	0.0	0.0	2.996084451675415	0.05717084929347038	54.76564407348633	54.69470977783203	0.7654604315757751	0.00010121122411531057
363	3267	-0.08619401603937149	0.0	0.0	2.744610548019409	0.05195947363972664	55.14326858520508	55.071022033691406	0.7655161619186401	0.00010103098179573815
364	3276	-0.07923943549394608	0.0	0.0	2.0849640369415283	0.049648698419332504	54.44175720214844	54.36989974975586	0.7554032802581787	0.00010086515988282625
365	3285	-0.06649263203144073	0.0	0.0	3.3218863010406494	0.05634252354502678	54.665672302246094	54.57780838012695	0.7590491771697998	0.00010071379070388535
366	3294	-0.0845111832022667	0.0	0.0	2.510286808013916	0.05608290433883667	54.914154052734375	54.82673263549805	0.7624266147613525	0.00010057690376863677
367	3303	-0.06913632899522781	0.0	0.0	3.556497097015381	0.06816592812538147	54.680850982666016	54.59737777709961	0.756093442440033	0.00010045452576345981
368	3312	-0.07793183624744415	0.0	0.0	2.830291509628296	0.06698283553123474	54.69386291503906	54.59761047363281	0.7558926939964294	0.00010034668054618904
369	3321	-0.04945624619722366	0.0	0.0	2.999283790588379	0.05632542073726654	55.069358825683594	54.989768981933594	0.7400980591773987	0.00010025338914146325
370	3330	-0.0849582701921463	0.0	0.0	2.5955970287323	0.06658122688531876	57.10374450683594	57.02499771118164	0.7394533753395081	0.00010017466973662662
371	3339	-0.07611596584320068	0.0	0.0	3.462580680847168	0.07995479553937912	55.157955169677734	55.07048034667969	0.7351189255714417	0.00010011053767818313
372	3348	-0.05950919911265373	0.0	0.0	2.5586822032928467	0.08179045468568802	55.3508186340332	55.26602554321289	0.730469286441803	0.00010006100546880462
373	3357	-0.06999889016151428	0.0	0.0	2.3773930072784424	0.06599145382642746	55.07329559326172	54.992591857910156	0.7419832944869995	0.00010002608276489347
374	3366	-0.07016520947217941	0.0	0.0	4.070536136627197	0.06682893633842468	55.11631393432617	55.03478240966797	0.7557905316352844	0.00010000577637469998
375	3375	-0.08132121711969376	0.0	0.0	2.2315070629119873	0.0626073107123375	55.079769134521484	54.99912643432617	0.763897180557251	0.00010000009025699517
# Best epoch: 6
