# epoch	step	nll	ecut	ecut_viol	grad_norm	val_nll	val_ecut	val_ecut_viol	val_ress_zx	LR
1	27	-39.694557189941406	0.0	0.0	62.9287223815918	-39.78861618041992	255.0369110107422	213.1529998779297	0.12097702920436859	9.986158796046841e-05
2	54	-39.85034942626953	0.0	0.0	100.31072998046875	-39.816444396972656	245.44505310058594	203.36709594726562	0.1727558821439743	9.944712589814385e-05
3	81	-39.819252014160156	0.0	0.0	275.6552429199219	-39.812984466552734	242.03070068359375	199.74911499023438	0.1363944411277771	9.875893165300026e-05
4	108	-39.84387969970703	0.0	0.0	143.8325958251953	-39.872215270996094	236.60968017578125	194.57781982421875	0.17652946710586548	9.780085388641395e-05
5	135	-39.412662506103516	0.0	0.0	119.47474670410156	-39.72639465332031	232.42184448242188	190.34469604492188	0.17972813546657562	9.65782505578881e-05
6	162	-39.83961486816406	0.0	0.0	129.0414276123047	-39.90648651123047	234.106689453125	191.83154296875	0.1551533341407776	9.509795896116972e-05
7	189	-39.882362365722656	0.0	0.0	89.19456481933594	-39.972957611083984	235.71258544921875	193.5224609375	0.22192446887493134	9.336825748732971e-05
8	216	-39.947242736816406	0.0	0.0	118.21552276611328	-39.880271911621094	240.41070556640625	198.3058319091797	0.20779268443584442	9.139881932864174e-05
9	243	-39.91830062866211	0.0	0.0	202.96580505371094	-39.87066650390625	232.05294799804688	190.0873260498047	0.14877256751060486	8.920065838216747e-05
10	270	-40.007686614990234	0.0	0.0	89.67333221435547	-39.980255126953125	235.29449462890625	193.1278076171875	0.20076462626457214	8.678606765557639e-05
11	297	-40.034847259521484	0.0	0.0	127.51200103759766	-39.986942291259766	231.18115234375	188.81924438476562	0.2114856094121933	8.416855051966051e-05
12	324	-40.067623138427734	0.0	0.0	130.50506591796875	-40.02054977416992	229.873779296875	187.53118896484375	0.19011148810386658	8.136274519200731e-05
13	351	-40.0329704284668	0.0	0.0	181.7157745361328	-39.96091842651367	227.4041748046875	185.07696533203125	0.17889568209648132	7.83843428741493e-05
14	378	-39.841060638427734	0.0	0.0	198.62567138671875	-39.769989013671875	224.1249237060547	181.60498046875	0.17787596583366394	7.525000000000001e-05
15	405	-40.00935363769531	0.0	0.0	235.52499389648438	-40.041412353515625	228.9388427734375	186.6123046875	0.23249225318431854	7.197724508631914e-05
16	432	-40.110694885253906	0.0	0.0	157.13720703125	-39.972900390625	221.65362548828125	179.2535400390625	0.21503683924674988	6.858438070613657e-05
17	459	-40.058372497558594	0.0	0.0	185.30067443847656	-40.0592041015625	218.64923095703125	176.2601776123047	0.2007327377796173	6.509038113333976e-05
18	486	-39.99478530883789	0.0	0.0	198.59095764160156	-39.960418701171875	223.60418701171875	181.09066772460938	0.17673324048519135	6.151478623083758e-05
19	513	-40.046871185302734	0.0	0.0	99.44827270507812	-40.0670280456543	216.2816619873047	173.6409912109375	0.1508525013923645	5.787759217572066e-05
20	540	-40.07366943359375	0.0	0.0	108.22019958496094	-40.138221740722656	217.52359008789062	175.06808471679688	0.2506895959377289	5.419913963252802e-05
21	567	-39.975486755371094	0.0	0.0	186.2595672607422	-40.02758026123047	212.6746826171875	170.00534057617188	0.23191800713539124	5.0500000000000015e-05
22	594	-40.119144439697266	0.0	0.0	233.85354614257812	-40.13971710205078	214.17578125	171.50717163085938	0.1998555064201355	4.680086036747202e-05
23	621	-40.11875534057617	0.0	0.0	170.3805389404297	-40.16532897949219	216.8356170654297	174.27098083496094	0.257938414812088	4.3122407824279384e-05
24	648	-40.214332580566406	0.0	0.0	107.44715118408203	-40.19205856323242	208.6796875	165.79330444335938	0.19376353919506073	3.948521376916245e-05
25	675	-40.257259368896484	0.0	0.0	130.2307586669922	-40.222557067871094	211.2258758544922	168.43772888183594	0.24644134938716888	3.590961886666025e-05
26	702	-40.302001953125	0.0	0.0	86.90708923339844	-40.28848648071289	208.10537719726562	165.24746704101562	0.28483039140701294	3.241561929386345e-05
27	729	-40.267696380615234	0.0	0.0	90.34632873535156	-40.265560150146484	211.4840545654297	168.58633422851562	0.22952795028686523	2.9022754913680884e-05
28	756	-40.273746490478516	0.0	0.0	99.3536148071289	-40.26744842529297	208.037841796875	165.18173217773438	0.16721606254577637	2.575000000000002e-05
29	783	-40.36858367919922	0.0	0.0	113.24716186523438	-40.32062911987305	207.25320434570312	164.40206909179688	0.25240394473075867	2.2615657125850715e-05
30	810	-40.30764389038086	0.0	0.0	74.23217010498047	-40.313636779785156	203.45501708984375	160.49822998046875	0.2258489429950714	1.9637254807992697e-05
31	837	-40.333839416503906	0.0	0.0	86.52061462402344	-40.36247634887695	206.55303955078125	163.61460876464844	0.31580039858818054	1.68314494803395e-05
32	864	-40.389034271240234	0.0	0.0	49.744476318359375	-40.37510681152344	205.83938598632812	162.87815856933594	0.2806903123855591	1.4213932344423597e-05
33	891	-40.38845443725586	0.0	0.0	151.475830078125	-40.37826156616211	205.5648651123047	162.49432373046875	0.33502453565597534	1.1799341617832526e-05
34	918	-40.357933044433594	0.0	0.0	97.73627471923828	-40.3951530456543	201.67999267578125	158.5955810546875	0.32110297679901123	9.601180671358249e-06
35	945	-40.416561126708984	0.0	0.0	178.17013549804688	-40.39393997192383	202.89785766601562	159.77783203125	0.25156351923942566	7.631742512670296e-06
36	972	-40.462493896484375	0.0	0.0	73.9873046875	-40.42029571533203	202.9217987060547	159.87936401367188	0.33364903926849365	5.902041038830259e-06
37	999	-40.44236373901367	0.0	0.0	51.340213775634766	-40.44633483886719	200.14292907714844	156.98577880859375	0.36397942900657654	4.421749442111885e-06
38	1026	-40.45740509033203	0.0	0.0	41.52341079711914	-40.44851303100586	203.68112182617188	160.5673828125	0.3561672866344452	3.199146113586043e-06
39	1053	-40.514373779296875	0.0	0.0	185.0316619873047	-40.4445915222168	202.70823669433594	159.6293182373047	0.3021186590194702	2.2410683469997316e-06
40	1080	-40.533424377441406	0.0	0.0	59.15601348876953	-40.452125549316406	198.56362915039062	155.45404052734375	0.3311194181442261	1.5528741018561385e-06
41	1107	-40.50223922729492	0.0	0.0	63.79731369018555	-40.45899200439453	199.8823699951172	156.76254272460938	0.3761184811592102	1.1384120395315836e-06
42	1134	-40.445186614990234	0.0	0.0	72.3673324584961	-40.45248031616211	198.94931030273438	155.8282928466797	0.37322768568992615	1e-06
# Best epoch: 41
