# epoch	step	nll	ecut	ecut_viol	grad_norm	val_nll	val_ecut	val_ecut_viol	val_ress_zx	LR
1	18	-0.04851202666759491	0.0	0.0	2.8659563064575195	-0.05828513577580452	711.6194458007812	711.4818115234375	0.0812297910451889	1.0104856167894973e-05
2	36	-0.11732728779315948	0.0	0.0	2.132917881011963	-0.1125836968421936	692.609619140625	692.4400634765625	0.08071111142635345	1.0419241424647428e-05
3	54	-0.1265469342470169	0.0	0.0	2.8919479846954346	-0.12224528193473816	675.9307861328125	675.7188720703125	0.086906298995018	1.0942606349702928e-05
4	72	-0.14415530860424042	0.0	0.0	2.4302279949188232	-0.13043563067913055	668.3939208984375	668.16748046875	0.08543980121612549	1.1674036309053973e-05
5	90	-0.15006676316261292	0.0	0.0	2.719367265701294	-0.13202236592769623	664.742919921875	664.5301513671875	0.08773808181285858	1.2612253053656867e-05
6	108	-0.12450185418128967	0.0	0.0	2.1001834869384766	-0.13742607831954956	661.1400146484375	660.9149780273438	0.08499929308891296	1.3755616953303339e-05
7	126	-0.15777075290679932	0.0	0.0	2.670591115951538	-0.13977724313735962	658.64990234375	658.407470703125	0.08452577888965607	1.5102129862043013e-05
8	144	-0.13347162306308746	0.0	0.0	2.3441126346588135	-0.13898594677448273	657.217529296875	656.9721069335938	0.08400701731443405	1.664943861014867e-05
9	162	-0.13881388306617737	0.0	0.0	2.46150803565979	-0.14461970329284668	655.9297485351562	655.6759033203125	0.08696869015693665	1.8394839116522334e-05
10	180	-0.14861851930618286	0.0	0.0	2.3240084648132324	-0.1440666913986206	654.851318359375	654.5904541015625	0.08387592434883118	2.033528111435506e-05
11	198	-0.15795844793319702	0.0	0.0	3.0459465980529785	-0.15199166536331177	650.86181640625	650.5787353515625	0.08349493145942688	2.2467373481781553e-05
12	216	-0.13453176617622375	0.0	0.0	2.4571735858917236	-0.15986356139183044	646.720947265625	646.4249877929688	0.0839322954416275	2.4787390168214406e-05
13	234	-0.15734758973121643	0.0	0.0	2.1682488918304443	-0.16289108991622925	647.7361450195312	647.4520263671875	0.08431833237409592	2.729127670600035e-05
14	252	-0.157155841588974	0.0	0.0	2.894239902496338	-0.15703341364860535	643.788818359375	643.4690551757812	0.08525118976831436	2.9974657296019555e-05
15	270	-0.16894210875034332	0.0	0.0	2.215688943862915	-0.17176145315170288	640.9801025390625	640.656005859375	0.0820000022649765	3.283284245484406e-05
16	288	-0.14364373683929443	0.0	0.0	2.5041821002960205	-0.16572800278663635	640.6837158203125	640.3609619140625	0.08159993588924408	3.586083721009243e-05
17	306	-0.16185183823108673	0.0	0.0	2.3155367374420166	-0.15757344663143158	639.104248046875	638.7662353515625	0.08119583874940872	3.9053349829657234e-05
18	324	-0.16703678667545319	0.0	0.0	2.173896312713623	-0.17046555876731873	632.1015625	631.7410888671875	0.07827166467905045	4.24048010695512e-05
19	342	-0.20097030699253082	0.0	0.0	2.9515626430511475	-0.1644800752401352	633.162841796875	632.8165283203125	0.08385100960731506	4.5909333924209177e-05
20	360	-0.14586025476455688	0.0	0.0	2.6517744064331055	-0.16462665796279907	632.0674438476562	631.7308959960938	0.08106551319360733	4.95608238622079e-05
21	378	-0.14376702904701233	0.0	0.0	2.3972599506378174	-0.1607864499092102	629.84619140625	629.5045166015625	0.08017998933792114	5.335288952951385e-05
22	396	-0.13693521916866302	0.0	0.0	2.878488779067993	-0.1565839797258377	629.90380859375	629.5533447265625	0.08179598301649094	5.727890390155578e-05
23	414	-0.16764913499355316	0.0	0.0	2.55078125	-0.164422407746315	627.552978515625	627.2139892578125	0.07897432148456573	6.133200586463109e-05
24	432	-0.1750575751066208	0.0	0.0	2.620516300201416	-0.16855120658874512	615.8428955078125	615.4654541015625	0.08410841226577759	6.550511220640754e-05
25	450	-0.19582432508468628	0.0	0.0	2.5105326175689697	-0.1706453263759613	611.6538696289062	611.2582397460938	0.09166104346513748	6.979092999456486e-05
26	468	-0.1578807830810547	0.0	0.0	2.9944679737091064	-0.174906387925148	607.485107421875	607.06298828125	0.08934786915779114	7.418196932194366e-05
27	486	-0.18133574724197388	0.0	0.0	2.9102132320404053	-0.1876838058233261	603.2343139648438	602.801025390625	0.08590400218963623	7.86705563959282e-05
28	504	-0.19010011851787567	0.0	0.0	3.5903680324554443	-0.1681247055530548	595.6704711914062	595.2438354492188	0.08928759396076202	8.324884694918777e-05
29	522	-0.1816653162240982	0.0	0.0	4.403311729431152	-0.17653462290763855	588.077880859375	587.5997314453125	0.08974725008010864	8.790883994834036e-05
30	540	-0.1968265175819397	0.0	0.0	3.314385414123535	-0.1907942295074463	583.1280517578125	582.6629028320312	0.08908401429653168	9.26423915765808e-05
31	558	-0.18038883805274963	0.0	0.0	4.468260765075684	-0.19226083159446716	577.9605102539062	577.4720458984375	0.08931856602430344	9.744122946583788e-05
32	576	-0.15787425637245178	0.0	0.0	4.521329402923584	-0.19168365001678467	569.745849609375	569.242919921875	0.07290523499250412	0.000102296967153588
33	594	-0.20054683089256287	0.0	0.0	3.9424352645874023	-0.18223223090171814	555.1834716796875	554.6041259765625	0.09124214947223663	0.00010720111873906054
34	612	-0.194093257188797	0.0	0.0	2.6344079971313477	-0.20991864800453186	553.4967651367188	552.98974609375	0.09402139484882355	0.00011214511371322164
35	630	-0.20918278396129608	0.0	0.0	3.4032270908355713	-0.19123327732086182	546.34375	545.7322998046875	0.05272766947746277	0.00011712031193661992
36	648	-0.20033203065395355	0.0	0.0	3.874842405319214	-0.20555293560028076	540.7049560546875	540.073486328125	0.08351288735866547	0.00012211801873891837
37	666	-0.19985166192054749	0.0	0.0	3.7586376667022705	-0.2079412341117859	534.87646484375	534.2891235351562	0.09542029350996017	0.0001271295001137244
38	684	-0.25307855010032654	0.0	0.0	3.2536277770996094	-0.1970003843307495	532.3277587890625	531.6893310546875	0.07701070606708527	0.00013214599798216407
39	702	-0.23813855648040771	0.0	0.0	3.655299425125122	-0.21626344323158264	519.1219482421875	518.4716796875	0.09517962485551834	0.0001371587454985251
40	720	-0.19402751326560974	0.0	0.0	3.8979780673980713	-0.22007226943969727	520.5021362304688	519.8505249023438	0.11164629459381104	0.00014215898237122097
41	738	-0.270424485206604	0.0	0.0	3.163111448287964	-0.21249482035636902	514.69189453125	514.0606689453125	0.07805313169956207	0.00014713797017230093
42	756	-0.21441039443016052	0.0	0.0	4.430976390838623	-0.20034320652484894	512.9102172851562	512.2623291015625	0.08951342105865479	0.00015208700760875157
43	774	-0.23281961679458618	0.0	0.0	3.6657097339630127	-0.2126796841621399	516.9911499023438	516.3603515625	0.086700439453125	0.00015699744572890016
44	792	-0.22641988098621368	0.0	0.0	4.469412803649902	-0.21629953384399414	504.7939453125	504.14764404296875	0.08934199810028076	0.0001618607030373473
45	810	-0.21333470940589905	0.0	0.0	4.287029266357422	-0.21709910035133362	515.158935546875	514.5042114257812	0.08958274126052856	0.0001666682804920123
46	828	-0.2397395372390747	0.0	0.0	3.3709018230438232	-0.24673575162887573	498.1952209472656	497.501953125	0.10124989598989487	0.00017141177635708236
47	846	-0.23985643684864044	0.0	0.0	3.5066261291503906	-0.23886319994926453	496.3669738769531	495.68267822265625	0.10484285652637482	0.00017608290088591034
48	864	-0.2536357641220093	0.0	0.0	2.899571180343628	-0.2451964020729065	480.71405029296875	479.98089599609375	0.10610689222812653	0.00018067349080819864
49	882	-0.24675104022026062	0.0	0.0	5.07897424697876	-0.24534821510314941	482.35186767578125	481.5556640625	0.09271091222763062	0.0001851755235961535
50	900	-0.2583218812942505	0.0	0.0	4.489865779876709	-0.22945204377174377	488.12982177734375	487.414794921875	0.10586345940828323	0.00018958113148467685
51	918	-0.25494030117988586	0.0	0.0	4.701638221740723	-0.26274287700653076	481.285400390625	480.5842590332031	0.1070014089345932	0.00019388261522109467
52	936	-0.23036405444145203	0.0	0.0	5.60490608215332	-0.23499301075935364	465.92938232421875	465.1333312988281	0.1118898093700409	0.0001980724575203927
53	954	-0.22631731629371643	0.0	0.0	4.613366603851318	-0.23845943808555603	477.5685119628906	476.8017578125	0.10059109330177307	0.0002021433362024443
54	972	-0.26347464323043823	0.0	0.0	3.381010055541992	-0.2648881673812866	462.19061279296875	461.37664794921875	0.11306759715080261	0.00020608813698827356
55	990	-0.2569335103034973	0.0	0.0	3.4911861419677734	-0.27826520800590515	467.94903564453125	467.21661376953125	0.09871508926153183	0.00020989996593298848
56	1008	-0.26937994360923767	0.0	0.0	3.0617594718933105	-0.2651102542877197	445.891357421875	445.00433349609375	0.10531854629516602	0.00021357216147365886
57	1026	-0.2831980884075165	0.0	0.0	4.911524772644043	-0.278398334980011	455.0079345703125	454.2072448730469	0.08826994895935059	0.00021709830607108218
58	1044	-0.27303260564804077	0.0	0.0	3.9376578330993652	-0.2521427273750305	452.66424560546875	451.76904296875	0.08115918934345245	0.00022047223742509286
59	1062	-0.2963442802429199	0.0	0.0	4.238743782043457	-0.2771587073802948	450.978759765625	450.1039733886719	0.10111436247825623	0.00022368805924381557
60	1080	-0.23312626779079437	0.0	0.0	5.789577007293701	-0.284929096698761	441.1852722167969	440.3455505371094	0.09487634152173996	0.0002267401515480413
61	1098	-0.28754982352256775	0.0	0.0	3.7717502117156982	-0.28979793190956116	431.0379638671875	430.14093017578125	0.08413493633270264	0.00022962318049271854
62	1116	-0.2833935618400574	0.0	0.0	6.422853469848633	-0.322837769985199	427.07476806640625	426.219970703125	0.08784019947052002	0.00023233210768839628
63	1134	-0.294592022895813	0.0	0.0	7.77459716796875	-0.2799323797225952	433.0216064453125	432.16241455078125	0.0963846892118454	0.00023486219900632698
64	1152	-0.28545230627059937	0.0	0.0	3.7422258853912354	-0.3053126335144043	430.552001953125	429.69683837890625	0.10495546460151672	0.00023720903285184364
65	1170	-0.29729723930358887	0.0	0.0	4.507780075073242	-0.2944748103618622	412.3526611328125	411.4502868652344	0.08417674154043198	0.00023936850789155084
66	1188	-0.3284089267253876	0.0	0.0	4.173978328704834	-0.30187711119651794	431.4004211425781	430.57513427734375	0.11785516887903214	0.0002413368502208264
67	1206	-0.296056866645813	0.0	0.0	5.027634143829346	-0.30196428298950195	417.30450439453125	416.462158203125	0.1173863410949707	0.00024311061995910778
68	1224	-0.35621392726898193	0.0	0.0	6.788902759552002	-0.30827265977859497	403.791015625	402.8153076171875	0.10334831476211548	0.0002446867172614369
69	1242	-0.3011114001274109	0.0	0.0	3.867233991622925	-0.3146812915802002	414.94439697265625	414.0865173339844	0.1093083918094635	0.0002460623877357579
70	1260	-0.3123791515827179	0.0	0.0	4.019549369812012	-0.30662012100219727	406.9273376464844	406.0257568359375	0.11706119775772095	0.0002472352272565004
71	1278	-0.3127903640270233	0.0	0.0	5.2211809158325195	-0.3105233311653137	413.81396484375	412.942138671875	0.10814560204744339	0.00024820318616603605
72	1296	-0.305796355009079	0.0	0.0	3.2518410682678223	-0.3123483657836914	416.4456787109375	415.6155090332031	0.11708550155162811	0.000248964572856666
73	1314	-0.28561845421791077	0.0	0.0	3.637266159057617	-0.305292546749115	403.3294372558594	402.427978515625	0.11340916156768799	0.000249518056726879
74	1332	-0.26459747552871704	0.0	0.0	4.7529988288879395	-0.29641130566596985	404.32440185546875	403.3990173339844	0.12812255322933197	0.0002498626705067149
75	1350	-0.30695298314094543	0.0	0.0	4.111538887023926	-0.30134645104408264	402.9051513671875	402.0400390625	0.12842124700546265	0.0002499978119481675
76	1368	-0.33248916268348694	0.0	0.0	4.843203544616699	-0.3568952977657318	399.794677734375	398.87548828125	0.13912242650985718	0.00024997870936097793
77	1386	-0.30950701236724854	0.0	0.0	5.595714092254639	-0.33712494373321533	406.4760437011719	405.620361328125	0.1181822419166565	0.0002498998700317953
78	1404	-0.35107359290122986	0.0	0.0	4.214873313903809	-0.31604281067848206	401.24993896484375	400.3946533203125	0.12920118868350983	0.0002497629362669474
79	1422	-0.3899018168449402	0.0	0.0	5.518714427947998	-0.37452787160873413	390.45782470703125	389.5711364746094	0.132851243019104	0.00024956801427609493
80	1440	-0.3602348268032074	0.0	0.0	5.143476963043213	-0.35074594616889954	382.4154968261719	381.4813232421875	0.12940312922000885	0.00024931525524619013
81	1458	-0.31732961535453796	0.0	0.0	4.422952651977539	-0.3250272870063782	401.3795471191406	400.5292053222656	0.1308181881904602	0.00024900485522421126
82	1476	-0.32233747839927673	0.0	0.0	3.6181414127349854	-0.3462846875190735	387.5889587402344	386.6258544921875	0.09080004692077637	0.00024863705496510355
83	1494	-0.3321317732334137	0.0	0.0	5.987551212310791	-0.3372596502304077	395.7801513671875	394.8412780761719	0.1271979808807373	0.00024821213974504284
84	1512	-0.35054975748062134	0.0	0.0	4.6207170486450195	-0.36001473665237427	383.2657470703125	382.2943115234375	0.10930760204792023	0.0002477304391401673
85	1530	-0.3912142515182495	0.0	0.0	3.7741105556488037	-0.3188142776489258	385.99371337890625	385.1316223144531	0.1160065233707428	0.00024719232677094903
86	1548	-0.3611724376678467	0.0	0.0	5.69409704208374	-0.3064707815647125	393.3119812011719	392.41851806640625	0.11086108535528183	0.0002465982200124034
87	1566	-0.3333021104335785	0.0	0.0	4.856997966766357	-0.36664074659347534	374.30743408203125	373.33160400390625	0.14503124356269836	0.0002459485796703617
88	1584	-0.3701028823852539	0.0	0.0	5.505095958709717	-0.36105191707611084	379.2466125488281	378.29534912109375	0.1227225810289383	0.00024524390962405676
89	1602	-0.4116874039173126	0.0	0.0	4.715575695037842	-0.3750132918357849	371.0621337890625	370.08233642578125	0.1021871343255043	0.0002444847564353004
90	1620	-0.4171924293041229	0.0	0.0	3.5594542026519775	-0.39530208706855774	376.8311767578125	375.960205078125	0.1056879311800003	0.0002436717089245548
91	1638	-0.3596452474594116	0.0	0.0	5.693084239959717	-0.37693482637405396	370.5103759765625	369.5496826171875	0.09969718009233475	0.00024280539771422664
92	1656	-0.3815755844116211	0.0	0.0	5.927567958831787	-0.3789947032928467	360.666015625	359.61932373046875	0.10129424184560776	0.00024188649473953902
93	1674	-0.3999398350715637	0.0	0.0	5.762026309967041	-0.356112003326416	363.1885070800781	362.15301513671875	0.10161155462265015	0.00024091571272735946
94	1692	-0.3724718689918518	0.0	0.0	6.975691795349121	-0.37481939792633057	351.74700927734375	350.6851501464844	0.1034005880355835	0.00023989380464338895
95	1710	-0.38252031803131104	0.0	0.0	6.1454758644104	-0.38896816968917847	352.8629150390625	351.83599853515625	0.12732551991939545	0.00023882156310814107
96	1728	-0.3809463381767273	0.0	0.0	8.795511245727539	-0.38145941495895386	351.68841552734375	350.5959777832031	0.10976481437683105	0.00023769981978216285
97	1746	-0.37338531017303467	0.0	0.0	4.660117149353027	-0.4070804715156555	344.08319091796875	343.0393981933594	0.11588597297668457	0.00023652944472097578
98	1764	-0.420086145401001	0.0	0.0	5.102439880371094	-0.4079108238220215	339.20159912109375	338.17681884765625	0.12672638893127441	0.0002353113457002365
99	1782	-0.3777989149093628	0.0	0.0	5.005897521972656	-0.4372531771659851	352.21319580078125	351.22039794921875	0.10826106369495392	0.00023404646751164047
100	1800	-0.40647995471954346	0.0	0.0	7.148364543914795	-0.39407283067703247	350.2388916015625	349.20660400390625	0.1241573691368103	0.00023273579123011493
101	1818	-0.3884090185165405	0.0	0.0	3.8161354064941406	-0.4287415146827698	345.3565673828125	344.2783203125	0.10663910210132599	0.00023138033345287019
102	1836	-0.40499699115753174	0.0	0.0	5.371737003326416	-0.4315743148326874	324.1239013671875	323.060546875	0.11244866251945496	0.00022998114551089785
103	1854	-0.4387940764427185	0.0	0.0	5.11119270324707	-0.42136287689208984	330.4820556640625	329.4373779296875	0.11912354826927185	0.00022853931265352936
104	1872	-0.4136183261871338	0.0	0.0	5.147101402282715	-0.40470337867736816	326.3564453125	325.30096435546875	0.13021481037139893	0.0002270559532066862
105	1890	-0.4491114020347595	0.0	0.0	5.088226318359375	-0.41081947088241577	336.56689453125	335.591064453125	0.13972052931785583	0.0002255322177054751
106	1908	-0.4334978461265564	0.0	0.0	7.88732385635376	-0.43710988759994507	309.32135009765625	308.23028564453125	0.13369953632354736	0.00022396928800180044
107	1926	-0.4296531677246094	0.0	0.0	6.32835054397583	-0.4333290457725525	322.5912170410156	321.55035400390625	0.13671347498893738	0.0002223683763476873
108	1944	-0.415199339389801	0.0	0.0	6.263126373291016	-0.4270966053009033	331.248046875	330.2154541015625	0.12424802780151367	0.00022073072445502465
109	1962	-0.4473135471343994	0.0	0.0	6.144320011138916	-0.42850232124328613	306.8334655761719	305.74298095703125	0.14331689476966858	0.0002190576025324587
110	1980	-0.44920244812965393	0.0	0.0	4.488641262054443	-0.4157208800315857	305.1423034667969	304.0719909667969	0.1289963722229004	0.00021735030830018377
111	1998	-0.4399755895137787	0.0	0.0	4.324875354766846	-0.4216552972793579	308.5496826171875	307.481201171875	0.15436530113220215	0.00021561016598339405
112	2016	-0.44464629888534546	0.0	0.0	4.307228088378906	-0.4571737051010132	297.1787414550781	296.058349609375	0.1316765993833542	0.0002138385252851775
113	2034	-0.42865732312202454	0.0	0.0	5.706892013549805	-0.4405759572982788	308.44842529296875	307.3856506347656	0.13921895623207092	0.00021203676033964845
114	2052	-0.49407562613487244	0.0	0.0	4.399653911590576	-0.44216176867485046	294.51361083984375	293.3009948730469	0.13873198628425598	0.00021020626864613051
115	2070	-0.47193506360054016	0.0	0.0	5.996272087097168	-0.43856561183929443	308.8718566894531	307.79046630859375	0.12459103763103485	0.00020834846998521719
116	2088	-0.46762391924858093	0.0	0.0	5.317367076873779	-0.43345969915390015	303.69683837890625	302.5855407714844	0.1409720480442047	0.00020646480531755017
117	2106	-0.44470351934432983	0.0	0.0	4.773744106292725	-0.4700453281402588	300.4947509765625	299.3835144042969	0.1468295007944107	0.00020455673566617007
118	2124	-0.45474115014076233	0.0	0.0	9.753403663635254	-0.46774622797966003	304.4460754394531	303.35675048828125	0.14392215013504028	0.0002026257409833058
119	2142	-0.519656240940094	0.0	0.0	5.339569091796875	-0.4697183072566986	290.95782470703125	289.8326721191406	0.13891366124153137	0.00020067331900248259
120	2160	-0.5017299056053162	0.0	0.0	5.672398090362549	-0.47990578413009644	286.6229553222656	285.4541015625	0.14575204253196716	0.00019870098407683755
121	2178	-0.4727398753166199	0.0	0.0	10.351635932922363	-0.4696339964866638	276.1181640625	274.90777587890625	0.11382055282592773	0.00019671026600454522
122	2196	-0.460441917181015	0.0	0.0	6.746428489685059	-0.4705764949321747	286.36309814453125	285.1710510253906	0.133787602186203	0.00019470270884226325
123	2214	-0.48145073652267456	0.0	0.0	10.979837417602539	-0.5131940841674805	281.5201110839844	280.35028076171875	0.15745612978935242	0.00019267986970751886
124	2232	-0.5170860886573792	0.0	0.0	6.343021869659424	-0.4669564366340637	288.01055908203125	286.8188171386719	0.13432542979717255	0.0001906433175709647
125	2250	-0.49128034710884094	0.0	0.0	5.924257278442383	-0.4898858070373535	283.849365234375	282.66021728515625	0.1648949384689331	0.0001885946320394416
126	2268	-0.5156466960906982	0.0	0.0	7.625372409820557	-0.4899348020553589	287.21258544921875	286.0816955566406	0.14179480075836182	0.00018653540213079108
127	2286	-0.5060834884643555	0.0	0.0	3.9436793327331543	-0.502967357635498	275.9913330078125	274.8834228515625	0.10292069613933563	0.0001844672250413688
128	2304	-0.4876477122306824	0.0	0.0	7.537227153778076	-0.4952588379383087	280.3585510253906	279.2213134765625	0.14695224165916443	0.00018239170490721407
129	2322	-0.5277486443519592	0.0	0.0	8.975722312927246	-0.5066924691200256	264.7091369628906	263.524169921875	0.0989275649189949	0.0001803104515598374
130	2340	-0.5150092244148254	0.0	0.0	8.754192352294922	-0.4716717004776001	271.7984313964844	270.590576171875	0.1235513687133789	0.00017822507927758985
131	2358	-0.4831794500350952	0.0	0.0	6.225356101989746	-0.47158685326576233	281.94036865234375	280.75732421875	0.15645542740821838	0.00017613720553358373
132	2376	-0.5119074583053589	0.0	0.0	4.537519454956055	-0.4914594888687134	284.435791015625	283.294189453125	0.15947280824184418	0.00017404844974113506
133	2394	-0.5512678027153015	0.0	0.0	4.090518951416016	-0.4997107684612274	265.15716552734375	263.9681701660156	0.14666491746902466	0.00017196043199770134
134	2412	-0.5122008323669434	0.0	0.0	7.848336696624756	-0.5056352615356445	259.98876953125	258.76361083984375	0.13835331797599792	0.00016987477182828854
135	2430	-0.4895147979259491	0.0	0.0	11.789762496948242	-0.5037314295768738	276.9928283691406	275.87567138671875	0.17008480429649353	0.00016779308692930236
136	2448	-0.4983462989330292	0.0	0.0	4.282510757446289	-0.5092192888259888	260.89129638671875	259.69012451171875	0.16481152176856995	0.00016571699191381733
137	2466	-0.5206210613250732	0.0	0.0	6.351507186889648	-0.4824497103691101	256.8642272949219	255.6627197265625	0.13746902346611023	0.000163648097059238
138	2484	-0.5091246366500854	0.0	0.0	6.729609489440918	-0.4963192939758301	267.81597900390625	266.67236328125	0.16815292835235596	0.00016158800705832243
139	2502	-0.5255244970321655	0.0	0.0	8.865524291992188	-0.5216782093048096	263.94281005859375	262.72320556640625	0.18180423974990845	0.000159538319774538
140	2520	-0.5458738207817078	0.0	0.0	4.192622184753418	-0.5021072626113892	256.630615234375	255.37872314453125	0.13696157932281494	0.00015750062500271322
141	2538	-0.5290617346763611	0.0	0.0	6.055650234222412	-0.5389600396156311	242.79513549804688	241.50772094726562	0.1483515202999115	0.00015547650323594883
142	2556	-0.5790672898292542	0.0	0.0	7.575577259063721	-0.5477523803710938	240.50717163085938	239.2470245361328	0.17666403949260712	0.00015346752443974284
143	2574	-0.5410030484199524	0.0	0.0	9.686224937438965	-0.5297104120254517	253.54339599609375	252.35787963867188	0.1456344723701477	0.0001514752468342815
144	2592	-0.5535306930541992	0.0	0.0	15.099839210510254	-0.5503692626953125	252.93838500976562	251.72610473632812	0.14085206389427185	0.00014950121568584003
145	2610	-0.5618211030960083	0.0	0.0	11.18040943145752	-0.5420383810997009	253.2202606201172	252.0181121826172	0.17525610327720642	0.0001475469621082308
146	2628	-0.5310350656509399	0.0	0.0	7.040753364562988	-0.5348276495933533	264.5169677734375	263.347412109375	0.16252148151397705	0.00014561400187522878
147	2646	-0.5486452579498291	0.0	0.0	10.94881534576416	-0.5465642809867859	242.06353759765625	240.83538818359375	0.18159101903438568	0.00014370383424489478
148	2664	-0.5515846610069275	0.0	0.0	11.947550773620605	-0.5267326831817627	244.34347534179688	243.06101989746094	0.12853571772575378	0.000141817940796709
149	2682	-0.5281209945678711	0.0	0.0	6.786467552185059	-0.5501149296760559	242.30130004882812	241.014892578125	0.16419905424118042	0.00013995778428241653
150	2700	-0.5667994618415833	0.0	0.0	7.1456074714660645	-0.5596154928207397	251.12628173828125	249.94479370117188	0.177190363407135	0.00013812480749147619
151	2718	-0.5699857473373413	0.0	0.0	7.677645683288574	-0.5674396753311157	238.51947021484375	237.25973510742188	0.16816303133964539	0.0001363204321319926
152	2736	-0.5679727792739868	0.0	0.0	9.006850242614746	-0.5665000677108765	248.08474731445312	246.86544799804688	0.18802830576896667	0.0001345460577279995
153	2754	-0.5617247819900513	0.0	0.0	5.877425193786621	-0.5601421594619751	242.0608673095703	240.8445281982422	0.1973046213388443	0.00013280306053394986
154	2772	-0.5488949418067932	0.0	0.0	7.092353343963623	-0.5660977959632874	235.0947265625	233.87307739257812	0.18058431148529053	0.00013109279246725447
155	2790	-0.5784606337547302	0.0	0.0	6.388319492340088	-0.5649417638778687	250.5008087158203	249.3016357421875	0.1693020761013031	0.00012941658005969668
156	2808	-0.5995728969573975	0.0	0.0	13.243084907531738	-0.5455619692802429	243.20928955078125	242.01388549804688	0.18989616632461548	0.00012777572342853745
157	2826	-0.5602599382400513	0.0	0.0	9.676207542419434	-0.557022213935852	233.36062622070312	232.09970092773438	0.17795749008655548	0.00012617149526810795
158	2844	-0.5330950021743774	0.0	0.0	8.081708908081055	-0.5480153560638428	245.1236114501953	243.90518188476562	0.13800182938575745	0.00012460513986267222
159	2862	-0.5348201394081116	0.0	0.0	5.459928035736084	-0.5522763729095459	244.84939575195312	243.58889770507812	0.150253564119339	0.00012307787212132543
160	2880	-0.5397205352783203	0.0	0.0	14.162867546081543	-0.5657514929771423	237.44171142578125	236.1470947265625	0.16851457953453064	0.00012159087663567648
161	2898	-0.6349732875823975	0.0	0.0	5.108643054962158	-0.587620735168457	223.44712829589844	222.1482391357422	0.12400849163532257	0.00012014530676104541
162	2916	-0.6128063201904297	0.0	0.0	14.543742179870605	-0.5642053484916687	225.3861846923828	224.10523986816406	0.14950214326381683	0.00011874228372188891
163	2934	-0.6259064674377441	0.0	0.0	10.90461254119873	-0.5818560123443604	234.979736328125	233.73397827148438	0.15612822771072388	0.0001173828957421472
164	2952	-0.5672228336334229	0.0	0.0	8.203696250915527	-0.58001708984375	231.04922485351562	229.7900390625	0.17166724801063538	0.00011606819720118695
165	2970	-0.6068980097770691	0.0	0.0	7.659521102905273	-0.5869828462600708	207.79647827148438	206.45172119140625	0.1370372623205185	0.00011479920781599538
166	2988	-0.5766645073890686	0.0	0.0	10.531172752380371	-0.5721721649169922	212.87384033203125	211.57827758789062	0.16662585735321045	0.00011357691185025898
167	3006	-0.5674472451210022	0.0	0.0	7.880326747894287	-0.5650634765625	226.78607177734375	225.5550537109375	0.10252771526575089	0.00011240225735094122
168	3024	-0.5541270971298218	0.0	0.0	11.189730644226074	-0.5576250553131104	222.92581176757812	221.6401824951172	0.19249749183654785	0.00011127615541295065
169	3042	-0.6143317818641663	0.0	0.0	8.64470386505127	-0.5526890158653259	212.7005615234375	211.36904907226562	0.20433968305587769	0.0001101994794724703
170	3060	-0.5794368386268616	0.0	0.0	12.465536117553711	-0.5684548020362854	220.41937255859375	219.12705993652344	0.1932767629623413	0.00010917306462949608
171	3078	-0.5822055339813232	0.0	0.0	4.907190322875977	-0.5755550861358643	234.87741088867188	233.61865234375	0.17238175868988037	0.00010819770700010984
172	3096	-0.581742525100708	0.0	0.0	7.695422649383545	-0.566116213798523	228.08248901367188	226.80856323242188	0.179184228181839	0.00010727416309898946
173	3114	-0.5560101866722107	0.0	0.0	5.285025119781494	-0.553926944732666	220.552490234375	219.22329711914062	0.18195432424545288	0.00010640314925263491
174	3132	-0.5936962962150574	0.0	0.0	13.627642631530762	-0.5655070543289185	220.18943786621094	218.85813903808594	0.17209656536579132	0.00010558534104376536
175	3150	-0.5818212628364563	0.0	0.0	7.123917579650879	-0.5692410469055176	221.51919555664062	220.25091552734375	0.1545180082321167	0.00010482137278731829
176	3168	-0.561198890209198	0.0	0.0	9.377412796020508	-0.5908302664756775	220.79525756835938	219.55612182617188	0.20028875768184662	0.00010411183703845705
177	3186	-0.6121535301208496	0.0	0.0	8.618270874023438	-0.5816782712936401	217.76266479492188	216.52996826171875	0.19962644577026367	0.00010345728413296863
178	3204	-0.5686696171760559	0.0	0.0	7.888947010040283	-0.5863965153694153	216.55355834960938	215.29849243164062	0.18398001790046692	0.0001028582217604076
179	3222	-0.5639950633049011	0.0	0.0	6.0549702644348145	-0.585282027721405	218.16094970703125	216.86587524414062	0.2087685912847519	0.00010231511457031806
180	3240	-0.6358980536460876	0.0	0.0	9.68687915802002	-0.5945786237716675	205.23927307128906	203.90383911132812	0.1421060711145401	0.00010182838381183836
181	3258	-0.6111441850662231	0.0	0.0	12.888789176940918	-0.5903407335281372	208.02731323242188	206.68939208984375	0.1893543303012848	0.00010139840700696851
182	3276	-0.6190369129180908	0.0	0.0	6.615069389343262	-0.5884971022605896	219.67568969726562	218.40670776367188	0.2054452747106552	0.00010102551765775357
183	3294	-0.6489134430885315	0.0	0.0	5.754486560821533	-0.620969295501709	214.99407958984375	213.6640625	0.2001599222421646	0.00010071000498761003
184	3312	-0.620721161365509	0.0	0.0	8.416746139526367	-0.6046572923660278	209.50311279296875	208.10464477539062	0.19429464638233185	0.00010045211371699614
185	3330	-0.5876328349113464	0.0	0.0	7.59308385848999	-0.6214995384216309	211.69781494140625	210.35292053222656	0.19938130676746368	0.00010025204387359989
186	3348	-0.6440187692642212	0.0	0.0	11.620552062988281	-0.6066861152648926	215.58447265625	214.30833435058594	0.22670945525169373	0.00010010995063719177
187	3366	-0.6290507912635803	0.0	0.0	8.900084495544434	-0.6357182264328003	214.09133911132812	212.79515075683594	0.18369479477405548	0.00010002594421926321
188	3384	-0.6074954271316528	0.0	0.0	5.187162399291992	-0.6090413928031921	209.24989318847656	207.90512084960938	0.17457112669944763	0.00010000008977754329
# Best epoch: 186
