# epoch	step	nll	ecut	ecut_viol	grad_norm	val_nll	val_ecut	val_ecut_viol	val_ress_zx	LR
1	27	-19.459035873413086	0.0	0.0	60.88203430175781	-19.498336791992188	222.73171997070312	201.5207977294922	0.04396742209792137	9.986158796046841e-05
2	54	-19.84779167175293	0.0	0.0	68.04644012451172	-19.72956657409668	200.88961791992188	179.2830810546875	0.06125307083129883	9.944712589814385e-05
3	81	-19.809478759765625	0.0	0.0	108.6522216796875	-19.673547744750977	207.43357849121094	185.71810913085938	0.06853675842285156	9.875893165300026e-05
4	108	-19.792144775390625	0.0	0.0	58.246761322021484	-19.695087432861328	202.78805541992188	181.11566162109375	0.04583455249667168	9.780085388641395e-05
5	135	-19.68044090270996	0.0	0.0	61.624271392822266	-19.743528366088867	203.0586395263672	181.3651580810547	0.06333570927381516	9.65782505578881e-05
6	162	-19.80614471435547	0.0	0.0	124.86469268798828	-19.83597183227539	201.39462280273438	179.64645385742188	0.08271092176437378	9.509795896116972e-05
7	189	-19.732933044433594	0.0	0.0	105.34013366699219	-19.684642791748047	204.09336853027344	182.3350830078125	0.0485779345035553	9.336825748732971e-05
8	216	-19.505870819091797	0.0	0.0	89.8224105834961	-19.612903594970703	203.75503540039062	182.0706787109375	0.08617258071899414	9.139881932864174e-05
9	243	-19.74676513671875	0.0	0.0	127.84746551513672	-19.75410270690918	199.8623046875	177.9796600341797	0.08044514060020447	8.920065838216747e-05
10	270	-19.759082794189453	0.0	0.0	114.02757263183594	-19.745529174804688	198.8060760498047	177.02694702148438	0.05157046020030975	8.678606765557639e-05
11	297	-19.565807342529297	0.0	0.0	118.49634552001953	-19.626224517822266	193.8359375	171.8760223388672	0.07486434280872345	8.416855051966051e-05
12	324	-19.76960563659668	0.0	0.0	70.28971099853516	-19.66605567932129	195.46572875976562	173.45077514648438	0.10487419366836548	8.136274519200731e-05
13	351	-19.736614227294922	0.0	0.0	190.20358276367188	-19.712919235229492	184.95639038085938	162.9526824951172	0.08291083574295044	7.83843428741493e-05
14	378	-19.783584594726562	0.0	0.0	78.38961791992188	-19.845901489257812	188.57345581054688	166.610595703125	0.11031955480575562	7.525000000000001e-05
15	405	-19.721036911010742	0.0	0.0	80.62699890136719	-19.80959701538086	189.54244995117188	167.36502075195312	0.07740473002195358	7.197724508631914e-05
16	432	-19.829458236694336	0.0	0.0	121.68006134033203	-19.833892822265625	185.87350463867188	163.75576782226562	0.07528691738843918	6.858438070613657e-05
17	459	-19.981903076171875	0.0	0.0	52.83503723144531	-19.913726806640625	182.55661010742188	160.4145050048828	0.08639064431190491	6.509038113333976e-05
18	486	-19.922956466674805	0.0	0.0	62.07712936401367	-19.85958480834961	189.05148315429688	166.98019409179688	0.12243492901325226	6.151478623083758e-05
19	513	-20.019865036010742	0.0	0.0	70.54821014404297	-19.963218688964844	185.46432495117188	163.27127075195312	0.06969451904296875	5.787759217572066e-05
20	540	-20.014997482299805	0.0	0.0	59.45834732055664	-20.007366180419922	183.5445556640625	161.38311767578125	0.0833057090640068	5.419913963252802e-05
21	567	-19.97942543029785	0.0	0.0	92.47234344482422	-20.00417137145996	185.0701141357422	162.85366821289062	0.12582463026046753	5.0500000000000015e-05
22	594	-20.05332374572754	0.0	0.0	112.72463989257812	-20.065658569335938	178.01571655273438	155.8018035888672	0.11475680768489838	4.680086036747202e-05
23	621	-20.11041259765625	0.0	0.0	181.89999389648438	-20.13805389404297	179.99728393554688	157.6697998046875	0.12361147254705429	4.3122407824279384e-05
24	648	-20.116056442260742	0.0	0.0	228.78013610839844	-20.040599822998047	180.61485290527344	158.15345764160156	0.09497836232185364	3.948521376916245e-05
25	675	-20.31209945678711	0.0	0.0	72.97587585449219	-20.16840934753418	174.26998901367188	151.6800537109375	0.11243394017219543	3.590961886666025e-05
26	702	-20.26816177368164	0.0	0.0	117.4630355834961	-20.174213409423828	174.46470642089844	151.9301300048828	0.16277596354484558	3.241561929386345e-05
27	729	-20.217411041259766	0.0	0.0	284.76904296875	-20.16366958618164	175.92398071289062	153.37628173828125	0.1044105514883995	2.9022754913680884e-05
28	756	-20.231515884399414	0.0	0.0	58.475242614746094	-20.24870491027832	166.98716735839844	144.51040649414062	0.1680392324924469	2.575000000000002e-05
29	783	-20.18940544128418	0.0	0.0	74.08984375	-20.254011154174805	170.26763916015625	147.75466918945312	0.15547849237918854	2.2615657125850715e-05
30	810	-20.3807373046875	0.0	0.0	69.0465087890625	-20.244216918945312	167.51414489746094	145.0243377685547	0.18763785064220428	1.9637254807992697e-05
31	837	-20.363502502441406	0.0	0.0	36.55426025390625	-20.298572540283203	170.82717895507812	148.22830200195312	0.19817416369915009	1.68314494803395e-05
32	864	-20.344472885131836	0.0	0.0	97.55472564697266	-20.283437728881836	165.7889404296875	143.16038513183594	0.1892264485359192	1.4213932344423597e-05
33	891	-20.39983367919922	0.0	0.0	59.720340728759766	-20.329551696777344	165.18698120117188	142.55215454101562	0.19168059527873993	1.1799341617832526e-05
34	918	-20.296207427978516	0.0	0.0	114.5025405883789	-20.346588134765625	163.72967529296875	141.0788116455078	0.17328307032585144	9.601180671358249e-06
35	945	-20.396099090576172	0.0	0.0	651.4111328125	-20.344482421875	166.2684326171875	143.61068725585938	0.1728430688381195	7.631742512670296e-06
36	972	-20.336990356445312	0.0	0.0	57.8121337890625	-20.356422424316406	161.2674560546875	138.55966186523438	0.19855162501335144	5.902041038830259e-06
37	999	-20.376907348632812	0.0	0.0	112.77701568603516	-20.370365142822266	160.49375915527344	137.76722717285156	0.17976334691047668	4.421749442111885e-06
38	1026	-20.395877838134766	0.0	0.0	299.2207336425781	-20.37489891052246	162.38182067871094	139.6433868408203	0.14243970811367035	3.199146113586043e-06
39	1053	-20.373611450195312	0.0	0.0	111.37036895751953	-20.38778305053711	158.86627197265625	136.14271545410156	0.1514856368303299	2.2410683469997316e-06
40	1080	-20.422286987304688	0.0	0.0	83.96330261230469	-20.395261764526367	160.36849975585938	137.64553833007812	0.1960936039686203	1.5528741018561385e-06
41	1107	-20.562896728515625	0.0	0.0	128.47122192382812	-20.402084350585938	158.8527069091797	136.15145874023438	0.20729689300060272	1.1384120395315836e-06
42	1134	-20.43411636352539	0.0	0.0	77.20992279052734	-20.40631866455078	160.19970703125	137.45889282226562	0.2077208161354065	1e-06
# Best epoch: 42
