# epoch	step	nll	ecut	ecut_viol	grad_norm	val_nll	val_ecut	val_ecut_viol	val_ress_zx	LR
1	27	-41.67259979248047	0.0	0.0	199.29945373535156	-41.53858947753906	376.48394775390625	333.6630859375	0.08394350111484528	9.986158796046841e-05
2	54	-42.08287048339844	0.0	0.0	116.59048461914062	-42.04512405395508	367.08966064453125	323.42718505859375	0.10866104811429977	9.944712589814385e-05
3	81	-41.939876556396484	0.0	0.0	465.2935791015625	-41.85394287109375	363.8271484375	320.26702880859375	0.09840628504753113	9.875893165300026e-05
4	108	-42.06867980957031	0.0	0.0	243.68096923828125	-42.0325927734375	358.1150817871094	313.9316101074219	0.16914153099060059	9.780085388641395e-05
5	135	-42.09786605834961	0.0	0.0	114.25189971923828	-42.047279357910156	347.698486328125	303.740478515625	0.12546306848526	9.65782505578881e-05
6	162	-42.264869689941406	0.0	0.0	81.60635375976562	-42.19692611694336	352.4747314453125	308.57525634765625	0.09348900616168976	9.509795896116972e-05
7	189	-42.009090423583984	0.0	0.0	77.90096282958984	-42.06835174560547	355.955078125	311.9408874511719	0.13156123459339142	9.336825748732971e-05
8	216	-42.011375427246094	0.0	0.0	313.9070129394531	-41.770416259765625	363.6187438964844	319.9355163574219	0.0589260458946228	9.139881932864174e-05
9	243	-41.78513717651367	0.0	0.0	162.73789978027344	-41.85512161254883	362.83734130859375	319.18939208984375	0.12648925185203552	8.920065838216747e-05
10	270	-42.14066696166992	0.0	0.0	160.52586364746094	-42.124507904052734	356.6368408203125	312.53271484375	0.1796589493751526	8.678606765557639e-05
11	297	-42.26598358154297	0.0	0.0	82.26883697509766	-42.209598541259766	343.3034362792969	299.1150207519531	0.16186778247356415	8.416855051966051e-05
12	324	-42.15934753417969	0.0	0.0	110.52701568603516	-42.15033721923828	346.75030517578125	302.52996826171875	0.11589618772268295	8.136274519200731e-05
13	351	-42.19132995605469	0.0	0.0	216.0153045654297	-42.228309631347656	342.4273681640625	298.2696838378906	0.15147244930267334	7.83843428741493e-05
14	378	-42.18207550048828	0.0	0.0	167.65333557128906	-42.307735443115234	333.1728820800781	288.7425842285156	0.15432652831077576	7.525000000000001e-05
15	405	-42.10717010498047	0.0	0.0	176.9719696044922	-42.18294906616211	338.58599853515625	294.1202087402344	0.15322470664978027	7.197724508631914e-05
16	432	-42.278709411621094	0.0	0.0	57.501808166503906	-42.23976516723633	329.2287292480469	284.616943359375	0.0907977819442749	6.858438070613657e-05
17	459	-42.37480926513672	0.0	0.0	145.87083435058594	-42.20758819580078	331.39739990234375	286.74163818359375	0.18600115180015564	6.509038113333976e-05
18	486	-42.40711975097656	0.0	0.0	107.31635284423828	-42.316009521484375	343.3341064453125	298.96368408203125	0.19720637798309326	6.151478623083758e-05
19	513	-42.09935760498047	0.0	0.0	265.1013488769531	-42.19318771362305	332.92059326171875	288.9912414550781	0.1505848914384842	5.787759217572066e-05
20	540	-42.45710754394531	0.0	0.0	131.56796264648438	-42.33592987060547	322.67626953125	277.9679870605469	0.1542082577943802	5.419913963252802e-05
21	567	-42.36585998535156	0.0	0.0	77.28714752197266	-42.35447692871094	317.0621337890625	272.525146484375	0.19164490699768066	5.0500000000000015e-05
22	594	-42.39569854736328	0.0	0.0	152.9112548828125	-42.31329345703125	326.2886962890625	281.7689208984375	0.19599178433418274	4.680086036747202e-05
23	621	-42.39594268798828	0.0	0.0	161.3527069091797	-42.435302734375	307.560302734375	263.01055908203125	0.2478788197040558	4.3122407824279384e-05
24	648	-42.460235595703125	0.0	0.0	126.34274291992188	-42.44244384765625	316.3759765625	271.65216064453125	0.17590609192848206	3.948521376916245e-05
25	675	-42.51122283935547	0.0	0.0	101.9977035522461	-42.48990249633789	311.966064453125	267.143310546875	0.2694484293460846	3.590961886666025e-05
26	702	-42.530792236328125	0.0	0.0	208.24188232421875	-42.511878967285156	303.15960693359375	258.24554443359375	0.23501980304718018	3.241561929386345e-05
27	729	-42.54311752319336	0.0	0.0	79.27647399902344	-42.45439147949219	302.83917236328125	257.9660949707031	0.21461030840873718	2.9022754913680884e-05
28	756	-42.61921310424805	0.0	0.0	90.85932159423828	-42.559776306152344	311.3437194824219	266.5235595703125	0.2480505406856537	2.575000000000002e-05
29	783	-42.67693328857422	0.0	0.0	84.00209045410156	-42.562164306640625	305.6761474609375	260.5993347167969	0.24642476439476013	2.2615657125850715e-05
30	810	-42.478721618652344	0.0	0.0	145.9731903076172	-42.483943939208984	304.72900390625	259.57635498046875	0.2856767177581787	1.9637254807992697e-05
31	837	-42.599178314208984	0.0	0.0	112.83216857910156	-42.58234405517578	303.24847412109375	258.2113342285156	0.27915138006210327	1.68314494803395e-05
32	864	-42.61598205566406	0.0	0.0	51.79746627807617	-42.624351501464844	302.13623046875	257.05859375	0.30889835953712463	1.4213932344423597e-05
33	891	-42.66215133666992	0.0	0.0	45.98645782470703	-42.64244079589844	300.80926513671875	255.61148071289062	0.32204437255859375	1.1799341617832526e-05
34	918	-42.717018127441406	0.0	0.0	71.86643981933594	-42.644920349121094	298.88885498046875	253.7188720703125	0.32511425018310547	9.601180671358249e-06
35	945	-42.633445739746094	0.0	0.0	37.016700744628906	-42.65777587890625	303.2979431152344	258.1857604980469	0.32189375162124634	7.631742512670296e-06
36	972	-42.670494079589844	0.0	0.0	56.3568000793457	-42.66634750366211	300.556884765625	255.33444213867188	0.30388423800468445	5.902041038830259e-06
37	999	-42.72666549682617	0.0	0.0	93.40363311767578	-42.692970275878906	297.55218505859375	252.38778686523438	0.33228617906570435	4.421749442111885e-06
38	1026	-42.74974822998047	0.0	0.0	78.94109344482422	-42.6970329284668	295.2083740234375	249.97825622558594	0.32930248975753784	3.199146113586043e-06
39	1053	-42.75202941894531	0.0	0.0	47.298370361328125	-42.711570739746094	294.3965759277344	249.20571899414062	0.34403619170188904	2.2410683469997316e-06
40	1080	-42.76351547241211	0.0	0.0	57.237953186035156	-42.70904541015625	295.22601318359375	250.01422119140625	0.334469735622406	1.5528741018561385e-06
41	1107	-42.726802825927734	0.0	0.0	50.463680267333984	-42.724945068359375	297.4068603515625	252.25192260742188	0.3438090682029724	1.1384120395315836e-06
42	1134	-42.7435302734375	0.0	0.0	64.74991607666016	-42.7222900390625	296.44757080078125	251.23468017578125	0.34825024008750916	1e-06
# Best epoch: 42
