# epoch	step	nll	ecut	ecut_viol	grad_norm	val_nll	val_ecut	val_ecut_viol	val_ress_zx	LR
1	27	-3.274763584136963	0.0	0.0	18.12436866760254	-3.2841336727142334	185.5627899169922	180.5135498046875	0.030013224110007286	9.986158796046841e-05
2	54	-3.3215491771698	0.0	0.0	42.666107177734375	-3.282500743865967	192.08773803710938	187.11907958984375	0.053934626281261444	9.944712589814385e-05
3	81	-3.239874839782715	0.0	0.0	27.18317985534668	-3.288922071456909	186.7213592529297	181.66354370117188	0.05799753591418266	9.875893165300026e-05
4	108	-3.3576228618621826	0.0	0.0	22.24623680114746	-3.284954071044922	183.12301635742188	178.03684997558594	0.06643976271152496	9.780085388641395e-05
5	135	-3.4189443588256836	0.0	0.0	42.18561935424805	-3.3057875633239746	183.55221557617188	178.5157928466797	0.060702256858348846	9.65782505578881e-05
6	162	-3.340007781982422	0.0	0.0	74.75733947753906	-3.3431849479675293	186.77452087402344	181.8003387451172	0.07561008632183075	9.509795896116972e-05
7	189	-3.30890154838562	0.0	0.0	54.5013542175293	-3.313878059387207	192.40359497070312	187.4517059326172	0.07225444167852402	9.336825748732971e-05
8	216	-3.4256744384765625	0.0	0.0	33.2988395690918	-3.390047073364258	184.3662109375	179.42611694335938	0.07469283044338226	9.139881932864174e-05
9	243	-3.4308247566223145	0.0	0.0	29.02486801147461	-3.390131950378418	180.16415405273438	175.166748046875	0.07279208302497864	8.920065838216747e-05
10	270	-3.4585912227630615	0.0	0.0	19.95480728149414	-3.3785922527313232	176.83071899414062	171.77505493164062	0.0533180832862854	8.678606765557639e-05
11	297	-3.4549968242645264	0.0	0.0	120.35830688476562	-3.3884291648864746	170.88450622558594	165.72555541992188	0.05383233726024628	8.416855051966051e-05
12	324	-3.388026714324951	0.0	0.0	26.754695892333984	-3.39048171043396	177.767822265625	172.74761962890625	0.07726578414440155	8.136274519200731e-05
13	351	-3.4631242752075195	0.0	0.0	39.065765380859375	-3.4205780029296875	169.2207489013672	164.11778259277344	0.09927906095981598	7.83843428741493e-05
14	378	-3.4122767448425293	0.0	0.0	27.533981323242188	-3.4312350749969482	173.0972900390625	168.0284423828125	0.07884406298398972	7.525000000000001e-05
15	405	-3.492321729660034	0.0	0.0	41.75865936279297	-3.459798812866211	159.478271484375	154.2512664794922	0.08820576965808868	7.197724508631914e-05
16	432	-3.5494933128356934	0.0	0.0	69.2751235961914	-3.4552841186523438	154.87632751464844	149.6219940185547	0.08111603558063507	6.858438070613657e-05
17	459	-3.5218427181243896	0.0	0.0	43.466712951660156	-3.4919352531433105	157.88272094726562	152.65792846679688	0.09036397188901901	6.509038113333976e-05
18	486	-3.482126235961914	0.0	0.0	17.379531860351562	-3.4883246421813965	158.3736572265625	153.19332885742188	0.08301237225532532	6.151478623083758e-05
19	513	-3.578004837036133	0.0	0.0	20.478164672851562	-3.4821338653564453	162.6824493408203	157.51766967773438	0.08475695550441742	5.787759217572066e-05
20	540	-3.5391616821289062	0.0	0.0	51.56999969482422	-3.4954535961151123	153.11639404296875	147.9191131591797	0.061697881668806076	5.419913963252802e-05
21	567	-3.5530200004577637	0.0	0.0	63.15550994873047	-3.505188465118408	151.5576934814453	146.30331420898438	0.08306535333395004	5.0500000000000015e-05
22	594	-3.608797073364258	0.0	0.0	33.10857391357422	-3.5339066982269287	143.670166015625	138.34349060058594	0.08263295888900757	4.680086036747202e-05
23	621	-3.566685438156128	0.0	0.0	33.58005905151367	-3.555093765258789	145.6002655029297	140.30093383789062	0.09122445434331894	4.3122407824279384e-05
24	648	-3.5292000770568848	0.0	0.0	25.037015914916992	-3.5728023052215576	147.56307983398438	142.3380126953125	0.09388713538646698	3.948521376916245e-05
25	675	-3.568510055541992	0.0	0.0	53.881168365478516	-3.5680301189422607	146.98855590820312	141.75352478027344	0.06035926565527916	3.590961886666025e-05
26	702	-3.567777395248413	0.0	0.0	39.398231506347656	-3.5784173011779785	141.45742797851562	136.15191650390625	0.05545061454176903	3.241561929386345e-05
27	729	-3.5483665466308594	0.0	0.0	39.930999755859375	-3.591097354888916	142.9864959716797	137.7596435546875	0.09194406867027283	2.9022754913680884e-05
28	756	-3.6188979148864746	0.0	0.0	266.627197265625	-3.6021761894226074	141.1761932373047	135.92044067382812	0.09679707884788513	2.575000000000002e-05
29	783	-3.5920004844665527	0.0	0.0	25.396808624267578	-3.6047189235687256	144.01025390625	138.76397705078125	0.08974173665046692	2.2615657125850715e-05
30	810	-3.592742919921875	0.0	0.0	22.387500762939453	-3.6275851726531982	135.68075561523438	130.35118103027344	0.08806034177541733	1.9637254807992697e-05
31	837	-3.6614999771118164	0.0	0.0	20.43735694885254	-3.628444194793701	137.34588623046875	132.01829528808594	0.09677042067050934	1.68314494803395e-05
32	864	-3.618356227874756	0.0	0.0	24.149009704589844	-3.6345815658569336	136.20535278320312	130.9091033935547	0.10107769817113876	1.4213932344423597e-05
33	891	-3.711658000946045	0.0	0.0	76.48146057128906	-3.631059408187866	134.45262145996094	129.09039306640625	0.08746644854545593	1.1799341617832526e-05
34	918	-3.666236639022827	0.0	0.0	92.35285186767578	-3.6379199028015137	134.65850830078125	129.30250549316406	0.11452971398830414	9.601180671358249e-06
35	945	-3.6673648357391357	0.0	0.0	21.75394630432129	-3.646477460861206	132.0933074951172	126.73883056640625	0.11878526210784912	7.631742512670296e-06
36	972	-3.6882452964782715	0.0	0.0	64.01472473144531	-3.6490628719329834	133.12411499023438	127.81199645996094	0.11560382694005966	5.902041038830259e-06
37	999	-3.7370944023132324	0.0	0.0	38.0832405090332	-3.6607837677001953	131.56639099121094	126.20770263671875	0.10668494552373886	4.421749442111885e-06
38	1026	-3.666726589202881	0.0	0.0	37.328765869140625	-3.6553046703338623	130.69041442871094	125.32484436035156	0.10266155004501343	3.199146113586043e-06
39	1053	-3.7561309337615967	0.0	0.0	13.267796516418457	-3.663267135620117	131.36083984375	126.00312805175781	0.06063486635684967	2.2410683469997316e-06
40	1080	-3.7209994792938232	0.0	0.0	37.82878875732422	-3.6649465560913086	131.2347412109375	125.87284851074219	0.10911832749843597	1.5528741018561385e-06
41	1107	-3.6967806816101074	0.0	0.0	38.73131561279297	-3.6640024185180664	131.65293884277344	126.29286193847656	0.1090037077665329	1.1384120395315836e-06
42	1134	-3.750405788421631	0.0	0.0	35.94807434082031	-3.66459059715271	130.78839111328125	125.43821716308594	0.11241012811660767	1e-06
# Best epoch: 35
