# epoch	step	nll	ecut	ecut_viol	grad_norm	val_nll	val_ecut	val_ecut_viol	val_ress_zx	LR
1	27	-16.80514144897461	0.0	0.0	125.77163696289062	-16.82223129272461	181.72518920898438	163.00341796875	0.04015330970287323	9.986158796046841e-05
2	54	-16.709646224975586	0.0	0.0	655.553466796875	-16.559280395507812	175.88699340820312	157.29885864257812	0.03951812535524368	9.944712589814385e-05
3	81	-16.63229751586914	0.0	0.0	85.72352600097656	-17.013927459716797	168.10272216796875	149.37899780273438	0.047397010028362274	9.875893165300026e-05
4	108	-16.784961700439453	0.0	0.0	150.81700134277344	-16.957651138305664	171.77590942382812	152.7786102294922	0.04030362889170647	9.780085388641395e-05
5	135	-16.66692543029785	0.0	0.0	160.12562561035156	-16.830509185791016	173.67735290527344	154.81517028808594	0.05018211528658867	9.65782505578881e-05
6	162	-17.04587745666504	0.0	0.0	880.9736328125	-16.657398223876953	169.64927673339844	150.619873046875	0.05436374247074127	9.509795896116972e-05
7	189	-16.983556747436523	0.0	0.0	84.83915710449219	-16.71112823486328	173.50836181640625	154.9799346923828	0.04422422870993614	9.336825748732971e-05
8	216	-16.778366088867188	0.0	0.0	168.0642547607422	-16.755901336669922	170.9639129638672	151.985107421875	0.05085320770740509	9.139881932864174e-05
9	243	-17.025192260742188	0.0	0.0	97.38616943359375	-17.011091232299805	166.97640991210938	148.23931884765625	0.06461096554994583	8.920065838216747e-05
10	270	-16.99785614013672	0.0	0.0	70.61009216308594	-17.089168548583984	160.23040771484375	141.03131103515625	0.041531749069690704	8.678606765557639e-05
11	297	-17.18075942993164	0.0	0.0	97.67473602294922	-17.093339920043945	153.10372924804688	134.32916259765625	0.07483591884374619	8.416855051966051e-05
12	324	-17.113245010375977	0.0	0.0	83.58252716064453	-17.129318237304688	161.77886962890625	142.79222106933594	0.0827513039112091	8.136274519200731e-05
13	351	-17.042495727539062	0.0	0.0	92.19902801513672	-17.246150970458984	155.79551696777344	136.49862670898438	0.06126123666763306	7.83843428741493e-05
14	378	-16.92742919921875	0.0	0.0	95.29747772216797	-17.018774032592773	160.66998291015625	141.70462036132812	0.08712023496627808	7.525000000000001e-05
15	405	-17.16688346862793	0.0	0.0	284.4176940917969	-17.055362701416016	157.57318115234375	138.58412170410156	0.08646023273468018	7.197724508631914e-05
16	432	-17.298582077026367	0.0	0.0	83.64672088623047	-17.199810028076172	152.9559783935547	133.5360107421875	0.053661756217479706	6.858438070613657e-05
17	459	-17.143390655517578	0.0	0.0	142.43844604492188	-17.168556213378906	149.0557098388672	129.64218139648438	0.050022970885038376	6.509038113333976e-05
18	486	-17.241111755371094	0.0	0.0	79.27490234375	-17.2697696685791	147.364013671875	128.09866333007812	0.052750907838344574	6.151478623083758e-05
19	513	-17.240100860595703	0.0	0.0	217.3007049560547	-17.150611877441406	147.9835205078125	128.60044860839844	0.07004448026418686	5.787759217572066e-05
20	540	-17.113422393798828	0.0	0.0	41.24396514892578	-17.299663543701172	153.23562622070312	134.05567932128906	0.071713387966156	5.419913963252802e-05
21	567	-17.2341251373291	0.0	0.0	123.82814025878906	-17.307140350341797	147.05682373046875	127.82577514648438	0.06275779008865356	5.0500000000000015e-05
22	594	-17.405532836914062	0.0	0.0	875.8832397460938	-17.363447189331055	142.24465942382812	122.73883056640625	0.08161788433790207	4.680086036747202e-05
23	621	-17.379409790039062	0.0	0.0	105.68755340576172	-17.473037719726562	142.0382080078125	122.6347885131836	0.049597226083278656	4.3122407824279384e-05
24	648	-17.38045883178711	0.0	0.0	63.416343688964844	-17.477706909179688	141.2684326171875	121.7642822265625	0.1134134978055954	3.948521376916245e-05
25	675	-17.49392318725586	0.0	0.0	123.29924774169922	-17.564495086669922	140.05149841308594	120.38638305664062	0.13046976923942566	3.590961886666025e-05
26	702	-17.412670135498047	0.0	0.0	100.20986938476562	-17.520322799682617	137.30563354492188	117.47283935546875	0.07482888549566269	3.241561929386345e-05
27	729	-17.53839111328125	0.0	0.0	87.48614501953125	-17.601776123046875	137.8181610107422	118.31303405761719	0.06444884836673737	2.9022754913680884e-05
28	756	-17.47933578491211	0.0	0.0	214.01612854003906	-17.574750900268555	138.64605712890625	118.99258422851562	0.11175587028265	2.575000000000002e-05
29	783	-17.53046226501465	0.0	0.0	255.3997039794922	-17.609739303588867	135.56454467773438	115.65283203125	0.11628599464893341	2.2615657125850715e-05
30	810	-17.702009201049805	0.0	0.0	90.73579406738281	-17.634342193603516	137.607177734375	117.90764617919922	0.09283111989498138	1.9637254807992697e-05
31	837	-17.709959030151367	0.0	0.0	77.98686218261719	-17.670150756835938	134.96771240234375	115.10704040527344	0.1431955248117447	1.68314494803395e-05
32	864	-17.579320907592773	0.0	0.0	77.40601348876953	-17.69817352294922	131.81222534179688	111.9400863647461	0.1541474461555481	1.4213932344423597e-05
33	891	-17.76541519165039	0.0	0.0	61.898216247558594	-17.703954696655273	131.7899169921875	111.86107635498047	0.1526346057653427	1.1799341617832526e-05
34	918	-17.778730392456055	0.0	0.0	161.36509704589844	-17.717411041259766	129.43426513671875	109.47270965576172	0.16393588483333588	9.601180671358249e-06
35	945	-17.760257720947266	0.0	0.0	104.15612030029297	-17.73509979248047	130.88534545898438	110.86959075927734	0.16945642232894897	7.631742512670296e-06
36	972	-17.840740203857422	0.0	0.0	47.98866653442383	-17.76460838317871	129.334228515625	109.39488220214844	0.1872856318950653	5.902041038830259e-06
37	999	-17.769481658935547	0.0	0.0	126.30008697509766	-17.780460357666016	128.79388427734375	108.81779479980469	0.1579560488462448	4.421749442111885e-06
38	1026	-17.79714012145996	0.0	0.0	33.679046630859375	-17.77692222595215	128.16026306152344	108.12554168701172	0.10641523450613022	3.199146113586043e-06
39	1053	-17.732336044311523	0.0	0.0	72.15230560302734	-17.781749725341797	127.7942123413086	107.76945495605469	0.14272984862327576	2.2410683469997316e-06
40	1080	-17.80118179321289	0.0	0.0	88.23609924316406	-17.797643661499023	126.90702819824219	106.84426879882812	0.18727140128612518	1.5528741018561385e-06
41	1107	-17.797077178955078	0.0	0.0	45.044036865234375	-17.796855926513672	128.21495056152344	108.21104431152344	0.10038238018751144	1.1384120395315836e-06
42	1134	-17.75885772705078	0.0	0.0	141.62818908691406	-17.80072021484375	127.02129364013672	107.00675964355469	0.1764017939567566	1e-06
# Best epoch: 36
