# epoch	step	nll	ecut	ecut_viol	grad_norm	val_nll	val_ecut	val_ecut_viol	val_ress_zx	LR
1	27	-11.415456771850586	0.0	0.0	109.06758880615234	-11.707544326782227	163.87139892578125	150.9117889404297	0.041182056069374084	9.986158796046841e-05
2	54	-11.794721603393555	0.0	0.0	98.02543640136719	-11.698049545288086	168.74534606933594	155.70457458496094	0.028571538627147675	9.944712589814385e-05
3	81	-11.732900619506836	0.0	0.0	106.75230407714844	-11.927889823913574	144.50238037109375	131.23397827148438	0.03679545968770981	9.875893165300026e-05
4	108	-11.668478965759277	0.0	0.0	165.23062133789062	-11.765296936035156	163.33004760742188	150.19082641601562	0.041607461869716644	9.780085388641395e-05
5	135	-11.792779922485352	0.0	0.0	51.319488525390625	-11.718310356140137	162.7586669921875	149.42469787597656	0.03499717265367508	9.65782505578881e-05
6	162	-11.577054977416992	0.0	0.0	207.96348571777344	-11.839811325073242	155.69468688964844	142.45822143554688	0.0558379665017128	9.509795896116972e-05
7	189	-11.86854076385498	0.0	0.0	83.35383605957031	-11.99765396118164	138.35751342773438	124.5218734741211	0.056724488735198975	9.336825748732971e-05
8	216	-11.59520149230957	0.0	0.0	165.78346252441406	-11.682487487792969	147.80477905273438	133.88075256347656	0.0458315834403038	9.139881932864174e-05
9	243	-11.999019622802734	0.0	0.0	58.30838394165039	-11.695029258728027	151.40623474121094	138.1551971435547	0.024187400937080383	8.920065838216747e-05
10	270	-12.192510604858398	0.0	0.0	60.77747344970703	-12.135419845581055	130.8403778076172	116.90367126464844	0.0460679829120636	8.678606765557639e-05
11	297	-12.081695556640625	0.0	0.0	84.29271697998047	-12.067599296569824	137.93362426757812	124.31175231933594	0.06273841112852097	8.416855051966051e-05
12	324	-11.889765739440918	0.0	0.0	716.6133422851562	-11.646352767944336	150.52639770507812	136.93634033203125	0.016136201098561287	8.136274519200731e-05
13	351	-12.083520889282227	0.0	0.0	66.67723846435547	-11.936212539672852	151.53176879882812	138.10479736328125	0.023885292932391167	7.83843428741493e-05
14	378	-11.879462242126465	0.0	0.0	120.4654541015625	-12.062238693237305	136.12600708007812	122.2501449584961	0.043185606598854065	7.525000000000001e-05
15	405	-12.078483581542969	0.0	0.0	48.001827239990234	-12.077505111694336	132.77027893066406	118.9708251953125	0.061987608671188354	7.197724508631914e-05
16	432	-12.113166809082031	0.0	0.0	207.81439208984375	-12.029378890991211	132.87730407714844	118.992919921875	0.04967374727129936	6.858438070613657e-05
17	459	-12.1348295211792	0.0	0.0	253.57449340820312	-12.174310684204102	132.03106689453125	118.24779510498047	0.061135150492191315	6.509038113333976e-05
18	486	-12.229750633239746	0.0	0.0	78.76414489746094	-12.160614013671875	133.311767578125	119.5821762084961	0.06063523516058922	6.151478623083758e-05
19	513	-12.182699203491211	0.0	0.0	58.18120574951172	-12.243059158325195	126.03404235839844	112.06480407714844	0.08565860241651535	5.787759217572066e-05
20	540	-12.288040161132812	0.0	0.0	103.49510192871094	-12.314517974853516	123.19155883789062	109.1849365234375	0.06618756055831909	5.419913963252802e-05
21	567	-12.23310661315918	0.0	0.0	173.36898803710938	-12.302595138549805	123.58483123779297	109.52598571777344	0.08060824126005173	5.0500000000000015e-05
22	594	-12.36001205444336	0.0	0.0	913.5406494140625	-12.284566879272461	121.21627044677734	107.14509582519531	0.08607815206050873	4.680086036747202e-05
23	621	-12.482531547546387	0.0	0.0	51.42594909667969	-12.46160888671875	120.05147552490234	105.85995483398438	0.09189977496862411	4.3122407824279384e-05
24	648	-12.370819091796875	0.0	0.0	134.63621520996094	-12.403675079345703	120.53668212890625	106.37480926513672	0.0604434609413147	3.948521376916245e-05
25	675	-12.46054458618164	0.0	0.0	113.48600769042969	-12.48286247253418	118.01274108886719	103.81536865234375	0.08765727281570435	3.590961886666025e-05
26	702	-12.60057258605957	0.0	0.0	61.71322250366211	-12.488334655761719	115.43962097167969	101.09562683105469	0.0847274586558342	3.241561929386345e-05
27	729	-12.58725357055664	0.0	0.0	45.857749938964844	-12.49609375	114.010009765625	99.64842224121094	0.06390684843063354	2.9022754913680884e-05
28	756	-12.517511367797852	0.0	0.0	61.028011322021484	-12.546743392944336	114.15754699707031	99.95539855957031	0.06291728466749191	2.575000000000002e-05
29	783	-12.527888298034668	0.0	0.0	665.9470825195312	-12.574708938598633	106.68077087402344	92.27304077148438	0.058993127197027206	2.2615657125850715e-05
30	810	-12.617091178894043	0.0	0.0	209.61024475097656	-12.591756820678711	111.078857421875	96.60787200927734	0.0890713483095169	1.9637254807992697e-05
31	837	-12.728015899658203	0.0	0.0	93.215087890625	-12.620019912719727	106.58477020263672	92.17110443115234	0.11333905160427094	1.68314494803395e-05
32	864	-12.734541893005371	0.0	0.0	47.9160270690918	-12.654272079467773	107.95700073242188	93.44673156738281	0.07585430890321732	1.4213932344423597e-05
33	891	-12.699111938476562	0.0	0.0	266.09600830078125	-12.66866683959961	105.91888427734375	91.40435028076172	0.11073347181081772	1.1799341617832526e-05
34	918	-12.699384689331055	0.0	0.0	38.04343032836914	-12.685938835144043	105.57417297363281	91.01104736328125	0.08792699873447418	9.601180671358249e-06
35	945	-12.727132797241211	0.0	0.0	105.02652740478516	-12.697757720947266	105.8279037475586	91.3093490600586	0.10256677865982056	7.631742512670296e-06
36	972	-12.707355499267578	0.0	0.0	67.14232635498047	-12.715278625488281	104.39109802246094	89.81700134277344	0.12933099269866943	5.902041038830259e-06
37	999	-12.671832084655762	0.0	0.0	26.611682891845703	-12.729354858398438	107.12065124511719	92.5532455444336	0.13926801085472107	4.421749442111885e-06
38	1026	-12.748515129089355	0.0	0.0	75.83084869384766	-12.724401473999023	104.75535583496094	90.20646667480469	0.14081928133964539	3.199146113586043e-06
39	1053	-12.720649719238281	0.0	0.0	104.95856475830078	-12.728050231933594	103.36955261230469	88.83506774902344	0.11542870849370956	2.2410683469997316e-06
40	1080	-12.717044830322266	0.0	0.0	78.41796875	-12.733234405517578	103.58984375	88.99496459960938	0.10718262195587158	1.5528741018561385e-06
41	1107	-12.728347778320312	0.0	0.0	26.594892501831055	-12.738122940063477	104.29530334472656	89.7187728881836	0.11252975463867188	1.1384120395315836e-06
42	1134	-12.702959060668945	0.0	0.0	67.04547119140625	-12.742902755737305	103.18231201171875	88.5953598022461	0.12198220193386078	1e-06
# Best epoch: 38
