# epoch	step	nll	ecut	ecut_viol	grad_norm	val_nll	val_ecut	val_ecut_viol	val_ress_zx	LR
1	27	-7.638002395629883	0.0	0.0	30.07204246520996	-7.916083335876465	1630.5701904296875	1630.129638671875	0.0	1.0237143666892609e-05
2	54	-13.471914291381836	0.0	0.0	42.26035690307617	-13.58069133758545	1585.4114990234375	1583.612060546875	0.0	1.094763738225795e-05
3	81	-16.3931941986084	0.0	0.0	64.8132095336914	-16.678585052490234	1556.36083984375	1552.375244140625	0.0	1.2128672994680007e-05
4	108	-19.169509887695312	0.0	0.0	41.42711639404297	-19.291095733642578	1550.4183349609375	1544.42138671875	0.0	1.3775582585561007e-05
5	135	-21.49687957763672	0.0	0.0	96.1319808959961	-21.768840789794922	1550.772216796875	1542.76123046875	0.0	1.588185691857728e-05
6	162	-24.184062957763672	0.0	0.0	135.0486602783203	-24.413320541381836	1569.198974609375	1557.5052490234375	0.0	1.8439171166748666e-05
7	189	-26.44508934020996	0.0	0.0	60.021873474121094	-26.693710327148438	1594.484130859375	1577.654052734375	0.0	2.143741781543827e-05
8	216	-28.472951889038086	0.0	0.0	117.46607208251953	-28.504104614257812	1591.6815185546875	1570.4788818359375	0.0	2.4864746611237527e-05
9	243	-29.578311920166016	0.0	0.0	141.1626739501953	-29.60145378112793	1577.095458984375	1551.9447021484375	0.0	2.870761139884165e-05
10	270	-30.434890747070312	0.0	0.0	213.18922424316406	-30.34418296813965	1525.053955078125	1497.8690185546875	0.0	3.295082366079895e-05
11	297	-30.94796371459961	0.0	0.0	191.86599731445312	-31.109296798706055	1489.4378662109375	1461.086181640625	0.0	3.7577612548522684e-05
12	324	-31.496562957763672	0.0	0.0	223.17210388183594	-31.690048217773438	1431.194091796875	1401.272216796875	0.0003333333588670939	4.256969116729994e-05
13	351	-31.751201629638672	0.0	0.0	498.04742431640625	-31.85812759399414	1393.192138671875	1362.666259765625	0.0003333333588670939	4.790732885331288e-05
14	378	-32.556846618652344	0.0	0.0	221.13909912109375	-32.340980529785156	1358.328125	1326.5902099609375	0.0003333333588670939	5.356942915700472e-05
15	405	-32.397560119628906	0.0	0.0	347.0702209472656	-32.77834701538086	1324.6806640625	1293.0653076171875	0.0003333333588670939	5.953361322456993e-05
16	432	-33.38627624511719	0.0	0.0	183.00323486328125	-33.08976745605469	1290.47607421875	1257.620849609375	0.001303680008277297	6.577630824801178e-05
17	459	-33.031959533691406	0.0	0.0	330.6110534667969	-33.44753646850586	1238.697998046875	1205.8602294921875	0.0012985378270968795	7.227284063417776e-05
18	486	-34.09331512451172	0.0	0.0	298.1031188964844	-34.092864990234375	1218.402587890625	1184.6116943359375	0.0027765303384512663	7.899753352453215e-05
19	513	-34.38555145263672	0.0	0.0	376.62261962890625	-34.1843147277832	1191.6907958984375	1157.7576904296875	0.001235651085153222	8.592380828022916e-05
20	540	-34.171749114990234	0.0	0.0	420.21343994140625	-34.06534957885742	1182.218017578125	1148.259033203125	0.002901575993746519	9.302428953137767e-05
21	567	-34.74340057373047	0.0	0.0	469.9055480957031	-34.400020599365234	1153.84765625	1120.0379638671875	0.0018818321404978633	0.00010027091337530103
22	594	-34.170875549316406	0.0	0.0	686.0316772460938	-32.7906608581543	1143.5091552734375	1109.7869873046875	0.0010000000474974513	0.00010763503829615015
23	621	-34.49688720703125	0.0	0.0	170.5748748779297	-34.62223815917969	1151.8824462890625	1118.2073974609375	0.0025748598854988813	0.00011508755836747201
24	648	-34.82014846801758	0.0	0.0	239.42446899414062	-34.82758331298828	1148.96484375	1114.97900390625	0.0027542547322809696	0.00012259901829031155
25	675	-34.85671615600586	0.0	0.0	239.63174438476562	-34.67749786376953	1111.642333984375	1077.138671875	0.0020240675657987595	0.00013013972981217172
26	702	-32.003482818603516	0.0	0.0	763.5794677734375	-33.381370544433594	1113.4119873046875	1079.9140625	0.0014013586333021522	0.00013767988906669806
27	729	-35.22329330444336	0.0	0.0	298.894287109375	-34.85881423950195	1085.8934326171875	1051.898193359375	0.0038536139763891697	0.0001451896943703143
28	756	-34.44755935668945	0.0	0.0	295.67120361328125	-34.81965255737305	1027.210693359375	994.877685546875	0.0028406470082700253	0.00015263946401023132
29	783	-35.15117645263672	0.0	0.0	323.7778015136719	-34.66334915161133	987.9305419921875	955.1019287109375	0.0023028752766549587	0.00015999975355828383
30	810	-36.0028076171875	0.0	0.0	245.5382537841797	-35.59347152709961	966.0228271484375	931.8575439453125	0.003942246548831463	0.00016724147224692488
31	837	-35.82312774658203	0.0	0.0	391.7911071777344	-36.347103118896484	901.1906127929688	865.9811401367188	0.005667672958225012	0.00017433599794741407
32	864	-35.89521026611328	0.0	0.0	340.8493957519531	-36.350990295410156	871.1950073242188	836.5387573242188	0.01000211387872696	0.00018125529029576
33	891	-36.32904052734375	0.0	0.0	502.9759826660156	-35.8905143737793	821.8490600585938	786.9287109375	0.00941404514014721	0.00018797200151929956
34	918	-34.88492965698242	0.0	0.0	394.6348876953125	-35.80390930175781	810.3698120117188	775.8366088867188	0.004882534500211477	0.00019445958452588268
35	945	-36.677391052246094	0.0	0.0	177.4273223876953	-35.86585235595703	776.0888061523438	740.82373046875	0.00944727472960949	0.00020069239782845172
36	972	-36.80805206298828	0.0	0.0	282.79498291015625	-37.187767028808594	772.8697509765625	738.0592651367188	0.016363343223929405	0.00020664580689031296
37	999	-37.26188278198242	0.0	0.0	203.45765686035156	-37.388458251953125	732.110107421875	696.5389404296875	0.014244884252548218	0.00021229628149054233
38	1026	-36.52180480957031	0.0	0.0	274.76953125	-36.704681396484375	754.2428588867188	719.5819091796875	0.011066151782870293	0.0002176214887247001
39	1053	-37.36787796020508	0.0	0.0	298.240966796875	-37.057830810546875	675.0790405273438	638.7799072265625	0.010960280895233154	0.0002226003812732785
40	1080	-35.46916580200195	0.0	0.0	138.40040588378906	-35.314971923828125	844.4386596679688	810.9481811523438	0.005973165389150381	0.00022721328058901023
41	1107	-37.23218536376953	0.0	0.0	173.3472900390625	-36.88298416137695	689.4606323242188	653.8671264648438	0.012453015893697739	0.0002314419546742497
42	1134	-33.86161804199219	0.0	0.0	623.2471923828125	-35.03754425048828	733.8776245117188	698.2540283203125	0.003945016767829657	0.0002352696901410191
43	1161	-36.526268005371094	0.0	0.0	403.45343017578125	-35.34705352783203	734.69873046875	699.54931640625	0.006754908710718155	0.00023868135826891025
44	1188	-37.27627182006836	0.0	0.0	310.9034729003906	-37.14341735839844	675.7452392578125	639.723876953125	0.01920008659362793	0.0002416634747997555
45	1215	-37.59449768066406	0.0	0.0	238.69680786132812	-37.734371185302734	660.7603759765625	624.3380737304688	0.026001891121268272	0.0002442042532327343
46	1242	-36.1940803527832	0.0	0.0	475.8522644042969	-35.98752975463867	673.4434814453125	637.3648681640625	0.010725919157266617	0.0002462936514092741
47	1269	-36.94933319091797	0.0	0.0	146.1131134033203	-37.398040771484375	622.1080322265625	586.1441650390625	0.01233360543847084	0.0002479234112036218
48	1296	-37.893699645996094	0.0	0.0	127.72432708740234	-36.51117706298828	601.733154296875	564.714111328125	0.004601163789629936	0.0002490870911622143
49	1323	-37.34080505371094	0.0	0.0	374.7395935058594	-37.11774444580078	593.7646484375	557.6300048828125	0.013007509522140026	0.00024978009196284376
50	1350	-35.97626876831055	0.0	0.0	251.850341796875	-36.606712341308594	671.3909912109375	636.8388671875	0.00847687479108572	0.0002499999097430048
51	1377	-37.27997589111328	0.0	0.0	294.6273193359375	-37.71337890625	595.2323608398438	558.38037109375	0.025006545707583427	0.0002499292496279845
52	1404	-37.95785140991211	0.0	0.0	224.15830993652344	-38.263641357421875	537.8102416992188	499.9631042480469	0.03521595895290375	0.00024972713814798653
53	1431	-37.17063522338867	0.0	0.0	206.7211151123047	-37.71286392211914	573.987548828125	536.834716796875	0.020449776202440262	0.0002493939298752249
54	1458	-36.02830505371094	0.0	0.0	229.30430603027344	-35.86666488647461	602.6231689453125	567.2001953125	0.008036649785935879	0.0002489302093702348
55	1485	-37.32340621948242	0.0	0.0	304.8887939453125	-37.88932800292969	549.7236328125	511.97601318359375	0.02927088551223278	0.0002483367901563554
56	1512	-37.214324951171875	0.0	0.0	204.81643676757812	-37.46635818481445	573.1932373046875	536.6285400390625	0.01743195578455925	0.000247614713292533
57	1539	-38.35200119018555	0.0	0.0	306.5740661621094	-38.410797119140625	499.191650390625	460.3235778808594	0.040626294910907745	0.0002467652455469501
58	1566	-37.62127685546875	0.0	0.0	180.11239624023438	-37.911338806152344	539.588623046875	502.05615234375	0.026034217327833176	0.0002457898771746836
59	1593	-37.22920227050781	0.0	0.0	139.1646270751953	-37.6695556640625	540.5196533203125	503.615966796875	0.01996896229684353	0.0002446903193032908
60	1620	-38.46427536010742	0.0	0.0	243.8553466796875	-38.67988204956055	469.191162109375	430.71441650390625	0.053656384348869324	0.00024346850093091035
61	1647	-37.58892059326172	0.0	0.0	131.957275390625	-37.59685516357422	481.2649841308594	443.8143310546875	0.027371060103178024	0.00024212656554214415
62	1674	-38.20872497558594	0.0	0.0	111.11637878417969	-38.19514465332031	469.7561950683594	431.41845703125	0.03198133036494255	0.0002406668673476568
63	1701	-37.36862564086914	0.0	0.0	244.1966552734375	-37.08163070678711	552.245849609375	515.5661010742188	0.019101887941360474	0.00023909196715409025
64	1728	-37.69385528564453	0.0	0.0	173.13584899902344	-38.222434997558594	472.0735778808594	433.71044921875	0.03614811971783638	0.0002374046278715386
65	1755	-38.459938049316406	0.0	0.0	199.57469177246094	-38.749691009521484	450.6923522949219	412.24871826171875	0.04593183845281601	0.0002356078096664652
66	1782	-38.53706359863281	0.0	0.0	173.37501525878906	-38.43712615966797	413.18829345703125	373.7353515625	0.04216255247592926	0.0002337046647685648
67	1809	-38.20252990722656	0.0	0.0	244.07162475585938	-38.67595672607422	422.80926513671875	383.80267333984375	0.056793343275785446	0.00023169853194068108
68	1836	-38.56509017944336	0.0	0.0	194.33912658691406	-38.80636215209961	424.6426696777344	385.6392517089844	0.0741109773516655	0.0002295929306214829
69	1863	-38.808494567871094	0.0	0.0	116.9366455078125	-38.6900634765625	396.3155212402344	357.1314697265625	0.06673210114240646	0.0002273915547511721
70	1890	-38.570457458496094	0.0	0.0	177.6403045654297	-38.78748321533203	417.11346435546875	377.8894958496094	0.04075377807021141	0.00022509826629105785
71	1917	-38.910518646240234	0.0	0.0	124.82266235351562	-38.747806549072266	404.8074645996094	365.18841552734375	0.04191073030233383	0.0002227170884483638
72	1944	-38.53964614868164	0.0	0.0	233.4792938232422	-38.40272521972656	420.88299560546875	381.4777526855469	0.04445827752351761	0.0002202521986181557
73	1971	-38.428802490234375	0.0	0.0	199.416259765625	-38.53459930419922	447.14678955078125	407.564453125	0.04003667086362839	0.00021770792105477095
74	1998	-38.72229766845703	0.0	0.0	122.27474212646484	-38.62799835205078	409.08392333984375	370.0550537109375	0.04482449218630791	0.00021508871928560704
75	2025	-38.86614227294922	0.0	0.0	180.39962768554688	-38.93739318847656	380.16998291015625	340.14886474609375	0.0689343512058258	0.00021239918828057787
76	2052	-38.919822692871094	0.0	0.0	124.14116668701172	-39.10287094116211	377.3349304199219	337.35089111328125	0.0760878473520279	0.00020964404639097492
77	2079	-38.807220458984375	0.0	0.0	211.23553466796875	-38.94219970703125	382.33001708984375	342.9095458984375	0.05892958492040634	0.00020682812707187618
78	2106	-38.63456344604492	0.0	0.0	129.73370361328125	-38.932167053222656	385.38543701171875	345.81219482421875	0.06027497351169586	0.0002039563704026231
79	2133	-38.919532775878906	0.0	0.0	163.81134033203125	-38.9296875	395.351806640625	355.697509765625	0.06836748123168945	0.00020103381442024303
80	2160	-38.599464416503906	0.0	0.0	209.68421936035156	-38.90586471557617	376.808837890625	336.79345703125	0.0432579442858696	0.0001980655862810203
81	2187	-39.1866340637207	0.0	0.0	163.5763702392578	-39.31640625	354.832275390625	314.5794372558594	0.08127424120903015	0.00019505689326572176
82	2214	-39.271018981933594	0.0	0.0	153.46949768066406	-39.08873748779297	342.759521484375	302.1131591796875	0.07905972003936768	0.00019201301364425705
83	2241	-37.94280242919922	0.0	0.0	178.944091796875	-38.72639083862305	364.2942810058594	324.42877197265625	0.051394831389188766	0.0001889392874157994
84	2268	-38.92389678955078	0.0	0.0	98.12154388427734	-39.152278900146484	358.00140380859375	318.2507019042969	0.07364147156476974	0.00018584110694061274
85	2295	-38.9320068359375	0.0	0.0	235.47608947753906	-38.72514724731445	336.07342529296875	295.39617919921875	0.032234564423561096	0.00018272390748001933
86	2322	-39.22021484375	0.0	0.0	121.14151763916016	-39.227108001708984	330.2120361328125	289.7320556640625	0.10755316913127899	0.00017959315766110463
87	2349	-38.815032958984375	0.0	0.0	324.3040771484375	-38.4888801574707	345.3416442871094	304.6733093261719	0.04542173445224762	0.00017645434988288684
88	2376	-39.14643478393555	0.0	0.0	155.85621643066406	-39.12092208862305	378.78338623046875	338.63470458984375	0.09435337781906128	0.00017331299068078308
89	2403	-39.39297866821289	0.0	0.0	157.3626708984375	-39.27939987182617	348.83660888671875	308.154296875	0.06300690025091171	0.00017017459106627485
90	2430	-39.4414176940918	0.0	0.0	108.66529083251953	-39.31034851074219	316.00115966796875	274.87030029296875	0.13116514682769775	0.00016704465685872134
91	2457	-39.40680694580078	0.0	0.0	226.45578002929688	-39.39813232421875	298.2304382324219	257.2792663574219	0.10715806484222412	0.0001639286790262814
92	2484	-39.339576721191406	0.0	0.0	103.93993377685547	-39.444557189941406	310.80633544921875	269.60906982421875	0.1086173802614212	0.0001608321240528895
93	2511	-39.11076354980469	0.0	0.0	141.09385681152344	-39.21417236328125	316.23626708984375	275.14849853515625	0.061116866767406464	0.00015776042434818542
94	2538	-39.197444915771484	0.0	0.0	199.09666442871094	-39.294700622558594	308.12054443359375	267.10015869140625	0.09809328615665436	0.00015471896871722181
95	2565	-39.58377456665039	0.0	0.0	127.89494323730469	-39.500640869140625	293.9022216796875	252.31407165527344	0.061218760907649994	0.00015171309290666892
96	2592	-39.229583740234375	0.0	0.0	130.0847930908203	-39.37544631958008	286.50579833984375	245.55389404296875	0.13082975149154663	0.00014874807024410196
97	2619	-39.278263092041016	0.0	0.0	132.0147705078125	-39.48237228393555	292.84832763671875	251.45457458496094	0.07935673743486404	0.00014582910238679245
98	2646	-39.45023727416992	0.0	0.0	75.83682250976562	-39.56935119628906	282.2529296875	241.02804565429688	0.13702534139156342	0.0001429613101962342
99	2673	-39.47142791748047	0.0	0.0	92.46429443359375	-39.466434478759766	287.45562744140625	246.23263549804688	0.09384128451347351	0.00014014972475441165
100	2700	-39.41583251953125	0.0	0.0	213.30360412597656	-39.466468811035156	278.8494873046875	237.06622314453125	0.13050106167793274	0.000137399278537573
101	2727	-39.617218017578125	0.0	0.0	205.38621520996094	-39.56389236450195	278.92779541015625	237.20761108398438	0.07256729900836945	0.00013471479676299046
102	2754	-39.63932800292969	0.0	0.0	76.05046081542969	-39.650691986083984	267.4715270996094	225.91990661621094	0.12344357371330261	0.00013210098892388962
103	2781	-39.681304931640625	0.0	0.0	108.05738830566406	-39.67275619506836	277.8036804199219	236.1494598388672	0.12421884387731552	0.00012956244052739826
104	2808	-39.696834564208984	0.0	0.0	163.31150817871094	-39.65459442138672	265.30841064453125	223.538818359375	0.10347835719585419	0.00012710360505000827
105	2835	-39.675865173339844	0.0	0.0	115.48275756835938	-39.64404296875	270.4810791015625	228.933349609375	0.09549982845783234	0.00012472879612466492
106	2862	-39.576881408691406	0.0	0.0	101.4786376953125	-39.6524772644043	271.6444396972656	229.86929321289062	0.1411261260509491	0.00012244217997318878
107	2889	-39.47866439819336	0.0	0.0	84.8180923461914	-39.532920837402344	278.6944580078125	237.08688354492188	0.0742911621928215	0.00012024776809730691
108	2916	-39.77061462402344	0.0	0.0	157.64071655273438	-39.66592788696289	266.05963134765625	224.04806518554688	0.06159959360957146	0.00011814941024111579
109	2943	-39.55231475830078	0.0	0.0	158.41856384277344	-39.606285095214844	262.7081298828125	220.9737548828125	0.11558626592159271	0.00011615078763732197
110	2970	-39.86686325073242	0.0	0.0	150.50941467285156	-39.83656692504883	248.3954315185547	206.31695556640625	0.1349109709262848	0.000114255406549109
111	2997	-39.7694206237793	0.0	0.0	100.07107543945312	-39.89984893798828	256.675048828125	214.67767333984375	0.1710580438375473	0.00011246659211896043
112	3024	-39.77232360839844	0.0	0.0	191.34169006347656	-39.69515609741211	253.52005004882812	211.57107543945312	0.13007277250289917	0.00011078748253523003
113	3051	-39.627174377441406	0.0	0.0	126.34738159179688	-39.72504806518555	252.6314697265625	210.61813354492188	0.1325717568397522	0.00010922102352669286
114	3078	-39.82167053222656	0.0	0.0	79.7247314453125	-39.83174514770508	251.12405395507812	209.08103942871094	0.08748116344213486	0.00010776996319473627
115	3105	-39.79957580566406	0.0	0.0	105.9646224975586	-39.73442077636719	251.85302734375	209.79489135742188	0.16909287869930267	0.00010643684719225612
116	3132	-39.793128967285156	0.0	0.0	162.35147094726562	-39.689300537109375	251.66159057617188	209.29568481445312	0.12302963435649872	0.00010522401425771664
117	3159	-39.7474365234375	0.0	0.0	220.19888305664062	-39.767539978027344	251.86373901367188	209.601318359375	0.0370703786611557	0.0001041335921122084
118	3186	-39.82155227661133	0.0	0.0	108.2031021118164	-39.74518585205078	240.78317260742188	198.5465545654297	0.17827758193016052	0.00010316749372670254
119	3213	-39.79384994506836	0.0	0.0	118.82117462158203	-39.812339782714844	241.9757537841797	199.8989715576172	0.13340261578559875	0.0001023274139660497
120	3240	-39.73307418823242	0.0	0.0	229.7664337158203	-39.637237548828125	255.1804656982422	213.34085083007812	0.14645013213157654	0.00010161482661561108
121	3267	-39.459510803222656	0.0	0.0	148.65460205078125	-39.6121826171875	253.26641845703125	211.4272918701172	0.16035524010658264	0.00010103098179573815
122	3294	-39.87697982788086	0.0	0.0	134.4262237548828	-39.9114875793457	245.81805419921875	203.7105712890625	0.1879141628742218	0.00010057690376863677
123	3321	-39.867244720458984	0.0	0.0	138.66798400878906	-39.841148376464844	247.9781951904297	205.8753662109375	0.13687485456466675	0.00010025338914146325
124	3348	-39.84151840209961	0.0	0.0	113.145263671875	-39.91581726074219	246.5194549560547	204.2537078857422	0.16580802202224731	0.00010006100546880462
125	3375	-39.99652099609375	0.0	0.0	67.3071060180664	-39.85420227050781	241.79710388183594	199.6990203857422	0.20034685730934143	0.00010000009025699517
# Best epoch: 125
