# epoch	step	nll	ecut	ecut_viol	grad_norm	val_nll	val_ecut	val_ecut_viol	val_ress_zx	LR
1	27	-1.5068268775939941	0.0	0.0	19.66004180908203	-1.4209117889404297	248.4578094482422	245.58726501464844	0.06321342289447784	9.986158796046841e-05
2	54	-1.474384069442749	0.0	0.0	26.029184341430664	-1.4610083103179932	242.50588989257812	239.72610473632812	0.09666585922241211	9.944712589814385e-05
3	81	-1.4705023765563965	0.0	0.0	7.943350315093994	-1.4653916358947754	242.75509643554688	239.9712371826172	0.08636873215436935	9.875893165300026e-05
4	108	-1.49658203125	0.0	0.0	9.416922569274902	-1.4324798583984375	241.5342254638672	238.64486694335938	0.09719640016555786	9.780085388641395e-05
5	135	-1.3708157539367676	0.0	0.0	21.096879959106445	-1.4176582098007202	248.67880249023438	245.86312866210938	0.07340993732213974	9.65782505578881e-05
6	162	-1.496166706085205	0.0	0.0	17.22113609313965	-1.4435629844665527	245.8997039794922	243.06777954101562	0.08057010173797607	9.509795896116972e-05
7	189	-1.5037128925323486	0.0	0.0	21.066192626953125	-1.453702449798584	238.98321533203125	236.0625	0.08196458965539932	9.336825748732971e-05
8	216	-1.4773553609848022	0.0	0.0	21.71009063720703	-1.4547837972640991	237.07342529296875	234.14913940429688	0.06499194353818893	9.139881932864174e-05
9	243	-1.4582147598266602	0.0	0.0	29.053010940551758	-1.4503843784332275	237.49026489257812	234.6558074951172	0.06984233856201172	8.920065838216747e-05
10	270	-1.4688247442245483	0.0	0.0	21.79581642150879	-1.4624398946762085	231.77786254882812	228.88711547851562	0.07493042200803757	8.678606765557639e-05
11	297	-1.4845318794250488	0.0	0.0	29.025014877319336	-1.493931770324707	230.20684814453125	227.34375	0.05078726261854172	8.416855051966051e-05
12	324	-1.489668369293213	0.0	0.0	12.928742408752441	-1.4968726634979248	223.22756958007812	220.2952880859375	0.08086346089839935	8.136274519200731e-05
13	351	-1.4940359592437744	0.0	0.0	14.808151245117188	-1.4648075103759766	220.085693359375	217.06460571289062	0.0965828150510788	7.83843428741493e-05
14	378	-1.4935821294784546	0.0	0.0	15.296485900878906	-1.4888838529586792	231.1263427734375	228.24490356445312	0.09911259263753891	7.525000000000001e-05
15	405	-1.5606796741485596	0.0	0.0	13.806051254272461	-1.5022408962249756	222.85476684570312	219.92034912109375	0.09052684158086777	7.197724508631914e-05
16	432	-1.5512512922286987	0.0	0.0	28.975845336914062	-1.5104198455810547	225.70848083496094	222.83309936523438	0.056682199239730835	6.858438070613657e-05
17	459	-1.4902286529541016	0.0	0.0	30.712444305419922	-1.5019428730010986	210.89501953125	207.88629150390625	0.11417801678180695	6.509038113333976e-05
18	486	-1.5276706218719482	0.0	0.0	12.748764038085938	-1.50149667263031	218.65298461914062	215.7047119140625	0.09745555371046066	6.151478623083758e-05
19	513	-1.5166354179382324	0.0	0.0	11.75341510772705	-1.5206561088562012	215.36181640625	212.4349365234375	0.08567415177822113	5.787759217572066e-05
20	540	-1.5875988006591797	0.0	0.0	23.78594970703125	-1.5205097198486328	213.91232299804688	210.9537811279297	0.10703291743993759	5.419913963252802e-05
21	567	-1.568264365196228	0.0	0.0	18.656780242919922	-1.53371000289917	213.05174255371094	210.1235809326172	0.11126987636089325	5.0500000000000015e-05
22	594	-1.5102481842041016	0.0	0.0	20.181621551513672	-1.5230687856674194	208.3412322998047	205.36990356445312	0.0909646600484848	4.680086036747202e-05
23	621	-1.5723931789398193	0.0	0.0	29.498817443847656	-1.5411990880966187	213.29058837890625	210.32217407226562	0.11589934676885605	4.3122407824279384e-05
24	648	-1.5603783130645752	0.0	0.0	16.50365447998047	-1.543461561203003	206.761474609375	203.72109985351562	0.08512210100889206	3.948521376916245e-05
25	675	-1.5968807935714722	0.0	0.0	14.62013053894043	-1.5606249570846558	198.8358612060547	195.75912475585938	0.10830973088741302	3.590961886666025e-05
26	702	-1.6080131530761719	0.0	0.0	12.138288497924805	-1.5564680099487305	205.9269256591797	202.9332275390625	0.11377422511577606	3.241561929386345e-05
27	729	-1.600750207901001	0.0	0.0	11.297590255737305	-1.570255994796753	206.74591064453125	203.7554931640625	0.0985385924577713	2.9022754913680884e-05
28	756	-1.5291593074798584	0.0	0.0	23.7215633392334	-1.5601303577423096	204.07188415527344	201.048828125	0.10496388375759125	2.575000000000002e-05
29	783	-1.5823132991790771	0.0	0.0	15.3488187789917	-1.5666307210922241	207.0225067138672	204.04971313476562	0.09416686743497849	2.2615657125850715e-05
30	810	-1.5834287405014038	0.0	0.0	10.355335235595703	-1.5778088569641113	202.92218017578125	199.89126586914062	0.1015244722366333	1.9637254807992697e-05
31	837	-1.608786940574646	0.0	0.0	11.830618858337402	-1.5738332271575928	198.257568359375	195.19189453125	0.12332965433597565	1.68314494803395e-05
32	864	-1.6276507377624512	0.0	0.0	13.19214153289795	-1.5732173919677734	197.98117065429688	194.89585876464844	0.10815055668354034	1.4213932344423597e-05
33	891	-1.5591802597045898	0.0	0.0	14.641883850097656	-1.5818990468978882	198.0902099609375	195.0333709716797	0.09626570343971252	1.1799341617832526e-05
34	918	-1.6287736892700195	0.0	0.0	13.244956970214844	-1.5827888250350952	198.08419799804688	195.0436248779297	0.10174362361431122	9.601180671358249e-06
35	945	-1.5936949253082275	0.0	0.0	10.997184753417969	-1.592527151107788	194.4228973388672	191.35226440429688	0.10082028806209564	7.631742512670296e-06
36	972	-1.6395306587219238	0.0	0.0	7.697831630706787	-1.598150610923767	194.58750915527344	191.52056884765625	0.11594587564468384	5.902041038830259e-06
37	999	-1.585478663444519	0.0	0.0	33.19142150878906	-1.59604811668396	194.48513793945312	191.41586303710938	0.09948538988828659	4.421749442111885e-06
38	1026	-1.6423656940460205	0.0	0.0	31.686973571777344	-1.5954411029815674	196.6185760498047	193.55990600585938	0.09242045879364014	3.199146113586043e-06
39	1053	-1.6710472106933594	0.0	0.0	9.227812767028809	-1.5935962200164795	194.94888305664062	191.87387084960938	0.10883378237485886	2.2410683469997316e-06
40	1080	-1.6234347820281982	0.0	0.0	11.404871940612793	-1.598590612411499	194.46774291992188	191.389892578125	0.09454899281263351	1.5528741018561385e-06
41	1107	-1.6158183813095093	0.0	0.0	29.384767532348633	-1.6011292934417725	194.7211151123047	191.64901733398438	0.09503452479839325	1.1384120395315836e-06
42	1134	-1.643777847290039	0.0	0.0	8.447879791259766	-1.6004283428192139	194.6134033203125	191.54190063476562	0.1122923344373703	1e-06
# Best epoch: 31
