# epoch	step	nll	ecut	ecut_viol	grad_norm	val_nll	val_ecut	val_ecut_viol	val_ress_zx	LR
1	27	-22.438831329345703	0.0	0.0	145.28297424316406	-22.400327682495117	171.23406982421875	147.25511169433594	0.08084413409233093	9.986158796046841e-05
2	54	-22.528709411621094	0.0	0.0	83.81546020507812	-22.469337463378906	156.65676879882812	132.1776123046875	0.05557597801089287	9.944712589814385e-05
3	81	-22.60931396484375	0.0	0.0	104.99816131591797	-22.58553123474121	153.05967712402344	128.4381561279297	0.118801549077034	9.875893165300026e-05
4	108	-22.553913116455078	0.0	0.0	104.34855651855469	-22.52367401123047	149.34475708007812	124.79280853271484	0.13083559274673462	9.780085388641395e-05
5	135	-22.427291870117188	0.0	0.0	159.66546630859375	-22.439496994018555	148.07806396484375	123.6183090209961	0.1289561241865158	9.65782505578881e-05
6	162	-22.246631622314453	0.0	0.0	179.9170379638672	-22.39577865600586	155.520751953125	131.09397888183594	0.11145001649856567	9.509795896116972e-05
7	189	-22.197446823120117	0.0	0.0	150.63287353515625	-22.18891716003418	139.13967895507812	114.92509460449219	0.09003414958715439	9.336825748732971e-05
8	216	-22.305805206298828	0.0	0.0	183.25460815429688	-22.206806182861328	152.20474243164062	128.0206756591797	0.09900124371051788	9.139881932864174e-05
9	243	-22.1871395111084	0.0	0.0	59.50920486450195	-22.273971557617188	147.33641052246094	123.22514343261719	0.1059664636850357	8.920065838216747e-05
10	270	-22.270315170288086	0.0	0.0	579.4000244140625	-22.099807739257812	145.6789093017578	121.37584686279297	0.0931224450469017	8.678606765557639e-05
11	297	-22.317829132080078	0.0	0.0	857.0580444335938	-22.236820220947266	155.51913452148438	130.94281005859375	0.14146825671195984	8.416855051966051e-05
12	324	-22.234966278076172	0.0	0.0	241.87843322753906	-22.3114070892334	143.31167602539062	118.73165893554688	0.09509547799825668	8.136274519200731e-05
13	351	-22.354461669921875	0.0	0.0	108.44637298583984	-22.49225425720215	137.4849090576172	112.93336486816406	0.10778772085905075	7.83843428741493e-05
14	378	-22.614055633544922	0.0	0.0	79.93513488769531	-22.526405334472656	145.22109985351562	120.63152313232422	0.09280245751142502	7.525000000000001e-05
15	405	-22.58529281616211	0.0	0.0	120.43318939208984	-22.600173950195312	150.53416442871094	125.955810546875	0.12751144170761108	7.197724508631914e-05
16	432	-22.569644927978516	0.0	0.0	76.56653594970703	-22.613744735717773	142.72520446777344	118.28691864013672	0.09098237007856369	6.858438070613657e-05
17	459	-22.791349411010742	0.0	0.0	102.22322845458984	-22.72494125366211	135.0213623046875	110.28817749023438	0.09386436641216278	6.509038113333976e-05
18	486	-22.54945182800293	0.0	0.0	135.66375732421875	-22.657787322998047	141.4542236328125	116.77897644042969	0.17118196189403534	6.151478623083758e-05
19	513	-22.705310821533203	0.0	0.0	73.75712585449219	-22.681732177734375	139.85934448242188	115.1386947631836	0.16644561290740967	5.787759217572066e-05
20	540	-22.80556869506836	0.0	0.0	50.555503845214844	-22.766788482666016	133.7940673828125	108.9321517944336	0.1214396208524704	5.419913963252802e-05
21	567	-22.864234924316406	0.0	0.0	64.33777618408203	-22.742141723632812	132.5799102783203	107.69969940185547	0.11913999170064926	5.0500000000000015e-05
22	594	-22.79770278930664	0.0	0.0	53.15279769897461	-22.79534912109375	133.67739868164062	108.83174896240234	0.18429654836654663	4.680086036747202e-05
23	621	-22.874420166015625	0.0	0.0	61.535972595214844	-22.764728546142578	127.99987030029297	103.02972412109375	0.15184012055397034	4.3122407824279384e-05
24	648	-22.916410446166992	0.0	0.0	392.5793151855469	-22.806331634521484	125.63128662109375	100.6874008178711	0.11746077984571457	3.948521376916245e-05
25	675	-22.918777465820312	0.0	0.0	91.19261169433594	-22.873199462890625	122.8385009765625	97.94210052490234	0.13275757431983948	3.590961886666025e-05
26	702	-22.89020538330078	0.0	0.0	94.11860656738281	-22.86823844909668	127.36483764648438	102.34709167480469	0.15914349257946014	3.241561929386345e-05
27	729	-22.982444763183594	0.0	0.0	40.62983322143555	-22.99829864501953	123.28146362304688	98.0864486694336	0.21725408732891083	2.9022754913680884e-05
28	756	-22.99976348876953	0.0	0.0	222.37913513183594	-22.937101364135742	125.3179931640625	100.28837585449219	0.1830269992351532	2.575000000000002e-05
29	783	-22.958715438842773	0.0	0.0	72.03155517578125	-23.00305938720703	123.34678649902344	98.1767807006836	0.23996666073799133	2.2615657125850715e-05
30	810	-23.05287742614746	0.0	0.0	66.94692993164062	-22.99571990966797	116.78556823730469	91.51663208007812	0.14285419881343842	1.9637254807992697e-05
31	837	-23.080907821655273	0.0	0.0	51.3956298828125	-23.019872665405273	122.5240707397461	97.21588134765625	0.2092585414648056	1.68314494803395e-05
32	864	-23.031850814819336	0.0	0.0	64.75904083251953	-23.053632736206055	123.36587524414062	98.2452621459961	0.23281922936439514	1.4213932344423597e-05
33	891	-23.113365173339844	0.0	0.0	39.568397521972656	-23.021886825561523	123.38265991210938	98.22843933105469	0.18333642184734344	1.1799341617832526e-05
34	918	-22.937374114990234	0.0	0.0	85.8533706665039	-23.030410766601562	122.22489929199219	97.06230926513672	0.13050168752670288	9.601180671358249e-06
35	945	-23.111183166503906	0.0	0.0	60.67055892944336	-23.0380916595459	121.7291488647461	96.4713134765625	0.17923465371131897	7.631742512670296e-06
36	972	-23.124692916870117	0.0	0.0	72.30599975585938	-23.076406478881836	120.73515319824219	95.50149536132812	0.214724600315094	5.902041038830259e-06
37	999	-23.034353256225586	0.0	0.0	81.71049499511719	-23.090938568115234	119.74429321289062	94.53054809570312	0.283886194229126	4.421749442111885e-06
38	1026	-23.08717155456543	0.0	0.0	46.336509704589844	-23.095260620117188	119.39338684082031	94.10494232177734	0.29554030299186707	3.199146113586043e-06
39	1053	-23.168285369873047	0.0	0.0	43.06885528564453	-23.10009002685547	120.49462890625	95.22483825683594	0.2493501752614975	2.2410683469997316e-06
40	1080	-23.14040756225586	0.0	0.0	57.97941589355469	-23.10476303100586	121.18636322021484	95.87312316894531	0.28124484419822693	1.5528741018561385e-06
41	1107	-23.071300506591797	0.0	0.0	36.75311279296875	-23.10487937927246	122.29942321777344	97.01277923583984	0.27520552277565	1.1384120395315836e-06
42	1134	-23.210948944091797	0.0	0.0	48.66019821166992	-23.11310577392578	121.33622741699219	96.03658294677734	0.28229260444641113	1e-06
# Best epoch: 38
