# epoch	step	nll	ecut	ecut_viol	grad_norm	val_nll	val_ecut	val_ecut_viol	val_ress_zx	LR
1	27	-43.89577865600586	0.0	0.0	100.60353088378906	-43.960350036621094	406.67352294921875	361.8783874511719	0.06613386422395706	9.986158796046841e-05
2	54	-43.89643096923828	0.0	0.0	178.06536865234375	-44.04310607910156	372.0245056152344	326.179931640625	0.06728795170783997	9.944712589814385e-05
3	81	-44.118247985839844	0.0	0.0	504.4774475097656	-44.04029083251953	377.41717529296875	331.83087158203125	0.05615066736936569	9.875893165300026e-05
4	108	-44.12008285522461	0.0	0.0	136.41139221191406	-44.086639404296875	364.1147155761719	318.21893310546875	0.117703877389431	9.780085388641395e-05
5	135	-44.06791305541992	0.0	0.0	129.66477966308594	-44.10118103027344	376.64599609375	331.1913757324219	0.10755801200866699	9.65782505578881e-05
6	162	-44.063453674316406	0.0	0.0	91.60261535644531	-44.07115173339844	364.78125	319.04974365234375	0.04870089516043663	9.509795896116972e-05
7	189	-44.0750846862793	0.0	0.0	193.9987335205078	-44.1597900390625	372.60040283203125	326.668212890625	0.09578114748001099	9.336825748732971e-05
8	216	-44.13249206542969	0.0	0.0	191.81521606445312	-44.072139739990234	363.61810302734375	317.9292907714844	0.10853870958089828	9.139881932864174e-05
9	243	-44.10755920410156	0.0	0.0	136.11488342285156	-44.09626388549805	362.2255859375	316.6654968261719	0.09448611736297607	8.920065838216747e-05
10	270	-44.186248779296875	0.0	0.0	100.60737609863281	-44.235164642333984	351.71234130859375	305.47332763671875	0.06633664667606354	8.678606765557639e-05
11	297	-44.276607513427734	0.0	0.0	154.76171875	-44.090675354003906	353.240234375	307.32440185546875	0.054620951414108276	8.416855051966051e-05
12	324	-44.25260543823242	0.0	0.0	124.3676528930664	-44.19108200073242	342.7408142089844	296.61572265625	0.12602441012859344	8.136274519200731e-05
13	351	-44.250938415527344	0.0	0.0	136.42893981933594	-44.17948913574219	345.5867919921875	299.54156494140625	0.11588217318058014	7.83843428741493e-05
14	378	-44.07579040527344	0.0	0.0	179.33177185058594	-44.03888702392578	345.9912109375	299.8288269042969	0.09323345869779587	7.525000000000001e-05
15	405	-44.26911163330078	0.0	0.0	130.8567352294922	-44.3515625	334.7601318359375	288.5535583496094	0.14319004118442535	7.197724508631914e-05
16	432	-44.153953552246094	0.0	0.0	359.4913635253906	-44.1824951171875	339.8648681640625	293.4635925292969	0.12073558568954468	6.858438070613657e-05
17	459	-44.430572509765625	0.0	0.0	183.80067443847656	-44.212032318115234	335.49884033203125	288.98101806640625	0.13535535335540771	6.509038113333976e-05
18	486	-44.37803268432617	0.0	0.0	172.0882568359375	-44.38227462768555	340.7960205078125	294.7576599121094	0.09493802487850189	6.151478623083758e-05
19	513	-44.48357391357422	0.0	0.0	91.3231201171875	-44.4296875	336.13677978515625	289.6611328125	0.12726473808288574	5.787759217572066e-05
20	540	-44.618011474609375	0.0	0.0	93.88040161132812	-44.55416488647461	328.3895263671875	281.7184753417969	0.17453613877296448	5.419913963252802e-05
21	567	-44.4891471862793	0.0	0.0	257.1458740234375	-44.50257110595703	331.94903564453125	285.1158447265625	0.10146620124578476	5.0500000000000015e-05
22	594	-44.61347579956055	0.0	0.0	130.1682891845703	-44.509971618652344	321.38531494140625	274.80035400390625	0.15630219876766205	4.680086036747202e-05
23	621	-44.544708251953125	0.0	0.0	181.6726531982422	-44.475704193115234	325.71881103515625	279.1526794433594	0.14517688751220703	4.3122407824279384e-05
24	648	-44.62775802612305	0.0	0.0	446.5675048828125	-44.64869689941406	319.36395263671875	272.66912841796875	0.14367908239364624	3.948521376916245e-05
25	675	-44.66680908203125	0.0	0.0	84.00833129882812	-44.63621139526367	317.681640625	270.9309997558594	0.18389779329299927	3.590961886666025e-05
26	702	-44.65098571777344	0.0	0.0	170.44261169433594	-44.625267028808594	314.14947509765625	267.1884765625	0.14435815811157227	3.241561929386345e-05
27	729	-44.683929443359375	0.0	0.0	95.63764190673828	-44.64359664916992	318.713623046875	271.8683776855469	0.1428268402814865	2.9022754913680884e-05
28	756	-44.66474151611328	0.0	0.0	95.1498031616211	-44.6439323425293	314.9698181152344	268.07269287109375	0.15760217607021332	2.575000000000002e-05
29	783	-44.80831527709961	0.0	0.0	125.82215881347656	-44.746856689453125	319.7164611816406	272.6856689453125	0.17500905692577362	2.2615657125850715e-05
30	810	-44.700435638427734	0.0	0.0	214.664306640625	-44.62141036987305	313.8592529296875	266.8763122558594	0.22297239303588867	1.9637254807992697e-05
31	837	-44.79954528808594	0.0	0.0	174.89776611328125	-44.76178741455078	311.1687316894531	264.0702209472656	0.184233158826828	1.68314494803395e-05
32	864	-44.773536682128906	0.0	0.0	242.6054229736328	-44.76931381225586	307.3472595214844	260.3357238769531	0.22021661698818207	1.4213932344423597e-05
33	891	-44.84124755859375	0.0	0.0	110.65736389160156	-44.819923400878906	307.0180969238281	259.89532470703125	0.16590015590190887	1.1799341617832526e-05
34	918	-44.844024658203125	0.0	0.0	79.70677185058594	-44.834163665771484	311.85333251953125	264.7557678222656	0.1972484588623047	9.601180671358249e-06
35	945	-44.89794158935547	0.0	0.0	176.25196838378906	-44.83256149291992	306.04144287109375	258.9151611328125	0.23558931052684784	7.631742512670296e-06
36	972	-44.87837219238281	0.0	0.0	89.67610168457031	-44.845001220703125	306.984619140625	259.792236328125	0.2365400791168213	5.902041038830259e-06
37	999	-44.91093063354492	0.0	0.0	70.19915008544922	-44.85038375854492	306.9582214355469	259.84014892578125	0.2615266442298889	4.421749442111885e-06
38	1026	-44.95701217651367	0.0	0.0	93.4064712524414	-44.8675651550293	309.0228576660156	261.7988586425781	0.2607736587524414	3.199146113586043e-06
39	1053	-45.00461959838867	0.0	0.0	137.97811889648438	-44.872703552246094	306.699951171875	259.4806213378906	0.25336024165153503	2.2410683469997316e-06
40	1080	-44.94987487792969	0.0	0.0	146.01858520507812	-44.87848663330078	304.9385986328125	257.6710205078125	0.27801215648651123	1.5528741018561385e-06
41	1107	-44.93567657470703	0.0	0.0	58.15925216674805	-44.88859176635742	304.15716552734375	256.88568115234375	0.26669400930404663	1.1384120395315836e-06
42	1134	-44.98328399658203	0.0	0.0	109.28326416015625	-44.89237594604492	306.18438720703125	258.931396484375	0.2687676250934601	1e-06
# Best epoch: 40
