# epoch	step	nll	ecut	ecut_viol	grad_norm	val_nll	val_ecut	val_ecut_viol	val_ress_zx	LR
1	27	-0.9338589906692505	0.0	0.0	4.205445289611816	-0.9874887466430664	1511.1326904296875	1510.5439453125	0.0	1.0237143666892609e-05
2	54	-1.5178632736206055	0.0	0.0	3.0558083057403564	-1.5375770330429077	1467.82177734375	1467.0423583984375	0.0	1.094763738225795e-05
3	81	-1.9218915700912476	0.0	0.0	2.7275519371032715	-1.9710992574691772	1432.382568359375	1431.083740234375	0.0	1.2128672994680007e-05
4	108	-2.202116012573242	0.0	0.0	8.342872619628906	-2.252751350402832	1403.556640625	1401.650390625	0.0	1.3775582585561007e-05
5	135	-2.428269147872925	0.0	0.0	5.38964319229126	-2.4361302852630615	1384.3955078125	1382.10791015625	0.0	1.588185691857728e-05
6	162	-2.5709140300750732	0.0	0.0	6.1473002433776855	-2.5735385417938232	1370.5423583984375	1367.95703125	0.0	1.8439171166748666e-05
7	189	-2.6895675659179688	0.0	0.0	4.450275421142578	-2.697169780731201	1360.133056640625	1357.2860107421875	0.0	2.143741781543827e-05
8	216	-2.9022178649902344	0.0	0.0	5.771277904510498	-2.886960983276367	1339.380126953125	1336.197265625	0.0	2.4864746611237527e-05
9	243	-3.069528341293335	0.0	0.0	10.44760799407959	-3.1778783798217773	1296.486083984375	1292.9576416015625	0.0	2.870761139884165e-05
10	270	-3.5072200298309326	0.0	0.0	9.739370346069336	-3.529494285583496	1213.1240234375	1209.2059326171875	0.0	3.295082366079895e-05
11	297	-3.8268353939056396	0.0	0.0	8.179231643676758	-3.8987386226654053	1155.7376708984375	1151.430908203125	0.0	3.7577612548522684e-05
12	324	-4.228860855102539	0.0	0.0	16.261030197143555	-4.255866527557373	1108.9915771484375	1104.206298828125	0.0	4.256969116729994e-05
13	351	-4.601644039154053	0.0	0.0	15.471457481384277	-4.562535285949707	1057.0592041015625	1051.887451171875	0.0003333333588670939	4.790732885331288e-05
14	378	-4.87847375869751	0.0	0.0	19.67535400390625	-4.870555400848389	1017.7557373046875	1012.0361328125	0.0003333333588670939	5.356942915700472e-05
15	405	-5.202663421630859	0.0	0.0	16.295305252075195	-5.190699100494385	966.71337890625	960.5065307617188	0.0010000000474974513	5.953361322456993e-05
16	432	-5.576903343200684	0.0	0.0	19.664369583129883	-5.485450744628906	934.6098022460938	928.2423095703125	0.0010659706313163042	6.577630824801178e-05
17	459	-5.640440940856934	0.0	0.0	37.470157623291016	-5.641778469085693	881.5639038085938	874.3461303710938	0.001364793162792921	7.227284063417776e-05
18	486	-5.836968898773193	0.0	0.0	54.751853942871094	-5.985291481018066	850.5703125	843.3978271484375	0.0015064728213474154	7.899753352453215e-05
19	513	-6.0937652587890625	0.0	0.0	24.836633682250977	-6.193408012390137	815.1544189453125	807.4425048828125	0.0017542417626827955	8.592380828022916e-05
20	540	-6.332803249359131	0.0	0.0	45.294212341308594	-6.421143531799316	785.65625	778.21240234375	0.0026534402277320623	9.302428953137767e-05
21	567	-6.659801483154297	0.0	0.0	60.15631866455078	-6.478054046630859	751.871337890625	744.0541381835938	0.002992246998474002	0.00010027091337530103
22	594	-6.7959303855896	0.0	0.0	49.21826934814453	-6.773789405822754	725.6243896484375	717.5223999023438	0.004293607547879219	0.00010763503829615015
23	621	-6.979239463806152	0.0	0.0	31.372142791748047	-6.833203315734863	708.3876953125	700.072998046875	0.004657226148992777	0.00011508755836747201
24	648	-7.010903835296631	0.0	0.0	46.52877426147461	-6.978424072265625	682.923095703125	674.4656372070312	0.0027769969310611486	0.00012259901829031155
25	675	-6.73666524887085	0.0	0.0	109.72373962402344	-7.123395919799805	658.3878173828125	649.926025390625	0.004945678636431694	0.00013013972981217172
26	702	-7.314932823181152	0.0	0.0	65.22358703613281	-7.266366481781006	627.525146484375	618.8204956054688	0.005565313622355461	0.00013767988906669806
27	729	-7.40570068359375	0.0	0.0	49.90332794189453	-7.251771450042725	623.6338500976562	614.9365234375	0.005566542502492666	0.0001451896943703143
28	756	-7.390777587890625	0.0	0.0	63.353397369384766	-7.534029960632324	580.8919677734375	572.1254272460938	0.003540266305208206	0.00015263946401023132
29	783	-7.39694356918335	0.0	0.0	83.78202056884766	-7.542483806610107	577.5054931640625	568.644287109375	0.008801878429949284	0.00015999975355828383
30	810	-7.04180908203125	0.0	0.0	125.14442443847656	-7.562705039978027	569.516357421875	560.6908569335938	0.006720637436956167	0.00016724147224692488
31	837	-7.464659690856934	0.0	0.0	77.15635681152344	-7.273050308227539	577.2552490234375	568.3331298828125	0.0035718779545277357	0.00017433599794741407
32	864	-7.441203594207764	0.0	0.0	103.25833892822266	-7.466974258422852	524.467041015625	515.11865234375	0.01011204905807972	0.00018125529029576
33	891	-7.764440536499023	0.0	0.0	44.50523376464844	-7.848492622375488	515.529541015625	506.57171630859375	0.007303159683942795	0.00018797200151929956
34	918	-7.681397438049316	0.0	0.0	45.069095611572266	-7.057042121887207	570.4127807617188	561.7504272460938	0.007561807986348867	0.00019445958452588268
35	945	-7.957231521606445	0.0	0.0	62.62925720214844	-7.5904130935668945	475.944580078125	466.6841735839844	0.008348737843334675	0.00020069239782845172
36	972	-7.978385925292969	0.0	0.0	60.4720458984375	-7.703620433807373	472.9019470214844	463.3787536621094	0.00772610679268837	0.00020664580689031296
37	999	-8.177249908447266	0.0	0.0	53.411468505859375	-7.928932189941406	444.2644958496094	434.57257080078125	0.012028071098029613	0.00021229628149054233
38	1026	-8.084115982055664	0.0	0.0	90.42313385009766	-8.162498474121094	431.94189453125	422.6451110839844	0.008535061031579971	0.0002176214887247001
39	1053	-8.204621315002441	0.0	0.0	44.196083068847656	-8.042642593383789	427.1519775390625	417.719970703125	0.01122489757835865	0.0002226003812732785
40	1080	-8.066496849060059	0.0	0.0	90.01335144042969	-7.797902584075928	417.37646484375	407.8785095214844	0.00802362710237503	0.00022721328058901023
41	1107	-8.071744918823242	0.0	0.0	71.43399810791016	-8.068532943725586	435.3020935058594	426.1336364746094	0.013820621185004711	0.0002314419546742497
42	1134	-8.231321334838867	0.0	0.0	57.599849700927734	-8.08277416229248	413.4842224121094	404.1676940917969	0.012644472531974316	0.0002352696901410191
43	1161	-7.939568996429443	0.0	0.0	88.61174774169922	-8.011613845825195	419.0581970214844	410.0686950683594	0.009305647574365139	0.00023868135826891025
44	1188	-7.693930625915527	0.0	0.0	80.20189666748047	-7.7235212326049805	452.07965087890625	443.17010498046875	0.00849539041519165	0.0002416634747997555
45	1215	-7.828848838806152	0.0	0.0	98.1994400024414	-8.203802108764648	407.66107177734375	398.6086120605469	0.007695389911532402	0.0002442042532327343
46	1242	-8.135871887207031	0.0	0.0	99.21895599365234	-8.285356521606445	363.8727722167969	354.16680908203125	0.01632436364889145	0.0002462936514092741
47	1269	-8.015902519226074	0.0	0.0	46.66387176513672	-7.928766250610352	388.07940673828125	378.59466552734375	0.007794588804244995	0.0002479234112036218
48	1296	-8.284215927124023	0.0	0.0	81.04885864257812	-8.037949562072754	392.2325439453125	382.607421875	0.009108252823352814	0.0002490870911622143
49	1323	-8.247003555297852	0.0	0.0	94.32215881347656	-8.307743072509766	340.5578308105469	330.6758117675781	0.010639037005603313	0.00024978009196284376
50	1350	-8.4622802734375	0.0	0.0	68.2066421508789	-8.386846542358398	342.79119873046875	332.9539489746094	0.013658115640282631	0.0002499999097430048
51	1377	-8.487337112426758	0.0	0.0	67.39871215820312	-8.351741790771484	359.3318786621094	349.68035888671875	0.008277231827378273	0.0002499292496279845
52	1404	-8.384947776794434	0.0	0.0	68.97315979003906	-8.36072826385498	335.689208984375	325.8796691894531	0.021518869325518608	0.00024972713814798653
53	1431	-8.285411834716797	0.0	0.0	84.96785736083984	-8.348530769348145	352.8398132324219	342.9989929199219	0.003801713464781642	0.0002493939298752249
54	1458	-8.469499588012695	0.0	0.0	85.5074691772461	-8.461648941040039	340.49566650390625	330.9756164550781	0.01497943140566349	0.0002489302093702348
55	1485	-8.276241302490234	0.0	0.0	58.229515075683594	-8.233628273010254	337.2538757324219	327.6390380859375	0.0176315288990736	0.0002483367901563554
56	1512	-8.271873474121094	0.0	0.0	87.23932647705078	-8.462287902832031	332.9642333984375	323.4462585449219	0.01996019296348095	0.000247614713292533
57	1539	-8.525114059448242	0.0	0.0	146.763671875	-8.56503963470459	316.3015441894531	306.39599609375	0.012032289057970047	0.0002467652455469501
58	1566	-8.630434036254883	0.0	0.0	82.94324493408203	-8.5563325881958	312.91595458984375	303.0099792480469	0.015351450070738792	0.0002457898771746836
59	1593	-8.473733901977539	0.0	0.0	90.55152893066406	-8.50611400604248	300.1923828125	290.0525817871094	0.01872403174638748	0.0002446903193032908
60	1620	-8.897602081298828	0.0	0.0	64.90884399414062	-8.761045455932617	280.43878173828125	270.1192626953125	0.011548629030585289	0.00024346850093091035
61	1647	-8.202033996582031	0.0	0.0	109.41505432128906	-8.42860221862793	310.9248046875	300.7308044433594	0.01919904723763466	0.00024212656554214415
62	1674	-8.924493789672852	0.0	0.0	67.16390228271484	-8.922800064086914	274.703369140625	264.3243103027344	0.02733897790312767	0.0002406668673476568
63	1701	-9.002321243286133	0.0	0.0	127.59785461425781	-8.8438138961792	289.09454345703125	279.0592956542969	0.0215305145829916	0.00023909196715409025
64	1728	-8.848560333251953	0.0	0.0	86.02655029296875	-8.838451385498047	263.00750732421875	252.576416015625	0.02539028972387314	0.0002374046278715386
65	1755	-8.738458633422852	0.0	0.0	57.85969924926758	-8.675291061401367	265.7139892578125	255.2362518310547	0.022905191406607628	0.0002356078096664652
66	1782	-8.534526824951172	0.0	0.0	40.763187408447266	-8.524627685546875	293.810546875	284.00250244140625	0.020185653120279312	0.0002337046647685648
67	1809	-8.646947860717773	0.0	0.0	89.02841186523438	-8.773211479187012	262.19622802734375	251.9089813232422	0.01945837400853634	0.00023169853194068108
68	1836	-8.544174194335938	0.0	0.0	77.5351791381836	-8.498462677001953	293.06402587890625	283.113525390625	0.01957400143146515	0.0002295929306214829
69	1863	-8.765710830688477	0.0	0.0	51.9937629699707	-8.859858512878418	257.6554870605469	247.75619506835938	0.011670676991343498	0.0002273915547511721
70	1890	-8.711009979248047	0.0	0.0	167.98028564453125	-8.746637344360352	256.65802001953125	246.248046875	0.011845621280372143	0.00022509826629105785
71	1917	-9.02558708190918	0.0	0.0	78.23274230957031	-9.070745468139648	235.18673706054688	224.8463592529297	0.01440725289285183	0.0002227170884483638
72	1944	-9.100956916809082	0.0	0.0	240.3412628173828	-8.671092987060547	236.49185180664062	225.80361938476562	0.02203764021396637	0.0002202521986181557
73	1971	-8.943798065185547	0.0	0.0	95.07064819335938	-8.970926284790039	258.7572326660156	248.73880004882812	0.021340569481253624	0.00021770792105477095
74	1998	-8.943204879760742	0.0	0.0	67.97417449951172	-9.18425178527832	235.4622802734375	224.97927856445312	0.023775529116392136	0.00021508871928560704
75	2025	-9.32025146484375	0.0	0.0	57.645328521728516	-9.305545806884766	219.31077575683594	208.73800659179688	0.021150169894099236	0.00021239918828057787
76	2052	-9.102927207946777	0.0	0.0	87.96978759765625	-9.166969299316406	228.30538940429688	217.677490234375	0.02915612980723381	0.00020964404639097492
77	2079	-9.070484161376953	0.0	0.0	53.12009811401367	-9.220622062683105	219.03160095214844	208.2691650390625	0.021247338503599167	0.00020682812707187618
78	2106	-9.1238431930542	0.0	0.0	44.61076736450195	-9.237955093383789	214.4837646484375	203.64791870117188	0.03131678327918053	0.0002039563704026231
79	2133	-9.127830505371094	0.0	0.0	84.07271575927734	-9.12177848815918	221.5263671875	211.06695556640625	0.023081084713339806	0.00020103381442024303
80	2160	-8.99578857421875	0.0	0.0	54.546791076660156	-9.021690368652344	232.84202575683594	222.4580535888672	0.027645831927657127	0.0001980655862810203
81	2187	-9.295305252075195	0.0	0.0	125.33859252929688	-9.102328300476074	208.05380249023438	197.0726776123047	0.015576083213090897	0.00019505689326572176
82	2214	-9.236337661743164	0.0	0.0	174.8161163330078	-9.040449142456055	212.23178100585938	201.313232421875	0.02923358604311943	0.00019201301364425705
83	2241	-8.999923706054688	0.0	0.0	95.06340026855469	-9.056320190429688	221.3115692138672	210.48287963867188	0.016781238839030266	0.0001889392874157994
84	2268	-9.222856521606445	0.0	0.0	53.300811767578125	-9.127952575683594	207.9134521484375	196.99920654296875	0.029407784342765808	0.00018584110694061274
85	2295	-9.408119201660156	0.0	0.0	85.81283569335938	-9.382518768310547	193.5457000732422	182.5212860107422	0.03011985495686531	0.00018272390748001933
86	2322	-9.27900505065918	0.0	0.0	100.94807434082031	-9.284018516540527	201.66502380371094	190.82713317871094	0.01361256092786789	0.00017959315766110463
87	2349	-9.311168670654297	0.0	0.0	60.23582458496094	-9.246081352233887	204.9521484375	194.18199157714844	0.0341566726565361	0.00017645434988288684
88	2376	-9.488876342773438	0.0	0.0	49.0692138671875	-9.429708480834961	188.80133056640625	177.73458862304688	0.018650509417057037	0.00017331299068078308
89	2403	-9.460750579833984	0.0	0.0	53.14379119873047	-9.55091381072998	181.002685546875	169.95484924316406	0.0392419695854187	0.00017017459106627485
90	2430	-9.613174438476562	0.0	0.0	65.0490951538086	-9.553489685058594	179.11672973632812	167.93093872070312	0.04118870571255684	0.00016704465685872134
91	2457	-9.399288177490234	0.0	0.0	237.1614532470703	-9.220722198486328	196.37875366210938	185.36459350585938	0.023388436064124107	0.0001639286790262814
92	2484	-9.487247467041016	0.0	0.0	82.90675354003906	-9.437931060791016	188.2744140625	177.38180541992188	0.02572159469127655	0.0001608321240528895
93	2511	-9.552124977111816	0.0	0.0	64.20328521728516	-9.477972984313965	177.40042114257812	166.2510986328125	0.020403791218996048	0.00015776042434818542
94	2538	-9.140682220458984	0.0	0.0	101.91797637939453	-9.340593338012695	194.50396728515625	183.546142578125	0.03530515730381012	0.00015471896871722181
95	2565	-9.43091869354248	0.0	0.0	76.73736572265625	-9.472982406616211	181.5304412841797	170.49896240234375	0.022737976163625717	0.00015171309290666892
96	2592	-9.769128799438477	0.0	0.0	80.4629898071289	-9.651566505432129	166.2635498046875	154.87994384765625	0.03298573195934296	0.00014874807024410196
97	2619	-9.406164169311523	0.0	0.0	62.42763137817383	-9.474557876586914	172.8880615234375	161.6256103515625	0.02609725296497345	0.00014582910238679245
98	2646	-9.740395545959473	0.0	0.0	52.72484588623047	-9.70963191986084	163.6985321044922	152.37985229492188	0.04039217159152031	0.0001429613101962342
99	2673	-9.765188217163086	0.0	0.0	59.81221008300781	-9.722029685974121	166.10992431640625	154.82431030273438	0.04316871985793114	0.00014014972475441165
100	2700	-9.758245468139648	0.0	0.0	76.4134292602539	-9.811918258666992	165.29502868652344	153.87118530273438	0.04386284202337265	0.000137399278537573
101	2727	-9.56308650970459	0.0	0.0	86.40863800048828	-9.65182876586914	154.46636962890625	142.8661346435547	0.03822174668312073	0.00013471479676299046
102	2754	-9.570106506347656	0.0	0.0	90.5457534790039	-9.603199005126953	156.05198669433594	144.5499267578125	0.033814530819654465	0.00013210098892388962
103	2781	-9.736412048339844	0.0	0.0	69.00283813476562	-9.783706665039062	150.15383911132812	138.72491455078125	0.0527196079492569	0.00012956244052739826
104	2808	-9.476462364196777	0.0	0.0	99.44064331054688	-9.54018783569336	167.09384155273438	155.87579345703125	0.02376464381814003	0.00012710360505000827
105	2835	-9.79868221282959	0.0	0.0	117.50384521484375	-9.722270965576172	145.311767578125	133.82977294921875	0.022692762315273285	0.00012472879612466492
106	2862	-9.732454299926758	0.0	0.0	117.8379135131836	-9.842283248901367	147.2142333984375	135.69927978515625	0.04175163432955742	0.00012244217997318878
107	2889	-9.834003448486328	0.0	0.0	69.9142837524414	-9.832138061523438	137.99484252929688	126.34735107421875	0.027274850755929947	0.00012024776809730691
108	2916	-9.810653686523438	0.0	0.0	119.55668640136719	-9.772416114807129	148.20001220703125	136.69680786132812	0.05439623445272446	0.00011814941024111579
109	2943	-9.651644706726074	0.0	0.0	131.90379333496094	-9.5901460647583	147.15615844726562	135.82325744628906	0.027352921664714813	0.00011615078763732197
110	2970	-9.775256156921387	0.0	0.0	89.19009399414062	-9.747941970825195	141.3770751953125	129.7451629638672	0.04419272392988205	0.000114255406549109
111	2997	-9.894806861877441	0.0	0.0	117.85900115966797	-9.874731063842773	139.67320251464844	127.9849853515625	0.03384871780872345	0.00011246659211896043
112	3024	-9.762868881225586	0.0	0.0	101.98096466064453	-9.780582427978516	146.72769165039062	135.20965576171875	0.036957092583179474	0.00011078748253523003
113	3051	-9.877279281616211	0.0	0.0	61.71390914916992	-9.789396286010742	144.77838134765625	133.1639862060547	0.032624244689941406	0.00010922102352669286
114	3078	-9.894109725952148	0.0	0.0	52.57872009277344	-9.874960899353027	135.92160034179688	124.21949768066406	0.03808262199163437	0.00010776996319473627
115	3105	-9.765433311462402	0.0	0.0	563.33642578125	-9.754352569580078	152.06314086914062	140.700439453125	0.028106240555644035	0.00010643684719225612
116	3132	-9.86008071899414	0.0	0.0	97.68504333496094	-9.973640441894531	138.53369140625	126.99920654296875	0.04965846985578537	0.00010522401425771664
117	3159	-9.87125015258789	0.0	0.0	91.36517333984375	-9.966973304748535	138.76168823242188	127.28900146484375	0.032993122935295105	0.0001041335921122084
118	3186	-9.97900390625	0.0	0.0	99.48497772216797	-9.957571029663086	135.88568115234375	124.25216674804688	0.051053982228040695	0.00010316749372670254
119	3213	-9.98707389831543	0.0	0.0	87.75984954833984	-9.987236022949219	137.51365661621094	125.87089538574219	0.04035776108503342	0.0001023274139660497
120	3240	-9.835631370544434	0.0	0.0	297.6251220703125	-9.852449417114258	134.06488037109375	122.34207153320312	0.05550138279795647	0.00010161482661561108
121	3267	-10.01622200012207	0.0	0.0	47.47519302368164	-10.091705322265625	122.50559997558594	110.53292083740234	0.05567381903529167	0.00010103098179573815
122	3294	-10.025077819824219	0.0	0.0	76.07254791259766	-10.079587936401367	127.0140609741211	115.20188903808594	0.04331403225660324	0.00010057690376863677
123	3321	-10.049934387207031	0.0	0.0	70.8349838256836	-10.101210594177246	123.46037292480469	111.60826110839844	0.07200655341148376	0.00010025338914146325
124	3348	-10.051729202270508	0.0	0.0	95.48497009277344	-10.099908828735352	121.15996551513672	109.1484375	0.028544722124934196	0.00010006100546880462
125	3375	-9.969794273376465	0.0	0.0	50.88779067993164	-10.038562774658203	123.588134765625	111.62925720214844	0.047563742846250534	0.00010000009025699517
# Best epoch: 123
