# epoch	step	nll	ecut	ecut_viol	grad_norm	val_nll	val_ecut	val_ecut_viol	val_ress_zx	LR
1	27	-8.898058891296387	0.0	0.0	39.94609832763672	-9.195171356201172	1650.39306640625	1649.9769287109375	0.0	1.0237143666892609e-05
2	54	-16.280418395996094	0.0	0.0	31.693254470825195	-16.48468017578125	1607.647705078125	1605.8245849609375	0.0	1.094763738225795e-05
3	81	-20.56464385986328	0.0	0.0	34.820648193359375	-20.674720764160156	1573.3544921875	1568.9710693359375	0.0	1.2128672994680007e-05
4	108	-23.350446701049805	0.0	0.0	279.5316162109375	-23.36484146118164	1557.2210693359375	1550.4228515625	0.0	1.3775582585561007e-05
5	135	-25.262561798095703	0.0	0.0	187.69606018066406	-25.349567413330078	1550.8905029296875	1542.3397216796875	0.0	1.588185691857728e-05
6	162	-27.12295150756836	0.0	0.0	271.4745788574219	-27.299179077148438	1552.500732421875	1541.9769287109375	0.0	1.8439171166748666e-05
7	189	-29.505537033081055	0.0	0.0	367.7765197753906	-29.58080291748047	1568.396484375	1553.976318359375	0.0	2.143741781543827e-05
8	216	-31.319541931152344	0.0	0.0	365.4763488769531	-31.444900512695312	1581.630859375	1562.66357421875	0.0	2.4864746611237527e-05
9	243	-32.877376556396484	0.0	0.0	236.63697814941406	-32.69569396972656	1579.50390625	1556.373046875	0.0	2.870761139884165e-05
10	270	-33.63503646850586	0.0	0.0	430.3274230957031	-33.28806686401367	1565.1533203125	1538.5008544921875	0.0	3.295082366079895e-05
11	297	-34.66054916381836	0.0	0.0	194.9376983642578	-34.54548263549805	1535.564697265625	1506.99609375	0.0	3.7577612548522684e-05
12	324	-34.849647521972656	0.0	0.0	445.77227783203125	-34.69866943359375	1493.60009765625	1463.1923828125	0.0	4.256969116729994e-05
13	351	-36.03687286376953	0.0	0.0	189.95205688476562	-36.120216369628906	1463.272705078125	1430.776123046875	0.0	4.790732885331288e-05
14	378	-36.2990837097168	0.0	0.0	458.54833984375	-36.47964096069336	1426.563720703125	1392.440185546875	0.0	5.356942915700472e-05
15	405	-36.83760070800781	0.0	0.0	439.263671875	-36.93782043457031	1397.643310546875	1363.074462890625	0.0003333333588670939	5.953361322456993e-05
16	432	-37.491485595703125	0.0	0.0	585.926025390625	-37.47675323486328	1368.78857421875	1333.094482421875	0.001001884462311864	6.577630824801178e-05
17	459	-37.83014678955078	0.0	0.0	237.58517456054688	-37.0615234375	1342.548583984375	1306.716552734375	0.0006666667177341878	7.227284063417776e-05
18	486	-37.4730339050293	0.0	0.0	356.01373291015625	-37.81430435180664	1330.3167724609375	1295.1915283203125	0.0007805267232470214	7.899753352453215e-05
19	513	-37.950443267822266	0.0	0.0	341.6832275390625	-38.03119659423828	1301.342529296875	1264.723876953125	0.0010308320634067059	8.592380828022916e-05
20	540	-37.70549774169922	0.0	0.0	364.89202880859375	-37.59145736694336	1300.1148681640625	1264.3636474609375	0.0008252137340605259	9.302428953137767e-05
21	567	-37.05120086669922	0.0	0.0	556.3972778320312	-37.3536376953125	1296.37158203125	1260.8720703125	0.0003333333588670939	0.00010027091337530103
22	594	-37.7837028503418	0.0	0.0	822.3682861328125	-37.097755432128906	1263.566650390625	1227.689453125	0.0003333333588670939	0.00010763503829615015
23	621	-37.421119689941406	0.0	0.0	607.1961059570312	-36.111358642578125	1267.40625	1232.580078125	0.0003333333588670939	0.00011508755836747201
24	648	-38.14231872558594	0.0	0.0	473.6094665527344	-38.43214416503906	1229.825927734375	1194.941162109375	0.0012543898774310946	0.00012259901829031155
25	675	-39.02139663696289	0.0	0.0	482.12042236328125	-39.40446853637695	1212.4578857421875	1175.5419921875	0.002734751207754016	0.00013013972981217172
26	702	-38.75205993652344	0.0	0.0	422.7735290527344	-38.343666076660156	1203.90234375	1167.035400390625	0.0014354817103594542	0.00013767988906669806
27	729	-39.283660888671875	0.0	0.0	408.9613037109375	-39.098480224609375	1169.026123046875	1132.6434326171875	0.0027345609851181507	0.0001451896943703143
28	756	-37.60892868041992	0.0	0.0	595.2927856445312	-38.34571075439453	1181.8558349609375	1146.578125	0.0011457239743322134	0.00015263946401023132
29	783	-38.94293212890625	0.0	0.0	271.48541259765625	-38.644466400146484	1201.31396484375	1165.415283203125	0.001752121257595718	0.00015999975355828383
30	810	-36.79545593261719	0.0	0.0	506.3088073730469	-37.19781494140625	1144.29296875	1108.9189453125	0.0015240206848829985	0.00016724147224692488
31	837	-37.67246627807617	0.0	0.0	340.9838562011719	-38.0368766784668	1138.5068359375	1104.160888671875	0.0006666667177341878	0.00017433599794741407
32	864	-39.883663177490234	0.0	0.0	271.0594482421875	-39.868896484375	1111.63232421875	1074.3221435546875	0.0026439265348017216	0.00018125529029576
33	891	-37.48102951049805	0.0	0.0	434.3719177246094	-38.01600646972656	1138.702880859375	1103.56201171875	0.0010000000474974513	0.00018797200151929956
34	918	-37.97975158691406	0.0	0.0	298.5040588378906	-38.930397033691406	1083.197509765625	1048.8411865234375	0.001206073211506009	0.00019445958452588268
35	945	-38.6661376953125	0.0	0.0	312.3675231933594	-38.695831298828125	1070.4931640625	1036.2147216796875	0.0017163939774036407	0.00020069239782845172
36	972	-37.679527282714844	0.0	0.0	218.4390869140625	-37.71717071533203	1086.104736328125	1053.6220703125	0.0	0.00020664580689031296
37	999	-40.135589599609375	0.0	0.0	661.5825805664062	-39.744529724121094	1008.76513671875	971.3575439453125	0.0039030935149639845	0.00021229628149054233
38	1026	-40.30034255981445	0.0	0.0	318.41619873046875	-40.18109893798828	1007.7015991210938	970.2135009765625	0.003787914291024208	0.0002176214887247001
39	1053	-39.167701721191406	0.0	0.0	608.3011474609375	-39.52912902832031	1009.572998046875	972.8538818359375	0.0015443734591826797	0.0002226003812732785
40	1080	-40.76000213623047	0.0	0.0	269.6580505371094	-41.05085372924805	975.009033203125	935.904296875	0.01011572778224945	0.00022721328058901023
41	1107	-40.4046745300293	0.0	0.0	290.6524658203125	-40.73857879638672	974.99169921875	936.62939453125	0.007984204217791557	0.0002314419546742497
42	1134	-39.79331588745117	0.0	0.0	238.97787475585938	-40.11830520629883	952.234619140625	915.4769287109375	0.003614998422563076	0.0002352696901410191
43	1161	-39.650794982910156	0.0	0.0	735.761962890625	-40.31973648071289	892.7027587890625	853.9342651367188	0.004326856695115566	0.00023868135826891025
44	1188	-40.50527572631836	0.0	0.0	203.3128204345703	-40.248958587646484	892.6066284179688	854.8817749023438	0.005471385549753904	0.0002416634747997555
45	1215	-38.366947174072266	0.0	0.0	337.7780456542969	-39.38578414916992	873.45751953125	835.8361206054688	0.0027219681069254875	0.0002442042532327343
46	1242	-40.11147689819336	0.0	0.0	389.8072814941406	-40.743125915527344	851.3395385742188	813.095703125	0.004478710703551769	0.0002462936514092741
47	1269	-40.073028564453125	0.0	0.0	509.8509521484375	-38.98090362548828	899.097900390625	861.9454956054688	0.0019280321430414915	0.0002479234112036218
48	1296	-40.418304443359375	0.0	0.0	257.0290832519531	-40.767608642578125	910.2489013671875	872.0138549804688	0.009032714180648327	0.0002490870911622143
49	1323	-40.291847229003906	0.0	0.0	439.34844970703125	-40.21965026855469	858.2587280273438	820.5419921875	0.0050076087936758995	0.00024978009196284376
50	1350	-41.54762268066406	0.0	0.0	322.4834899902344	-41.893463134765625	819.523681640625	779.5955810546875	0.012905878946185112	0.0002499999097430048
51	1377	-41.71839904785156	0.0	0.0	341.6179504394531	-41.55906677246094	772.5333862304688	732.2208251953125	0.007612036541104317	0.0002499292496279845
52	1404	-41.242645263671875	0.0	0.0	264.09033203125	-41.09148406982422	798.35205078125	759.044677734375	0.006678092293441296	0.00024972713814798653
53	1431	-41.0025749206543	0.0	0.0	210.89389038085938	-40.80310821533203	771.3466186523438	731.3422241210938	0.007872216403484344	0.0002493939298752249
54	1458	-41.672943115234375	0.0	0.0	433.9617004394531	-41.53348159790039	755.6039428710938	714.5294799804688	0.022506004199385643	0.0002489302093702348
55	1485	-42.04157638549805	0.0	0.0	208.89761352539062	-41.879920959472656	733.6637573242188	692.7379760742188	0.014431463554501534	0.0002483367901563554
56	1512	-42.05980682373047	0.0	0.0	293.7662353515625	-42.06520080566406	746.04052734375	704.5345458984375	0.012176032178103924	0.000247614713292533
57	1539	-41.51084518432617	0.0	0.0	122.44457244873047	-41.11872100830078	727.517578125	686.5283203125	0.010724112391471863	0.0002467652455469501
58	1566	-41.78569030761719	0.0	0.0	155.48382568359375	-41.56350326538086	698.0181884765625	657.48876953125	0.012981886975467205	0.0002457898771746836
59	1593	-42.55668258666992	0.0	0.0	198.33750915527344	-42.29109573364258	674.0314331054688	631.836669921875	0.018620025366544724	0.0002446903193032908
60	1620	-42.834373474121094	0.0	0.0	235.96844482421875	-42.805503845214844	648.371826171875	605.7267456054688	0.03132351487874985	0.00024346850093091035
61	1647	-42.301429748535156	0.0	0.0	366.51275634765625	-42.04818344116211	633.7005615234375	592.005126953125	0.023683596402406693	0.00024212656554214415
62	1674	-42.078895568847656	0.0	0.0	155.96847534179688	-41.795223236083984	647.2569580078125	604.6331176757812	0.016327660530805588	0.0002406668673476568
63	1701	-41.35346221923828	0.0	0.0	374.2763977050781	-41.37207794189453	660.056884765625	618.07763671875	0.010370885953307152	0.00023909196715409025
64	1728	-42.58000564575195	0.0	0.0	383.8785705566406	-42.41954040527344	601.6575317382812	558.6806030273438	0.01245079468935728	0.0002374046278715386
65	1755	-41.89025115966797	0.0	0.0	367.3263244628906	-41.41368103027344	635.7230834960938	593.9620361328125	0.015002276748418808	0.0002356078096664652
66	1782	-41.91920471191406	0.0	0.0	330.9682312011719	-42.27857971191406	652.604248046875	610.8052978515625	0.017725292593240738	0.0002337046647685648
67	1809	-42.63780212402344	0.0	0.0	391.1272888183594	-42.362640380859375	606.2452392578125	563.66650390625	0.014926252886652946	0.00023169853194068108
68	1836	-42.72346115112305	0.0	0.0	201.16648864746094	-42.59550476074219	595.2786865234375	552.412353515625	0.03215744346380234	0.0002295929306214829
69	1863	-42.389705657958984	0.0	0.0	228.66049194335938	-42.444732666015625	613.7781982421875	570.7210693359375	0.013658813200891018	0.0002273915547511721
70	1890	-42.902427673339844	0.0	0.0	139.95774841308594	-42.86084747314453	580.8796997070312	537.5797119140625	0.022440969944000244	0.00022509826629105785
71	1917	-41.253902435302734	0.0	0.0	361.5697326660156	-42.304874420166016	626.2396240234375	584.2882080078125	0.023471547290682793	0.0002227170884483638
72	1944	-42.8547477722168	0.0	0.0	376.8713684082031	-42.65955352783203	565.3756103515625	522.5274658203125	0.026678910478949547	0.0002202521986181557
73	1971	-43.4295654296875	0.0	0.0	236.2571563720703	-42.83221435546875	542.0594482421875	498.2886962890625	0.02066555619239807	0.00021770792105477095
74	1998	-42.92784881591797	0.0	0.0	104.52757263183594	-42.96955871582031	545.5568237304688	502.08538818359375	0.033896952867507935	0.00021508871928560704
75	2025	-43.028053283691406	0.0	0.0	156.95347595214844	-43.110557556152344	539.0811767578125	495.54534912109375	0.01966267079114914	0.00021239918828057787
76	2052	-42.76870346069336	0.0	0.0	144.45440673828125	-42.89904022216797	551.3906860351562	507.99176025390625	0.04054545611143112	0.00020964404639097492
77	2079	-43.29027557373047	0.0	0.0	188.17832946777344	-43.05358123779297	531.5717163085938	487.5323181152344	0.044912468641996384	0.00020682812707187618
78	2106	-43.13200378417969	0.0	0.0	172.68228149414062	-43.13298034667969	537.923583984375	494.291015625	0.05026177316904068	0.0002039563704026231
79	2133	-43.250240325927734	0.0	0.0	288.3669128417969	-43.14826583862305	519.7973022460938	475.4749450683594	0.0336090549826622	0.00020103381442024303
80	2160	-43.146812438964844	0.0	0.0	326.093994140625	-43.0880241394043	543.30419921875	499.4866638183594	0.029856277629733086	0.0001980655862810203
81	2187	-43.15034103393555	0.0	0.0	266.0317687988281	-43.31869125366211	527.0498657226562	483.10748291015625	0.0425853356719017	0.00019505689326572176
82	2214	-43.49895477294922	0.0	0.0	185.96771240234375	-43.31988525390625	502.59881591796875	458.43365478515625	0.023528529331088066	0.00019201301364425705
83	2241	-43.56981658935547	0.0	0.0	304.2681884765625	-43.34415817260742	485.9305114746094	441.3953552246094	0.04972224682569504	0.0001889392874157994
84	2268	-42.48533630371094	0.0	0.0	293.7450256347656	-42.670509338378906	497.3431091308594	453.50848388671875	0.01200082153081894	0.00018584110694061274
85	2295	-43.13727951049805	0.0	0.0	328.79840087890625	-43.007606506347656	499.2979736328125	454.84625244140625	0.048795174807310104	0.00018272390748001933
86	2322	-43.41015625	0.0	0.0	178.8816680908203	-43.553375244140625	495.9643249511719	451.8101501464844	0.03536001965403557	0.00017959315766110463
87	2349	-43.3458251953125	0.0	0.0	147.02748107910156	-43.64616012573242	488.959228515625	444.865234375	0.06480196863412857	0.00017645434988288684
88	2376	-43.55499267578125	0.0	0.0	193.5746612548828	-43.60908126831055	471.1614990234375	426.95025634765625	0.06335141509771347	0.00017331299068078308
89	2403	-43.620445251464844	0.0	0.0	213.6182403564453	-43.6524772644043	472.3721618652344	427.71087646484375	0.050138961523771286	0.00017017459106627485
90	2430	-43.05825424194336	0.0	0.0	336.1993408203125	-43.1162109375	479.0292663574219	434.65576171875	0.05430708825588226	0.00016704465685872134
91	2457	-43.076904296875	0.0	0.0	269.4263000488281	-43.175437927246094	464.53143310546875	420.39935302734375	0.04132991284132004	0.0001639286790262814
92	2484	-43.14208984375	0.0	0.0	242.61346435546875	-43.23442077636719	509.82672119140625	465.7062683105469	0.03433546423912048	0.0001608321240528895
93	2511	-43.93275451660156	0.0	0.0	139.7989501953125	-43.7304801940918	451.92889404296875	407.35272216796875	0.08067971467971802	0.00015776042434818542
94	2538	-43.72690963745117	0.0	0.0	280.2743835449219	-43.61798095703125	451.9736328125	407.03863525390625	0.04306374117732048	0.00015471896871722181
95	2565	-43.41596603393555	0.0	0.0	264.83001708984375	-43.393028259277344	456.9412841796875	412.1119079589844	0.017860952764749527	0.00015171309290666892
96	2592	-43.63923263549805	0.0	0.0	128.0977783203125	-43.49864196777344	457.0362243652344	412.2912292480469	0.07354312390089035	0.00014874807024410196
97	2619	-43.7597770690918	0.0	0.0	101.33206939697266	-43.83633041381836	446.12286376953125	401.1763610839844	0.08805078268051147	0.00014582910238679245
98	2646	-43.71183395385742	0.0	0.0	281.6507263183594	-43.6865234375	444.12493896484375	399.086181640625	0.06325486302375793	0.0001429613101962342
99	2673	-44.062252044677734	0.0	0.0	170.6392822265625	-43.8861083984375	433.14080810546875	387.6395263671875	0.0881955623626709	0.00014014972475441165
100	2700	-43.89662170410156	0.0	0.0	187.76040649414062	-43.694244384765625	431.12457275390625	386.2665710449219	0.07313680648803711	0.000137399278537573
101	2727	-43.793853759765625	0.0	0.0	124.84968566894531	-43.95409393310547	428.506103515625	383.33489990234375	0.09250398725271225	0.00013471479676299046
102	2754	-43.880126953125	0.0	0.0	148.2579803466797	-43.8857421875	420.3599548339844	374.9232177734375	0.08840513229370117	0.00013210098892388962
103	2781	-44.00218200683594	0.0	0.0	191.40554809570312	-43.82136154174805	415.93927001953125	370.1500244140625	0.04806436225771904	0.00012956244052739826
104	2808	-43.95359802246094	0.0	0.0	280.9668273925781	-43.760833740234375	415.74310302734375	370.327392578125	0.05716346949338913	0.00012710360505000827
105	2835	-44.142852783203125	0.0	0.0	133.441162109375	-44.072113037109375	410.4630126953125	364.8878173828125	0.09859231114387512	0.00012472879612466492
106	2862	-43.993385314941406	0.0	0.0	158.66326904296875	-44.053802490234375	402.88177490234375	357.11517333984375	0.09983128309249878	0.00012244217997318878
107	2889	-43.982261657714844	0.0	0.0	131.8857879638672	-43.91923141479492	417.8621826171875	372.1458435058594	0.04549162834882736	0.00012024776809730691
108	2916	-44.16317367553711	0.0	0.0	164.66004943847656	-44.10036849975586	409.3011169433594	363.76873779296875	0.08335085958242416	0.00011814941024111579
109	2943	-44.19322967529297	0.0	0.0	80.00592803955078	-44.068328857421875	384.3800048828125	338.3869323730469	0.06029295176267624	0.00011615078763732197
110	2970	-44.15989303588867	0.0	0.0	99.93401336669922	-44.02781295776367	400.62701416015625	354.7174072265625	0.0850059986114502	0.000114255406549109
111	2997	-44.03957748413086	0.0	0.0	227.0812530517578	-43.9875602722168	400.4984130859375	354.94256591796875	0.06855854392051697	0.00011246659211896043
112	3024	-44.09307098388672	0.0	0.0	92.58771514892578	-44.010772705078125	385.06402587890625	339.17999267578125	0.089441679418087	0.00011078748253523003
113	3051	-43.924129486083984	0.0	0.0	247.55938720703125	-43.94965744018555	399.3038024902344	353.6331481933594	0.09830076992511749	0.00010922102352669286
114	3078	-44.14405822753906	0.0	0.0	133.56454467773438	-44.10215377807617	384.193359375	338.3570861816406	0.08701130747795105	0.00010776996319473627
115	3105	-44.19916915893555	0.0	0.0	91.00533294677734	-44.194732666015625	386.44622802734375	340.744384765625	0.07080016285181046	0.00010643684719225612
116	3132	-44.171077728271484	0.0	0.0	100.92498779296875	-44.082786560058594	373.23748779296875	327.2083740234375	0.10664932429790497	0.00010522401425771664
117	3159	-43.53486251831055	0.0	0.0	222.09121704101562	-43.53474044799805	403.22149658203125	358.55865478515625	0.03994131088256836	0.0001041335921122084
118	3186	-43.92442321777344	0.0	0.0	222.52752685546875	-43.79957580566406	396.30853271484375	350.9156188964844	0.054217688739299774	0.00010316749372670254
119	3213	-44.101593017578125	0.0	0.0	140.01290893554688	-44.033592224121094	384.06085205078125	338.0643005371094	0.07972834259271622	0.0001023274139660497
120	3240	-44.11036682128906	0.0	0.0	151.39834594726562	-44.08097457885742	381.8669128417969	336.1236267089844	0.0729251354932785	0.00010161482661561108
121	3267	-44.11465072631836	0.0	0.0	149.36744689941406	-44.054283142089844	364.50537109375	318.89544677734375	0.1337323933839798	0.00010103098179573815
122	3294	-44.331573486328125	0.0	0.0	93.73320007324219	-44.32181930541992	374.9512634277344	328.7825012207031	0.12135779857635498	0.00010057690376863677
123	3321	-44.228126525878906	0.0	0.0	177.26519775390625	-44.21058654785156	363.85546875	317.7185974121094	0.09340941160917282	0.00010025338914146325
124	3348	-44.06805419921875	0.0	0.0	141.94155883789062	-44.12963104248047	378.52764892578125	332.55517578125	0.0965801477432251	0.00010006100546880462
125	3375	-44.01470184326172	0.0	0.0	205.50111389160156	-43.99441146850586	367.6509704589844	321.8306884765625	0.09443768858909607	0.00010000009025699517
# Best epoch: 121
