# epoch	step	nll	ecut	ecut_viol	grad_norm	val_nll	val_ecut	val_ecut_viol	val_ress_zx	LR
1	27	-32.00074005126953	0.0	0.0	50.12275314331055	-31.951282501220703	471.3865966796875	438.81866455078125	0.08001618087291718	9.986158796046841e-05
2	54	-32.041297912597656	0.0	0.0	82.95925903320312	-32.10197067260742	438.7080993652344	405.5052185058594	0.08712690323591232	9.944712589814385e-05
3	81	-31.91314697265625	0.0	0.0	108.53751373291016	-31.895353317260742	433.62127685546875	400.8155212402344	0.08183392882347107	9.875893165300026e-05
4	108	-32.083648681640625	0.0	0.0	193.40313720703125	-31.973751068115234	444.0710144042969	410.8841552734375	0.08742550015449524	9.780085388641395e-05
5	135	-31.866180419921875	0.0	0.0	154.05052185058594	-31.864818572998047	459.95172119140625	426.62591552734375	0.08517199754714966	9.65782505578881e-05
6	162	-32.04621124267578	0.0	0.0	111.4655532836914	-32.01054382324219	417.6920166015625	384.6243896484375	0.0982339009642601	9.509795896116972e-05
7	189	-32.20661544799805	0.0	0.0	107.02081298828125	-32.13935089111328	397.3040771484375	363.8973083496094	0.09272247552871704	9.336825748732971e-05
8	216	-32.26605987548828	0.0	0.0	92.87776184082031	-32.182552337646484	409.0342712402344	375.39404296875	0.08495023101568222	9.139881932864174e-05
9	243	-32.087501525878906	0.0	0.0	147.4872283935547	-32.07689666748047	399.49505615234375	366.43719482421875	0.08867298066616058	8.920065838216747e-05
10	270	-32.11103439331055	0.0	0.0	78.47796630859375	-32.17230224609375	437.6064147949219	404.0424499511719	0.0742642730474472	8.678606765557639e-05
11	297	-32.19090270996094	0.0	0.0	143.85203552246094	-32.2041015625	407.7865905761719	373.7878112792969	0.07216328382492065	8.416855051966051e-05
12	324	-32.23693084716797	0.0	0.0	208.73080444335938	-32.11788558959961	389.8952331542969	356.1640625	0.052264124155044556	8.136274519200731e-05
13	351	-32.08879089355469	0.0	0.0	178.337646484375	-32.194068908691406	395.30633544921875	361.42816162109375	0.11483435332775116	7.83843428741493e-05
14	378	-32.105690002441406	0.0	0.0	175.13714599609375	-32.083526611328125	389.42767333984375	355.358642578125	0.08274348825216293	7.525000000000001e-05
15	405	-32.287601470947266	0.0	0.0	115.42513275146484	-32.27899169921875	395.5822448730469	361.6405944824219	0.14628854393959045	7.197724508631914e-05
16	432	-32.36834716796875	0.0	0.0	96.94390869140625	-32.26679992675781	391.0226745605469	357.2822265625	0.13045528531074524	6.858438070613657e-05
17	459	-32.33137893676758	0.0	0.0	154.72933959960938	-32.28861999511719	389.9622802734375	356.01568603515625	0.09494930505752563	6.509038113333976e-05
18	486	-32.3964958190918	0.0	0.0	133.20077514648438	-32.33028030395508	395.27874755859375	361.3597106933594	0.09294133633375168	6.151478623083758e-05
19	513	-32.33153533935547	0.0	0.0	317.0967102050781	-32.34688186645508	397.83123779296875	363.90869140625	0.13099990785121918	5.787759217572066e-05
20	540	-32.47285461425781	0.0	0.0	67.66988372802734	-32.50065612792969	390.7579040527344	356.6595458984375	0.1629144549369812	5.419913963252802e-05
21	567	-32.557594299316406	0.0	0.0	60.21805953979492	-32.48722457885742	374.7867126464844	340.442626953125	0.12925679981708527	5.0500000000000015e-05
22	594	-32.39305877685547	0.0	0.0	87.4822006225586	-32.418006896972656	372.5830993652344	338.586181640625	0.12391885370016098	4.680086036747202e-05
23	621	-32.57981872558594	0.0	0.0	143.2510528564453	-32.474388122558594	363.2325134277344	329.0697937011719	0.18231749534606934	4.3122407824279384e-05
24	648	-32.38311767578125	0.0	0.0	79.0616455078125	-32.44603729248047	371.5374450683594	337.2869873046875	0.13744613528251648	3.948521376916245e-05
25	675	-32.58020782470703	0.0	0.0	111.55278015136719	-32.50453567504883	380.58587646484375	346.32562255859375	0.1868980973958969	3.590961886666025e-05
26	702	-32.631011962890625	0.0	0.0	68.7395248413086	-32.555328369140625	370.702880859375	336.1347351074219	0.19195163249969482	3.241561929386345e-05
27	729	-32.61122131347656	0.0	0.0	64.91869354248047	-32.59281921386719	359.1896667480469	324.699951171875	0.18284635245800018	2.9022754913680884e-05
28	756	-32.574462890625	0.0	0.0	107.91593170166016	-32.61217498779297	384.152587890625	349.7624206542969	0.2186756432056427	2.575000000000002e-05
29	783	-32.64912414550781	0.0	0.0	145.09547424316406	-32.649261474609375	369.2229919433594	334.6597900390625	0.21188712120056152	2.2615657125850715e-05
30	810	-32.64471435546875	0.0	0.0	66.53884887695312	-32.6890869140625	360.78192138671875	326.19732666015625	0.22823914885520935	1.9637254807992697e-05
31	837	-32.70988464355469	0.0	0.0	48.15745544433594	-32.667659759521484	363.5572204589844	328.95086669921875	0.1954587996006012	1.68314494803395e-05
32	864	-32.68624496459961	0.0	0.0	69.4158706665039	-32.68742370605469	357.95849609375	323.3218994140625	0.19735530018806458	1.4213932344423597e-05
33	891	-32.81574249267578	0.0	0.0	63.13846206665039	-32.734375	356.948974609375	322.2547302246094	0.1897987723350525	1.1799341617832526e-05
34	918	-32.779335021972656	0.0	0.0	42.51828384399414	-32.753265380859375	354.14251708984375	319.41717529296875	0.18241819739341736	9.601180671358249e-06
35	945	-32.79124450683594	0.0	0.0	156.52513122558594	-32.72333908081055	358.61627197265625	323.894287109375	0.20854465663433075	7.631742512670296e-06
36	972	-32.863006591796875	0.0	0.0	55.97370529174805	-32.74332809448242	357.7509460449219	323.0381774902344	0.16934847831726074	5.902041038830259e-06
37	999	-32.87008285522461	0.0	0.0	70.62628173828125	-32.75263977050781	354.34130859375	319.5968933105469	0.20339129865169525	4.421749442111885e-06
38	1026	-32.84412384033203	0.0	0.0	32.97709655761719	-32.76793670654297	354.75531005859375	319.98040771484375	0.2248438596725464	3.199146113586043e-06
39	1053	-32.80953598022461	0.0	0.0	101.62152099609375	-32.767677307128906	353.5149841308594	318.72808837890625	0.19024048745632172	2.2410683469997316e-06
40	1080	-32.89323425292969	0.0	0.0	43.087581634521484	-32.77412796020508	351.2137145996094	316.4322204589844	0.23669064044952393	1.5528741018561385e-06
41	1107	-32.85124206542969	0.0	0.0	79.16775512695312	-32.779659271240234	352.37066650390625	317.6092834472656	0.230697363615036	1.1384120395315836e-06
42	1134	-32.88325119018555	0.0	0.0	64.6379165649414	-32.78050231933594	351.29681396484375	316.506103515625	0.19928237795829773	1e-06
# Best epoch: 40
