# epoch	step	nll	ecut	ecut_viol	grad_norm	val_nll	val_ecut	val_ecut_viol	val_ress_zx	LR
1	27	-4.001069068908691	0.0	0.0	20.889280319213867	-4.1036176681518555	1599.7117919921875	1599.16015625	0.0	1.0237143666892609e-05
2	54	-6.395261287689209	0.0	0.0	16.423908233642578	-6.456951141357422	1550.0169677734375	1548.3359375	0.0	1.094763738225795e-05
3	81	-8.359309196472168	0.0	0.0	28.191944122314453	-8.478034019470215	1525.326171875	1522.28564453125	0.0	1.2128672994680007e-05
4	108	-10.555496215820312	0.0	0.0	14.45598030090332	-10.615949630737305	1521.4320068359375	1516.277587890625	0.0	1.3775582585561007e-05
5	135	-12.542842864990234	0.0	0.0	25.08205223083496	-12.679849624633789	1510.896728515625	1502.7939453125	0.0	1.588185691857728e-05
6	162	-14.336332321166992	0.0	0.0	26.769758224487305	-14.395675659179688	1482.3206787109375	1471.30419921875	0.0	1.8439171166748666e-05
7	189	-15.81434440612793	0.0	0.0	37.06489181518555	-15.785521507263184	1439.988037109375	1426.5399169921875	0.0	2.143741781543827e-05
8	216	-17.089527130126953	0.0	0.0	80.42401885986328	-17.1201229095459	1383.9241943359375	1368.314208984375	0.0	2.4864746611237527e-05
9	243	-18.41194725036621	0.0	0.0	61.34540939331055	-18.421268463134766	1324.8447265625	1307.1806640625	0.0010000000474974513	2.870761139884165e-05
10	270	-19.54445457458496	0.0	0.0	83.12738037109375	-19.641036987304688	1290.476806640625	1271.1883544921875	0.0006666667177341878	3.295082366079895e-05
11	297	-20.598159790039062	0.0	0.0	119.81744384765625	-20.689937591552734	1258.723388671875	1237.95849609375	0.0012182111386209726	3.7577612548522684e-05
12	324	-21.277942657470703	0.0	0.0	72.23362731933594	-21.28908348083496	1231.7757568359375	1210.214111328125	0.0015554800629615784	4.256969116729994e-05
13	351	-21.899398803710938	0.0	0.0	130.03697204589844	-21.708959579467773	1177.19091796875	1155.2615966796875	0.002968013286590576	4.790732885331288e-05
14	378	-22.34882354736328	0.0	0.0	131.96351623535156	-22.190044403076172	1126.2333984375	1103.429931640625	0.0024897707626223564	5.356942915700472e-05
15	405	-22.452701568603516	0.0	0.0	111.39830017089844	-22.313146591186523	1104.76171875	1081.3460693359375	0.0044932980090379715	5.953361322456993e-05
16	432	-22.768524169921875	0.0	0.0	147.18873596191406	-22.785717010498047	1086.329345703125	1062.709716796875	0.003911074250936508	6.577630824801178e-05
17	459	-23.178686141967773	0.0	0.0	128.4649200439453	-23.109416961669922	1063.501708984375	1039.2777099609375	0.004975426942110062	7.227284063417776e-05
18	486	-23.174392700195312	0.0	0.0	193.2908935546875	-22.78364372253418	1070.8695068359375	1046.28515625	0.0036554457619786263	7.899753352453215e-05
19	513	-23.32196807861328	0.0	0.0	139.87327575683594	-23.12282943725586	1064.4598388671875	1040.2490234375	0.00414420198649168	8.592380828022916e-05
20	540	-23.14611053466797	0.0	0.0	200.00514221191406	-23.22667694091797	1017.1346435546875	993.092529296875	0.0043765949085354805	9.302428953137767e-05
21	567	-22.739959716796875	0.0	0.0	257.7216796875	-22.94256591796875	1028.92919921875	1005.3280029296875	0.0025744882877916098	0.00010027091337530103
22	594	-23.66084861755371	0.0	0.0	140.7621612548828	-23.59882926940918	1005.9520263671875	981.3370971679688	0.0031141862273216248	0.00010763503829615015
23	621	-23.4639892578125	0.0	0.0	247.4424591064453	-23.469825744628906	1001.7450561523438	977.23876953125	0.004043478984385729	0.00011508755836747201
24	648	-24.378307342529297	0.0	0.0	151.2845001220703	-24.03970718383789	936.5374755859375	911.4481811523438	0.008698079735040665	0.00012259901829031155
25	675	-24.132429122924805	0.0	0.0	192.6038055419922	-24.046539306640625	921.6354370117188	897.2294921875	0.007115177810192108	0.00013013972981217172
26	702	-24.09872817993164	0.0	0.0	136.14328002929688	-24.166030883789062	945.1201171875	920.2705078125	0.008264858275651932	0.00013767988906669806
27	729	-24.489700317382812	0.0	0.0	204.94036865234375	-24.4641170501709	872.2118530273438	847.1092529296875	0.008315477520227432	0.0001451896943703143
28	756	-24.136859893798828	0.0	0.0	185.61383056640625	-24.223068237304688	901.0138549804688	876.720703125	0.006264660507440567	0.00015263946401023132
29	783	-24.853864669799805	0.0	0.0	93.2513198852539	-24.347530364990234	793.5618896484375	767.7719116210938	0.013244181871414185	0.00015999975355828383
30	810	-24.06698989868164	0.0	0.0	164.4885711669922	-24.34326171875	760.4271850585938	735.4842529296875	0.011729727499186993	0.00016724147224692488
31	837	-24.938949584960938	0.0	0.0	128.2869110107422	-24.683635711669922	769.86767578125	744.267822265625	0.018993226811289787	0.00017433599794741407
32	864	-23.639041900634766	0.0	0.0	116.78506469726562	-24.431264877319336	782.1015014648438	757.6083984375	0.008643023669719696	0.00018125529029576
33	891	-24.288375854492188	0.0	0.0	123.22710418701172	-24.532522201538086	771.855224609375	747.7318725585938	0.016705220565199852	0.00018797200151929956
34	918	-24.763145446777344	0.0	0.0	124.64246368408203	-25.09173583984375	727.464599609375	702.0263671875	0.017190564423799515	0.00019445958452588268
35	945	-25.234130859375	0.0	0.0	186.3303680419922	-24.821203231811523	698.2742919921875	672.8048095703125	0.009756937623023987	0.00020069239782845172
36	972	-24.979785919189453	0.0	0.0	155.29783630371094	-24.497081756591797	739.9754638671875	714.76318359375	0.011034327559173107	0.00020664580689031296
37	999	-25.333969116210938	0.0	0.0	153.7638702392578	-25.01315689086914	709.339599609375	683.7186279296875	0.009572814218699932	0.00021229628149054233
38	1026	-24.954875946044922	0.0	0.0	71.92169189453125	-25.188095092773438	678.5999755859375	653.1258544921875	0.0195719376206398	0.0002176214887247001
39	1053	-25.206653594970703	0.0	0.0	111.45223999023438	-24.64992904663086	687.05712890625	661.3778686523438	0.010266306810081005	0.0002226003812732785
40	1080	-24.949588775634766	0.0	0.0	168.2035675048828	-24.888412475585938	677.3671264648438	651.7698974609375	0.012337347492575645	0.00022721328058901023
41	1107	-25.22120475769043	0.0	0.0	75.0316390991211	-25.09309959411621	696.6408081054688	671.9408569335938	0.011824201792478561	0.0002314419546742497
42	1134	-24.466718673706055	0.0	0.0	87.32427978515625	-24.86770248413086	656.59326171875	631.4542236328125	0.015398656949400902	0.0002352696901410191
43	1161	-25.33193016052246	0.0	0.0	125.69076538085938	-24.915630340576172	623.803955078125	597.9364624023438	0.02078656479716301	0.00023868135826891025
44	1188	-25.086719512939453	0.0	0.0	206.0540771484375	-25.32465934753418	622.8710327148438	597.056640625	0.016187231987714767	0.0002416634747997555
45	1215	-24.50070571899414	0.0	0.0	228.3682403564453	-24.4517879486084	667.5543823242188	641.7733154296875	0.012612978927791119	0.0002442042532327343
46	1242	-25.49890899658203	0.0	0.0	93.74091339111328	-24.650388717651367	597.5707397460938	571.3998413085938	0.015196075662970543	0.0002462936514092741
47	1269	-25.15754508972168	0.0	0.0	91.94803619384766	-24.903072357177734	581.6973876953125	555.355224609375	0.017447244375944138	0.0002479234112036218
48	1296	-24.981130599975586	0.0	0.0	361.0687561035156	-24.059926986694336	606.5802001953125	580.3436889648438	0.008080534636974335	0.0002490870911622143
49	1323	-25.522541046142578	0.0	0.0	99.05293273925781	-25.437307357788086	583.6031494140625	557.646240234375	0.012136761099100113	0.00024978009196284376
50	1350	-25.406850814819336	0.0	0.0	247.81761169433594	-25.37554931640625	574.6077880859375	548.12255859375	0.0348971001803875	0.0002499999097430048
51	1377	-25.36380386352539	0.0	0.0	160.717041015625	-25.517467498779297	567.7490234375	541.60400390625	0.01905503123998642	0.0002499292496279845
52	1404	-25.388425827026367	0.0	0.0	144.8592071533203	-25.41896629333496	545.6998901367188	519.6602172851562	0.019982026889920235	0.00024972713814798653
53	1431	-24.645278930664062	0.0	0.0	250.82815551757812	-25.205768585205078	614.0870361328125	588.4471435546875	0.024141421541571617	0.0002493939298752249
54	1458	-25.837276458740234	0.0	0.0	120.98637390136719	-25.8189754486084	556.6751098632812	530.2891845703125	0.020737197250127792	0.0002489302093702348
55	1485	-24.911434173583984	0.0	0.0	105.06791687011719	-25.331218719482422	554.0264892578125	528.4777221679688	0.021999483928084373	0.0002483367901563554
56	1512	-25.562969207763672	0.0	0.0	165.2863311767578	-25.8140869140625	516.8812866210938	490.28350830078125	0.031102951616048813	0.000247614713292533
57	1539	-25.862464904785156	0.0	0.0	164.3934326171875	-25.867773056030273	511.84039306640625	485.1978454589844	0.03268808126449585	0.0002467652455469501
58	1566	-25.4705810546875	0.0	0.0	135.8822784423828	-25.52660369873047	540.8112182617188	514.8341674804688	0.01993759721517563	0.0002457898771746836
59	1593	-25.652286529541016	0.0	0.0	187.62547302246094	-25.10969352722168	537.279541015625	510.816162109375	0.015357616357505322	0.0002446903193032908
60	1620	-25.382488250732422	0.0	0.0	90.95874786376953	-25.734891891479492	530.80615234375	504.6566162109375	0.030948221683502197	0.00024346850093091035
61	1647	-25.449689865112305	0.0	0.0	239.77627563476562	-25.310932159423828	538.6283569335938	512.5059204101562	0.029248490929603577	0.00024212656554214415
62	1674	-25.771217346191406	0.0	0.0	161.6173858642578	-25.670377731323242	499.806884765625	473.0709228515625	0.033689070492982864	0.0002406668673476568
63	1701	-26.127429962158203	0.0	0.0	88.08494567871094	-25.93248748779297	499.0195007324219	472.549072265625	0.02165457233786583	0.00023909196715409025
64	1728	-25.424612045288086	0.0	0.0	238.65139770507812	-24.355113983154297	545.2607421875	518.9642333984375	0.016398688778281212	0.0002374046278715386
65	1755	-26.294845581054688	0.0	0.0	68.05418395996094	-26.201248168945312	478.3872985839844	451.0728454589844	0.03355066478252411	0.0002356078096664652
66	1782	-25.6103515625	0.0	0.0	227.2417449951172	-25.763538360595703	492.58251953125	465.85693359375	0.022664058953523636	0.0002337046647685648
67	1809	-26.12606430053711	0.0	0.0	124.54047393798828	-25.94613265991211	480.0000915527344	453.09979248046875	0.03717811405658722	0.00023169853194068108
68	1836	-26.43868637084961	0.0	0.0	53.544315338134766	-25.847152709960938	479.90106201171875	452.455322265625	0.035880472511053085	0.0002295929306214829
69	1863	-26.012680053710938	0.0	0.0	64.34081268310547	-25.798742294311523	476.5013427734375	449.4263610839844	0.03105480596423149	0.0002273915547511721
70	1890	-26.211936950683594	0.0	0.0	127.87610626220703	-26.212158203125	465.7646484375	438.6417236328125	0.03365647792816162	0.00022509826629105785
71	1917	-26.055801391601562	0.0	0.0	144.9114990234375	-26.291767120361328	479.38153076171875	452.16595458984375	0.036478929221630096	0.0002227170884483638
72	1944	-26.550228118896484	0.0	0.0	93.36734771728516	-26.246444702148438	475.09613037109375	447.4605712890625	0.04051530361175537	0.0002202521986181557
73	1971	-26.07686996459961	0.0	0.0	141.6928253173828	-26.36911392211914	447.4951171875	420.0395202636719	0.027226194739341736	0.00021770792105477095
74	1998	-25.777883529663086	0.0	0.0	141.39602661132812	-25.97987937927246	453.7834167480469	426.4611511230469	0.017906207591295242	0.00021508871928560704
75	2025	-26.268543243408203	0.0	0.0	214.47451782226562	-26.310348510742188	432.84295654296875	405.1631774902344	0.03462463244795799	0.00021239918828057787
76	2052	-25.819265365600586	0.0	0.0	145.5846710205078	-26.292007446289062	428.70330810546875	401.2108154296875	0.07066603749990463	0.00020964404639097492
77	2079	-26.283626556396484	0.0	0.0	146.47142028808594	-26.317153930664062	416.04132080078125	388.27142333984375	0.0398993156850338	0.00020682812707187618
78	2106	-26.511274337768555	0.0	0.0	83.8307876586914	-26.532459259033203	435.8776550292969	408.1930847167969	0.0326165109872818	0.0002039563704026231
79	2133	-26.418716430664062	0.0	0.0	163.56802368164062	-26.236906051635742	443.93414306640625	416.5667419433594	0.04259966313838959	0.00020103381442024303
80	2160	-26.5357666015625	0.0	0.0	108.27127075195312	-26.537160873413086	421.308837890625	393.35845947265625	0.07232151925563812	0.0001980655862810203
81	2187	-26.67189598083496	0.0	0.0	141.1219940185547	-26.352834701538086	424.5330810546875	396.5153503417969	0.03136149048805237	0.00019505689326572176
82	2214	-26.49483299255371	0.0	0.0	100.41319274902344	-26.6383056640625	424.2992858886719	396.43048095703125	0.07433122396469116	0.00019201301364425705
83	2241	-26.642467498779297	0.0	0.0	80.38652038574219	-26.592254638671875	414.3857421875	386.50665283203125	0.04221425577998161	0.0001889392874157994
84	2268	-26.529300689697266	0.0	0.0	74.96489715576172	-26.563146591186523	408.3786315917969	380.5787353515625	0.06904997676610947	0.00018584110694061274
85	2295	-26.496694564819336	0.0	0.0	134.46444702148438	-26.59123992919922	394.58087158203125	366.5685729980469	0.06426502019166946	0.00018272390748001933
86	2322	-26.720016479492188	0.0	0.0	83.9945068359375	-26.767822265625	390.19036865234375	362.0902099609375	0.057303279638290405	0.00017959315766110463
87	2349	-26.629840850830078	0.0	0.0	61.43804168701172	-26.797508239746094	399.17242431640625	371.29345703125	0.09300041198730469	0.00017645434988288684
88	2376	-26.627975463867188	0.0	0.0	100.74819946289062	-26.666471481323242	385.44818115234375	357.42083740234375	0.06174754351377487	0.00017331299068078308
89	2403	-26.84054946899414	0.0	0.0	131.67837524414062	-26.795047760009766	393.56805419921875	364.9864501953125	0.06038680672645569	0.00017017459106627485
90	2430	-26.921056747436523	0.0	0.0	77.51409912109375	-26.70387840270996	368.54718017578125	340.0684509277344	0.08313555270433426	0.00016704465685872134
91	2457	-26.681821823120117	0.0	0.0	121.96876525878906	-26.86598014831543	368.4541015625	339.9914855957031	0.05794664844870567	0.0001639286790262814
92	2484	-26.897167205810547	0.0	0.0	105.09041595458984	-27.016250610351562	387.7069091796875	359.5218505859375	0.08438460528850555	0.0001608321240528895
93	2511	-27.033504486083984	0.0	0.0	96.93024444580078	-26.897384643554688	371.5098876953125	342.971923828125	0.09222032874822617	0.00015776042434818542
94	2538	-27.040016174316406	0.0	0.0	151.82516479492188	-26.99664306640625	358.7815856933594	330.0472106933594	0.052049800753593445	0.00015471896871722181
95	2565	-27.09578514099121	0.0	0.0	77.87562561035156	-26.99696922302246	356.779052734375	328.128173828125	0.08053703606128693	0.00015171309290666892
96	2592	-26.97692108154297	0.0	0.0	92.27874755859375	-26.876911163330078	362.59490966796875	333.66497802734375	0.09981086850166321	0.00014874807024410196
97	2619	-27.025737762451172	0.0	0.0	55.13844299316406	-26.91652488708496	352.0627136230469	323.72088623046875	0.0797516256570816	0.00014582910238679245
98	2646	-26.849422454833984	0.0	0.0	173.05215454101562	-26.982776641845703	355.1880798339844	326.43792724609375	0.10769721120595932	0.0001429613101962342
99	2673	-26.969009399414062	0.0	0.0	121.66707611083984	-26.969043731689453	334.6822204589844	305.8309020996094	0.08544193208217621	0.00014014972475441165
100	2700	-26.9627742767334	0.0	0.0	79.80380249023438	-27.064483642578125	343.8554382324219	315.03564453125	0.08395178616046906	0.000137399278537573
101	2727	-27.050296783447266	0.0	0.0	218.93524169921875	-26.88976287841797	349.428955078125	320.35284423828125	0.08018120378255844	0.00013471479676299046
102	2754	-27.1466121673584	0.0	0.0	109.90485382080078	-27.08950424194336	354.4821472167969	325.44873046875	0.07371693104505539	0.00013210098892388962
103	2781	-27.0625057220459	0.0	0.0	114.80654907226562	-27.110149383544922	343.0904235839844	314.16326904296875	0.10581515729427338	0.00012956244052739826
104	2808	-27.196338653564453	0.0	0.0	83.84860229492188	-27.13235855102539	336.62664794921875	307.4383239746094	0.14136675000190735	0.00012710360505000827
105	2835	-27.165191650390625	0.0	0.0	51.73129653930664	-26.9569091796875	361.4556579589844	332.25592041015625	0.09745296835899353	0.00012472879612466492
106	2862	-27.1151123046875	0.0	0.0	130.2489471435547	-27.1541805267334	342.8481140136719	313.8748779296875	0.12277041375637054	0.00012244217997318878
107	2889	-27.038806915283203	0.0	0.0	168.4259490966797	-26.946697235107422	335.1449279785156	306.4344482421875	0.07711167633533478	0.00012024776809730691
108	2916	-27.249120712280273	0.0	0.0	83.27784729003906	-27.147258758544922	343.684814453125	314.446533203125	0.08907666057348251	0.00011814941024111579
109	2943	-27.33729362487793	0.0	0.0	70.71302795410156	-27.174922943115234	331.909912109375	302.7356872558594	0.11695431172847748	0.00011615078763732197
110	2970	-27.19002342224121	0.0	0.0	112.81209564208984	-27.15842056274414	323.97265625	294.7625732421875	0.12175124138593674	0.000114255406549109
111	2997	-27.16827392578125	0.0	0.0	128.67063903808594	-27.175962448120117	338.1407470703125	309.02252197265625	0.10042323917150497	0.00011246659211896043
112	3024	-27.137901306152344	0.0	0.0	136.0885772705078	-27.281736373901367	331.68804931640625	302.10406494140625	0.08124171197414398	0.00011078748253523003
113	3051	-27.25843620300293	0.0	0.0	88.89856719970703	-27.3062801361084	334.4248046875	305.2440185546875	0.10865941643714905	0.00010922102352669286
114	3078	-27.2380428314209	0.0	0.0	88.54132080078125	-27.234447479248047	329.34564208984375	299.9334411621094	0.12710869312286377	0.00010776996319473627
115	3105	-27.202953338623047	0.0	0.0	75.02662658691406	-27.297033309936523	323.7326965332031	294.36212158203125	0.08815820515155792	0.00010643684719225612
116	3132	-27.118526458740234	0.0	0.0	107.90579986572266	-27.13814926147461	333.3873291015625	304.2875671386719	0.10763558000326157	0.00010522401425771664
117	3159	-27.305036544799805	0.0	0.0	105.33077239990234	-27.278493881225586	327.47552490234375	298.10150146484375	0.07969341427087784	0.0001041335921122084
118	3186	-27.406352996826172	0.0	0.0	52.6301155090332	-27.34564781188965	320.139404296875	290.83929443359375	0.14624130725860596	0.00010316749372670254
119	3213	-27.241186141967773	0.0	0.0	136.38917541503906	-27.26197624206543	316.56011962890625	287.2834167480469	0.0972118228673935	0.0001023274139660497
120	3240	-27.37911033630371	0.0	0.0	72.66468811035156	-27.33148956298828	323.8534851074219	294.6407165527344	0.12247523665428162	0.00010161482661561108
121	3267	-27.338050842285156	0.0	0.0	89.43634033203125	-27.330120086669922	310.2125549316406	280.7642822265625	0.1046440526843071	0.00010103098179573815
122	3294	-27.34853172302246	0.0	0.0	263.58551025390625	-27.291698455810547	314.4186096191406	284.8228759765625	0.0796666294336319	0.00010057690376863677
123	3321	-27.265483856201172	0.0	0.0	71.7913589477539	-27.3078670501709	314.0333251953125	284.4732360839844	0.10753332078456879	0.00010025338914146325
124	3348	-27.29444122314453	0.0	0.0	93.73123931884766	-27.35744285583496	319.20538330078125	289.7315368652344	0.12542715668678284	0.00010006100546880462
125	3375	-27.490764617919922	0.0	0.0	82.50553131103516	-27.46185874938965	301.8369140625	272.44024658203125	0.16230329871177673	0.00010000009025699517
# Best epoch: 125
