# epoch	step	nll	ecut	ecut_viol	grad_norm	val_nll	val_ecut	val_ecut_viol	val_ress_zx	LR
1	27	-3.5886645317077637	0.0	0.0	11.02989673614502	-3.5865602493286133	1574.4833984375	1573.8201904296875	0.0	1.0237143666892609e-05
2	54	-5.54249382019043	0.0	0.0	14.560587882995605	-5.634852886199951	1538.864013671875	1537.2005615234375	0.0	1.094763738225795e-05
3	81	-7.3960065841674805	0.0	0.0	15.793180465698242	-7.4822916984558105	1520.537353515625	1517.522216796875	0.0	1.2128672994680007e-05
4	108	-9.215627670288086	0.0	0.0	22.601070404052734	-9.252067565917969	1503.448486328125	1498.2708740234375	0.0	1.3775582585561007e-05
5	135	-10.820745468139648	0.0	0.0	11.082208633422852	-10.762407302856445	1469.367919921875	1461.4398193359375	0.0	1.588185691857728e-05
6	162	-12.198736190795898	0.0	0.0	26.41827964782715	-12.180315017700195	1425.583984375	1415.5306396484375	0.0	1.8439171166748666e-05
7	189	-13.560523986816406	0.0	0.0	32.92770004272461	-13.514967918395996	1379.5960693359375	1367.50537109375	0.0	2.143741781543827e-05
8	216	-14.91468620300293	0.0	0.0	37.49595260620117	-14.946020126342773	1323.6646728515625	1309.5595703125	0.0	2.4864746611237527e-05
9	243	-16.30937957763672	0.0	0.0	44.048118591308594	-16.30384063720703	1260.2171630859375	1244.115478515625	0.0003333333588670939	2.870761139884165e-05
10	270	-17.558683395385742	0.0	0.0	35.90092849731445	-17.506439208984375	1210.8182373046875	1193.126220703125	0.0012211601715534925	3.295082366079895e-05
11	297	-18.48697853088379	0.0	0.0	52.598331451416016	-18.446056365966797	1162.172119140625	1143.359375	0.0016424006316810846	3.7577612548522684e-05
12	324	-19.461515426635742	0.0	0.0	79.1175765991211	-19.389816284179688	1106.2396240234375	1086.052734375	0.0032697110436856747	4.256969116729994e-05
13	351	-19.980560302734375	0.0	0.0	139.70816040039062	-19.865402221679688	1073.537353515625	1052.64501953125	0.005053447559475899	4.790732885331288e-05
14	378	-20.255451202392578	0.0	0.0	110.74929809570312	-20.224096298217773	1057.93701171875	1036.509521484375	0.004492507316172123	5.356942915700472e-05
15	405	-20.687973022460938	0.0	0.0	59.637977600097656	-20.54007339477539	1066.5830078125	1044.5771484375	0.005941962823271751	5.953361322456993e-05
16	432	-20.831422805786133	0.0	0.0	139.07192993164062	-20.429622650146484	1061.447021484375	1039.20458984375	0.004791941028088331	6.577630824801178e-05
17	459	-20.789390563964844	0.0	0.0	109.9022445678711	-20.801410675048828	1036.2640380859375	1014.2147827148438	0.005562363192439079	7.227284063417776e-05
18	486	-21.12849998474121	0.0	0.0	55.56447982788086	-21.07784652709961	1043.700439453125	1021.4913940429688	0.005013262387365103	7.899753352453215e-05
19	513	-20.922964096069336	0.0	0.0	123.50558471679688	-21.12994384765625	1021.6060791015625	999.0255737304688	0.007998058572411537	8.592380828022916e-05
20	540	-21.32050323486328	0.0	0.0	126.64138793945312	-20.890644073486328	1000.1046142578125	977.9235229492188	0.005452561192214489	9.302428953137767e-05
21	567	-21.290054321289062	0.0	0.0	172.4834747314453	-21.38698387145996	961.8065185546875	939.9283447265625	0.006773586384952068	0.00010027091337530103
22	594	-21.467514038085938	0.0	0.0	160.14796447753906	-21.61065673828125	913.5687255859375	891.287353515625	0.008914626203477383	0.00010763503829615015
23	621	-21.698684692382812	0.0	0.0	123.90386962890625	-21.75079917907715	880.7681884765625	857.8539428710938	0.01050510536879301	0.00011508755836747201
24	648	-21.728595733642578	0.0	0.0	97.09187316894531	-21.91749382019043	836.6759643554688	814.3363037109375	0.005357740446925163	0.00012259901829031155
25	675	-21.86725425720215	0.0	0.0	212.63494873046875	-22.03643035888672	826.2933959960938	803.3399658203125	0.009867733344435692	0.00013013972981217172
26	702	-21.6521053314209	0.0	0.0	211.93115234375	-21.301830291748047	801.0201416015625	778.5997924804688	0.005442881025373936	0.00013767988906669806
27	729	-21.750934600830078	0.0	0.0	78.92244720458984	-22.160274505615234	779.6512451171875	757.2513427734375	0.01294468529522419	0.0001451896943703143
28	756	-21.997953414916992	0.0	0.0	101.83039855957031	-21.198123931884766	726.0514526367188	703.0595703125	0.004284562077373266	0.00015263946401023132
29	783	-22.22511863708496	0.0	0.0	104.8987045288086	-22.369558334350586	711.0682373046875	687.7335205078125	0.01997467502951622	0.00015999975355828383
30	810	-22.413480758666992	0.0	0.0	125.0971908569336	-22.278921127319336	700.7421875	677.4954833984375	0.012881948612630367	0.00016724147224692488
31	837	-22.347179412841797	0.0	0.0	73.88702392578125	-22.34052085876465	656.101806640625	632.6943359375	0.016194267198443413	0.00017433599794741407
32	864	-22.129745483398438	0.0	0.0	111.78662872314453	-21.924434661865234	680.2069702148438	657.2252807617188	0.009052222594618797	0.00018125529029576
33	891	-22.802528381347656	0.0	0.0	82.90450286865234	-22.535354614257812	655.322509765625	632.0263671875	0.011437098495662212	0.00018797200151929956
34	918	-22.225780487060547	0.0	0.0	174.74609375	-22.179393768310547	694.08984375	671.1203002929688	0.01147045474499464	0.00019445958452588268
35	945	-22.183996200561523	0.0	0.0	205.5253448486328	-21.8828182220459	641.8947143554688	618.8955078125	0.007931256666779518	0.00020069239782845172
36	972	-22.399188995361328	0.0	0.0	110.25161743164062	-22.594844818115234	631.9555053710938	608.9263916015625	0.017356254160404205	0.00020664580689031296
37	999	-22.583728790283203	0.0	0.0	91.65049743652344	-22.618244171142578	606.108642578125	582.3681640625	0.007375780493021011	0.00021229628149054233
38	1026	-22.481494903564453	0.0	0.0	145.92263793945312	-22.745426177978516	599.9228515625	576.3857421875	0.014983974397182465	0.0002176214887247001
39	1053	-23.014320373535156	0.0	0.0	69.74799346923828	-22.746623992919922	566.1290283203125	542.0634765625	0.024893522262573242	0.0002226003812732785
40	1080	-22.264801025390625	0.0	0.0	179.55921936035156	-22.71472930908203	573.526123046875	549.8961181640625	0.019910965114831924	0.00022721328058901023
41	1107	-22.256946563720703	0.0	0.0	120.43778991699219	-22.284744262695312	585.3695068359375	562.30859375	0.0165953878313303	0.0002314419546742497
42	1134	-22.29151725769043	0.0	0.0	227.10398864746094	-22.04098129272461	554.440673828125	530.5867919921875	0.008633291348814964	0.0002352696901410191
43	1161	-22.447032928466797	0.0	0.0	146.63229370117188	-22.737789154052734	559.72998046875	535.6226806640625	0.020069293677806854	0.00023868135826891025
44	1188	-23.098251342773438	0.0	0.0	65.11764526367188	-23.28168296813965	539.02099609375	515.29345703125	0.03375595435500145	0.0002416634747997555
45	1215	-23.02340316772461	0.0	0.0	71.23915100097656	-22.70143699645996	516.9215698242188	493.2091979980469	0.01981240138411522	0.0002442042532327343
46	1242	-22.83734130859375	0.0	0.0	122.99057006835938	-23.000484466552734	497.74407958984375	474.0655212402344	0.021344034001231194	0.0002462936514092741
47	1269	-23.164478302001953	0.0	0.0	108.38116455078125	-23.201995849609375	499.840087890625	475.50408935546875	0.0172721054404974	0.0002479234112036218
48	1296	-22.80733299255371	0.0	0.0	97.98037719726562	-23.029212951660156	531.7498779296875	508.06634521484375	0.026201611384749413	0.0002490870911622143
49	1323	-23.03436851501465	0.0	0.0	66.0182876586914	-22.866384506225586	486.5210876464844	462.429443359375	0.017527492716908455	0.00024978009196284376
50	1350	-23.069801330566406	0.0	0.0	160.47476196289062	-22.750812530517578	494.5870056152344	470.71453857421875	0.025690153241157532	0.0002499999097430048
51	1377	-22.279043197631836	0.0	0.0	69.78583526611328	-22.587718963623047	538.1416015625	515.494873046875	0.016597751528024673	0.0002499292496279845
52	1404	-23.041431427001953	0.0	0.0	233.1208953857422	-23.12349510192871	473.6724853515625	449.577392578125	0.02228514663875103	0.00024972713814798653
53	1431	-23.118087768554688	0.0	0.0	72.24574279785156	-22.973485946655273	506.78387451171875	482.81903076171875	0.023154836148023605	0.0002493939298752249
54	1458	-22.595367431640625	0.0	0.0	149.471923828125	-22.94713592529297	504.1492614746094	480.31463623046875	0.0236155204474926	0.0002489302093702348
55	1485	-23.026473999023438	0.0	0.0	112.29682922363281	-23.05768585205078	510.4206237792969	486.95257568359375	0.015461243689060211	0.0002483367901563554
56	1512	-22.76519775390625	0.0	0.0	95.07904052734375	-22.854984283447266	469.19281005859375	444.96026611328125	0.02755141071975231	0.000247614713292533
57	1539	-22.927051544189453	0.0	0.0	208.69863891601562	-22.765066146850586	449.48291015625	425.8438415527344	0.02134537696838379	0.0002467652455469501
58	1566	-22.967693328857422	0.0	0.0	91.08618927001953	-23.071529388427734	449.08306884765625	425.0600280761719	0.022820113226771355	0.0002457898771746836
59	1593	-23.057493209838867	0.0	0.0	207.98699951171875	-23.122516632080078	444.57098388671875	420.323486328125	0.030076315626502037	0.0002446903193032908
60	1620	-23.025737762451172	0.0	0.0	76.97537994384766	-23.1091365814209	477.58465576171875	453.90594482421875	0.023204028606414795	0.00024346850093091035
61	1647	-23.005393981933594	0.0	0.0	107.54523468017578	-22.750255584716797	467.9083251953125	444.052734375	0.01959860697388649	0.00024212656554214415
62	1674	-23.083311080932617	0.0	0.0	141.16683959960938	-23.21794891357422	430.39105224609375	405.5748291015625	0.020357217639684677	0.0002406668673476568
63	1701	-23.334423065185547	0.0	0.0	176.67544555664062	-23.38900375366211	430.56488037109375	405.83563232421875	0.02223832532763481	0.00023909196715409025
64	1728	-23.506153106689453	0.0	0.0	126.50749969482422	-23.599645614624023	435.6817626953125	411.22320556640625	0.03746158629655838	0.0002374046278715386
65	1755	-23.73908042907715	0.0	0.0	123.48690032958984	-23.77338218688965	411.8562927246094	386.41357421875	0.010564400814473629	0.0002356078096664652
66	1782	-23.257057189941406	0.0	0.0	197.7013397216797	-23.217113494873047	430.5830993652344	405.99462890625	0.017095021903514862	0.0002337046647685648
67	1809	-23.51613426208496	0.0	0.0	144.66305541992188	-23.44301986694336	402.5455017089844	377.62469482421875	0.03680560365319252	0.00023169853194068108
68	1836	-23.87713623046875	0.0	0.0	75.59812927246094	-23.829147338867188	390.2643737792969	365.03167724609375	0.05266832932829857	0.0002295929306214829
69	1863	-23.95749282836914	0.0	0.0	51.37297058105469	-23.90533447265625	399.306640625	374.0682373046875	0.030498646199703217	0.0002273915547511721
70	1890	-23.80487060546875	0.0	0.0	83.42401885986328	-23.73748016357422	405.223876953125	379.8616638183594	0.03867185115814209	0.00022509826629105785
71	1917	-23.93744468688965	0.0	0.0	71.42800903320312	-23.793317794799805	397.3105163574219	372.2354431152344	0.029033085331320763	0.0002227170884483638
72	1944	-23.721160888671875	0.0	0.0	161.10665893554688	-23.53028106689453	385.7426452636719	360.32305908203125	0.03760196268558502	0.0002202521986181557
73	1971	-23.873035430908203	0.0	0.0	96.77037811279297	-24.03009605407715	406.56048583984375	381.380615234375	0.07846075296401978	0.00021770792105477095
74	1998	-24.16193199157715	0.0	0.0	52.0632209777832	-23.914953231811523	395.43682861328125	370.00823974609375	0.04656858369708061	0.00021508871928560704
75	2025	-24.105785369873047	0.0	0.0	70.45565032958984	-24.10525131225586	365.3910827636719	339.5068054199219	0.05584784597158432	0.00021239918828057787
76	2052	-24.00362205505371	0.0	0.0	92.5941162109375	-24.035594940185547	353.85577392578125	328.08917236328125	0.05530018359422684	0.00020964404639097492
77	2079	-24.14344596862793	0.0	0.0	112.49369049072266	-24.255828857421875	349.1935729980469	323.3175048828125	0.06167317554354668	0.00020682812707187618
78	2106	-24.02437400817871	0.0	0.0	109.31591033935547	-23.93816375732422	345.87200927734375	320.3219909667969	0.04836789891123772	0.0002039563704026231
79	2133	-24.361013412475586	0.0	0.0	110.3583755493164	-24.265050888061523	345.8819274902344	319.7755126953125	0.032934676855802536	0.00020103381442024303
80	2160	-24.224853515625	0.0	0.0	107.2735366821289	-24.235427856445312	372.62078857421875	346.95635986328125	0.062164273113012314	0.0001980655862810203
81	2187	-24.264141082763672	0.0	0.0	58.458316802978516	-24.251693725585938	367.7235107421875	341.8883056640625	0.04959772154688835	0.00019505689326572176
82	2214	-24.043865203857422	0.0	0.0	91.36900329589844	-24.021800994873047	345.6337890625	319.7104797363281	0.03773696348071098	0.00019201301364425705
83	2241	-24.353229522705078	0.0	0.0	84.10620880126953	-24.171863555908203	333.2467956542969	307.519287109375	0.054308097809553146	0.0001889392874157994
84	2268	-24.214109420776367	0.0	0.0	66.5057373046875	-24.119503021240234	310.8750915527344	284.8514099121094	0.052506692707538605	0.00018584110694061274
85	2295	-24.108684539794922	0.0	0.0	87.18545532226562	-24.067663192749023	315.89764404296875	289.7594909667969	0.05610675737261772	0.00018272390748001933
86	2322	-24.22443962097168	0.0	0.0	53.3917236328125	-23.98860740661621	327.7916564941406	301.8857727050781	0.07578125596046448	0.00017959315766110463
87	2349	-24.293136596679688	0.0	0.0	62.69919967651367	-24.317089080810547	323.1477966308594	296.9169921875	0.05765345320105553	0.00017645434988288684
88	2376	-24.211750030517578	0.0	0.0	96.72748565673828	-24.36958122253418	337.3620300292969	311.18463134765625	0.07221734523773193	0.00017331299068078308
89	2403	-24.37153434753418	0.0	0.0	70.12067413330078	-24.41553497314453	315.2294616699219	289.16156005859375	0.07601552456617355	0.00017017459106627485
90	2430	-24.544483184814453	0.0	0.0	62.57405090332031	-24.501455307006836	314.0873718261719	287.765625	0.06770637631416321	0.00016704465685872134
91	2457	-24.62313461303711	0.0	0.0	47.30344772338867	-24.45118522644043	310.7155456542969	284.0563049316406	0.07554279267787933	0.0001639286790262814
92	2484	-24.69350814819336	0.0	0.0	87.8268051147461	-24.603042602539062	311.7230529785156	285.2156982421875	0.0941888839006424	0.0001608321240528895
93	2511	-24.759061813354492	0.0	0.0	67.10493469238281	-24.578725814819336	289.48486328125	262.72454833984375	0.06520089507102966	0.00015776042434818542
94	2538	-24.740856170654297	0.0	0.0	123.69486999511719	-24.698265075683594	296.47735595703125	269.60430908203125	0.08893361687660217	0.00015471896871722181
95	2565	-24.685527801513672	0.0	0.0	90.33716583251953	-24.618040084838867	280.002685546875	253.522216796875	0.044421374797821045	0.00015171309290666892
96	2592	-24.53864860534668	0.0	0.0	91.15363311767578	-24.62744140625	282.51116943359375	256.17938232421875	0.08623644709587097	0.00014874807024410196
97	2619	-24.661367416381836	0.0	0.0	99.58513641357422	-24.597095489501953	271.056884765625	244.15538024902344	0.1012495681643486	0.00014582910238679245
98	2646	-24.31570053100586	0.0	0.0	322.9447021484375	-24.31051254272461	278.3933410644531	252.1016845703125	0.08638209104537964	0.0001429613101962342
99	2673	-24.794239044189453	0.0	0.0	91.613525390625	-24.67616081237793	274.182861328125	247.41555786132812	0.0874815285205841	0.00014014972475441165
100	2700	-24.89118194580078	0.0	0.0	53.33529281616211	-24.798290252685547	275.44781494140625	248.6831512451172	0.08639435470104218	0.000137399278537573
101	2727	-24.90875816345215	0.0	0.0	69.6510238647461	-24.80103874206543	255.14471435546875	228.2573699951172	0.10622283071279526	0.00013471479676299046
102	2754	-24.59225845336914	0.0	0.0	77.77179718017578	-24.607097625732422	255.5795135498047	228.73704528808594	0.08568525314331055	0.00013210098892388962
103	2781	-24.599395751953125	0.0	0.0	82.31974029541016	-24.622228622436523	276.64703369140625	249.7679901123047	0.10796050727367401	0.00012956244052739826
104	2808	-24.724721908569336	0.0	0.0	85.35626983642578	-24.777761459350586	253.24105834960938	226.5057830810547	0.08000191301107407	0.00012710360505000827
105	2835	-24.615779876708984	0.0	0.0	81.81413269042969	-24.711400985717773	249.223388671875	222.16729736328125	0.07619282603263855	0.00012472879612466492
106	2862	-24.78309440612793	0.0	0.0	111.80252838134766	-24.86532974243164	254.26194763183594	227.34616088867188	0.09404478967189789	0.00012244217997318878
107	2889	-24.777183532714844	0.0	0.0	63.179683685302734	-24.765111923217773	260.60833740234375	233.80772399902344	0.09096112847328186	0.00012024776809730691
108	2916	-24.645185470581055	0.0	0.0	107.59343719482422	-24.837881088256836	245.34649658203125	218.51983642578125	0.1177474707365036	0.00011814941024111579
109	2943	-24.848424911499023	0.0	0.0	48.44621276855469	-24.721721649169922	242.32913208007812	215.16525268554688	0.08279571682214737	0.00011615078763732197
110	2970	-24.724103927612305	0.0	0.0	86.86237335205078	-24.597103118896484	247.118408203125	220.36041259765625	0.1309869885444641	0.000114255406549109
111	2997	-24.56500244140625	0.0	0.0	118.34857940673828	-24.713071823120117	240.95077514648438	214.01821899414062	0.09441151469945908	0.00011246659211896043
112	3024	-24.89369773864746	0.0	0.0	85.67384338378906	-24.83216667175293	238.32577514648438	211.50267028808594	0.10837411880493164	0.00011078748253523003
113	3051	-25.049854278564453	0.0	0.0	47.42919158935547	-24.97559928894043	243.18853759765625	216.1234588623047	0.05532426759600639	0.00010922102352669286
114	3078	-24.989322662353516	0.0	0.0	66.78282928466797	-24.927648544311523	234.67991638183594	207.5892791748047	0.16200244426727295	0.00010776996319473627
115	3105	-25.05035972595215	0.0	0.0	79.47737121582031	-24.995391845703125	228.32611083984375	201.13418579101562	0.10717906802892685	0.00010643684719225612
116	3132	-24.879981994628906	0.0	0.0	39.83241271972656	-24.910907745361328	227.2924041748047	200.00253295898438	0.1112191379070282	0.00010522401425771664
117	3159	-24.647247314453125	0.0	0.0	62.75136184692383	-24.601696014404297	240.987060546875	214.0584716796875	0.08273851871490479	0.0001041335921122084
118	3186	-24.766643524169922	0.0	0.0	132.06942749023438	-24.7884578704834	236.9794921875	209.7814178466797	0.11379888653755188	0.00010316749372670254
119	3213	-24.60735321044922	0.0	0.0	84.93634796142578	-24.59115982055664	232.2352294921875	205.546630859375	0.11559485644102097	0.0001023274139660497
120	3240	-24.57465171813965	0.0	0.0	96.00919342041016	-24.573537826538086	234.57366943359375	207.72027587890625	0.07190573960542679	0.00010161482661561108
121	3267	-24.956411361694336	0.0	0.0	124.53227996826172	-24.761932373046875	228.08657836914062	201.02182006835938	0.09582275152206421	0.00010103098179573815
122	3294	-24.872947692871094	0.0	0.0	65.99565887451172	-24.86910057067871	230.15647888183594	203.30181884765625	0.11428048461675644	0.00010057690376863677
123	3321	-24.75033187866211	0.0	0.0	65.11709594726562	-24.789443969726562	243.74246215820312	216.77574157714844	0.11735588312149048	0.00010025338914146325
124	3348	-24.898181915283203	0.0	0.0	121.32861328125	-24.882802963256836	229.76693725585938	202.6161346435547	0.10061975568532944	0.00010006100546880462
125	3375	-24.999496459960938	0.0	0.0	96.72412872314453	-24.962644577026367	227.9259033203125	200.6348114013672	0.12431362271308899	0.00010000009025699517
# Best epoch: 114
