# epoch	step	nll	ecut	ecut_viol	grad_norm	val_nll	val_ecut	val_ecut_viol	val_ress_zx	LR
1	27	-2.6254475116729736	0.0	0.0	8.436141014099121	-2.6973235607147217	1568.313232421875	1567.86962890625	0.0	1.0237143666892609e-05
2	54	-4.565716743469238	0.0	0.0	16.221214294433594	-4.5904316902160645	1528.9212646484375	1527.612060546875	0.0	1.094763738225795e-05
3	81	-6.1647186279296875	0.0	0.0	12.21784496307373	-6.1887006759643555	1504.154052734375	1501.65380859375	0.0	1.2128672994680007e-05
4	108	-7.616049766540527	0.0	0.0	13.515741348266602	-7.629851341247559	1480.1795654296875	1475.8212890625	0.0	1.3775582585561007e-05
5	135	-8.61197566986084	0.0	0.0	22.90721893310547	-8.714542388916016	1442.863037109375	1436.310302734375	0.0	1.588185691857728e-05
6	162	-9.744709014892578	0.0	0.0	15.66160774230957	-9.660285949707031	1399.390625	1391.361083984375	0.0	1.8439171166748666e-05
7	189	-10.722043991088867	0.0	0.0	8.008626937866211	-10.781103134155273	1361.57470703125	1351.81689453125	0.0	2.143741781543827e-05
8	216	-12.058420181274414	0.0	0.0	53.969993591308594	-12.22308349609375	1312.7921142578125	1301.02294921875	0.0	2.4864746611237527e-05
9	243	-13.627969741821289	0.0	0.0	86.04425811767578	-13.524221420288086	1250.075927734375	1236.434814453125	0.0003333333588670939	2.870761139884165e-05
10	270	-14.591581344604492	0.0	0.0	48.99037170410156	-14.599326133728027	1201.567138671875	1186.684326171875	0.0006014910759404302	3.295082366079895e-05
11	297	-15.40682601928711	0.0	0.0	72.03948211669922	-15.412760734558105	1153.2877197265625	1137.1497802734375	0.0015574467834085226	3.7577612548522684e-05
12	324	-16.11383819580078	0.0	0.0	73.25179290771484	-16.151676177978516	1106.8692626953125	1089.968505859375	0.0014432937605306506	4.256969116729994e-05
13	351	-16.78670883178711	0.0	0.0	51.179779052734375	-16.717796325683594	1062.8956298828125	1045.184326171875	0.0022759796120226383	4.790732885331288e-05
14	378	-17.412479400634766	0.0	0.0	54.50730514526367	-17.151586532592773	1040.30517578125	1021.7762451171875	0.0026680491864681244	5.356942915700472e-05
15	405	-17.248945236206055	0.0	0.0	89.53404235839844	-17.53192710876465	1015.836669921875	997.1805419921875	0.0030500851571559906	5.953361322456993e-05
16	432	-17.66063117980957	0.0	0.0	142.1595001220703	-17.70332908630371	1002.7667236328125	983.6972045898438	0.0043068439699709415	6.577630824801178e-05
17	459	-18.120868682861328	0.0	0.0	100.57199096679688	-18.109128952026367	963.76318359375	944.3328857421875	0.0071130720898509026	7.227284063417776e-05
18	486	-17.798961639404297	0.0	0.0	132.28016662597656	-18.070083618164062	943.397216796875	924.2867431640625	0.0035160209517925978	7.899753352453215e-05
19	513	-18.596939086914062	0.0	0.0	80.44322204589844	-18.419708251953125	874.8839721679688	855.1408081054688	0.0059445519000291824	8.592380828022916e-05
20	540	-18.67392349243164	0.0	0.0	123.4668960571289	-18.649553298950195	829.4889526367188	809.5570068359375	0.004704670049250126	9.302428953137767e-05
21	567	-18.93436050415039	0.0	0.0	97.33158874511719	-18.719757080078125	803.1015014648438	783.5477905273438	0.005170667078346014	0.00010027091337530103
22	594	-17.810466766357422	0.0	0.0	309.3292541503906	-18.634214401245117	758.99853515625	738.9982299804688	0.006546348333358765	0.00010763503829615015
23	621	-19.184892654418945	0.0	0.0	94.4198226928711	-18.798765182495117	710.9366455078125	691.2171630859375	0.00920998863875866	0.00011508755836747201
24	648	-18.552204132080078	0.0	0.0	139.6934356689453	-19.290828704833984	710.0407104492188	690.5822143554688	0.00811533909291029	0.00012259901829031155
25	675	-19.690147399902344	0.0	0.0	94.30186462402344	-19.086652755737305	638.1928100585938	617.3505859375	0.005316643975675106	0.00013013972981217172
26	702	-19.154430389404297	0.0	0.0	166.18931579589844	-19.22623634338379	667.9157104492188	648.2926025390625	0.012628305703401566	0.00013767988906669806
27	729	-19.683332443237305	0.0	0.0	112.34976196289062	-19.815692901611328	596.9459228515625	575.9288940429688	0.018841519951820374	0.0001451896943703143
28	756	-19.447433471679688	0.0	0.0	109.7612533569336	-18.96608543395996	623.531005859375	603.6104736328125	0.005819652229547501	0.00015263946401023132
29	783	-19.172042846679688	0.0	0.0	145.02264404296875	-19.760940551757812	574.5380249023438	553.748291015625	0.014765962958335876	0.00015999975355828383
30	810	-19.524473190307617	0.0	0.0	237.1077423095703	-19.175437927246094	552.24658203125	531.0595703125	0.014618178829550743	0.00016724147224692488
31	837	-19.56281852722168	0.0	0.0	127.63656616210938	-19.838993072509766	561.7763671875	541.6964111328125	0.013335447758436203	0.00017433599794741407
32	864	-19.560773849487305	0.0	0.0	105.67328643798828	-19.910282135009766	527.6959228515625	506.96673583984375	0.012272082269191742	0.00018125529029576
33	891	-19.794723510742188	0.0	0.0	115.242431640625	-19.96592140197754	538.5050659179688	517.4225463867188	0.01582411676645279	0.00018797200151929956
34	918	-19.66757583618164	0.0	0.0	186.65704345703125	-19.880050659179688	527.5402221679688	506.8558044433594	0.008122109808027744	0.00019445958452588268
35	945	-20.03624725341797	0.0	0.0	83.05538940429688	-19.79261016845703	498.2813415527344	476.8417663574219	0.015610039234161377	0.00020069239782845172
36	972	-19.77588653564453	0.0	0.0	285.5538330078125	-19.225343704223633	551.6494140625	531.2387084960938	0.01374392956495285	0.00020664580689031296
37	999	-19.387495040893555	0.0	0.0	127.66989135742188	-19.977970123291016	509.65008544921875	488.48175048828125	0.018979370594024658	0.00021229628149054233
38	1026	-20.197460174560547	0.0	0.0	108.10160064697266	-20.255470275878906	521.1968994140625	500.1165466308594	0.02173112891614437	0.0002176214887247001
39	1053	-19.753887176513672	0.0	0.0	117.62529754638672	-20.007305145263672	492.8942565917969	471.8077087402344	0.022634532302618027	0.0002226003812732785
40	1080	-20.214832305908203	0.0	0.0	84.28226470947266	-20.411693572998047	481.92529296875	460.5264587402344	0.018737442791461945	0.00022721328058901023
41	1107	-20.296405792236328	0.0	0.0	72.8674545288086	-20.258949279785156	484.3514099121094	462.83782958984375	0.025236910209059715	0.0002314419546742497
42	1134	-19.45226287841797	0.0	0.0	200.6553955078125	-19.592449188232422	483.39105224609375	462.4088134765625	0.01919741928577423	0.0002352696901410191
43	1161	-20.16019058227539	0.0	0.0	124.27972412109375	-20.37567138671875	456.40045166015625	435.3594970703125	0.02911309525370598	0.00023868135826891025
44	1188	-20.273929595947266	0.0	0.0	61.337562561035156	-20.538127899169922	462.0665283203125	440.90625	0.029187366366386414	0.0002416634747997555
45	1215	-20.258026123046875	0.0	0.0	142.9140167236328	-20.272998809814453	431.94427490234375	410.70452880859375	0.007630334701389074	0.0002442042532327343
46	1242	-20.114261627197266	0.0	0.0	129.3797607421875	-19.99797821044922	468.78271484375	447.4810485839844	0.009492243640124798	0.0002462936514092741
47	1269	-20.413875579833984	0.0	0.0	152.7721710205078	-20.389179229736328	438.4256286621094	416.7908630371094	0.03356581926345825	0.0002479234112036218
48	1296	-19.92827796936035	0.0	0.0	221.5603485107422	-20.079856872558594	450.22308349609375	429.3470458984375	0.017973005771636963	0.0002490870911622143
49	1323	-20.519983291625977	0.0	0.0	130.18299865722656	-20.56660270690918	385.5253601074219	363.1928405761719	0.022002052515745163	0.00024978009196284376
50	1350	-19.350284576416016	0.0	0.0	261.21343994140625	-18.575565338134766	476.885986328125	456.5666198730469	0.006239145994186401	0.0002499999097430048
51	1377	-20.72438621520996	0.0	0.0	149.23094177246094	-20.70500946044922	396.7734069824219	374.7906188964844	0.011062806472182274	0.0002499292496279845
52	1404	-20.70621109008789	0.0	0.0	93.21990966796875	-20.804113388061523	388.3097839355469	366.3178405761719	0.029502881690859795	0.00024972713814798653
53	1431	-20.791372299194336	0.0	0.0	98.39105987548828	-20.418968200683594	411.8369140625	390.21356201171875	0.016233110800385475	0.0002493939298752249
54	1458	-20.54751205444336	0.0	0.0	134.4429473876953	-20.50507164001465	391.534912109375	370.2225341796875	0.009927733801305294	0.0002489302093702348
55	1485	-20.664945602416992	0.0	0.0	149.20867919921875	-20.574058532714844	389.7822265625	367.53973388671875	0.021714722737669945	0.0002483367901563554
56	1512	-20.651594161987305	0.0	0.0	124.60592651367188	-20.834712982177734	392.8489685058594	371.14520263671875	0.0187844205647707	0.000247614713292533
57	1539	-20.394241333007812	0.0	0.0	186.17893981933594	-20.72160530090332	376.085693359375	354.25341796875	0.024698009714484215	0.0002467652455469501
58	1566	-21.07070541381836	0.0	0.0	80.1021957397461	-20.63042449951172	354.1927490234375	332.1662292480469	0.0148552805185318	0.0002457898771746836
59	1593	-20.74338150024414	0.0	0.0	67.1430435180664	-20.7398738861084	362.0538330078125	339.73486328125	0.02045559138059616	0.0002446903193032908
60	1620	-20.9254150390625	0.0	0.0	126.60285949707031	-20.97726058959961	351.05462646484375	329.201171875	0.03312091529369354	0.00024346850093091035
61	1647	-20.981630325317383	0.0	0.0	101.27495574951172	-20.877220153808594	335.00518798828125	312.6959228515625	0.03931110352277756	0.00024212656554214415
62	1674	-20.670995712280273	0.0	0.0	73.68745422363281	-20.822662353515625	330.26708984375	307.97607421875	0.03449570760130882	0.0002406668673476568
63	1701	-20.562408447265625	0.0	0.0	252.12037658691406	-20.5460262298584	372.7796325683594	351.40618896484375	0.029874807223677635	0.00023909196715409025
64	1728	-20.638113021850586	0.0	0.0	137.21414184570312	-20.66637420654297	350.83184814453125	328.91339111328125	0.03190822899341583	0.0002374046278715386
65	1755	-21.010990142822266	0.0	0.0	91.4220962524414	-20.942670822143555	308.9930114746094	286.04547119140625	0.015787873417139053	0.0002356078096664652
66	1782	-20.249380111694336	0.0	0.0	183.57632446289062	-20.12969970703125	359.70880126953125	338.2358093261719	0.03293456882238388	0.0002337046647685648
67	1809	-20.705738067626953	0.0	0.0	109.99822235107422	-20.6498966217041	355.7735595703125	333.9349060058594	0.02709898352622986	0.00023169853194068108
68	1836	-20.98891830444336	0.0	0.0	52.14784240722656	-21.022876739501953	345.57440185546875	324.2686767578125	0.025242110714316368	0.0002295929306214829
69	1863	-21.058202743530273	0.0	0.0	109.3970718383789	-21.201696395874023	305.28033447265625	282.9601745605469	0.03169082850217819	0.0002273915547511721
70	1890	-20.912715911865234	0.0	0.0	162.45448303222656	-21.140945434570312	310.0894470214844	287.6696472167969	0.04334522411227226	0.00022509826629105785
71	1917	-20.88783836364746	0.0	0.0	146.7339630126953	-20.897851943969727	309.4061279296875	286.7115783691406	0.03716941177845001	0.0002227170884483638
72	1944	-20.515111923217773	0.0	0.0	171.73348999023438	-20.502883911132812	328.973876953125	307.2509765625	0.029896540567278862	0.0002202521986181557
73	1971	-21.064491271972656	0.0	0.0	58.90338897705078	-21.165708541870117	290.79901123046875	268.3925476074219	0.03663627803325653	0.00021770792105477095
74	1998	-21.25186538696289	0.0	0.0	166.8863525390625	-20.959135055541992	283.10150146484375	260.16546630859375	0.03776467591524124	0.00021508871928560704
75	2025	-21.446334838867188	0.0	0.0	100.38794708251953	-21.48453140258789	261.8788757324219	238.93450927734375	0.043796103447675705	0.00021239918828057787
76	2052	-21.089801788330078	0.0	0.0	112.31304168701172	-21.003522872924805	294.0508117675781	271.64306640625	0.03124280646443367	0.00020964404639097492
77	2079	-20.99802589416504	0.0	0.0	206.84283447265625	-21.2816104888916	268.73736572265625	246.11221313476562	0.055300094187259674	0.00020682812707187618
78	2106	-21.35506248474121	0.0	0.0	119.75155639648438	-21.17305564880371	278.993896484375	256.1703186035156	0.03990420326590538	0.0002039563704026231
79	2133	-21.593761444091797	0.0	0.0	78.5763168334961	-21.529434204101562	265.34954833984375	242.7322235107422	0.03905012086033821	0.00020103381442024303
80	2160	-21.529233932495117	0.0	0.0	95.67488861083984	-21.548961639404297	261.78070068359375	238.75308227539062	0.04743140935897827	0.0001980655862810203
81	2187	-21.80419921875	0.0	0.0	72.4830093383789	-21.67147445678711	246.24093627929688	222.93109130859375	0.04145890846848488	0.00019505689326572176
82	2214	-21.623037338256836	0.0	0.0	75.961669921875	-21.57452964782715	249.0809783935547	226.16433715820312	0.03531557694077492	0.00019201301364425705
83	2241	-21.74421501159668	0.0	0.0	131.49119567871094	-21.409154891967773	248.46202087402344	225.06915283203125	0.05613836646080017	0.0001889392874157994
84	2268	-21.3587646484375	0.0	0.0	113.54292297363281	-21.389793395996094	249.39266967773438	226.59751892089844	0.07115369290113449	0.00018584110694061274
85	2295	-21.31627082824707	0.0	0.0	99.95281219482422	-21.332242965698242	243.92892456054688	221.093994140625	0.031169241294264793	0.00018272390748001933
86	2322	-21.31313133239746	0.0	0.0	125.27482604980469	-21.29468536376953	229.65940856933594	206.35623168945312	0.06603484600782394	0.00017959315766110463
87	2349	-21.537837982177734	0.0	0.0	125.77770233154297	-21.670440673828125	234.00926208496094	211.05682373046875	0.07105474174022675	0.00017645434988288684
88	2376	-21.40546226501465	0.0	0.0	186.77777099609375	-21.413654327392578	244.7686004638672	221.60809326171875	0.028391249477863312	0.00017331299068078308
89	2403	-21.417394638061523	0.0	0.0	85.00825500488281	-21.627880096435547	219.2190399169922	196.1934814453125	0.03693779557943344	0.00017017459106627485
90	2430	-21.811203002929688	0.0	0.0	86.0795669555664	-21.813756942749023	217.28213500976562	193.8975830078125	0.06722212582826614	0.00016704465685872134
91	2457	-21.943998336791992	0.0	0.0	102.38066864013672	-21.806806564331055	208.33526611328125	184.682861328125	0.06480221450328827	0.0001639286790262814
92	2484	-21.85650634765625	0.0	0.0	154.23556518554688	-21.71419334411621	223.62594604492188	199.92100524902344	0.03589257970452309	0.0001608321240528895
93	2511	-21.757110595703125	0.0	0.0	79.92997741699219	-21.63835906982422	211.56857299804688	188.29954528808594	0.05457661300897598	0.00015776042434818542
94	2538	-22.00063705444336	0.0	0.0	58.20334243774414	-21.98489761352539	200.1041259765625	176.2880096435547	0.06965716183185577	0.00015471896871722181
95	2565	-21.98775291442871	0.0	0.0	74.06684112548828	-22.131465911865234	201.55654907226562	177.5520477294922	0.06941088289022446	0.00015171309290666892
96	2592	-21.86402130126953	0.0	0.0	99.72624969482422	-21.841636657714844	210.573486328125	187.12315368652344	0.09051739424467087	0.00014874807024410196
97	2619	-22.044776916503906	0.0	0.0	66.40324401855469	-22.029521942138672	197.4031982421875	173.3778533935547	0.0845315083861351	0.00014582910238679245
98	2646	-21.90687370300293	0.0	0.0	96.50716400146484	-22.12713623046875	202.60629272460938	178.8437957763672	0.08374562114477158	0.0001429613101962342
99	2673	-22.070783615112305	0.0	0.0	93.29649353027344	-22.080249786376953	196.97943115234375	173.16314697265625	0.0922069102525711	0.00014014972475441165
100	2700	-22.044971466064453	0.0	0.0	60.567195892333984	-22.01741600036621	195.37486267089844	171.60812377929688	0.08520125597715378	0.000137399278537573
101	2727	-22.078022003173828	0.0	0.0	50.38260269165039	-22.10302734375	187.05123901367188	163.0616912841797	0.07801734656095505	0.00013471479676299046
102	2754	-22.309490203857422	0.0	0.0	50.98392105102539	-22.105785369873047	183.84970092773438	159.60000610351562	0.05914052575826645	0.00013210098892388962
103	2781	-22.180212020874023	0.0	0.0	57.22642135620117	-22.14302635192871	184.92637634277344	160.84799194335938	0.05259062349796295	0.00012956244052739826
104	2808	-22.343063354492188	0.0	0.0	54.53834533691406	-22.28472900390625	183.13299560546875	159.12997436523438	0.11871448159217834	0.00012710360505000827
105	2835	-22.412059783935547	0.0	0.0	50.61732864379883	-22.221065521240234	184.04747009277344	159.77976989746094	0.0733676552772522	0.00012472879612466492
106	2862	-22.153722763061523	0.0	0.0	167.3898468017578	-22.205373764038086	168.44937133789062	143.97833251953125	0.08701722323894501	0.00012244217997318878
107	2889	-22.344497680664062	0.0	0.0	139.92453002929688	-22.210433959960938	166.416015625	142.20001220703125	0.09178467094898224	0.00012024776809730691
108	2916	-22.42926597595215	0.0	0.0	93.06652069091797	-22.275426864624023	173.96981811523438	149.51153564453125	0.10237652063369751	0.00011814941024111579
109	2943	-22.34956932067871	0.0	0.0	80.42236328125	-22.33038902282715	166.17666625976562	141.78610229492188	0.09297879040241241	0.00011615078763732197
110	2970	-22.30908203125	0.0	0.0	80.76026916503906	-22.334033966064453	168.37451171875	144.0726776123047	0.09998297691345215	0.000114255406549109
111	2997	-22.392475128173828	0.0	0.0	70.40961456298828	-22.22662925720215	173.2661590576172	148.97276306152344	0.015677057206630707	0.00011246659211896043
112	3024	-22.318355560302734	0.0	0.0	119.11811065673828	-22.199722290039062	163.13894653320312	138.89715576171875	0.06974729895591736	0.00011078748253523003
113	3051	-22.201274871826172	0.0	0.0	64.29859161376953	-22.327640533447266	165.78602600097656	141.58450317382812	0.0817738026380539	0.00010922102352669286
114	3078	-22.32220458984375	0.0	0.0	87.71717071533203	-22.346355438232422	157.8486785888672	133.15505981445312	0.1201387494802475	0.00010776996319473627
115	3105	-22.368133544921875	0.0	0.0	101.50760650634766	-22.457340240478516	159.0990753173828	134.65826416015625	0.13814181089401245	0.00010643684719225612
116	3132	-22.4114990234375	0.0	0.0	87.80996704101562	-22.344165802001953	159.86593627929688	135.56993103027344	0.15922898054122925	0.00010522401425771664
117	3159	-22.455394744873047	0.0	0.0	40.41981506347656	-22.363622665405273	153.43572998046875	128.57666015625	0.12523820996284485	0.0001041335921122084
118	3186	-22.478452682495117	0.0	0.0	87.00638580322266	-22.517988204956055	152.84954833984375	128.17831420898438	0.16578572988510132	0.00010316749372670254
119	3213	-22.50545883178711	0.0	0.0	91.37449645996094	-22.58582305908203	151.628662109375	126.9649887084961	0.14068612456321716	0.0001023274139660497
120	3240	-22.411100387573242	0.0	0.0	142.62759399414062	-22.556371688842773	148.23916625976562	123.68243408203125	0.13755008578300476	0.00010161482661561108
121	3267	-22.628156661987305	0.0	0.0	112.83300018310547	-22.592039108276367	157.00576782226562	132.23265075683594	0.1080838069319725	0.00010103098179573815
122	3294	-22.505033493041992	0.0	0.0	89.42219543457031	-22.53396224975586	150.82810974121094	126.23448944091797	0.13984772562980652	0.00010057690376863677
123	3321	-22.551395416259766	0.0	0.0	99.25448608398438	-22.549331665039062	147.87933349609375	123.35687255859375	0.11862353980541229	0.00010025338914146325
124	3348	-22.712369918823242	0.0	0.0	47.59572982788086	-22.552053451538086	152.8777313232422	128.33309936523438	0.09123902022838593	0.00010006100546880462
125	3375	-22.506587982177734	0.0	0.0	100.95893859863281	-22.481115341186523	148.06771850585938	123.26787567138672	0.06423696875572205	0.00010000009025699517
# Best epoch: 118
