# epoch	step	nll	ecut	ecut_viol	grad_norm	val_nll	val_ecut	val_ecut_viol	val_ress_zx	LR
1	27	-14.533321380615234	0.0	0.0	190.4571533203125	-14.44990348815918	110.55941009521484	93.8946533203125	0.05257337912917137	9.986158796046841e-05
2	54	-14.69443130493164	0.0	0.0	123.53197479248047	-14.718321800231934	100.156494140625	83.5467758178711	0.06526612490415573	9.944712589814385e-05
3	81	-14.724397659301758	0.0	0.0	45.917171478271484	-14.741556167602539	103.27079772949219	86.2554931640625	0.06717149913311005	9.875893165300026e-05
4	108	-14.573766708374023	0.0	0.0	74.33773803710938	-14.717182159423828	102.6863021850586	85.78807830810547	0.09760260581970215	9.780085388641395e-05
5	135	-14.581914901733398	0.0	0.0	304.1712341308594	-14.456687927246094	108.25971984863281	91.3663558959961	0.04828166216611862	9.65782505578881e-05
6	162	-14.810049057006836	0.0	0.0	87.04437255859375	-14.813974380493164	99.77561950683594	82.73992919921875	0.08209273219108582	9.509795896116972e-05
7	189	-14.49411392211914	0.0	0.0	87.14395904541016	-14.364935874938965	110.54658508300781	93.9520492553711	0.06199438124895096	9.336825748732971e-05
8	216	-14.771690368652344	0.0	0.0	930.6473388671875	-14.621723175048828	102.16412353515625	85.14866638183594	0.06929120421409607	9.139881932864174e-05
9	243	-14.582868576049805	0.0	0.0	123.33712005615234	-14.77509880065918	98.3824462890625	81.32674407958984	0.06654132157564163	8.920065838216747e-05
10	270	-14.67750072479248	0.0	0.0	58.27002716064453	-14.644885063171387	97.53802490234375	80.762451171875	0.08132996410131454	8.678606765557639e-05
11	297	-14.683515548706055	0.0	0.0	566.7985229492188	-14.451614379882812	99.55143737792969	82.79237365722656	0.061942365020513535	8.416855051966051e-05
12	324	-14.672754287719727	0.0	0.0	125.99880981445312	-14.509565353393555	94.04917907714844	77.16563415527344	0.05773812532424927	8.136274519200731e-05
13	351	-14.540863037109375	0.0	0.0	85.86888885498047	-14.57965087890625	100.67764282226562	83.83486938476562	0.07963432371616364	7.83843428741493e-05
14	378	-14.16614055633545	0.0	0.0	180.18154907226562	-14.053080558776855	123.06759643554688	106.72591400146484	0.03586220741271973	7.525000000000001e-05
15	405	-14.708239555358887	0.0	0.0	76.74163055419922	-14.772151947021484	98.75161743164062	81.93630981445312	0.07434144616127014	7.197724508631914e-05
16	432	-14.831347465515137	0.0	0.0	74.8110580444336	-14.750272750854492	87.58138275146484	70.64009857177734	0.0904088020324707	6.858438070613657e-05
17	459	-14.63899040222168	0.0	0.0	263.64520263671875	-14.787878036499023	98.2646484375	81.41746520996094	0.09138279408216476	6.509038113333976e-05
18	486	-14.949148178100586	0.0	0.0	115.78915405273438	-14.954717636108398	86.77806091308594	69.6271743774414	0.07062330842018127	6.151478623083758e-05
19	513	-14.915456771850586	0.0	0.0	278.66455078125	-14.884897232055664	88.40046691894531	71.32371520996094	0.0830405056476593	5.787759217572066e-05
20	540	-14.806968688964844	0.0	0.0	126.3808822631836	-14.923239707946777	90.02526092529297	72.874267578125	0.06848127394914627	5.419913963252802e-05
21	567	-15.007025718688965	0.0	0.0	125.22991943359375	-14.959281921386719	85.06437683105469	67.78985595703125	0.10470283031463623	5.0500000000000015e-05
22	594	-15.012767791748047	0.0	0.0	69.89800262451172	-15.019701957702637	84.56849670410156	67.37005615234375	0.12224960327148438	4.680086036747202e-05
23	621	-14.885284423828125	0.0	0.0	51.05380630493164	-14.995351791381836	84.23805236816406	67.08961486816406	0.10463114827871323	4.3122407824279384e-05
24	648	-14.636503219604492	0.0	0.0	577.92333984375	-14.62293815612793	89.20879364013672	72.28614044189453	0.07045026123523712	3.948521376916245e-05
25	675	-15.029571533203125	0.0	0.0	96.4152603149414	-15.04725456237793	82.10646057128906	64.86273193359375	0.11471565812826157	3.590961886666025e-05
26	702	-14.9584379196167	0.0	0.0	100.77368927001953	-15.099325180053711	78.24240112304688	60.90161895751953	0.1329604983329773	3.241561929386345e-05
27	729	-15.046972274780273	0.0	0.0	124.92301177978516	-15.104393005371094	79.69332122802734	62.35948181152344	0.10796012729406357	2.9022754913680884e-05
28	756	-15.06350326538086	0.0	0.0	145.280029296875	-15.117591857910156	77.85050964355469	60.52398681640625	0.08526338636875153	2.575000000000002e-05
29	783	-15.137489318847656	0.0	0.0	48.75794982910156	-15.20711898803711	75.58320617675781	58.16410827636719	0.1356230080127716	2.2615657125850715e-05
30	810	-15.123950958251953	0.0	0.0	201.70852661132812	-15.17524528503418	76.87002563476562	59.502342224121094	0.13697993755340576	1.9637254807992697e-05
31	837	-15.201457023620605	0.0	0.0	110.9991226196289	-15.253372192382812	75.1424560546875	57.65718078613281	0.1191510558128357	1.68314494803395e-05
32	864	-15.27320384979248	0.0	0.0	74.24757385253906	-15.240592956542969	71.129638671875	53.62346649169922	0.12932762503623962	1.4213932344423597e-05
33	891	-15.184539794921875	0.0	0.0	46.031036376953125	-15.266718864440918	70.48704528808594	52.981502532958984	0.13552264869213104	1.1799341617832526e-05
34	918	-15.28451156616211	0.0	0.0	67.8841552734375	-15.29652214050293	68.83433532714844	51.352535247802734	0.13970863819122314	9.601180671358249e-06
35	945	-15.320362091064453	0.0	0.0	7797.55810546875	-15.287200927734375	70.99163818359375	53.4703483581543	0.16430971026420593	7.631742512670296e-06
36	972	-15.391695022583008	0.0	0.0	80.70380401611328	-15.3256254196167	69.9210205078125	52.40549850463867	0.14463964104652405	5.902041038830259e-06
37	999	-15.349979400634766	0.0	0.0	78.6479721069336	-15.340591430664062	71.18794250488281	53.6634635925293	0.15733112394809723	4.421749442111885e-06
38	1026	-15.299020767211914	0.0	0.0	228.777099609375	-15.34964370727539	70.81292724609375	53.27387619018555	0.1694171130657196	3.199146113586043e-06
39	1053	-15.30805778503418	0.0	0.0	160.377197265625	-15.344497680664062	69.9052505493164	52.332298278808594	0.16310454905033112	2.2410683469997316e-06
40	1080	-15.206693649291992	0.0	0.0	2628.287353515625	-15.3496732711792	70.16448974609375	52.59897994995117	0.14920412003993988	1.5528741018561385e-06
41	1107	-15.260275840759277	0.0	0.0	1308.283935546875	-15.354888916015625	70.0096435546875	52.45709991455078	0.15260355174541473	1.1384120395315836e-06
42	1134	-15.33099365234375	0.0	0.0	179.93267822265625	-15.36811637878418	70.43938446044922	52.881141662597656	0.15682566165924072	1e-06
# Best epoch: 38
