# epoch	step	nll	ecut	ecut_viol	grad_norm	val_nll	val_ecut	val_ecut_viol	val_ress_zx	LR
1	27	-1.7789819240570068	0.0	0.0	5.715354919433594	-1.8574161529541016	1572.58935546875	1572.0833740234375	0.0	1.0237143666892609e-05
2	54	-3.080198287963867	0.0	0.0	4.910346508026123	-3.134582996368408	1532.417724609375	1531.3050537109375	0.0	1.094763738225795e-05
3	81	-4.1410603523254395	0.0	0.0	10.002547264099121	-4.232090473175049	1492.45703125	1490.37158203125	0.0	1.2128672994680007e-05
4	108	-5.015872478485107	0.0	0.0	3.432529926300049	-5.032037258148193	1450.359130859375	1446.8270263671875	0.0	1.3775582585561007e-05
5	135	-5.62453031539917	0.0	0.0	8.753816604614258	-5.578635215759277	1414.08056640625	1409.3681640625	0.0	1.588185691857728e-05
6	162	-5.9964447021484375	0.0	0.0	8.003432273864746	-6.0582122802734375	1390.255859375	1384.629638671875	0.0	1.8439171166748666e-05
7	189	-6.5073041915893555	0.0	0.0	4.172415256500244	-6.619319915771484	1362.4307861328125	1355.84375	0.0	2.143741781543827e-05
8	216	-7.226193904876709	0.0	0.0	14.290371894836426	-7.36342191696167	1327.3216552734375	1319.63134765625	0.0	2.4864746611237527e-05
9	243	-8.2225341796875	0.0	0.0	21.939550399780273	-8.218039512634277	1242.90478515625	1234.057861328125	0.0	2.870761139884165e-05
10	270	-9.061893463134766	0.0	0.0	26.3170166015625	-9.028582572937012	1172.341552734375	1162.448974609375	0.0003333333588670939	3.295082366079895e-05
11	297	-9.892989158630371	0.0	0.0	29.58637046813965	-9.759389877319336	1112.8607177734375	1102.002685546875	0.0003333333588670939	3.7577612548522684e-05
12	324	-10.482747077941895	0.0	0.0	33.29955291748047	-10.52091121673584	1096.562255859375	1084.9637451171875	0.00034924945794045925	4.256969116729994e-05
13	351	-11.076757431030273	0.0	0.0	52.075050354003906	-11.095991134643555	1042.1251220703125	1029.4246826171875	0.0014895213535055518	4.790732885331288e-05
14	378	-11.585330963134766	0.0	0.0	56.684303283691406	-11.509147644042969	999.819091796875	986.6234130859375	0.002970371162518859	5.356942915700472e-05
15	405	-12.184951782226562	0.0	0.0	60.3037109375	-12.037490844726562	904.5949096679688	890.8726806640625	0.001866962295025587	5.953361322456993e-05
16	432	-12.544778823852539	0.0	0.0	66.62134552001953	-12.613306999206543	852.41015625	838.2955932617188	0.003322906792163849	6.577630824801178e-05
17	459	-12.936492919921875	0.0	0.0	113.888671875	-12.755709648132324	796.2857666015625	782.3903198242188	0.002281469525769353	7.227284063417776e-05
18	486	-13.112574577331543	0.0	0.0	109.15252685546875	-13.164098739624023	756.218017578125	741.971923828125	0.006024517118930817	7.899753352453215e-05
19	513	-12.889068603515625	0.0	0.0	136.1424560546875	-13.162586212158203	712.9373779296875	698.7753295898438	0.004484580364078283	8.592380828022916e-05
20	540	-13.312177658081055	0.0	0.0	136.87583923339844	-13.712787628173828	671.3817749023438	656.3440551757812	0.007950815372169018	9.302428953137767e-05
21	567	-13.643366813659668	0.0	0.0	114.26142883300781	-13.715627670288086	637.8453369140625	623.50439453125	0.007873893715441227	0.00010027091337530103
22	594	-14.189006805419922	0.0	0.0	85.12411499023438	-14.103907585144043	593.0894775390625	577.330322265625	0.007354843895882368	0.00010763503829615015
23	621	-14.05952262878418	0.0	0.0	155.53402709960938	-13.968244552612305	610.5746459960938	595.7042236328125	0.007187759503722191	0.00011508755836747201
24	648	-13.853734970092773	0.0	0.0	123.4217529296875	-13.583643913269043	588.5062255859375	573.395263671875	0.010464204475283623	0.00012259901829031155
25	675	-14.348132133483887	0.0	0.0	60.512939453125	-14.197566032409668	560.0360717773438	544.8827514648438	0.008132715709507465	0.00013013972981217172
26	702	-14.441787719726562	0.0	0.0	81.935546875	-14.226149559020996	525.0513305664062	509.06414794921875	0.012485056184232235	0.00013767988906669806
27	729	-14.578207015991211	0.0	0.0	76.68401336669922	-13.988380432128906	505.1793212890625	489.5750732421875	0.005881240125745535	0.0001451896943703143
28	756	-14.034324645996094	0.0	0.0	147.501953125	-14.438940048217773	478.5339050292969	462.3936767578125	0.01236983947455883	0.00015263946401023132
29	783	-14.431970596313477	0.0	0.0	91.02372741699219	-14.56312370300293	475.1309509277344	459.59765625	0.00874161347746849	0.00015999975355828383
30	810	-14.21694564819336	0.0	0.0	201.16122436523438	-14.344897270202637	487.41949462890625	471.70587158203125	0.018003882840275764	0.00016724147224692488
31	837	-14.595817565917969	0.0	0.0	173.3745880126953	-14.377245903015137	486.426513671875	471.1580505371094	0.011944225989282131	0.00017433599794741407
32	864	-14.713141441345215	0.0	0.0	166.54640197753906	-14.27537727355957	470.944091796875	454.7996826171875	0.006444753147661686	0.00018125529029576
33	891	-14.500495910644531	0.0	0.0	103.32548522949219	-14.670907974243164	453.78363037109375	438.09503173828125	0.009007087908685207	0.00018797200151929956
34	918	-14.546424865722656	0.0	0.0	130.69198608398438	-14.579630851745605	455.8351745605469	439.6320495605469	0.014466209337115288	0.00019445958452588268
35	945	-14.224788665771484	0.0	0.0	146.93341064453125	-14.701066970825195	452.03179931640625	436.53961181640625	0.011254951357841492	0.00020069239782845172
36	972	-14.052515029907227	0.0	0.0	150.5721435546875	-13.964137077331543	488.49298095703125	473.7200927734375	0.00783695001155138	0.00020664580689031296
37	999	-14.382364273071289	0.0	0.0	124.19261932373047	-14.94154167175293	422.0001220703125	406.31298828125	0.013168012723326683	0.00021229628149054233
38	1026	-14.40980339050293	0.0	0.0	211.5301971435547	-14.157256126403809	456.73681640625	441.045654296875	0.007107566110789776	0.0002176214887247001
39	1053	-15.04111385345459	0.0	0.0	144.9251251220703	-15.202436447143555	402.91497802734375	386.76751708984375	0.025265192613005638	0.0002226003812732785
40	1080	-14.988052368164062	0.0	0.0	104.46792602539062	-14.73538589477539	405.9490661621094	390.3497009277344	0.008562982082366943	0.00022721328058901023
41	1107	-14.73129940032959	0.0	0.0	116.53913879394531	-15.10559368133545	411.4200134277344	395.84759521484375	0.016371358186006546	0.0002314419546742497
42	1134	-15.014994621276855	0.0	0.0	72.52294158935547	-14.997289657592773	399.49102783203125	384.018310546875	0.010108843445777893	0.0002352696901410191
43	1161	-15.124979972839355	0.0	0.0	93.67076110839844	-14.568435668945312	363.88104248046875	347.3375244140625	0.01823548972606659	0.00023868135826891025
44	1188	-15.279276847839355	0.0	0.0	70.10386657714844	-15.076709747314453	366.6083984375	350.5755310058594	0.011879651807248592	0.0002416634747997555
45	1215	-13.723459243774414	0.0	0.0	115.62054443359375	-14.186857223510742	418.970458984375	403.9547119140625	0.010684671811759472	0.0002442042532327343
46	1242	-14.99516487121582	0.0	0.0	94.79358673095703	-15.199653625488281	357.69769287109375	341.6982116699219	0.015367849729955196	0.0002462936514092741
47	1269	-15.067659378051758	0.0	0.0	104.36846160888672	-14.6939115524292	355.26824951171875	338.7296142578125	0.01075663324445486	0.0002479234112036218
48	1296	-14.721918106079102	0.0	0.0	155.3830108642578	-15.075263977050781	357.2939147949219	341.1562194824219	0.027375904843211174	0.0002490870911622143
49	1323	-15.084896087646484	0.0	0.0	165.8617706298828	-15.123759269714355	350.8743591308594	334.75152587890625	0.019046317785978317	0.00024978009196284376
50	1350	-14.809507369995117	0.0	0.0	117.36556243896484	-14.921130180358887	362.0063171386719	346.1839294433594	0.01318948995321989	0.0002499999097430048
51	1377	-15.305967330932617	0.0	0.0	74.79325866699219	-15.33210277557373	346.15277099609375	329.7300720214844	0.019182905554771423	0.0002499292496279845
52	1404	-14.964106559753418	0.0	0.0	126.55780029296875	-14.992321014404297	354.77728271484375	338.562744140625	0.01673266291618347	0.00024972713814798653
53	1431	-15.421782493591309	0.0	0.0	116.20365905761719	-15.487101554870605	331.0179748535156	314.39825439453125	0.037910670042037964	0.0002493939298752249
54	1458	-15.074968338012695	0.0	0.0	140.32278442382812	-15.513740539550781	302.17730712890625	285.00982666015625	0.02388898655772209	0.0002489302093702348
55	1485	-15.34585952758789	0.0	0.0	125.35800170898438	-15.600191116333008	306.6282958984375	289.91485595703125	0.03684230148792267	0.0002483367901563554
56	1512	-15.879049301147461	0.0	0.0	91.05028533935547	-15.72852611541748	301.0607604980469	284.06842041015625	0.028684750199317932	0.000247614713292533
57	1539	-15.564517974853516	0.0	0.0	144.2520294189453	-15.441373825073242	316.072021484375	299.0474548339844	0.012427909299731255	0.0002467652455469501
58	1566	-15.716768264770508	0.0	0.0	89.78775024414062	-15.686826705932617	296.1026306152344	279.0575866699219	0.01861627772450447	0.0002457898771746836
59	1593	-15.527036666870117	0.0	0.0	82.68364715576172	-15.707232475280762	316.0710144042969	299.6733093261719	0.0294235497713089	0.0002446903193032908
60	1620	-15.879096031188965	0.0	0.0	110.28187561035156	-15.70798397064209	275.4757385253906	258.0424499511719	0.03834148496389389	0.00024346850093091035
61	1647	-15.569305419921875	0.0	0.0	91.0895767211914	-15.895744323730469	290.9998779296875	274.04608154296875	0.028330806642770767	0.00024212656554214415
62	1674	-15.738222122192383	0.0	0.0	108.82652282714844	-15.733802795410156	288.0831298828125	270.953125	0.019111905246973038	0.0002406668673476568
63	1701	-15.581591606140137	0.0	0.0	134.31394958496094	-15.453092575073242	297.3501892089844	280.01971435546875	0.024523315951228142	0.00023909196715409025
64	1728	-16.021316528320312	0.0	0.0	52.8483772277832	-15.865900039672852	279.08349609375	262.02703857421875	0.024587228894233704	0.0002374046278715386
65	1755	-16.095901489257812	0.0	0.0	134.3485870361328	-15.969843864440918	273.0885925292969	255.67221069335938	0.030270598828792572	0.0002356078096664652
66	1782	-16.015655517578125	0.0	0.0	141.65847778320312	-15.875513076782227	277.84197998046875	260.39105224609375	0.03446665406227112	0.0002337046647685648
67	1809	-15.853839874267578	0.0	0.0	85.8736801147461	-15.763541221618652	277.93768310546875	260.677001953125	0.035417698323726654	0.00023169853194068108
68	1836	-15.658920288085938	0.0	0.0	185.89202880859375	-15.396072387695312	287.6727294921875	270.6736755371094	0.012080956250429153	0.0002295929306214829
69	1863	-15.87415599822998	0.0	0.0	113.94124603271484	-15.877821922302246	267.764404296875	250.5887908935547	0.030482888221740723	0.0002273915547511721
70	1890	-16.256624221801758	0.0	0.0	88.67130279541016	-16.116168975830078	254.537353515625	236.9954071044922	0.0422607883810997	0.00022509826629105785
71	1917	-15.880178451538086	0.0	0.0	131.8663330078125	-15.874140739440918	269.35345458984375	252.24143981933594	0.03463057428598404	0.0002227170884483638
72	1944	-15.573688507080078	0.0	0.0	103.9861831665039	-15.654715538024902	266.5599365234375	249.7318572998047	0.03055097721517086	0.0002202521986181557
73	1971	-15.652986526489258	0.0	0.0	204.68162536621094	-15.603693008422852	249.9610595703125	232.38621520996094	0.033722199499607086	0.00021770792105477095
74	1998	-15.93356704711914	0.0	0.0	137.72824096679688	-15.875738143920898	260.30108642578125	242.9844207763672	0.028039637953042984	0.00021508871928560704
75	2025	-15.931161880493164	0.0	0.0	104.46105194091797	-15.825369834899902	266.97235107421875	250.0636444091797	0.03552930802106857	0.00021239918828057787
76	2052	-15.794416427612305	0.0	0.0	95.1315689086914	-15.779952049255371	264.3300476074219	246.85726928710938	0.027463458478450775	0.00020964404639097492
77	2079	-15.247516632080078	0.0	0.0	122.18885803222656	-15.267311096191406	284.94580078125	268.14166259765625	0.013780876994132996	0.00020682812707187618
78	2106	-16.057432174682617	0.0	0.0	83.04637908935547	-16.008159637451172	251.09744262695312	233.32798767089844	0.030989810824394226	0.0002039563704026231
79	2133	-16.195384979248047	0.0	0.0	115.98714447021484	-16.342193603515625	250.59506225585938	233.0997772216797	0.04535819590091705	0.00020103381442024303
80	2160	-15.503190994262695	0.0	0.0	225.07650756835938	-15.519315719604492	265.5962829589844	248.24447631835938	0.03070858120918274	0.0001980655862810203
81	2187	-15.424269676208496	0.0	0.0	159.42080688476562	-15.830058097839355	244.14024353027344	226.73593139648438	0.03674784302711487	0.00019505689326572176
82	2214	-15.67334270477295	0.0	0.0	113.6113510131836	-15.993719100952148	243.986572265625	226.5560302734375	0.033074215054512024	0.00019201301364425705
83	2241	-16.103652954101562	0.0	0.0	84.36601257324219	-16.059587478637695	234.183349609375	216.593505859375	0.03196100890636444	0.0001889392874157994
84	2268	-15.95569133758545	0.0	0.0	158.9153594970703	-16.164535522460938	239.09320068359375	221.8807373046875	0.039477184414863586	0.00018584110694061274
85	2295	-16.22827911376953	0.0	0.0	290.1724548339844	-16.102313995361328	232.89492797851562	215.0465087890625	0.03160785138607025	0.00018272390748001933
86	2322	-16.26041030883789	0.0	0.0	239.70684814453125	-15.902777671813965	230.5323944091797	212.77392578125	0.005644685588777065	0.00017959315766110463
87	2349	-16.053897857666016	0.0	0.0	144.53317260742188	-15.952990531921387	239.37295532226562	221.7596893310547	0.024551477283239365	0.00017645434988288684
88	2376	-15.860685348510742	0.0	0.0	125.20590209960938	-15.983309745788574	241.508544921875	224.2272186279297	0.02438315376639366	0.00017331299068078308
89	2403	-16.642982482910156	0.0	0.0	303.3701477050781	-16.37198257446289	214.55410766601562	196.497314453125	0.04321462661027908	0.00017017459106627485
90	2430	-16.443923950195312	0.0	0.0	96.23358917236328	-16.458494186401367	224.20028686523438	206.4445037841797	0.033325061202049255	0.00016704465685872134
91	2457	-16.63637924194336	0.0	0.0	66.96139526367188	-16.532817840576172	207.46983337402344	189.27391052246094	0.05949321389198303	0.0001639286790262814
92	2484	-16.33263397216797	0.0	0.0	102.35762786865234	-16.346391677856445	204.85025024414062	187.0509490966797	0.05634821206331253	0.0001608321240528895
93	2511	-16.535186767578125	0.0	0.0	94.26974487304688	-16.729450225830078	193.2584228515625	175.01573181152344	0.045979540795087814	0.00015776042434818542
94	2538	-16.425100326538086	0.0	0.0	86.5606460571289	-16.527048110961914	203.3580780029297	185.3009033203125	0.042583487927913666	0.00015471896871722181
95	2565	-16.487545013427734	0.0	0.0	98.16633605957031	-16.342451095581055	207.32034301757812	189.26194763183594	0.03566904366016388	0.00015171309290666892
96	2592	-15.504218101501465	0.0	0.0	110.12773132324219	-15.577262878417969	258.3492126464844	241.39572143554688	0.02520642802119255	0.00014874807024410196
97	2619	-15.747698783874512	0.0	0.0	127.57538604736328	-16.000696182250977	216.76400756835938	198.9167938232422	0.023896396160125732	0.00014582910238679245
98	2646	-16.031970977783203	0.0	0.0	162.24842834472656	-15.86836051940918	221.30377197265625	203.841796875	0.02537553571164608	0.0001429613101962342
99	2673	-16.4643497467041	0.0	0.0	153.9615936279297	-16.50330352783203	204.3345184326172	186.2114715576172	0.03903987258672714	0.00014014972475441165
100	2700	-16.557769775390625	0.0	0.0	77.83382415771484	-16.382854461669922	201.0797576904297	182.8071746826172	0.023783031851053238	0.000137399278537573
101	2727	-16.571426391601562	0.0	0.0	62.79503631591797	-16.381053924560547	193.81884765625	175.27420043945312	0.05506186932325363	0.00013471479676299046
102	2754	-16.582733154296875	0.0	0.0	73.42678833007812	-16.723388671875	197.7001953125	179.5424041748047	0.029224153608083725	0.00013210098892388962
103	2781	-16.707799911499023	0.0	0.0	118.77616119384766	-16.694637298583984	188.3350067138672	169.80148315429688	0.05894856154918671	0.00012956244052739826
104	2808	-16.70882797241211	0.0	0.0	112.4707260131836	-16.635173797607422	186.25033569335938	167.8397216796875	0.040382690727710724	0.00012710360505000827
105	2835	-16.373321533203125	0.0	0.0	115.78385162353516	-16.628171920776367	188.55368041992188	170.05996704101562	0.04600539803504944	0.00012472879612466492
106	2862	-16.515098571777344	0.0	0.0	101.22831726074219	-16.745059967041016	188.4815673828125	169.90029907226562	0.04379899054765701	0.00012244217997318878
107	2889	-16.644947052001953	0.0	0.0	153.53396606445312	-16.584854125976562	185.79541015625	167.33993530273438	0.03946353495121002	0.00012024776809730691
108	2916	-16.78948211669922	0.0	0.0	588.9044799804688	-16.622421264648438	172.79147338867188	154.11624145507812	0.06468870490789413	0.00011814941024111579
109	2943	-16.83642578125	0.0	0.0	118.76705169677734	-16.802913665771484	179.24618530273438	160.59716796875	0.06630081683397293	0.00011615078763732197
110	2970	-16.68178939819336	0.0	0.0	125.46196746826172	-16.639785766601562	180.79324340820312	162.22433471679688	0.04081777110695839	0.000114255406549109
111	2997	-16.686424255371094	0.0	0.0	175.63771057128906	-16.75587272644043	191.79293823242188	173.40518188476562	0.03220084309577942	0.00011246659211896043
112	3024	-16.853166580200195	0.0	0.0	123.19983673095703	-16.947715759277344	176.04331970214844	157.0867919921875	0.05140337347984314	0.00011078748253523003
113	3051	-16.8607234954834	0.0	0.0	111.61016082763672	-16.904197692871094	177.7479248046875	159.0315399169922	0.07608209550380707	0.00010922102352669286
114	3078	-16.868610382080078	0.0	0.0	183.72120666503906	-16.758020401000977	173.61273193359375	154.56668090820312	0.06492774933576584	0.00010776996319473627
115	3105	-16.813541412353516	0.0	0.0	492.1866760253906	-16.63262176513672	183.0267333984375	164.36776733398438	0.05105782672762871	0.00010643684719225612
116	3132	-16.96955680847168	0.0	0.0	49.32151412963867	-16.837825775146484	170.64915466308594	151.61720275878906	0.04821527749300003	0.00010522401425771664
117	3159	-16.94602394104004	0.0	0.0	171.9060516357422	-16.879600524902344	168.40927124023438	149.4305419921875	0.07370409369468689	0.0001041335921122084
118	3186	-16.770959854125977	0.0	0.0	114.834716796875	-16.887752532958984	168.37557983398438	149.55734252929688	0.10583909600973129	0.00010316749372670254
119	3213	-16.993581771850586	0.0	0.0	323.5522155761719	-16.957433700561523	168.3335418701172	149.44454956054688	0.04373859614133835	0.0001023274139660497
120	3240	-16.990001678466797	0.0	0.0	74.9695053100586	-16.961856842041016	167.69651794433594	148.68130493164062	0.06932497769594193	0.00010161482661561108
121	3267	-16.54270362854004	0.0	0.0	78.61381530761719	-16.529584884643555	173.65830993652344	154.64105224609375	0.04837866127490997	0.00010103098179573815
122	3294	-16.513957977294922	0.0	0.0	351.41265869140625	-16.537464141845703	180.8341522216797	162.26925659179688	0.036732837557792664	0.00010057690376863677
123	3321	-16.562725067138672	0.0	0.0	64.71470642089844	-16.665163040161133	173.09103393554688	154.36582946777344	0.032779283821582794	0.00010025338914146325
124	3348	-16.6247615814209	0.0	0.0	100.02606201171875	-16.72307014465332	168.48468017578125	149.87315368652344	0.03294455632567406	0.00010006100546880462
125	3375	-16.80835723876953	0.0	0.0	57.26224136352539	-16.675952911376953	168.88677978515625	150.15802001953125	0.06971486657857895	0.00010000009025699517
# Best epoch: 118
