# epoch	step	nll	ecut	ecut_viol	grad_norm	val_nll	val_ecut	val_ecut_viol	val_ress_zx	LR
1	27	-7.693397045135498	0.0	0.0	211.90966796875	-7.509315490722656	142.13070678710938	132.63719177246094	0.06684242188930511	9.986158796046841e-05
2	54	-7.722215175628662	0.0	0.0	47.15370178222656	-7.701062202453613	135.15399169921875	125.55452728271484	0.06324782967567444	9.944712589814385e-05
3	81	-7.715207576751709	0.0	0.0	36.567405700683594	-7.688629150390625	130.82884216308594	121.25018310546875	0.06882421672344208	9.875893165300026e-05
4	108	-7.868283748626709	0.0	0.0	110.52318572998047	-7.724372386932373	126.90316772460938	117.28619384765625	0.059794675558805466	9.780085388641395e-05
5	135	-7.640483379364014	0.0	0.0	211.39035034179688	-7.572014808654785	135.48239135742188	125.9105453491211	0.043674737215042114	9.65782505578881e-05
6	162	-7.583550930023193	0.0	0.0	254.41290283203125	-7.476193904876709	138.57017517089844	128.94281005859375	0.04497731477022171	9.509795896116972e-05
7	189	-7.7266364097595215	0.0	0.0	41.578514099121094	-7.577465057373047	138.991455078125	129.62022399902344	0.0337374284863472	9.336825748732971e-05
8	216	-7.618396759033203	0.0	0.0	131.8233184814453	-7.5462164878845215	149.93150329589844	140.68182373046875	0.02903863787651062	9.139881932864174e-05
9	243	-7.460441589355469	0.0	0.0	938.7286376953125	-7.261747360229492	154.7652587890625	145.27783203125	0.029735444113612175	8.920065838216747e-05
10	270	-7.551873683929443	0.0	0.0	74.75440216064453	-7.600745677947998	140.45347595214844	130.97003173828125	0.053887784481048584	8.678606765557639e-05
11	297	-7.714475154876709	0.0	0.0	64.10944366455078	-7.716997146606445	125.9234848022461	116.28300476074219	0.04751061648130417	8.416855051966051e-05
12	324	-7.816131591796875	0.0	0.0	80.15052032470703	-7.756793975830078	127.43627166748047	117.87499237060547	0.06251727044582367	8.136274519200731e-05
13	351	-7.81981086730957	0.0	0.0	102.07171630859375	-7.779857635498047	123.82684326171875	114.1562728881836	0.07700953632593155	7.83843428741493e-05
14	378	-7.744144439697266	0.0	0.0	210.0708465576172	-7.724864959716797	126.39562225341797	116.7834701538086	0.05188756436109543	7.525000000000001e-05
15	405	-7.802530288696289	0.0	0.0	70.76696014404297	-7.7526350021362305	117.99951171875	108.24673461914062	0.05748080462217331	7.197724508631914e-05
16	432	-7.858529090881348	0.0	0.0	544.6603393554688	-7.776195049285889	117.59019470214844	107.80662536621094	0.03422464057803154	6.858438070613657e-05
17	459	-7.875301361083984	0.0	0.0	26.825054168701172	-7.8590617179870605	117.00835418701172	107.33317565917969	0.05978038161993027	6.509038113333976e-05
18	486	-7.809165954589844	0.0	0.0	327.8177795410156	-7.904260158538818	116.01805877685547	106.35054779052734	0.07089821994304657	6.151478623083758e-05
19	513	-7.947025299072266	0.0	0.0	49.98091125488281	-7.912698268890381	117.2802734375	107.59355926513672	0.06878866255283356	5.787759217572066e-05
20	540	-7.865160942077637	0.0	0.0	399.5154113769531	-7.848603248596191	115.69989013671875	105.93193054199219	0.08890300989151001	5.419913963252802e-05
21	567	-7.970184326171875	0.0	0.0	142.900146484375	-7.871266841888428	112.19940185546875	102.30062103271484	0.08553673326969147	5.0500000000000015e-05
22	594	-7.938645839691162	0.0	0.0	36.110137939453125	-7.913194179534912	112.6839599609375	102.90823364257812	0.055389098823070526	4.680086036747202e-05
23	621	-7.987018585205078	0.0	0.0	58.77341842651367	-7.9818572998046875	103.33798217773438	93.38455200195312	0.07761430740356445	4.3122407824279384e-05
24	648	-8.033592224121094	0.0	0.0	114.66368865966797	-8.030584335327148	104.99678802490234	95.02330017089844	0.08136813342571259	3.948521376916245e-05
25	675	-8.082411766052246	0.0	0.0	48.2117919921875	-7.99569845199585	102.38883972167969	92.49250793457031	0.048518598079681396	3.590961886666025e-05
26	702	-8.127398490905762	0.0	0.0	176.3578643798828	-8.048507690429688	98.91796875	88.95623016357422	0.05997488647699356	3.241561929386345e-05
27	729	-8.108102798461914	0.0	0.0	866.9519653320312	-8.045312881469727	99.65816497802734	89.71849060058594	0.11442194879055023	2.9022754913680884e-05
28	756	-8.050924301147461	0.0	0.0	219.2794952392578	-8.06339168548584	96.8191146850586	86.853759765625	0.08471124619245529	2.575000000000002e-05
29	783	-8.176671981811523	0.0	0.0	56.59618377685547	-8.09471607208252	96.42747497558594	86.40045166015625	0.07860733568668365	2.2615657125850715e-05
30	810	-8.169395446777344	0.0	0.0	47.75022888183594	-8.098331451416016	96.17501068115234	86.1600341796875	0.07484102249145508	1.9637254807992697e-05
31	837	-8.116667747497559	0.0	0.0	81.77403259277344	-8.119369506835938	96.61378479003906	86.60186004638672	0.0904461145401001	1.68314494803395e-05
32	864	-8.185629844665527	0.0	0.0	283.1199645996094	-8.137735366821289	97.81878662109375	87.81837463378906	0.0857078954577446	1.4213932344423597e-05
33	891	-8.134190559387207	0.0	0.0	41.43636703491211	-8.133624076843262	95.53234100341797	85.4576416015625	0.11397816240787506	1.1799341617832526e-05
34	918	-8.202265739440918	0.0	0.0	98.6887435913086	-8.155147552490234	93.9404296875	83.89944458007812	0.09359164535999298	9.601180671358249e-06
35	945	-8.215494155883789	0.0	0.0	308.593505859375	-8.152191162109375	93.80564880371094	83.7449951171875	0.12084108591079712	7.631742512670296e-06
36	972	-8.172952651977539	0.0	0.0	391.35601806640625	-8.158063888549805	93.38130950927734	83.3144760131836	0.08161812275648117	5.902041038830259e-06
37	999	-8.177936553955078	0.0	0.0	382.1537780761719	-8.169015884399414	94.38471984863281	84.36058807373047	0.07115879654884338	4.421749442111885e-06
38	1026	-8.20412826538086	0.0	0.0	153.3167266845703	-8.168675422668457	92.41799926757812	82.32426452636719	0.1040811836719513	3.199146113586043e-06
39	1053	-8.228873252868652	0.0	0.0	105.13053894042969	-8.185420989990234	91.62522888183594	81.5264892578125	0.111359141767025	2.2410683469997316e-06
40	1080	-8.249258041381836	0.0	0.0	192.4326934814453	-8.19010066986084	92.10487365722656	82.02017211914062	0.08970548957586288	1.5528741018561385e-06
41	1107	-8.213595390319824	0.0	0.0	109.29156494140625	-8.189470291137695	92.02738952636719	81.9272689819336	0.09129652380943298	1.1384120395315836e-06
42	1134	-8.274110794067383	0.0	0.0	176.33062744140625	-8.191631317138672	92.60662841796875	82.51731872558594	0.10704880952835083	1e-06
# Best epoch: 35
