# epoch	step	nll	ecut	ecut_viol	grad_norm	val_nll	val_ecut	val_ecut_viol	val_ress_zx	LR
1	27	-1.5187187194824219	0.0	0.0	4.487802505493164	-1.5512698888778687	1542.0487060546875	1541.5399169921875	0.0	1.0237143666892609e-05
2	54	-2.5267224311828613	0.0	0.0	5.1682047843933105	-2.5425424575805664	1502.1927490234375	1501.185546875	0.0	1.094763738225795e-05
3	81	-3.239971876144409	0.0	0.0	4.818279266357422	-3.3322246074676514	1460.7718505859375	1458.9842529296875	0.0	1.2128672994680007e-05
4	108	-3.7840514183044434	0.0	0.0	5.4366559982299805	-3.886901378631592	1422.762451171875	1419.86962890625	0.0	1.3775582585561007e-05
5	135	-4.2254462242126465	0.0	0.0	9.775075912475586	-4.267041206359863	1394.6875	1390.9398193359375	0.0	1.588185691857728e-05
6	162	-4.472318172454834	0.0	0.0	4.842585563659668	-4.587917327880859	1381.1982421875	1376.7615966796875	0.0	1.8439171166748666e-05
7	189	-4.854726791381836	0.0	0.0	5.6382551193237305	-4.938144207000732	1366.5394287109375	1361.4295654296875	0.0	2.143741781543827e-05
8	216	-5.355264186859131	0.0	0.0	8.163862228393555	-5.398394584655762	1330.275146484375	1324.43359375	0.0	2.4864746611237527e-05
9	243	-6.0251665115356445	0.0	0.0	9.822051048278809	-5.992591381072998	1254.8475341796875	1248.249267578125	0.0	2.870761139884165e-05
10	270	-6.576446533203125	0.0	0.0	31.690181732177734	-6.578700542449951	1185.53125	1178.35546875	0.0	3.295082366079895e-05
11	297	-7.19806432723999	0.0	0.0	22.357587814331055	-7.217169761657715	1134.2197265625	1126.2373046875	0.0	3.7577612548522684e-05
12	324	-7.724078178405762	0.0	0.0	29.933231353759766	-7.747823238372803	1087.4737548828125	1078.6287841796875	0.0003333333588670939	4.256969116729994e-05
13	351	-8.252498626708984	0.0	0.0	34.39085388183594	-8.355489730834961	1040.520751953125	1031.1182861328125	0.0006666667177341878	4.790732885331288e-05
14	378	-8.646797180175781	0.0	0.0	41.509918212890625	-8.805404663085938	978.0411987304688	968.1395263671875	0.0006666667177341878	5.356942915700472e-05
15	405	-9.237131118774414	0.0	0.0	70.18571472167969	-9.322368621826172	928.2736206054688	917.9982299804688	0.001156338257715106	5.953361322456993e-05
16	432	-9.786438941955566	0.0	0.0	46.470977783203125	-9.780277252197266	884.860107421875	874.0316772460938	0.00218460732139647	6.577630824801178e-05
17	459	-10.082915306091309	0.0	0.0	76.64065551757812	-10.064985275268555	831.423828125	820.45947265625	0.002508183941245079	7.227284063417776e-05
18	486	-10.383930206298828	0.0	0.0	95.90180206298828	-10.182024955749512	783.6618041992188	772.573486328125	0.0014294905122369528	7.899753352453215e-05
19	513	-10.634601593017578	0.0	0.0	54.876068115234375	-10.69379711151123	741.997314453125	730.5700073242188	0.003213427495211363	8.592380828022916e-05
20	540	-10.9468994140625	0.0	0.0	81.54364013671875	-11.0888090133667	697.7919921875	685.8612060546875	0.005767717957496643	9.302428953137767e-05
21	567	-10.1531982421875	0.0	0.0	197.8752899169922	-10.77042293548584	670.6094360351562	658.9483642578125	0.004454140551388264	0.00010027091337530103
22	594	-11.311735153198242	0.0	0.0	59.55685806274414	-10.965032577514648	635.5040893554688	622.956787109375	0.0027772029861807823	0.00010763503829615015
23	621	-11.301154136657715	0.0	0.0	204.3865203857422	-10.804075241088867	623.6929931640625	611.3893432617188	0.00494493218138814	0.00011508755836747201
24	648	-11.596224784851074	0.0	0.0	111.41120147705078	-11.711202621459961	583.0362548828125	571.0703125	0.0055177342146635056	0.00012259901829031155
25	675	-11.548701286315918	0.0	0.0	89.86019897460938	-11.503410339355469	581.7623901367188	568.7574462890625	0.006044826935976744	0.00013013972981217172
26	702	-11.750895500183105	0.0	0.0	148.73020935058594	-11.755664825439453	528.5235595703125	515.593505859375	0.0071371011435985565	0.00013767988906669806
27	729	-11.461631774902344	0.0	0.0	103.56338500976562	-11.557807922363281	558.0150146484375	545.2769775390625	0.009809833019971848	0.0001451896943703143
28	756	-11.82977294921875	0.0	0.0	101.41248321533203	-10.876609802246094	522.5961303710938	508.93975830078125	0.007356359623372555	0.00015263946401023132
29	783	-11.874565124511719	0.0	0.0	93.73096466064453	-12.053630828857422	509.2178649902344	496.30133056640625	0.008096035569906235	0.00015999975355828383
30	810	-12.159430503845215	0.0	0.0	92.30500793457031	-12.014097213745117	505.55194091796875	492.9302978515625	0.011033911257982254	0.00016724147224692488
31	837	-11.983062744140625	0.0	0.0	167.2444610595703	-12.133830070495605	470.1000671386719	456.6589050292969	0.011517400853335857	0.00017433599794741407
32	864	-11.987367630004883	0.0	0.0	58.84792709350586	-12.033746719360352	461.96075439453125	448.24444580078125	0.01644507236778736	0.00018125529029576
33	891	-12.037959098815918	0.0	0.0	137.83139038085938	-12.145624160766602	459.32806396484375	446.3526306152344	0.012796609662473202	0.00018797200151929956
34	918	-12.247434616088867	0.0	0.0	89.22209167480469	-12.228713989257812	467.4273376464844	454.3451843261719	0.012040195986628532	0.00019445958452588268
35	945	-12.444541931152344	0.0	0.0	66.74322509765625	-12.221343040466309	449.10858154296875	435.7723083496094	0.008711342699825764	0.00020069239782845172
36	972	-11.875312805175781	0.0	0.0	120.13079071044922	-12.287127494812012	451.7129821777344	438.4262390136719	0.009472973644733429	0.00020664580689031296
37	999	-12.3687744140625	0.0	0.0	51.47944641113281	-12.143172264099121	434.176513671875	420.74786376953125	0.004263135138899088	0.00021229628149054233
38	1026	-12.467704772949219	0.0	0.0	90.2094497680664	-12.352622032165527	445.09735107421875	431.70428466796875	0.0118327047675848	0.0002176214887247001
39	1053	-12.179407119750977	0.0	0.0	59.04694366455078	-12.33381462097168	437.9273376464844	424.49212646484375	0.008093382231891155	0.0002226003812732785
40	1080	-12.404123306274414	0.0	0.0	111.13137817382812	-11.916590690612793	426.8516540527344	413.1593017578125	0.013293921947479248	0.00022721328058901023
41	1107	-12.479230880737305	0.0	0.0	118.41761016845703	-12.538195610046387	409.1114501953125	395.339111328125	0.01583404839038849	0.0002314419546742497
42	1134	-12.608912467956543	0.0	0.0	104.2060546875	-12.656970024108887	396.1958923339844	381.771484375	0.01476516854017973	0.0002352696901410191
43	1161	-12.759367942810059	0.0	0.0	81.48052978515625	-12.48147201538086	394.632568359375	380.754638671875	0.0076182130724191666	0.00023868135826891025
44	1188	-12.602229118347168	0.0	0.0	73.72374725341797	-12.406603813171387	407.48272705078125	393.4461364746094	0.01901785098016262	0.0002416634747997555
45	1215	-12.841163635253906	0.0	0.0	104.66609954833984	-12.687658309936523	389.3079528808594	375.1798095703125	0.012985090725123882	0.0002442042532327343
46	1242	-12.586845397949219	0.0	0.0	71.47693634033203	-12.774401664733887	399.196044921875	385.59674072265625	0.01877281256020069	0.0002462936514092741
47	1269	-12.665717124938965	0.0	0.0	91.59284210205078	-13.005098342895508	375.85577392578125	362.25042724609375	0.016030659899115562	0.0002479234112036218
48	1296	-12.359336853027344	0.0	0.0	163.61207580566406	-12.66299057006836	369.6478271484375	355.71917724609375	0.020183421671390533	0.0002490870911622143
49	1323	-12.714686393737793	0.0	0.0	77.14661407470703	-13.049017906188965	351.9118347167969	337.8642272949219	0.01892460696399212	0.00024978009196284376
50	1350	-12.947469711303711	0.0	0.0	64.46638488769531	-13.047080993652344	339.5208740234375	324.676025390625	0.017666999250650406	0.0002499999097430048
51	1377	-12.843433380126953	0.0	0.0	59.63993453979492	-13.050369262695312	337.80419921875	323.52789306640625	0.013673590496182442	0.0002499292496279845
52	1404	-12.42341423034668	0.0	0.0	104.50439453125	-12.745580673217773	357.31005859375	343.54254150390625	0.012357096187770367	0.00024972713814798653
53	1431	-12.882190704345703	0.0	0.0	72.33141326904297	-12.97238826751709	323.6260070800781	309.1377868652344	0.011822211556136608	0.0002493939298752249
54	1458	-12.802099227905273	0.0	0.0	133.66017150878906	-12.77876091003418	347.13311767578125	333.22601318359375	0.02187492325901985	0.0002489302093702348
55	1485	-13.060245513916016	0.0	0.0	87.20855712890625	-13.140677452087402	315.54534912109375	301.1555480957031	0.01807553693652153	0.0002483367901563554
56	1512	-12.890018463134766	0.0	0.0	131.43360900878906	-13.125062942504883	305.1097412109375	290.36407470703125	0.01159636490046978	0.000247614713292533
57	1539	-12.42768383026123	0.0	0.0	95.062255859375	-12.826627731323242	314.8095397949219	300.7483215332031	0.015713803470134735	0.0002467652455469501
58	1566	-13.466036796569824	0.0	0.0	152.45477294921875	-12.99924087524414	286.7725830078125	271.9289245605469	0.022818079218268394	0.0002457898771746836
59	1593	-12.767202377319336	0.0	0.0	108.48878479003906	-12.780752182006836	301.4994812011719	287.245849609375	0.009193560108542442	0.0002446903193032908
60	1620	-13.183059692382812	0.0	0.0	77.5877456665039	-13.23242473602295	271.7474365234375	256.7860107421875	0.026999514549970627	0.00024346850093091035
61	1647	-13.141860008239746	0.0	0.0	129.69615173339844	-13.27739143371582	268.1353759765625	253.60983276367188	0.036842308938503265	0.00024212656554214415
62	1674	-13.202896118164062	0.0	0.0	153.59848022460938	-13.293426513671875	257.4758605957031	242.4775390625	0.024811100214719772	0.0002406668673476568
63	1701	-13.184420585632324	0.0	0.0	67.18888854980469	-13.259140014648438	269.4170837402344	254.85748291015625	0.025092391297221184	0.00023909196715409025
64	1728	-13.368205070495605	0.0	0.0	50.799747467041016	-13.290985107421875	256.2068786621094	241.5107421875	0.024675197899341583	0.0002374046278715386
65	1755	-13.293710708618164	0.0	0.0	107.25846099853516	-13.260873794555664	268.10333251953125	252.97994995117188	0.02879008650779724	0.0002356078096664652
66	1782	-13.58133602142334	0.0	0.0	77.45587921142578	-13.580103874206543	236.65869140625	221.54586791992188	0.02990899607539177	0.0002337046647685648
67	1809	-12.961047172546387	0.0	0.0	154.4518585205078	-13.153297424316406	247.55459594726562	232.87655639648438	0.018784809857606888	0.00023169853194068108
68	1836	-13.681623458862305	0.0	0.0	62.67124557495117	-13.310853958129883	235.8518524169922	220.448974609375	0.03857240080833435	0.0002295929306214829
69	1863	-13.470479965209961	0.0	0.0	88.136962890625	-13.368563652038574	227.50286865234375	212.06307983398438	0.010870406404137611	0.0002273915547511721
70	1890	-13.50927734375	0.0	0.0	76.4370346069336	-13.590858459472656	210.1082000732422	194.3878631591797	0.02587798982858658	0.00022509826629105785
71	1917	-13.424732208251953	0.0	0.0	79.03495025634766	-13.28564739227295	227.61990356445312	212.58544921875	0.02515251934528351	0.0002227170884483638
72	1944	-13.557184219360352	0.0	0.0	126.56746673583984	-13.67640495300293	209.2303924560547	193.943115234375	0.042387209832668304	0.0002202521986181557
73	1971	-13.591497421264648	0.0	0.0	82.45933532714844	-13.560873031616211	213.5547332763672	198.1271209716797	0.012680798768997192	0.00021770792105477095
74	1998	-13.12753963470459	0.0	0.0	114.49967956542969	-13.050189971923828	210.64898681640625	195.45458984375	0.028462260961532593	0.00021508871928560704
75	2025	-13.617549896240234	0.0	0.0	119.24072265625	-13.660078048706055	204.1162567138672	189.1187744140625	0.0356704480946064	0.00021239918828057787
76	2052	-13.597163200378418	0.0	0.0	227.385009765625	-13.332374572753906	185.91671752929688	170.27236938476562	0.025144528597593307	0.00020964404639097492
77	2079	-13.518943786621094	0.0	0.0	87.66374206542969	-13.409856796264648	208.43212890625	192.9974822998047	0.015403227880597115	0.00020682812707187618
78	2106	-13.65097713470459	0.0	0.0	117.60491943359375	-13.596162796020508	202.001708984375	186.67807006835938	0.0347420796751976	0.0002039563704026231
79	2133	-13.502950668334961	0.0	0.0	98.4563217163086	-13.936756134033203	175.98110961914062	160.46258544921875	0.035009562969207764	0.00020103381442024303
80	2160	-13.81393814086914	0.0	0.0	94.0098876953125	-13.878089904785156	171.00267028808594	155.00125122070312	0.028276652097702026	0.0001980655862810203
81	2187	-12.63082504272461	0.0	0.0	121.52658081054688	-12.908449172973633	209.26290893554688	194.48751831054688	0.020298196002840996	0.00019505689326572176
82	2214	-13.191092491149902	0.0	0.0	86.35151672363281	-13.305465698242188	198.30072021484375	183.4495849609375	0.02313307486474514	0.00019201301364425705
83	2241	-13.567167282104492	0.0	0.0	73.46033477783203	-13.770411491394043	179.4676971435547	164.0117645263672	0.015808958560228348	0.0001889392874157994
84	2268	-13.912872314453125	0.0	0.0	82.15821075439453	-13.942697525024414	165.48263549804688	149.7159423828125	0.03159620612859726	0.00018584110694061274
85	2295	-13.776384353637695	0.0	0.0	109.117919921875	-13.912332534790039	170.11936950683594	154.31466674804688	0.031731970608234406	0.00018272390748001933
86	2322	-13.991461753845215	0.0	0.0	135.9717254638672	-13.725790977478027	170.86935424804688	155.39999389648438	0.032839640974998474	0.00017959315766110463
87	2349	-13.330734252929688	0.0	0.0	84.66259765625	-13.62299633026123	171.68492126464844	156.16366577148438	0.03459031879901886	0.00017645434988288684
88	2376	-13.468653678894043	0.0	0.0	236.0184326171875	-13.219271659851074	174.1678466796875	158.2487335205078	0.021538760513067245	0.00017331299068078308
89	2403	-13.498778343200684	0.0	0.0	120.16856384277344	-13.651206970214844	154.72555541992188	139.00051879882812	0.01591561734676361	0.00017017459106627485
90	2430	-13.585819244384766	0.0	0.0	87.58485412597656	-13.529280662536621	159.02560424804688	143.3943328857422	0.032512202858924866	0.00016704465685872134
91	2457	-13.552610397338867	0.0	0.0	212.99606323242188	-13.39603328704834	165.4512176513672	149.92971801757812	0.023044094443321228	0.0001639286790262814
92	2484	-13.68287467956543	0.0	0.0	85.39368438720703	-13.657106399536133	150.11087036132812	134.64962768554688	0.03818516433238983	0.0001608321240528895
93	2511	-14.089160919189453	0.0	0.0	128.80116271972656	-14.078399658203125	137.0500946044922	121.06893920898438	0.019284384325146675	0.00015776042434818542
94	2538	-14.058089256286621	0.0	0.0	113.79306030273438	-14.071752548217773	138.38320922851562	122.24310302734375	0.029078535735607147	0.00015471896871722181
95	2565	-13.502547264099121	0.0	0.0	121.43416595458984	-13.962111473083496	149.53915405273438	133.87364196777344	0.03108706697821617	0.00015171309290666892
96	2592	-13.866022109985352	0.0	0.0	144.4618377685547	-13.934938430786133	143.45223999023438	127.5716552734375	0.031070386990904808	0.00014874807024410196
97	2619	-13.608152389526367	0.0	0.0	439.0603332519531	-13.365240097045898	164.9591522216797	149.3619384765625	0.010836310684680939	0.00014582910238679245
98	2646	-13.462194442749023	0.0	0.0	204.14979553222656	-13.433492660522461	149.7152557373047	134.19813537597656	0.019628698006272316	0.0001429613101962342
99	2673	-14.02109432220459	0.0	0.0	102.2442855834961	-14.106586456298828	143.27938842773438	127.5530014038086	0.032858528196811676	0.00014014972475441165
100	2700	-14.344491958618164	0.0	0.0	410.2593078613281	-14.146116256713867	135.14590454101562	118.94261169433594	0.04485344886779785	0.000137399278537573
101	2727	-14.309564590454102	0.0	0.0	118.34274291992188	-14.274763107299805	122.00048065185547	105.53780364990234	0.04814009368419647	0.00013471479676299046
102	2754	-13.898900985717773	0.0	0.0	193.53057861328125	-14.0022611618042	128.90036010742188	112.30803680419922	0.044636599719524384	0.00013210098892388962
103	2781	-14.267420768737793	0.0	0.0	81.43582153320312	-14.313308715820312	122.17633056640625	105.82168579101562	0.05912579223513603	0.00012956244052739826
104	2808	-14.191283226013184	0.0	0.0	105.06391143798828	-14.331843376159668	125.27520751953125	108.81649780273438	0.059153325855731964	0.00012710360505000827
105	2835	-14.373344421386719	0.0	0.0	205.27110290527344	-14.204816818237305	120.8947982788086	104.42486572265625	0.04314155876636505	0.00012472879612466492
106	2862	-14.027730941772461	0.0	0.0	185.17506408691406	-14.186676025390625	122.0592041015625	105.57012176513672	0.03808995708823204	0.00012244217997318878
107	2889	-14.006392478942871	0.0	0.0	101.6930160522461	-14.204721450805664	121.2547607421875	105.04075622558594	0.03391650319099426	0.00012024776809730691
108	2916	-14.323518753051758	0.0	0.0	93.93231964111328	-14.254058837890625	120.78086853027344	104.53853607177734	0.05869429558515549	0.00011814941024111579
109	2943	-14.164548873901367	0.0	0.0	161.2949981689453	-14.179130554199219	121.2588119506836	104.84811401367188	0.037100329995155334	0.00011615078763732197
110	2970	-14.201171875	0.0	0.0	876.7626953125	-13.974176406860352	130.4974822998047	114.37468719482422	0.06169389933347702	0.000114255406549109
111	2997	-14.273916244506836	0.0	0.0	191.1967010498047	-14.212270736694336	120.62834167480469	104.65889739990234	0.0685926303267479	0.00011246659211896043
112	3024	-14.112586975097656	0.0	0.0	136.4694061279297	-14.171839714050293	113.38725280761719	97.08129119873047	0.03128855675458908	0.00011078748253523003
113	3051	-14.4719877243042	0.0	0.0	66.5025863647461	-14.575942039489746	108.70452117919922	92.15721893310547	0.07135490328073502	0.00010922102352669286
114	3078	-14.295881271362305	0.0	0.0	234.47952270507812	-14.264015197753906	111.17826843261719	94.66731262207031	0.03137294575572014	0.00010776996319473627
115	3105	-14.54724407196045	0.0	0.0	64.55736541748047	-14.508429527282715	115.86397552490234	99.4005355834961	0.06668654829263687	0.00010643684719225612
116	3132	-14.571524620056152	0.0	0.0	546.3827514648438	-14.500421524047852	112.96800994873047	96.34041595458984	0.021251052618026733	0.00010522401425771664
117	3159	-14.472219467163086	0.0	0.0	83.18299865722656	-14.61306381225586	108.60482025146484	91.93695068359375	0.04479850083589554	0.0001041335921122084
118	3186	-14.493388175964355	0.0	0.0	163.39889526367188	-14.570680618286133	105.09492492675781	88.12676239013672	0.07148872315883636	0.00010316749372670254
119	3213	-14.46182918548584	0.0	0.0	218.9230194091797	-14.445143699645996	106.54695892333984	89.90587615966797	0.08341602981090546	0.0001023274139660497
120	3240	-14.619959831237793	0.0	0.0	884.2162475585938	-14.632011413574219	109.0454330444336	92.56673431396484	0.08473111689090729	0.00010161482661561108
121	3267	-14.575732231140137	0.0	0.0	128.05029296875	-14.562150955200195	102.18882751464844	85.43563079833984	0.05739789828658104	0.00010103098179573815
122	3294	-14.483134269714355	0.0	0.0	172.992431640625	-14.590594291687012	106.07616424560547	89.39689636230469	0.07757685333490372	0.00010057690376863677
123	3321	-14.647112846374512	0.0	0.0	192.5028076171875	-14.733237266540527	100.47295379638672	83.60176849365234	0.10161988437175751	0.00010025338914146325
124	3348	-14.818351745605469	0.0	0.0	142.145751953125	-14.832137107849121	96.6120834350586	79.61930847167969	0.06280666589736938	0.00010006100546880462
125	3375	-14.578631401062012	0.0	0.0	178.0267791748047	-14.766592025756836	100.35945892333984	83.50601196289062	0.04234079644083977	0.00010000009025699517
# Best epoch: 123
