# epoch	step	nll	ecut	ecut_viol	grad_norm	val_nll	val_ecut	val_ecut_viol	val_ress_zx	LR
1	27	-0.7612365484237671	0.0	0.0	3.772301197052002	-0.8017681837081909	1452.66796875	1452.100830078125	0.0	1.0237143666892609e-05
2	54	-1.1950087547302246	0.0	0.0	2.829136371612549	-1.216641902923584	1408.119384765625	1407.4559326171875	0.0003333333588670939	1.094763738225795e-05
3	81	-1.4524719715118408	0.0	0.0	2.8215999603271484	-1.492788314819336	1372.6717529296875	1371.521240234375	0.0003333333588670939	1.2128672994680007e-05
4	108	-1.667563796043396	0.0	0.0	3.811209201812744	-1.6603893041610718	1348.404541015625	1346.8616943359375	0.0	1.3775582585561007e-05
5	135	-1.736374855041504	0.0	0.0	7.571141719818115	-1.7739814519882202	1334.604248046875	1332.813232421875	0.0	1.588185691857728e-05
6	162	-1.8777227401733398	0.0	0.0	5.8434834480285645	-1.846861720085144	1325.691650390625	1323.6640625	0.0	1.8439171166748666e-05
7	189	-1.932697057723999	0.0	0.0	4.052228927612305	-1.9202563762664795	1311.697265625	1309.51123046875	0.0	2.143741781543827e-05
8	216	-2.035933494567871	0.0	0.0	3.3296945095062256	-2.0091166496276855	1303.2794189453125	1300.9398193359375	0.0	2.4864746611237527e-05
9	243	-2.1095635890960693	0.0	0.0	5.757970333099365	-2.1482059955596924	1277.478515625	1274.92333984375	0.0003333333588670939	2.870761139884165e-05
10	270	-2.4105381965637207	0.0	0.0	6.94459342956543	-2.367715358734131	1233.2587890625	1230.4075927734375	0.0006666667177341878	3.295082366079895e-05
11	297	-2.571469783782959	0.0	0.0	9.780168533325195	-2.611901044845581	1167.765625	1164.5576171875	0.0003333333588670939	3.7577612548522684e-05
12	324	-2.914210081100464	0.0	0.0	12.061101913452148	-2.8564412593841553	1118.2430419921875	1114.76611328125	0.00033898447873070836	4.256969116729994e-05
13	351	-3.1533775329589844	0.0	0.0	7.211199760437012	-3.1421146392822266	1069.749755859375	1065.8157958984375	0.0008336951723322272	4.790732885331288e-05
14	378	-3.285155773162842	0.0	0.0	15.325480461120605	-3.3853108882904053	1024.7821044921875	1020.4869995117188	0.0015422515571117401	5.356942915700472e-05
15	405	-3.696300983428955	0.0	0.0	15.629783630371094	-3.6015777587890625	979.5074462890625	974.965576171875	0.0017622418235987425	5.953361322456993e-05
16	432	-3.8104567527770996	0.0	0.0	12.28509521484375	-3.8111257553100586	933.813232421875	928.9288330078125	0.0015865693567320704	6.577630824801178e-05
17	459	-4.092503547668457	0.0	0.0	26.150609970092773	-4.027670383453369	892.8009033203125	887.8527221679688	0.0020435568876564503	7.227284063417776e-05
18	486	-4.145440578460693	0.0	0.0	28.017118453979492	-4.137768745422363	860.68017578125	855.4083862304688	0.0025322434958070517	7.899753352453215e-05
19	513	-4.368189811706543	0.0	0.0	20.452917098999023	-4.309036731719971	826.140625	820.65283203125	0.0039017393719404936	8.592380828022916e-05
20	540	-4.617247581481934	0.0	0.0	31.475738525390625	-4.363910675048828	820.1149291992188	814.4130859375	0.0027512654196470976	9.302428953137767e-05
21	567	-4.656798362731934	0.0	0.0	54.488468170166016	-4.564016342163086	775.89111328125	769.7101440429688	0.004099526442587376	0.00010027091337530103
22	594	-4.631660461425781	0.0	0.0	26.88054084777832	-4.7872233390808105	745.9151611328125	739.5880126953125	0.0036759604699909687	0.00010763503829615015
23	621	-4.953857421875	0.0	0.0	43.01983642578125	-4.893295764923096	718.2730712890625	711.8983764648438	0.005419732071459293	0.00011508755836747201
24	648	-4.925962924957275	0.0	0.0	43.05280685424805	-4.974860191345215	697.619873046875	691.455810546875	0.005598641932010651	0.00012259901829031155
25	675	-5.136928081512451	0.0	0.0	41.39314270019531	-5.141142845153809	688.5445556640625	681.8434448242188	0.004645421169698238	0.00013013972981217172
26	702	-5.108257293701172	0.0	0.0	48.73387145996094	-5.228670120239258	656.9141845703125	650.2450561523438	0.006932773627340794	0.00013767988906669806
27	729	-5.398650169372559	0.0	0.0	53.50586700439453	-5.203824996948242	641.571533203125	634.6244506835938	0.006528235971927643	0.0001451896943703143
28	756	-5.235106468200684	0.0	0.0	38.63516616821289	-5.120296478271484	624.3724975585938	617.5956420898438	0.003724497277289629	0.00015263946401023132
29	783	-5.485518932342529	0.0	0.0	72.6733169555664	-5.435153484344482	587.3309326171875	580.4303588867188	0.008782953023910522	0.00015999975355828383
30	810	-5.53372859954834	0.0	0.0	20.251039505004883	-5.5231828689575195	568.3388671875	561.0060424804688	0.012770239263772964	0.00016724147224692488
31	837	-5.498961448669434	0.0	0.0	78.46695709228516	-5.467751502990723	572.170166015625	565.0509643554688	0.008028948679566383	0.00017433599794741407
32	864	-5.61935567855835	0.0	0.0	29.100439071655273	-5.523318290710449	545.9686889648438	538.906494140625	0.007745866663753986	0.00018125529029576
33	891	-5.720424175262451	0.0	0.0	31.53543472290039	-5.6333842277526855	522.974365234375	515.927978515625	0.008418364450335503	0.00018797200151929956
34	918	-5.761013984680176	0.0	0.0	57.92226028442383	-5.719965934753418	516.43017578125	509.02349853515625	0.004358415491878986	0.00019445958452588268
35	945	-5.582292079925537	0.0	0.0	82.62489318847656	-5.441140174865723	522.08203125	514.7724609375	0.006960240658372641	0.00020069239782845172
36	972	-5.659641265869141	0.0	0.0	95.35186767578125	-5.840005397796631	491.494873046875	484.36175537109375	0.009583198465406895	0.00020664580689031296
37	999	-5.535270690917969	0.0	0.0	48.114044189453125	-5.836097240447998	482.0320739746094	474.919189453125	0.011682933196425438	0.00021229628149054233
38	1026	-5.905694484710693	0.0	0.0	59.961002349853516	-5.9430742263793945	450.2979431152344	442.7002868652344	0.013521043583750725	0.0002176214887247001
39	1053	-5.896359920501709	0.0	0.0	102.78009796142578	-6.085553169250488	430.1404724121094	422.7725524902344	0.016177434474229813	0.0002226003812732785
40	1080	-6.015771865844727	0.0	0.0	62.25269317626953	-6.076068878173828	422.76318359375	415.2767028808594	0.00990258064121008	0.00022721328058901023
41	1107	-5.933300018310547	0.0	0.0	63.41715621948242	-5.809075832366943	442.93084716796875	435.5914001464844	0.008703121915459633	0.0002314419546742497
42	1134	-5.944922924041748	0.0	0.0	50.17750549316406	-6.034218788146973	413.5730895996094	406.10211181640625	0.009859181009232998	0.0002352696901410191
43	1161	-6.2116594314575195	0.0	0.0	56.28519058227539	-6.111851692199707	398.7908630371094	391.1486511230469	0.0131048783659935	0.00023868135826891025
44	1188	-6.194552898406982	0.0	0.0	86.22409057617188	-6.099274635314941	410.0635681152344	402.41693115234375	0.0065666064620018005	0.0002416634747997555
45	1215	-5.96183967590332	0.0	0.0	59.802032470703125	-5.978865623474121	375.8532409667969	367.7457275390625	0.011305886320769787	0.0002442042532327343
46	1242	-6.3591156005859375	0.0	0.0	69.15332794189453	-6.236789703369141	359.8851318359375	352.1683044433594	0.019572893157601357	0.0002462936514092741
47	1269	-6.392827033996582	0.0	0.0	40.229862213134766	-6.383180141448975	350.35455322265625	342.5635986328125	0.017125044018030167	0.0002479234112036218
48	1296	-6.378810882568359	0.0	0.0	51.43827438354492	-6.343013763427734	344.8593444824219	337.0529479980469	0.0093767074868083	0.0002490870911622143
49	1323	-6.322549343109131	0.0	0.0	84.3004379272461	-6.34232234954834	346.65167236328125	338.90814208984375	0.018300069496035576	0.00024978009196284376
50	1350	-6.319962978363037	0.0	0.0	99.80631256103516	-6.413468837738037	338.815185546875	330.99017333984375	0.01900426298379898	0.0002499999097430048
51	1377	-6.350061416625977	0.0	0.0	89.92656707763672	-6.467269420623779	332.2752685546875	324.27056884765625	0.019773846492171288	0.0002499292496279845
52	1404	-5.635051727294922	0.0	0.0	112.80168914794922	-5.900535583496094	390.98779296875	383.7011413574219	0.01131456159055233	0.00024972713814798653
53	1431	-5.930143356323242	0.0	0.0	60.63926696777344	-5.884106636047363	374.3658142089844	366.80712890625	0.014422766864299774	0.0002493939298752249
54	1458	-6.07476806640625	0.0	0.0	116.42110443115234	-6.116240978240967	343.177734375	335.63433837890625	0.015801165252923965	0.0002489302093702348
55	1485	-5.79781436920166	0.0	0.0	42.267974853515625	-6.00217342376709	356.1592712402344	348.6663513183594	0.012387439608573914	0.0002483367901563554
56	1512	-5.975897789001465	0.0	0.0	104.57147216796875	-6.092076778411865	339.2002868652344	331.46923828125	0.01830500178039074	0.000247614713292533
57	1539	-6.564425468444824	0.0	0.0	51.63268280029297	-6.471738338470459	293.5344543457031	285.3803405761719	0.010036349296569824	0.0002467652455469501
58	1566	-6.674971580505371	0.0	0.0	57.32761001586914	-6.522226333618164	299.338623046875	291.1837158203125	0.00903281569480896	0.0002457898771746836
59	1593	-6.649072170257568	0.0	0.0	63.837825775146484	-6.4450225830078125	298.52911376953125	290.1729431152344	0.010274223051965237	0.0002446903193032908
60	1620	-6.169538497924805	0.0	0.0	73.0606918334961	-6.068223476409912	332.2804870605469	324.50701904296875	0.010397891514003277	0.00024346850093091035
61	1647	-6.588833808898926	0.0	0.0	92.96703338623047	-6.405529022216797	293.519775390625	285.50872802734375	0.014433993957936764	0.00024212656554214415
62	1674	-6.78449010848999	0.0	0.0	57.078311920166016	-6.380399227142334	303.3111572265625	295.3634948730469	0.013139702379703522	0.0002406668673476568
63	1701	-6.608684539794922	0.0	0.0	36.98854064941406	-6.528682708740234	287.0008544921875	278.9695739746094	0.027501871809363365	0.00023909196715409025
64	1728	-6.184627532958984	0.0	0.0	134.17031860351562	-6.460580825805664	303.97637939453125	296.03363037109375	0.007277613040059805	0.0002374046278715386
65	1755	-6.206550598144531	0.0	0.0	155.32244873046875	-6.011822700500488	300.5850524902344	292.5113525390625	0.01494878064841032	0.0002356078096664652
66	1782	-6.567477703094482	0.0	0.0	64.2690200805664	-6.565911769866943	277.6455078125	269.502685546875	0.009718867018818855	0.0002337046647685648
67	1809	-6.349566459655762	0.0	0.0	105.19794464111328	-6.121604919433594	307.7772521972656	299.86077880859375	0.011498971842229366	0.00023169853194068108
68	1836	-6.508033275604248	0.0	0.0	69.5624008178711	-6.590985298156738	283.7626647949219	275.8218994140625	0.01768460124731064	0.0002295929306214829
69	1863	-6.844577789306641	0.0	0.0	61.31810760498047	-6.791942596435547	264.5016784667969	256.265869140625	0.028449906036257744	0.0002273915547511721
70	1890	-6.8513407707214355	0.0	0.0	69.15526580810547	-6.662579536437988	253.6055908203125	245.16146850585938	0.016930166631937027	0.00022509826629105785
71	1917	-6.527458190917969	0.0	0.0	105.63648986816406	-6.497646331787109	277.09063720703125	268.796875	0.01460989098995924	0.0002227170884483638
72	1944	-6.5795087814331055	0.0	0.0	78.53208923339844	-6.692978858947754	267.8907470703125	259.98876953125	0.02786836586892605	0.0002202521986181557
73	1971	-5.773149013519287	0.0	0.0	75.90582275390625	-5.513236999511719	338.3177185058594	330.43304443359375	0.010109653696417809	0.00021770792105477095
74	1998	-6.287208080291748	0.0	0.0	121.18862915039062	-6.208878993988037	304.70355224609375	296.8293151855469	0.013258054852485657	0.00021508871928560704
75	2025	-6.841407775878906	0.0	0.0	32.71984100341797	-6.799514293670654	254.5819091796875	246.3513641357422	0.019886916503310204	0.00021239918828057787
76	2052	-6.845598220825195	0.0	0.0	55.71294021606445	-6.808394908905029	249.05111694335938	240.76669311523438	0.024574702605605125	0.00020964404639097492
77	2079	-6.645397186279297	0.0	0.0	123.86285400390625	-6.6197662353515625	265.4933166503906	257.37872314453125	0.01434275135397911	0.00020682812707187618
78	2106	-5.786801338195801	0.0	0.0	157.68206787109375	-5.384252071380615	363.8299560546875	356.3179626464844	0.008759530261158943	0.0002039563704026231
79	2133	-6.365209102630615	0.0	0.0	57.77418899536133	-6.395882606506348	292.0943298339844	284.2825622558594	0.007226420100778341	0.00020103381442024303
80	2160	-6.547290802001953	0.0	0.0	90.15901184082031	-6.448463439941406	267.7521667480469	259.60589599609375	0.020993709564208984	0.0001980655862810203
81	2187	-6.592594146728516	0.0	0.0	154.1617431640625	-6.4916815757751465	276.9330139160156	268.9510498046875	0.014533228240907192	0.00019505689326572176
82	2214	-6.840141296386719	0.0	0.0	61.79498291015625	-6.892695426940918	236.7242431640625	228.44737243652344	0.034022629261016846	0.00019201301364425705
83	2241	-6.858720779418945	0.0	0.0	197.56275939941406	-6.722224235534668	234.81723022460938	226.4042205810547	0.029133368283510208	0.0001889392874157994
84	2268	-6.917961120605469	0.0	0.0	42.412044525146484	-6.786653518676758	228.78347778320312	220.2020721435547	0.021386509761214256	0.00018584110694061274
85	2295	-7.0340495109558105	0.0	0.0	96.97097778320312	-7.019280910491943	204.5381317138672	195.86227416992188	0.02978694811463356	0.00018272390748001933
86	2322	-6.988054275512695	0.0	0.0	103.50475311279297	-7.104413986206055	192.74371337890625	183.84283447265625	0.03395697847008705	0.00017959315766110463
87	2349	-7.159336090087891	0.0	0.0	68.5281753540039	-7.210723876953125	193.32369995117188	184.4812469482422	0.025803430005908012	0.00017645434988288684
88	2376	-7.213923454284668	0.0	0.0	88.02217102050781	-7.2761125564575195	192.8570556640625	184.09323120117188	0.03520141541957855	0.00017331299068078308
89	2403	-7.192996025085449	0.0	0.0	70.84502410888672	-7.126361846923828	194.61264038085938	185.76593017578125	0.0396198108792305	0.00017017459106627485
90	2430	-7.339736461639404	0.0	0.0	51.37422561645508	-7.185919761657715	182.5395965576172	173.4796600341797	0.03844515606760979	0.00016704465685872134
91	2457	-7.132996559143066	0.0	0.0	88.29474639892578	-7.079771995544434	199.63963317871094	190.92100524902344	0.03233734518289566	0.0001639286790262814
92	2484	-7.317912578582764	0.0	0.0	48.51298522949219	-7.25087308883667	177.55224609375	168.53915405273438	0.02603260800242424	0.0001608321240528895
93	2511	-7.388625144958496	0.0	0.0	90.09095001220703	-7.353618621826172	187.63922119140625	178.80599975585938	0.03577176108956337	0.00015776042434818542
94	2538	-7.426817893981934	0.0	0.0	53.042903900146484	-7.355021953582764	172.166015625	163.04306030273438	0.019631151109933853	0.00015471896871722181
95	2565	-7.339244842529297	0.0	0.0	92.77197265625	-7.27856969833374	189.26644897460938	180.3973846435547	0.05130643770098686	0.00015171309290666892
96	2592	-7.255499839782715	0.0	0.0	83.7580337524414	-7.212958335876465	189.736328125	180.9521484375	0.040901102125644684	0.00014874807024410196
97	2619	-7.276578426361084	0.0	0.0	111.8050765991211	-7.207781791687012	187.99105834960938	179.02305603027344	0.04017667472362518	0.00014582910238679245
98	2646	-7.344216346740723	0.0	0.0	166.92686462402344	-7.283050537109375	174.74246215820312	165.68478393554688	0.05467371270060539	0.0001429613101962342
99	2673	-7.247361660003662	0.0	0.0	58.257564544677734	-7.143755912780762	179.73568725585938	170.81781005859375	0.03575729578733444	0.00014014972475441165
100	2700	-7.193756103515625	0.0	0.0	209.34307861328125	-7.110236167907715	187.67453002929688	178.76165771484375	0.04123148322105408	0.000137399278537573
101	2727	-7.395671844482422	0.0	0.0	100.78760528564453	-7.388894557952881	168.95022583007812	159.95489501953125	0.018770143389701843	0.00013471479676299046
102	2754	-7.485960006713867	0.0	0.0	41.521671295166016	-7.474266052246094	165.24044799804688	156.15213012695312	0.048215582966804504	0.00013210098892388962
103	2781	-7.455435752868652	0.0	0.0	81.075927734375	-7.4154462814331055	154.7174072265625	145.48089599609375	0.040393900126218796	0.00012956244052739826
104	2808	-7.365236282348633	0.0	0.0	60.82583236694336	-7.403075218200684	159.07247924804688	149.89602661132812	0.03957478329539299	0.00012710360505000827
105	2835	-7.521487236022949	0.0	0.0	77.43205261230469	-7.5510711669921875	154.966064453125	145.75115966796875	0.04827038571238518	0.00012472879612466492
106	2862	-7.4556732177734375	0.0	0.0	100.17098236083984	-7.438462734222412	161.7115478515625	152.55154418945312	0.03565184772014618	0.00012244217997318878
107	2889	-7.508953094482422	0.0	0.0	55.08317184448242	-7.461617946624756	156.9567108154297	147.7191162109375	0.052376579493284225	0.00012024776809730691
108	2916	-7.455041885375977	0.0	0.0	76.26449584960938	-7.424116134643555	150.06698608398438	140.67886352539062	0.04039321467280388	0.00011814941024111579
109	2943	-7.407140254974365	0.0	0.0	48.54149627685547	-7.420516490936279	162.5771942138672	153.42242431640625	0.0492861270904541	0.00011615078763732197
110	2970	-7.5382080078125	0.0	0.0	99.02869415283203	-7.453571319580078	152.69903564453125	143.37860107421875	0.05301553010940552	0.000114255406549109
111	2997	-7.412744045257568	0.0	0.0	56.488094329833984	-7.387171745300293	162.18296813964844	153.027099609375	0.054410457611083984	0.00011246659211896043
112	3024	-7.529895782470703	0.0	0.0	63.43510437011719	-7.380775451660156	158.0175018310547	148.82659912109375	0.038955021649599075	0.00011078748253523003
113	3051	-7.112390041351318	0.0	0.0	303.6559753417969	-7.149492263793945	158.5875701904297	149.06211853027344	0.02520119398832321	0.00010922102352669286
114	3078	-7.467408657073975	0.0	0.0	95.34532928466797	-7.427924633026123	152.41796875	143.11392211914062	0.03422623872756958	0.00010776996319473627
115	3105	-7.698907852172852	0.0	0.0	66.58251953125	-7.54676628112793	141.64732360839844	132.16439819335938	0.05299120768904686	0.00010643684719225612
116	3132	-7.750861167907715	0.0	0.0	29.59389877319336	-7.649477005004883	140.21868896484375	130.77279663085938	0.06381519883871078	0.00010522401425771664
117	3159	-7.679389476776123	0.0	0.0	68.38411712646484	-7.636791229248047	138.9693603515625	129.56552124023438	0.06328849494457245	0.0001041335921122084
118	3186	-7.676886558532715	0.0	0.0	69.07154846191406	-7.6051130294799805	139.4407958984375	129.9520263671875	0.05719691514968872	0.00010316749372670254
119	3213	-7.613749980926514	0.0	0.0	41.7237548828125	-7.550206661224365	139.26052856445312	129.81442260742188	0.0465998649597168	0.0001023274139660497
120	3240	-7.637314796447754	0.0	0.0	274.40679931640625	-7.4979095458984375	134.9342041015625	125.2855453491211	0.043881602585315704	0.00010161482661561108
121	3267	-7.786828517913818	0.0	0.0	100.27819061279297	-7.648880958557129	131.57833862304688	122.02963256835938	0.07137519121170044	0.00010103098179573815
122	3294	-7.602431774139404	0.0	0.0	427.5827941894531	-7.584277153015137	136.10655212402344	126.5572509765625	0.056559257209300995	0.00010057690376863677
123	3321	-7.68893575668335	0.0	0.0	113.85773468017578	-7.6338324546813965	131.66342163085938	122.04547119140625	0.06954661011695862	0.00010025338914146325
124	3348	-7.566736221313477	0.0	0.0	212.75433349609375	-7.478602409362793	140.61094665527344	130.96292114257812	0.04607919603586197	0.00010006100546880462
125	3375	-7.64589786529541	0.0	0.0	103.85328674316406	-7.595126152038574	127.68112182617188	117.9139404296875	0.05241082236170769	0.00010000009025699517
# Best epoch: 121
