# epoch	step	nll	ecut	ecut_viol	grad_norm	val_nll	val_ecut	val_ecut_viol	val_ress_zx	LR
1	27	-2.2604222297668457	0.0	0.0	6.947075843811035	-2.3014755249023438	1584.9833984375	1584.4130859375	0.0	1.0237143666892609e-05
2	54	-3.8391060829162598	0.0	0.0	5.473424434661865	-3.8721542358398438	1546.2523193359375	1544.9163818359375	0.0	1.094763738225795e-05
3	81	-5.124913692474365	0.0	0.0	7.299099445343018	-5.2236127853393555	1514.983642578125	1512.542724609375	0.0	1.2128672994680007e-05
4	108	-6.2638750076293945	0.0	0.0	16.6485652923584	-6.334651947021484	1480.85302734375	1476.6748046875	0.0	1.3775582585561007e-05
5	135	-7.045962810516357	0.0	0.0	21.330589294433594	-7.086898326873779	1439.6962890625	1433.943115234375	0.0	1.588185691857728e-05
6	162	-7.725905418395996	0.0	0.0	10.36274528503418	-7.72761344909668	1406.154541015625	1399.309326171875	0.0	1.8439171166748666e-05
7	189	-8.425185203552246	0.0	0.0	10.707870483398438	-8.514277458190918	1370.3826904296875	1362.320556640625	0.0	2.143741781543827e-05
8	216	-9.518420219421387	0.0	0.0	17.94063949584961	-9.588607788085938	1315.966064453125	1306.337158203125	0.0	2.4864746611237527e-05
9	243	-10.861278533935547	0.0	0.0	24.326107025146484	-10.762347221374512	1236.295166015625	1225.107421875	0.0	2.870761139884165e-05
10	270	-11.821304321289062	0.0	0.0	29.589521408081055	-11.814767837524414	1158.135009765625	1145.685791015625	0.0006666667177341878	3.295082366079895e-05
11	297	-12.684457778930664	0.0	0.0	34.21758270263672	-12.742132186889648	1094.0211181640625	1080.418701171875	0.0011335755698382854	3.7577612548522684e-05
12	324	-13.479713439941406	0.0	0.0	90.52299499511719	-13.421548843383789	1038.33642578125	1023.6953125	0.0010717296972870827	4.256969116729994e-05
13	351	-14.140177726745605	0.0	0.0	77.77642822265625	-14.147855758666992	990.272216796875	975.04833984375	0.0012973286211490631	4.790732885331288e-05
14	378	-14.820063591003418	0.0	0.0	68.10833740234375	-14.782370567321777	927.95458984375	911.6642456054688	0.0020250235684216022	5.356942915700472e-05
15	405	-15.315497398376465	0.0	0.0	58.50078201293945	-15.175524711608887	876.5556640625	859.8314819335938	0.0024515909608453512	5.953361322456993e-05
16	432	-15.856913566589355	0.0	0.0	98.39772033691406	-15.779424667358398	833.9345092773438	816.686767578125	0.005074224900454283	6.577630824801178e-05
17	459	-16.026962280273438	0.0	0.0	111.27438354492188	-15.7598295211792	810.44384765625	793.152099609375	0.0022607992868870497	7.227284063417776e-05
18	486	-15.982882499694824	0.0	0.0	120.3092269897461	-16.194091796875	788.248291015625	770.4368896484375	0.004029016941785812	7.899753352453215e-05
19	513	-16.442920684814453	0.0	0.0	103.58865356445312	-16.385547637939453	770.038330078125	752.3402099609375	0.0080797728151083	8.592380828022916e-05
20	540	-16.36568260192871	0.0	0.0	97.81305694580078	-16.251720428466797	769.6410522460938	751.5765380859375	0.005273512564599514	9.302428953137767e-05
21	567	-16.89383316040039	0.0	0.0	71.06529998779297	-16.451976776123047	757.6581420898438	739.853271484375	0.00697007542476058	0.00010027091337530103
22	594	-16.64264678955078	0.0	0.0	60.824256896972656	-16.459064483642578	747.8046264648438	729.783935546875	0.007238482125103474	0.00010763503829615015
23	621	-16.26218032836914	0.0	0.0	101.5948486328125	-16.579086303710938	744.6746826171875	727.1287841796875	0.00597391789779067	0.00011508755836747201
24	648	-16.766170501708984	0.0	0.0	92.68103790283203	-16.552757263183594	723.1807861328125	705.4710693359375	0.007262519560754299	0.00012259901829031155
25	675	-16.398239135742188	0.0	0.0	141.1920623779297	-16.63115882873535	700.7374877929688	683.1751708984375	0.00739011075347662	0.00013013972981217172
26	702	-16.82590103149414	0.0	0.0	72.90193176269531	-16.666481018066406	649.55224609375	631.4451904296875	0.010152176022529602	0.00013767988906669806
27	729	-15.40953254699707	0.0	0.0	301.9556579589844	-15.945005416870117	625.2979736328125	607.6781616210938	0.004955381155014038	0.0001451896943703143
28	756	-17.178449630737305	0.0	0.0	83.92383575439453	-16.84529685974121	583.0113525390625	565.0299072265625	0.012674214318394661	0.00015263946401023132
29	783	-17.159345626831055	0.0	0.0	139.11705017089844	-17.08086395263672	555.1365356445312	536.7396850585938	0.007968367077410221	0.00015999975355828383
30	810	-17.096755981445312	0.0	0.0	126.8773422241211	-17.061269760131836	522.0286865234375	503.38348388671875	0.011800188571214676	0.00016724147224692488
31	837	-17.472379684448242	0.0	0.0	86.80142211914062	-17.227766036987305	493.6331481933594	475.167236328125	0.014597885310649872	0.00017433599794741407
32	864	-17.299278259277344	0.0	0.0	105.95925903320312	-17.144235610961914	490.00457763671875	471.400634765625	0.015296894125640392	0.00018125529029576
33	891	-17.241024017333984	0.0	0.0	65.49641418457031	-17.316871643066406	488.77764892578125	470.12396240234375	0.01308026909828186	0.00018797200151929956
34	918	-17.60188102722168	0.0	0.0	98.05561828613281	-17.226396560668945	467.3189697265625	448.54510498046875	0.012030517682433128	0.00019445958452588268
35	945	-17.74085235595703	0.0	0.0	65.27283477783203	-17.53652000427246	473.80877685546875	454.92791748046875	0.019061200320720673	0.00020069239782845172
36	972	-17.32503890991211	0.0	0.0	103.64820098876953	-17.181255340576172	433.9722595214844	415.0335388183594	0.014217846095561981	0.00020664580689031296
37	999	-17.809783935546875	0.0	0.0	52.40119552612305	-17.429767608642578	431.55975341796875	412.2200622558594	0.022752251476049423	0.00021229628149054233
38	1026	-17.02837562561035	0.0	0.0	108.97138977050781	-17.63654327392578	458.3926696777344	439.8455505371094	0.019925883039832115	0.0002176214887247001
39	1053	-17.49681854248047	0.0	0.0	178.9491424560547	-17.657215118408203	439.945556640625	420.9955749511719	0.024094147607684135	0.0002226003812732785
40	1080	-17.528303146362305	0.0	0.0	85.0784683227539	-17.60366439819336	421.9066162109375	402.962890625	0.016560837626457214	0.00022721328058901023
41	1107	-17.63355827331543	0.0	0.0	129.47412109375	-17.54631805419922	429.3634033203125	410.0625	0.01712670922279358	0.0002314419546742497
42	1134	-17.90286636352539	0.0	0.0	85.99053192138672	-17.620866775512695	388.0523376464844	368.430419921875	0.015061902813613415	0.0002352696901410191
43	1161	-17.805919647216797	0.0	0.0	168.60728454589844	-17.82248878479004	408.7676696777344	389.0870056152344	0.028310630470514297	0.00023868135826891025
44	1188	-17.54292869567871	0.0	0.0	139.89459228515625	-17.827627182006836	413.2061462402344	394.192626953125	0.019069956615567207	0.0002416634747997555
45	1215	-17.84972381591797	0.0	0.0	110.8486557006836	-17.70319366455078	403.9378662109375	384.99237060546875	0.012267589569091797	0.0002442042532327343
46	1242	-17.288257598876953	0.0	0.0	191.17520141601562	-17.653348922729492	407.9036560058594	389.0859375	0.01575554348528385	0.0002462936514092741
47	1269	-17.553932189941406	0.0	0.0	102.58961486816406	-17.883058547973633	400.7998046875	382.1012878417969	0.019014878198504448	0.0002479234112036218
48	1296	-17.720352172851562	0.0	0.0	90.15795135498047	-17.645294189453125	384.4764099121094	365.01806640625	0.009194189682602882	0.0002490870911622143
49	1323	-17.968257904052734	0.0	0.0	170.19564819335938	-17.935489654541016	381.241455078125	361.63604736328125	0.013897471129894257	0.00024978009196284376
50	1350	-18.215126037597656	0.0	0.0	64.03752136230469	-18.250308990478516	374.21771240234375	354.8717041015625	0.037151038646698	0.0002499999097430048
51	1377	-18.312427520751953	0.0	0.0	79.53498077392578	-18.161205291748047	360.064208984375	340.06597900390625	0.03589031100273132	0.0002499292496279845
52	1404	-18.209842681884766	0.0	0.0	79.33890533447266	-18.237747192382812	360.4668884277344	340.5281982421875	0.027777230367064476	0.00024972713814798653
53	1431	-17.88509750366211	0.0	0.0	104.30624389648438	-18.348968505859375	374.7384033203125	355.12567138671875	0.018461033701896667	0.0002493939298752249
54	1458	-18.0447998046875	0.0	0.0	226.4613800048828	-17.87566375732422	360.52459716796875	340.67657470703125	0.007552420720458031	0.0002489302093702348
55	1485	-17.769872665405273	0.0	0.0	82.06083679199219	-17.928192138671875	392.72198486328125	373.8297119140625	0.026976536959409714	0.0002483367901563554
56	1512	-18.28143882751465	0.0	0.0	76.04329681396484	-18.089353561401367	361.24090576171875	341.467529296875	0.02724991738796234	0.000247614713292533
57	1539	-17.94649314880371	0.0	0.0	113.11640167236328	-17.80712890625	368.793212890625	349.1619873046875	0.019537249580025673	0.0002467652455469501
58	1566	-18.15030288696289	0.0	0.0	79.35089874267578	-18.233047485351562	360.49853515625	341.07781982421875	0.025011833757162094	0.0002457898771746836
59	1593	-18.49603271484375	0.0	0.0	114.48221588134766	-18.557910919189453	335.40753173828125	315.45819091796875	0.037901319563388824	0.0002446903193032908
60	1620	-18.07903289794922	0.0	0.0	134.04998779296875	-18.233274459838867	353.9809265136719	334.82879638671875	0.029680203646421432	0.00024346850093091035
61	1647	-18.108964920043945	0.0	0.0	95.26925659179688	-18.109432220458984	333.0627136230469	313.2409973144531	0.026215195655822754	0.00024212656554214415
62	1674	-18.269046783447266	0.0	0.0	204.59481811523438	-17.980878829956055	334.1957702636719	314.3741455078125	0.030946217477321625	0.0002406668673476568
63	1701	-18.495677947998047	0.0	0.0	113.33147430419922	-18.61031150817871	336.2933044433594	316.6668701171875	0.046485524624586105	0.00023909196715409025
64	1728	-18.233745574951172	0.0	0.0	88.42797088623047	-17.87605857849121	326.4700927734375	306.4126892089844	0.02393791452050209	0.0002374046278715386
65	1755	-18.450666427612305	0.0	0.0	59.519718170166016	-18.37401580810547	336.589111328125	316.6266784667969	0.029361344873905182	0.0002356078096664652
66	1782	-18.387706756591797	0.0	0.0	273.400634765625	-18.062150955200195	333.4860534667969	313.6475830078125	0.03182769566774368	0.0002337046647685648
67	1809	-18.30988121032715	0.0	0.0	482.9529724121094	-17.72040367126465	328.307861328125	308.05975341796875	0.02349311113357544	0.00023169853194068108
68	1836	-18.212430953979492	0.0	0.0	117.03087615966797	-18.430269241333008	321.3319091796875	301.7335510253906	0.02963101491332054	0.0002295929306214829
69	1863	-18.733495712280273	0.0	0.0	64.239990234375	-18.391218185424805	315.61590576171875	295.3317565917969	0.03457699716091156	0.0002273915547511721
70	1890	-18.823444366455078	0.0	0.0	85.78779602050781	-18.652820587158203	302.5802001953125	282.5862731933594	0.03205843269824982	0.00022509826629105785
71	1917	-18.380922317504883	0.0	0.0	88.91880798339844	-18.61050796508789	292.2127685546875	272.059814453125	0.03731803596019745	0.0002227170884483638
72	1944	-18.59986114501953	0.0	0.0	115.46162414550781	-18.488929748535156	300.90570068359375	280.45562744140625	0.029435530304908752	0.0002202521986181557
73	1971	-18.68649673461914	0.0	0.0	103.98756408691406	-18.73125648498535	302.0013732910156	281.6877746582031	0.031693413853645325	0.00021770792105477095
74	1998	-18.652116775512695	0.0	0.0	126.27578735351562	-18.59762191772461	292.60540771484375	271.8934326171875	0.04577837139368057	0.00021508871928560704
75	2025	-18.81409454345703	0.0	0.0	74.10220336914062	-18.912540435791016	294.7132263183594	274.23211669921875	0.05620959401130676	0.00021239918828057787
76	2052	-18.912574768066406	0.0	0.0	103.49366760253906	-18.838937759399414	289.4486389160156	268.96728515625	0.030404774472117424	0.00020964404639097492
77	2079	-18.801830291748047	0.0	0.0	147.22805786132812	-18.92059326171875	288.6392517089844	267.86529541015625	0.04759111627936363	0.00020682812707187618
78	2106	-18.81147003173828	0.0	0.0	56.08732986450195	-18.949790954589844	279.2926025390625	258.941650390625	0.033389970660209656	0.0002039563704026231
79	2133	-18.958358764648438	0.0	0.0	75.69475555419922	-19.047500610351562	288.7293395996094	268.12933349609375	0.054234184324741364	0.00020103381442024303
80	2160	-19.148380279541016	0.0	0.0	60.0461311340332	-19.05896759033203	275.2765808105469	254.5699462890625	0.040440354496240616	0.0001980655862810203
81	2187	-18.935504913330078	0.0	0.0	100.22221374511719	-18.952360153198242	290.5696716308594	270.5567626953125	0.04980073496699333	0.00019505689326572176
82	2214	-18.956981658935547	0.0	0.0	122.19786071777344	-19.102201461791992	279.15863037109375	258.7996826171875	0.035673048347234726	0.00019201301364425705
83	2241	-18.928115844726562	0.0	0.0	176.59629821777344	-18.984580993652344	280.0042724609375	259.52069091796875	0.02794739231467247	0.0001889392874157994
84	2268	-19.248403549194336	0.0	0.0	73.6335678100586	-19.091381072998047	266.2806396484375	245.2247772216797	0.04406709223985672	0.00018584110694061274
85	2295	-18.915340423583984	0.0	0.0	125.97671508789062	-18.917133331298828	280.42120361328125	259.27093505859375	0.03672954440116882	0.00018272390748001933
86	2322	-18.984840393066406	0.0	0.0	186.9894256591797	-18.860816955566406	276.9891052246094	256.7164611816406	0.04036374017596245	0.00017959315766110463
87	2349	-19.018123626708984	0.0	0.0	87.54944610595703	-18.93594741821289	269.9560852050781	249.0707244873047	0.04360248148441315	0.00017645434988288684
88	2376	-18.792720794677734	0.0	0.0	83.91270446777344	-18.70229721069336	283.0404968261719	262.6385192871094	0.033543746918439865	0.00017331299068078308
89	2403	-18.818143844604492	0.0	0.0	117.43904876708984	-18.662817001342773	282.32244873046875	261.965576171875	0.033097561448812485	0.00017017459106627485
90	2430	-18.925567626953125	0.0	0.0	138.23388671875	-18.725357055664062	289.98248291015625	269.5010681152344	0.04143596813082695	0.00016704465685872134
91	2457	-18.88249969482422	0.0	0.0	102.53019714355469	-18.94351577758789	267.4696044921875	247.20452880859375	0.05957912653684616	0.0001639286790262814
92	2484	-19.135818481445312	0.0	0.0	83.90728759765625	-19.129589080810547	259.8600769042969	239.10238647460938	0.0506487712264061	0.0001608321240528895
93	2511	-19.157331466674805	0.0	0.0	96.18238067626953	-19.305709838867188	240.888916015625	220.06137084960938	0.02757752500474453	0.00015776042434818542
94	2538	-19.374034881591797	0.0	0.0	334.512451171875	-19.073474884033203	243.4172821044922	222.1482391357422	0.017433714121580124	0.00015471896871722181
95	2565	-19.232975006103516	0.0	0.0	97.23412322998047	-19.166959762573242	238.4383544921875	217.2694091796875	0.05294918641448021	0.00015171309290666892
96	2592	-19.356361389160156	0.0	0.0	89.26013946533203	-19.3407039642334	240.3228759765625	219.24301147460938	0.06865133345127106	0.00014874807024410196
97	2619	-19.306621551513672	0.0	0.0	64.89356231689453	-19.276891708374023	244.04339599609375	223.16197204589844	0.04957190901041031	0.00014582910238679245
98	2646	-19.1640682220459	0.0	0.0	228.1809539794922	-18.94750213623047	251.9273681640625	231.05224609375	0.03463912755250931	0.0001429613101962342
99	2673	-19.232521057128906	0.0	0.0	154.26986694335938	-18.94441032409668	227.06695556640625	205.28924560546875	0.009940559975802898	0.00014014972475441165
100	2700	-19.289989471435547	0.0	0.0	38.07838821411133	-19.181156158447266	244.29269409179688	222.8915252685547	0.03580224886536598	0.000137399278537573
101	2727	-19.510833740234375	0.0	0.0	74.82970428466797	-19.45676040649414	229.5682373046875	207.9783935546875	0.06933187693357468	0.00013471479676299046
102	2754	-19.469907760620117	0.0	0.0	64.8035888671875	-19.39961814880371	230.14744567871094	208.8411865234375	0.057630717754364014	0.00013210098892388962
103	2781	-19.52023696899414	0.0	0.0	71.24124145507812	-19.48731803894043	226.78355407714844	205.1560516357422	0.0680372416973114	0.00012956244052739826
104	2808	-19.5534725189209	0.0	0.0	52.811344146728516	-19.523536682128906	220.17843627929688	198.68199157714844	0.04571788012981415	0.00012710360505000827
105	2835	-19.528255462646484	0.0	0.0	109.82085418701172	-19.57067108154297	220.07469177246094	198.53587341308594	0.03656337410211563	0.00012472879612466492
106	2862	-19.435590744018555	0.0	0.0	150.26393127441406	-19.442100524902344	217.441650390625	195.86544799804688	0.07527543604373932	0.00012244217997318878
107	2889	-19.618942260742188	0.0	0.0	102.62691497802734	-19.604412078857422	227.59762573242188	205.98326110839844	0.09559759497642517	0.00012024776809730691
108	2916	-19.540924072265625	0.0	0.0	89.72560119628906	-19.66954803466797	210.81871032714844	189.13357543945312	0.08932670205831528	0.00011814941024111579
109	2943	-19.626789093017578	0.0	0.0	85.99703216552734	-19.582820892333984	212.61758422851562	190.9733123779297	0.05041528865695	0.00011615078763732197
110	2970	-19.71976089477539	0.0	0.0	44.897865295410156	-19.614946365356445	207.3180389404297	185.69384765625	0.08178861439228058	0.000114255406549109
111	2997	-19.512739181518555	0.0	0.0	88.65069580078125	-19.476116180419922	214.38690185546875	192.88668823242188	0.05394953489303589	0.00011246659211896043
112	3024	-19.624053955078125	0.0	0.0	72.43599700927734	-19.62753677368164	209.76852416992188	188.1636962890625	0.07084517925977707	0.00011078748253523003
113	3051	-19.60408592224121	0.0	0.0	163.54795837402344	-19.66055679321289	208.84701538085938	187.34332275390625	0.061489589512348175	0.00010922102352669286
114	3078	-19.459653854370117	0.0	0.0	152.55836486816406	-19.64185333251953	197.43841552734375	175.69625854492188	0.10443608462810516	0.00010776996319473627
115	3105	-19.64694595336914	0.0	0.0	114.33580780029297	-19.60363006591797	202.0361328125	180.2014617919922	0.06682887673377991	0.00010643684719225612
116	3132	-19.733983993530273	0.0	0.0	72.80155181884766	-19.760839462280273	205.03799438476562	183.12057495117188	0.06942430138587952	0.00010522401425771664
117	3159	-19.694419860839844	0.0	0.0	152.3595428466797	-19.770854949951172	202.7335205078125	180.82603454589844	0.08255636692047119	0.0001041335921122084
118	3186	-19.5705623626709	0.0	0.0	144.01661682128906	-19.60191535949707	202.688232421875	180.8319549560547	0.095828115940094	0.00010316749372670254
119	3213	-19.637420654296875	0.0	0.0	97.80372619628906	-19.587974548339844	200.0085906982422	178.180908203125	0.04713231325149536	0.0001023274139660497
120	3240	-19.841655731201172	0.0	0.0	81.94569396972656	-19.617721557617188	203.3955535888672	181.67601013183594	0.07121781259775162	0.00010161482661561108
121	3267	-19.850255966186523	0.0	0.0	81.5030288696289	-19.73380470275879	202.03759765625	180.15811157226562	0.07648318260908127	0.00010103098179573815
122	3294	-19.657150268554688	0.0	0.0	87.15786743164062	-19.651954650878906	196.6964111328125	174.97789001464844	0.08577524870634079	0.00010057690376863677
123	3321	-19.671483993530273	0.0	0.0	112.33940887451172	-19.61400604248047	206.06976318359375	184.06854248046875	0.06900260597467422	0.00010025338914146325
124	3348	-19.673839569091797	0.0	0.0	76.46701049804688	-19.61782455444336	202.9066162109375	180.8673553466797	0.07679969817399979	0.00010006100546880462
125	3375	-19.62387466430664	0.0	0.0	133.0021514892578	-19.654277801513672	203.4683074951172	181.7708740234375	0.028077801689505577	0.00010000009025699517
# Best epoch: 114
