# epoch	step	nll	ecut	ecut_viol	grad_norm	val_nll	val_ecut	val_ecut_viol	val_ress_zx	LR
1	27	-5.691249847412109	0.0	0.0	29.086496353149414	-5.931343078613281	1629.205078125	1628.6385498046875	0.0	1.0237143666892609e-05
2	54	-9.033294677734375	0.0	0.0	24.530574798583984	-9.165227890014648	1582.7318115234375	1580.854736328125	0.0	1.094763738225795e-05
3	81	-11.104690551757812	0.0	0.0	42.92323303222656	-11.130630493164062	1554.44921875	1550.97705078125	0.0	1.2128672994680007e-05
4	108	-13.58891487121582	0.0	0.0	20.918155670166016	-13.698822021484375	1548.429443359375	1543.413818359375	0.0	1.3775582585561007e-05
5	135	-16.332263946533203	0.0	0.0	26.82903480529785	-16.39651870727539	1555.8466796875	1548.1409912109375	0.0	1.588185691857728e-05
6	162	-18.691015243530273	0.0	0.0	38.963016510009766	-18.715229034423828	1552.810546875	1541.2568359375	0.0	1.8439171166748666e-05
7	189	-20.50979995727539	0.0	0.0	54.24657440185547	-20.614059448242188	1540.32275390625	1525.2503662109375	0.0003333333588670939	2.143741781543827e-05
8	216	-21.9724178314209	0.0	0.0	107.0177230834961	-22.066129684448242	1495.7177734375	1477.410888671875	0.0003333333588670939	2.4864746611237527e-05
9	243	-23.27914047241211	0.0	0.0	57.97526550292969	-23.30355453491211	1444.952880859375	1424.2928466796875	0.0003333333588670939	2.870761139884165e-05
10	270	-24.258644104003906	0.0	0.0	184.08226013183594	-24.306503295898438	1410.4658203125	1388.02197265625	0.0003333333588670939	3.295082366079895e-05
11	297	-25.445348739624023	0.0	0.0	107.38270568847656	-25.282352447509766	1383.2581787109375	1359.2969970703125	0.0006666667177341878	3.7577612548522684e-05
12	324	-25.774112701416016	0.0	0.0	174.3818817138672	-25.879108428955078	1373.7489013671875	1348.486328125	0.0017908149166032672	4.256969116729994e-05
13	351	-26.477096557617188	0.0	0.0	99.18986511230469	-26.31598472595215	1340.710693359375	1314.549560546875	0.0016990797594189644	4.790732885331288e-05
14	378	-26.59784507751465	0.0	0.0	192.789306640625	-26.790313720703125	1310.4610595703125	1283.8203125	0.0020438197534531355	5.356942915700472e-05
15	405	-27.16377830505371	0.0	0.0	172.8982696533203	-27.173513412475586	1265.4267578125	1238.3939208984375	0.002253779908642173	5.953361322456993e-05
16	432	-27.45191192626953	0.0	0.0	151.40086364746094	-27.345840454101562	1222.783203125	1195.28173828125	0.0035340269096195698	6.577630824801178e-05
17	459	-27.43674087524414	0.0	0.0	326.2627868652344	-27.113882064819336	1188.6885986328125	1161.37255859375	0.0024831511545926332	7.227284063417776e-05
18	486	-27.749034881591797	0.0	0.0	108.6821060180664	-27.55134391784668	1160.178955078125	1132.5806884765625	0.0031037661246955395	7.899753352453215e-05
19	513	-27.89301300048828	0.0	0.0	117.75277709960938	-28.00905990600586	1150.9041748046875	1123.1927490234375	0.005595855414867401	8.592380828022916e-05
20	540	-27.96149253845215	0.0	0.0	271.041015625	-27.78988265991211	1127.893798828125	1099.7734375	0.003573928726837039	9.302428953137767e-05
21	567	-27.593076705932617	0.0	0.0	173.4114532470703	-27.916744232177734	1109.859130859375	1082.676513671875	0.004037866834551096	0.00010027091337530103
22	594	-26.98827362060547	0.0	0.0	312.9167175292969	-27.330291748046875	1108.5408935546875	1080.9219970703125	0.0025119741912931204	0.00010763503829615015
23	621	-27.78485107421875	0.0	0.0	312.00048828125	-27.457523345947266	1069.0419921875	1040.9447021484375	0.003041250631213188	0.00011508755836747201
24	648	-27.915283203125	0.0	0.0	332.7576904296875	-27.591903686523438	1066.591796875	1039.350830078125	0.0030906982719898224	0.00012259901829031155
25	675	-27.89541244506836	0.0	0.0	298.8494873046875	-27.994247436523438	1052.5946044921875	1024.56005859375	0.004585940390825272	0.00013013972981217172
26	702	-28.34760093688965	0.0	0.0	272.06500244140625	-28.421119689941406	1040.06591796875	1011.5707397460938	0.007391512393951416	0.00013767988906669806
27	729	-28.5831356048584	0.0	0.0	140.5116424560547	-28.376876831054688	1021.5943603515625	993.5113525390625	0.007320703938603401	0.0001451896943703143
28	756	-28.565160751342773	0.0	0.0	123.41915130615234	-28.637100219726562	990.3187255859375	961.678955078125	0.008140547201037407	0.00015263946401023132
29	783	-28.69086265563965	0.0	0.0	194.15065002441406	-28.678524017333984	966.8624877929688	938.9949951171875	0.005632772576063871	0.00015999975355828383
30	810	-28.896175384521484	0.0	0.0	238.81800842285156	-28.434032440185547	929.4096069335938	900.180419921875	0.004820696543902159	0.00016724147224692488
31	837	-28.593780517578125	0.0	0.0	288.6183166503906	-27.879928588867188	936.9000854492188	908.474609375	0.0033607161603868008	0.00017433599794741407
32	864	-28.864255905151367	0.0	0.0	247.4700164794922	-28.580982208251953	917.408203125	888.8341674804688	0.006955280900001526	0.00018125529029576
33	891	-29.654821395874023	0.0	0.0	122.01673126220703	-29.452733993530273	850.462646484375	821.5551147460938	0.007758069783449173	0.00018797200151929956
34	918	-28.934886932373047	0.0	0.0	333.5747985839844	-28.698749542236328	825.28125	796.8040771484375	0.009675795212388039	0.00019445958452588268
35	945	-28.26781463623047	0.0	0.0	240.58607482910156	-28.57928466796875	838.0863037109375	810.8193359375	0.0023749168030917645	0.00020069239782845172
36	972	-29.050365447998047	0.0	0.0	199.98666381835938	-29.46474266052246	788.047607421875	759.5213623046875	0.013686063699424267	0.00020664580689031296
37	999	-29.178524017333984	0.0	0.0	196.56239318847656	-28.937185287475586	767.166015625	737.6732177734375	0.01331697590649128	0.00021229628149054233
38	1026	-28.40142059326172	0.0	0.0	165.13430786132812	-28.403636932373047	810.064208984375	782.840576171875	0.006860123015940189	0.0002176214887247001
39	1053	-29.877887725830078	0.0	0.0	147.11546325683594	-29.885616302490234	736.9085693359375	707.7763061523438	0.01521085761487484	0.0002226003812732785
40	1080	-29.093055725097656	0.0	0.0	207.8527374267578	-28.979873657226562	805.4774780273438	778.30712890625	0.00499403290450573	0.00022721328058901023
41	1107	-29.36256980895996	0.0	0.0	298.6430358886719	-29.508663177490234	747.6168823242188	719.1583862304688	0.014653569087386131	0.0002314419546742497
42	1134	-30.03954315185547	0.0	0.0	301.92913818359375	-29.553478240966797	766.732421875	738.1697998046875	0.009736712090671062	0.0002352696901410191
43	1161	-29.809886932373047	0.0	0.0	185.7124786376953	-29.529821395874023	734.6793823242188	706.1259155273438	0.013078281655907631	0.00023868135826891025
44	1188	-29.624263763427734	0.0	0.0	226.58209228515625	-29.722707748413086	712.2568359375	683.2913818359375	0.012885123491287231	0.0002416634747997555
45	1215	-29.575695037841797	0.0	0.0	247.7892608642578	-29.31475830078125	740.9652099609375	712.2145385742188	0.011241545900702477	0.0002442042532327343
46	1242	-30.08698081970215	0.0	0.0	157.10560607910156	-29.531959533691406	709.7091064453125	680.7018432617188	0.015717383474111557	0.0002462936514092741
47	1269	-29.365943908691406	0.0	0.0	217.9998779296875	-29.07067108154297	732.9804077148438	704.5162963867188	0.012571552768349648	0.0002479234112036218
48	1296	-29.37531852722168	0.0	0.0	349.73583984375	-28.6224365234375	736.15283203125	708.48193359375	0.008582326583564281	0.0002490870911622143
49	1323	-29.22664451599121	0.0	0.0	282.72833251953125	-29.57898712158203	742.5328369140625	713.955078125	0.01614546775817871	0.00024978009196284376
50	1350	-30.244489669799805	0.0	0.0	140.87579345703125	-30.407812118530273	671.9677124023438	642.710205078125	0.01539422757923603	0.0002499999097430048
51	1377	-30.100727081298828	0.0	0.0	85.84492492675781	-30.261150360107422	684.1658935546875	654.7288208007812	0.019912270829081535	0.0002499292496279845
52	1404	-29.463729858398438	0.0	0.0	136.1231689453125	-29.596572875976562	709.16455078125	680.490966796875	0.005512503907084465	0.00024972713814798653
53	1431	-29.856029510498047	0.0	0.0	172.4759521484375	-29.912031173706055	661.432861328125	632.437744140625	0.010452273301780224	0.0002493939298752249
54	1458	-27.24761199951172	0.0	0.0	206.00128173828125	-26.575237274169922	810.7880249023438	786.14599609375	0.0029758820310235023	0.0002489302093702348
55	1485	-29.559484481811523	0.0	0.0	165.58053588867188	-29.650671005249023	679.5331420898438	651.580078125	0.01791052334010601	0.0002483367901563554
56	1512	-28.810529708862305	0.0	0.0	294.41741943359375	-28.69997787475586	678.5614624023438	651.0303344726562	0.006090253125876188	0.000247614713292533
57	1539	-29.89901351928711	0.0	0.0	419.15203857421875	-29.69026756286621	693.3270263671875	665.0719604492188	0.019469739869236946	0.0002467652455469501
58	1566	-29.61043930053711	0.0	0.0	119.42231750488281	-29.621238708496094	686.25927734375	658.893310546875	0.008832510560750961	0.0002457898771746836
59	1593	-29.785062789916992	0.0	0.0	155.19956970214844	-29.418575286865234	686.55419921875	658.703857421875	0.01296301744878292	0.0002446903193032908
60	1620	-29.724193572998047	0.0	0.0	109.69673919677734	-30.196475982666016	689.1156005859375	660.2299194335938	0.024041056632995605	0.00024346850093091035
61	1647	-29.719799041748047	0.0	0.0	358.0008544921875	-29.794517517089844	660.5733642578125	632.4019775390625	0.012018011882901192	0.00024212656554214415
62	1674	-30.30181121826172	0.0	0.0	130.2137451171875	-30.635379791259766	617.1588134765625	587.5984497070312	0.025288617238402367	0.0002406668673476568
63	1701	-30.862743377685547	0.0	0.0	138.73423767089844	-30.658653259277344	603.27294921875	573.11083984375	0.027701815590262413	0.00023909196715409025
64	1728	-29.678787231445312	0.0	0.0	137.4977569580078	-30.090002059936523	677.8916625976562	649.508544921875	0.024170365184545517	0.0002374046278715386
65	1755	-30.12567138671875	0.0	0.0	201.71812438964844	-30.15125274658203	665.474853515625	635.8735961914062	0.028619175776839256	0.0002356078096664652
66	1782	-29.989765167236328	0.0	0.0	171.33546447753906	-30.360992431640625	625.5206298828125	595.9716796875	0.018560901284217834	0.0002337046647685648
67	1809	-30.546173095703125	0.0	0.0	198.19798278808594	-30.512096405029297	610.7425537109375	580.0496826171875	0.016333598643541336	0.00023169853194068108
68	1836	-30.89906883239746	0.0	0.0	67.05104064941406	-31.11871910095215	591.8111572265625	561.0326538085938	0.029379840940237045	0.0002295929306214829
69	1863	-30.218975067138672	0.0	0.0	235.96343994140625	-30.203954696655273	651.677490234375	622.629150390625	0.010904451832175255	0.0002273915547511721
70	1890	-30.4307918548584	0.0	0.0	244.4180145263672	-30.287527084350586	617.2042236328125	586.8693237304688	0.012105452828109264	0.00022509826629105785
71	1917	-30.87474822998047	0.0	0.0	114.1885757446289	-30.709232330322266	620.6259155273438	589.9295654296875	0.03199600800871849	0.0002227170884483638
72	1944	-30.633955001831055	0.0	0.0	157.45301818847656	-30.8551025390625	589.2052612304688	558.1434326171875	0.012748109176754951	0.0002202521986181557
73	1971	-29.404159545898438	0.0	0.0	163.40560913085938	-30.062421798706055	656.2311401367188	627.7430419921875	0.01948481611907482	0.00021770792105477095
74	1998	-30.63722801208496	0.0	0.0	79.61936950683594	-30.735965728759766	604.8329467773438	575.324462890625	0.03334999829530716	0.00021508871928560704
75	2025	-30.080780029296875	0.0	0.0	173.10357666015625	-30.352283477783203	668.3681640625	638.976318359375	0.019432907924056053	0.00021239918828057787
76	2052	-30.80292320251465	0.0	0.0	101.6053466796875	-30.4475154876709	602.54345703125	571.9281616210938	0.041139401495456696	0.00020964404639097492
77	2079	-31.186485290527344	0.0	0.0	122.7706298828125	-31.038610458374023	574.531494140625	543.99169921875	0.04154859110713005	0.00020682812707187618
78	2106	-31.06331443786621	0.0	0.0	155.35092163085938	-30.92464256286621	572.94189453125	542.0324096679688	0.0337209552526474	0.0002039563704026231
79	2133	-28.321836471557617	0.0	0.0	453.607421875	-28.77266502380371	615.2388305664062	584.2687377929688	0.011843070387840271	0.00020103381442024303
80	2160	-31.229652404785156	0.0	0.0	107.98754119873047	-31.180477142333984	573.156005859375	542.3724365234375	0.04054005444049835	0.0001980655862810203
81	2187	-31.305126190185547	0.0	0.0	487.784912109375	-30.94436264038086	553.3145141601562	522.02001953125	0.03383974730968475	0.00019505689326572176
82	2214	-30.6892147064209	0.0	0.0	222.57176208496094	-30.727519989013672	553.9053955078125	523.2755126953125	0.02308276668190956	0.00019201301364425705
83	2241	-31.35970115661621	0.0	0.0	129.1309356689453	-31.39474105834961	542.877197265625	511.27545166015625	0.051630742847919464	0.0001889392874157994
84	2268	-31.630271911621094	0.0	0.0	151.78939819335938	-31.549123764038086	524.2796020507812	492.5751953125	0.05740883946418762	0.00018584110694061274
85	2295	-31.479110717773438	0.0	0.0	80.97123718261719	-31.392250061035156	543.05712890625	511.2908630371094	0.05870221182703972	0.00018272390748001933
86	2322	-31.176902770996094	0.0	0.0	151.7592315673828	-31.300010681152344	546.005859375	513.7233276367188	0.036353692412376404	0.00017959315766110463
87	2349	-31.286724090576172	0.0	0.0	142.65646362304688	-31.178478240966797	540.2698974609375	508.565185546875	0.04113846644759178	0.00017645434988288684
88	2376	-30.93936538696289	0.0	0.0	195.46505737304688	-30.951297760009766	535.8876342773438	505.180908203125	0.023935634642839432	0.00017331299068078308
89	2403	-31.188648223876953	0.0	0.0	67.49051666259766	-31.1063289642334	589.5740356445312	557.952880859375	0.04732179269194603	0.00017017459106627485
90	2430	-31.580595016479492	0.0	0.0	112.6539535522461	-31.599349975585938	536.46630859375	504.3948669433594	0.05678772181272507	0.00016704465685872134
91	2457	-30.917396545410156	0.0	0.0	157.841064453125	-30.9910945892334	533.08203125	501.6445007324219	0.03097262978553772	0.0001639286790262814
92	2484	-31.60878562927246	0.0	0.0	59.46268081665039	-31.62020492553711	509.1853942871094	477.4468688964844	0.057124435901641846	0.0001608321240528895
93	2511	-31.520626068115234	0.0	0.0	190.4207763671875	-31.321502685546875	513.416259765625	481.0296630859375	0.04386884719133377	0.00015776042434818542
94	2538	-31.467060089111328	0.0	0.0	71.13955688476562	-31.556236267089844	509.368896484375	476.983642578125	0.050166159868240356	0.00015471896871722181
95	2565	-31.47651481628418	0.0	0.0	78.56800079345703	-31.678783416748047	521.7521362304688	489.5027770996094	0.07927217334508896	0.00015171309290666892
96	2592	-31.55411148071289	0.0	0.0	194.67633056640625	-31.432348251342773	501.9827575683594	469.6440124511719	0.0454748272895813	0.00014874807024410196
97	2619	-31.611160278320312	0.0	0.0	71.60618591308594	-31.822311401367188	494.0568542480469	461.48040771484375	0.0730070173740387	0.00014582910238679245
98	2646	-31.934123992919922	0.0	0.0	167.60406494140625	-31.68855857849121	465.5075378417969	432.77679443359375	0.05540933832526207	0.0001429613101962342
99	2673	-31.84735870361328	0.0	0.0	65.27375793457031	-31.7578182220459	486.11541748046875	453.48138427734375	0.0854901596903801	0.00014014972475441165
100	2700	-31.649580001831055	0.0	0.0	129.2971649169922	-31.61785888671875	470.12054443359375	437.57598876953125	0.07679259032011032	0.000137399278537573
101	2727	-31.910268783569336	0.0	0.0	59.238189697265625	-31.887340545654297	474.56951904296875	442.1466979980469	0.07144880294799805	0.00013471479676299046
102	2754	-31.795040130615234	0.0	0.0	86.90702056884766	-31.860755920410156	469.42376708984375	436.86981201171875	0.055039264261722565	0.00013210098892388962
103	2781	-31.81969451904297	0.0	0.0	144.80422973632812	-31.8961238861084	483.3382263183594	450.88861083984375	0.09510849416255951	0.00012956244052739826
104	2808	-31.667768478393555	0.0	0.0	109.00126647949219	-31.6634578704834	475.34368896484375	442.3173828125	0.05886319279670715	0.00012710360505000827
105	2835	-31.840179443359375	0.0	0.0	88.64035034179688	-31.7712459564209	502.8919372558594	470.3400573730469	0.06580638885498047	0.00012472879612466492
106	2862	-31.715803146362305	0.0	0.0	186.41653442382812	-31.694549560546875	455.65087890625	422.88037109375	0.07272973656654358	0.00012244217997318878
107	2889	-32.0760498046875	0.0	0.0	120.53634643554688	-31.97372055053711	459.98553466796875	426.77410888671875	0.09121137857437134	0.00012024776809730691
108	2916	-31.70502471923828	0.0	0.0	188.318603515625	-31.64876365661621	472.5185546875	440.026611328125	0.0673484355211258	0.00011814941024111579
109	2943	-32.05477523803711	0.0	0.0	54.715248107910156	-32.03609848022461	462.134521484375	429.2226257324219	0.08108232915401459	0.00011615078763732197
110	2970	-31.82892608642578	0.0	0.0	81.75448608398438	-31.806676864624023	450.08685302734375	417.1864013671875	0.05077410489320755	0.000114255406549109
111	2997	-31.895580291748047	0.0	0.0	127.98773956298828	-31.856130599975586	446.04254150390625	412.976806640625	0.08589237183332443	0.00011246659211896043
112	3024	-32.08574676513672	0.0	0.0	278.45721435546875	-32.0003662109375	449.7774658203125	416.781982421875	0.08358343690633774	0.00011078748253523003
113	3051	-32.17395782470703	0.0	0.0	121.86097717285156	-32.12138748168945	454.76300048828125	421.5613708496094	0.09926286339759827	0.00010922102352669286
114	3078	-32.141265869140625	0.0	0.0	98.11580657958984	-32.06602478027344	433.5787048339844	400.37835693359375	0.07350815832614899	0.00010776996319473627
115	3105	-32.211360931396484	0.0	0.0	197.02040100097656	-32.074676513671875	456.50140380859375	423.28265380859375	0.11334571242332458	0.00010643684719225612
116	3132	-32.02585983276367	0.0	0.0	92.890869140625	-32.012691497802734	441.5704040527344	408.7625427246094	0.10379471629858017	0.00010522401425771664
117	3159	-32.224735260009766	0.0	0.0	161.91464233398438	-32.193756103515625	424.5833435058594	391.075927734375	0.0977698266506195	0.0001041335921122084
118	3186	-32.216827392578125	0.0	0.0	98.83898162841797	-32.2017936706543	419.18963623046875	385.9104919433594	0.08366316556930542	0.00010316749372670254
119	3213	-32.17951965332031	0.0	0.0	76.80658721923828	-32.106605529785156	426.0872497558594	392.67822265625	0.08028843253850937	0.0001023274139660497
120	3240	-32.30091857910156	0.0	0.0	66.06658935546875	-32.227386474609375	429.31121826171875	395.546875	0.08867552131414413	0.00010161482661561108
121	3267	-32.08800506591797	0.0	0.0	268.5867004394531	-31.964818954467773	420.1014099121094	386.5262451171875	0.09405675530433655	0.00010103098179573815
122	3294	-32.231117248535156	0.0	0.0	528.0991821289062	-32.090084075927734	411.303466796875	377.5938720703125	0.06632190942764282	0.00010057690376863677
123	3321	-32.09206771850586	0.0	0.0	103.06672668457031	-32.12214279174805	401.4501953125	368.2244567871094	0.07394102215766907	0.00010025338914146325
124	3348	-32.03242111206055	0.0	0.0	174.61219787597656	-31.991315841674805	396.0474548339844	362.76495361328125	0.10520391166210175	0.00010006100546880462
125	3375	-32.19839096069336	0.0	0.0	155.93115234375	-32.140892028808594	388.15399169921875	354.512451171875	0.07016973197460175	0.00010000009025699517
# Best epoch: 115
