# epoch	step	nll	ecut	ecut_viol	grad_norm	val_nll	val_ecut	val_ecut_viol	val_ress_zx	LR
1	27	-0.20115333795547485	0.0	0.0	2.3344333171844482	-0.1936424821615219	1019.02783203125	1018.8090209960938	0.009312024340033531	1.0237143666892609e-05
2	54	-0.2447645366191864	0.0	0.0	2.8683512210845947	-0.2658594846725464	985.0853881835938	984.7455444335938	0.010278133675456047	1.094763738225795e-05
3	81	-0.3054538071155548	0.0	0.0	2.460123300552368	-0.2882721424102783	968.316162109375	967.9090576171875	0.009557560086250305	1.2128672994680007e-05
4	108	-0.302207350730896	0.0	0.0	2.1516592502593994	-0.30107587575912476	960.3790283203125	959.9395751953125	0.010163253173232079	1.3775582585561007e-05
5	135	-0.32529085874557495	0.0	0.0	2.1511125564575195	-0.3081047236919403	958.7730712890625	958.3331298828125	0.011507990770041943	1.588185691857728e-05
6	162	-0.32377946376800537	0.0	0.0	3.616955518722534	-0.3150966167449951	954.5799560546875	954.1134033203125	0.011184978298842907	1.8439171166748666e-05
7	189	-0.3299022912979126	0.0	0.0	2.2513318061828613	-0.323167085647583	952.1615600585938	951.6730346679688	0.009318278171122074	2.143741781543827e-05
8	216	-0.31379541754722595	0.0	0.0	2.1990926265716553	-0.3202008306980133	948.0570678710938	947.5551147460938	0.010528265498578548	2.4864746611237527e-05
9	243	-0.3301892876625061	0.0	0.0	2.792546272277832	-0.33167704939842224	944.0031127929688	943.4572143554688	0.01171969622373581	2.870761139884165e-05
10	270	-0.36370357871055603	0.0	0.0	2.345529317855835	-0.34393149614334106	934.4032592773438	933.7850341796875	0.01199369877576828	3.295082366079895e-05
11	297	-0.3226672410964966	0.0	0.0	2.5113682746887207	-0.36074861884117126	932.4533081054688	931.8646240234375	0.010323701426386833	3.7577612548522684e-05
12	324	-0.39427798986434937	0.0	0.0	2.395462989807129	-0.3689233958721161	924.243896484375	923.60107421875	0.010717207565903664	4.256969116729994e-05
13	351	-0.3454691171646118	0.0	0.0	2.9211456775665283	-0.3816513419151306	913.5040893554688	912.8348388671875	0.011758341453969479	4.790732885331288e-05
14	378	-0.4096744954586029	0.0	0.0	2.7867114543914795	-0.3882020115852356	903.59912109375	902.8944091796875	0.011806365102529526	5.356942915700472e-05
15	405	-0.41164630651474	0.0	0.0	3.6696557998657227	-0.424125611782074	876.1163330078125	875.351806640625	0.016056641936302185	5.953361322456993e-05
16	432	-0.4306132197380066	0.0	0.0	4.234061241149902	-0.43735790252685547	855.4872436523438	854.6864624023438	0.013356024399399757	6.577630824801178e-05
17	459	-0.4745914340019226	0.0	0.0	3.6571731567382812	-0.469863623380661	823.4555053710938	822.5231323242188	0.016978662461042404	7.227284063417776e-05
18	486	-0.4464690089225769	0.0	0.0	3.955122709274292	-0.4872986674308777	809.6674194335938	808.71337890625	0.017246238887310028	7.899753352453215e-05
19	513	-0.47455060482025146	0.0	0.0	3.4211628437042236	-0.5082515478134155	780.1366577148438	779.03662109375	0.014365206472575665	8.592380828022916e-05
20	540	-0.5303092002868652	0.0	0.0	3.0813193321228027	-0.5192165374755859	772.93310546875	771.8387451171875	0.014760862104594707	9.302428953137767e-05
21	567	-0.5354823470115662	0.0	0.0	3.702852964401245	-0.5620195865631104	759.1535034179688	758.0592651367188	0.011787730269134045	0.00010027091337530103
22	594	-0.5851662158966064	0.0	0.0	3.5726208686828613	-0.565843939781189	731.9169311523438	730.5924682617188	0.018510885536670685	0.00010763503829615015
23	621	-0.6135556101799011	0.0	0.0	3.7799575328826904	-0.5692497491836548	712.7706909179688	711.3744506835938	0.020175151526927948	0.00011508755836747201
24	648	-0.5847114324569702	0.0	0.0	4.278258800506592	-0.6228529810905457	693.7619018554688	692.3250732421875	0.02035120315849781	0.00012259901829031155
25	675	-0.6385830640792847	0.0	0.0	4.370489597320557	-0.6175955533981323	687.3712158203125	685.9447021484375	0.022675691172480583	0.00013013972981217172
26	702	-0.6241424083709717	0.0	0.0	7.824551105499268	-0.6524412631988525	674.41259765625	673.0267944335938	0.021961456164717674	0.00013767988906669806
27	729	-0.618984580039978	0.0	0.0	7.635318279266357	-0.6791946887969971	668.586181640625	667.1920166015625	0.02537592127919197	0.0001451896943703143
28	756	-0.6752419471740723	0.0	0.0	6.217823028564453	-0.6953031420707703	650.490234375	649.0057373046875	0.027076227590441704	0.00015263946401023132
29	783	-0.7222978472709656	0.0	0.0	6.860609531402588	-0.7101173400878906	631.747314453125	630.15771484375	0.02398698776960373	0.00015999975355828383
30	810	-0.6916182041168213	0.0	0.0	6.558988571166992	-0.722043514251709	619.7848510742188	618.1702270507812	0.02528494969010353	0.00016724147224692488
31	837	-0.7224768400192261	0.0	0.0	7.117851734161377	-0.7181941866874695	610.160888671875	608.4982299804688	0.023176979273557663	0.00017433599794741407
32	864	-0.7372273206710815	0.0	0.0	5.451597690582275	-0.7165898084640503	605.0841064453125	603.276611328125	0.02449885383248329	0.00018125529029576
33	891	-0.7653681039810181	0.0	0.0	5.517566680908203	-0.7296065092086792	600.622314453125	598.999267578125	0.032083116471767426	0.00018797200151929956
34	918	-0.7038163542747498	0.0	0.0	8.31099796295166	-0.7270919680595398	615.5270385742188	614.0288696289062	0.03011295571923256	0.00019445958452588268
35	945	-0.7696468234062195	0.0	0.0	5.745741844177246	-0.7774040102958679	592.3414306640625	590.733154296875	0.021905234083533287	0.00020069239782845172
36	972	-0.7275051474571228	0.0	0.0	8.078118324279785	-0.7817281484603882	562.0138549804688	560.1975708007812	0.02099866047501564	0.00020664580689031296
37	999	-0.707805335521698	0.0	0.0	6.837995529174805	-0.7247713804244995	564.17529296875	562.4320678710938	0.026552801951766014	0.00021229628149054233
38	1026	-0.8406888842582703	0.0	0.0	9.025527954101562	-0.8214570879936218	545.7366333007812	543.879638671875	0.03673252463340759	0.0002176214887247001
39	1053	-0.7715014219284058	0.0	0.0	10.213862419128418	-0.7926313281059265	553.095947265625	551.235107421875	0.02743125520646572	0.0002226003812732785
40	1080	-0.7475457191467285	0.0	0.0	7.970678806304932	-0.8005551099777222	554.00146484375	552.15576171875	0.023935159668326378	0.00022721328058901023
41	1107	-0.7616117000579834	0.0	0.0	9.062747955322266	-0.8264882564544678	565.8497314453125	564.2283935546875	0.0289455559104681	0.0002314419546742497
42	1134	-0.7688350081443787	0.0	0.0	11.20838737487793	-0.8382033109664917	543.7017211914062	541.96826171875	0.029872944578528404	0.0002352696901410191
43	1161	-0.8048051595687866	0.0	0.0	10.844632148742676	-0.8335601091384888	528.699462890625	526.8414306640625	0.014183997176587582	0.00023868135826891025
44	1188	-0.9311687350273132	0.0	0.0	8.639269828796387	-0.8637804985046387	496.9915771484375	494.91156005859375	0.018931370228528976	0.0002416634747997555
45	1215	-0.8530251383781433	0.0	0.0	6.984745979309082	-0.8709949254989624	517.973876953125	516.1312255859375	0.0320240817964077	0.0002442042532327343
46	1242	-0.9069702625274658	0.0	0.0	7.4428815841674805	-0.8755971789360046	504.42596435546875	502.47674560546875	0.02586233615875244	0.0002462936514092741
47	1269	-0.7543230056762695	0.0	0.0	17.481124877929688	-0.8619365692138672	524.9239501953125	523.1181640625	0.027729973196983337	0.0002479234112036218
48	1296	-0.8629158735275269	0.0	0.0	8.62607479095459	-0.8875923156738281	516.2211303710938	514.2647705078125	0.023213371634483337	0.0002490870911622143
49	1323	-0.8780617117881775	0.0	0.0	10.58640193939209	-0.9139198660850525	493.3448181152344	491.41552734375	0.01822495087981224	0.00024978009196284376
50	1350	-0.8951877355575562	0.0	0.0	9.042581558227539	-0.9074620008468628	510.3099060058594	508.4248046875	0.04673255607485771	0.0002499999097430048
51	1377	-0.9241649508476257	0.0	0.0	6.430897235870361	-0.9514634013175964	475.08856201171875	473.02911376953125	0.03724262863397598	0.0002499292496279845
52	1404	-0.9876084327697754	0.0	0.0	8.642565727233887	-0.9228836297988892	474.9383544921875	472.84814453125	0.03089919313788414	0.00024972713814798653
53	1431	-0.9685954451560974	0.0	0.0	9.896960258483887	-0.9248350858688354	471.6025085449219	469.54583740234375	0.023405827581882477	0.0002493939298752249
54	1458	-0.8834186792373657	0.0	0.0	12.236812591552734	-0.9253730773925781	464.85125732421875	462.7976989746094	0.020640242844820023	0.0002489302093702348
55	1485	-0.9185473322868347	0.0	0.0	11.54146671295166	-0.9586713314056396	464.38250732421875	462.336669921875	0.023311790078878403	0.0002483367901563554
56	1512	-0.9119189977645874	0.0	0.0	7.809375762939453	-0.9595446586608887	469.08221435546875	467.074462890625	0.03720802068710327	0.000247614713292533
57	1539	-0.9237737655639648	0.0	0.0	8.925509452819824	-0.9729620814323425	451.92181396484375	449.8206787109375	0.04565536975860596	0.0002467652455469501
58	1566	-0.8980578184127808	0.0	0.0	8.376474380493164	-0.964094877243042	459.35888671875	457.27008056640625	0.04140616953372955	0.0002457898771746836
59	1593	-0.9753298759460449	0.0	0.0	10.39449691772461	-1.0028724670410156	443.51336669921875	441.4025573730469	0.025940004736185074	0.0002446903193032908
60	1620	-1.0223888158798218	0.0	0.0	9.076428413391113	-0.978860080242157	428.14263916015625	425.9139099121094	0.03766494616866112	0.00024346850093091035
61	1647	-0.9130448698997498	0.0	0.0	11.9844331741333	-0.9440243244171143	447.6058044433594	445.46978759765625	0.02647196128964424	0.00024212656554214415
62	1674	-1.0963488817214966	0.0	0.0	12.740303993225098	-1.02000093460083	419.2820739746094	417.0726013183594	0.033286288380622864	0.0002406668673476568
63	1701	-1.0399339199066162	0.0	0.0	10.457703590393066	-1.0267043113708496	424.46380615234375	422.30413818359375	0.053369563072919846	0.00023909196715409025
64	1728	-0.9830705523490906	0.0	0.0	10.30058765411377	-0.9871394038200378	411.31658935546875	409.10400390625	0.033496856689453125	0.0002374046278715386
65	1755	-1.0205047130584717	0.0	0.0	10.887850761413574	-0.9862846732139587	443.08941650390625	440.9967956542969	0.04342737793922424	0.0002356078096664652
66	1782	-1.035368800163269	0.0	0.0	9.689901351928711	-1.0624873638153076	413.10797119140625	410.8709411621094	0.03671625256538391	0.0002337046647685648
67	1809	-1.1051067113876343	0.0	0.0	9.484973907470703	-1.0992064476013184	404.52203369140625	402.2690124511719	0.05167647451162338	0.00023169853194068108
68	1836	-1.0858116149902344	0.0	0.0	14.095039367675781	-1.0260369777679443	412.1630554199219	409.93310546875	0.02739677205681801	0.0002295929306214829
69	1863	-1.0617060661315918	0.0	0.0	14.073454856872559	-1.0616517066955566	402.5870056152344	400.398681640625	0.051107000559568405	0.0002273915547511721
70	1890	-1.1129095554351807	0.0	0.0	14.64918041229248	-1.1105083227157593	394.15509033203125	391.8306884765625	0.037654533982276917	0.00022509826629105785
71	1917	-1.1205558776855469	0.0	0.0	12.892829895019531	-1.154541015625	391.1961364746094	388.938232421875	0.04682297259569168	0.0002227170884483638
72	1944	-1.084705114364624	0.0	0.0	12.683038711547852	-1.1392724514007568	380.7786560058594	378.4193115234375	0.050277791917324066	0.0002202521986181557
73	1971	-1.0819464921951294	0.0	0.0	11.841029167175293	-1.1435679197311401	382.548828125	380.220458984375	0.04458783566951752	0.00021770792105477095
74	1998	-1.1511719226837158	0.0	0.0	15.487751960754395	-1.0985954999923706	385.05206298828125	382.6876220703125	0.04324034973978996	0.00021508871928560704
75	2025	-1.1194376945495605	0.0	0.0	14.363335609436035	-1.1461334228515625	379.23895263671875	376.8902587890625	0.05015714094042778	0.00021239918828057787
76	2052	-1.216318964958191	0.0	0.0	13.633868217468262	-1.1400258541107178	362.2391357421875	359.70208740234375	0.04510527476668358	0.00020964404639097492
77	2079	-1.1722052097320557	0.0	0.0	18.54927635192871	-1.147568702697754	371.7431640625	369.3787536621094	0.036907460540533066	0.00020682812707187618
78	2106	-1.0846434831619263	0.0	0.0	8.830142974853516	-1.1611427068710327	371.755859375	369.427734375	0.05645986646413803	0.0002039563704026231
79	2133	-1.1931586265563965	0.0	0.0	8.6166410446167	-1.2045143842697144	341.2254638671875	338.7508544921875	0.050910525023937225	0.00020103381442024303
80	2160	-1.1886076927185059	0.0	0.0	25.77283477783203	-1.1763043403625488	372.1358337402344	369.7742614746094	0.06349238753318787	0.0001980655862810203
81	2187	-1.1880732774734497	0.0	0.0	11.784110069274902	-1.1738874912261963	354.8285827636719	352.4325866699219	0.04589702934026718	0.00019505689326572176
82	2214	-1.1976885795593262	0.0	0.0	20.1749210357666	-1.183427333831787	351.92919921875	349.46990966796875	0.06747520714998245	0.00019201301364425705
83	2241	-1.21547269821167	0.0	0.0	10.920022010803223	-1.222005844116211	350.6871337890625	348.3196716308594	0.0423915795981884	0.0001889392874157994
84	2268	-1.1275551319122314	0.0	0.0	12.55457878112793	-1.1498630046844482	355.5414733886719	353.052978515625	0.03894738107919693	0.00018584110694061274
85	2295	-1.2078680992126465	0.0	0.0	15.456709861755371	-1.211116075515747	350.5000915527344	348.10986328125	0.039977289736270905	0.00018272390748001933
86	2322	-1.2244441509246826	0.0	0.0	14.496451377868652	-1.2495403289794922	343.21661376953125	340.81536865234375	0.05877525731921196	0.00017959315766110463
87	2349	-1.2297013998031616	0.0	0.0	9.994132995605469	-1.1957895755767822	343.5144958496094	341.1006774902344	0.05086512491106987	0.00017645434988288684
88	2376	-1.2116186618804932	0.0	0.0	12.482351303100586	-1.2283039093017578	355.72296142578125	353.36444091796875	0.06315456330776215	0.00017331299068078308
89	2403	-1.2353323698043823	0.0	0.0	13.101895332336426	-1.2566198110580444	332.61297607421875	330.14532470703125	0.047534458339214325	0.00017017459106627485
90	2430	-1.2213308811187744	0.0	0.0	9.988688468933105	-1.2303807735443115	341.0114440917969	338.54608154296875	0.0648476630449295	0.00016704465685872134
91	2457	-1.2581185102462769	0.0	0.0	11.916797637939453	-1.2509713172912598	327.8720397949219	325.27703857421875	0.04707975313067436	0.0001639286790262814
92	2484	-1.2393279075622559	0.0	0.0	9.763266563415527	-1.2867506742477417	329.399169921875	326.87921142578125	0.06770741194486618	0.0001608321240528895
93	2511	-1.2077772617340088	0.0	0.0	13.33421516418457	-1.2474911212921143	336.7755126953125	334.3661193847656	0.054508548229932785	0.00015776042434818542
94	2538	-1.2792418003082275	0.0	0.0	16.54947280883789	-1.265714168548584	331.71612548828125	329.23516845703125	0.061859339475631714	0.00015471896871722181
95	2565	-1.2721846103668213	0.0	0.0	8.213043212890625	-1.2832069396972656	325.1722106933594	322.591796875	0.054497044533491135	0.00015171309290666892
96	2592	-1.2898385524749756	0.0	0.0	13.982051849365234	-1.2761776447296143	314.3870849609375	311.8277282714844	0.054879024624824524	0.00014874807024410196
97	2619	-1.2605637311935425	0.0	0.0	10.679718971252441	-1.2736295461654663	308.9136962890625	306.3106994628906	0.04987884685397148	0.00014582910238679245
98	2646	-1.2896909713745117	0.0	0.0	17.164735794067383	-1.2698304653167725	309.41497802734375	306.78857421875	0.05390425771474838	0.0001429613101962342
99	2673	-1.2908676862716675	0.0	0.0	12.477046012878418	-1.2440146207809448	319.01995849609375	316.44415283203125	0.050551604479551315	0.00014014972475441165
100	2700	-1.3295400142669678	0.0	0.0	11.550622940063477	-1.2893401384353638	291.2786865234375	288.5927734375	0.061621665954589844	0.000137399278537573
101	2727	-1.3507471084594727	0.0	0.0	19.135963439941406	-1.3545479774475098	296.2153015136719	293.57293701171875	0.05463400110602379	0.00013471479676299046
102	2754	-1.3871821165084839	0.0	0.0	31.038135528564453	-1.3015336990356445	298.5098571777344	295.80426025390625	0.04664392024278641	0.00013210098892388962
103	2781	-1.3182227611541748	0.0	0.0	17.977006912231445	-1.3272098302841187	287.916748046875	285.1910095214844	0.05714194476604462	0.00012956244052739826
104	2808	-1.353430986404419	0.0	0.0	20.71357536315918	-1.3278164863586426	293.59600830078125	290.897705078125	0.04531634971499443	0.00012710360505000827
105	2835	-1.3535239696502686	0.0	0.0	31.91480255126953	-1.3502525091171265	292.98919677734375	290.29412841796875	0.08249546587467194	0.00012472879612466492
106	2862	-1.3503577709197998	0.0	0.0	23.58072280883789	-1.3713691234588623	284.01458740234375	281.2947692871094	0.04136339947581291	0.00012244217997318878
107	2889	-1.3665156364440918	0.0	0.0	36.58673858642578	-1.365598440170288	272.5007629394531	269.6934814453125	0.05584133788943291	0.00012024776809730691
108	2916	-1.3717739582061768	0.0	0.0	18.517353057861328	-1.3342151641845703	288.99017333984375	286.27032470703125	0.06753399968147278	0.00011814941024111579
109	2943	-1.4059340953826904	0.0	0.0	12.1657133102417	-1.3691753149032593	283.9495544433594	281.2342529296875	0.06332196295261383	0.00011615078763732197
110	2970	-1.3513858318328857	0.0	0.0	12.702547073364258	-1.398708701133728	268.7549743652344	265.92059326171875	0.06926850974559784	0.000114255406549109
111	2997	-1.3843978643417358	0.0	0.0	13.965275764465332	-1.3709938526153564	264.3937683105469	261.5705261230469	0.07235607504844666	0.00011246659211896043
112	3024	-1.4230083227157593	0.0	0.0	10.137532234191895	-1.3868255615234375	263.0662841796875	260.2369384765625	0.04928359016776085	0.00011078748253523003
113	3051	-1.3549163341522217	0.0	0.0	19.170734405517578	-1.3906407356262207	273.3359680175781	270.65618896484375	0.06521344184875488	0.00010922102352669286
114	3078	-1.400227427482605	0.0	0.0	15.097700119018555	-1.3943146467208862	269.4119873046875	266.6471862792969	0.058651357889175415	0.00010776996319473627
115	3105	-1.3900465965270996	0.0	0.0	38.91880798339844	-1.3983063697814941	271.39617919921875	268.6853942871094	0.08057816326618195	0.00010643684719225612
116	3132	-1.3930490016937256	0.0	0.0	29.5203914642334	-1.3849117755889893	259.067626953125	256.2044372558594	0.07762064784765244	0.00010522401425771664
117	3159	-1.4039477109909058	0.0	0.0	16.953489303588867	-1.4153776168823242	266.4996032714844	263.77783203125	0.08407576382160187	0.0001041335921122084
118	3186	-1.3597888946533203	0.0	0.0	11.396916389465332	-1.3735768795013428	261.4693908691406	258.6845703125	0.0798034593462944	0.00010316749372670254
119	3213	-1.3993520736694336	0.0	0.0	12.859054565429688	-1.3837207555770874	274.19488525390625	271.518310546875	0.07591082155704498	0.0001023274139660497
120	3240	-1.3900150060653687	0.0	0.0	16.138925552368164	-1.4422467947006226	254.2828369140625	251.49591064453125	0.0820310115814209	0.00010161482661561108
121	3267	-1.4048923254013062	0.0	0.0	18.09063720703125	-1.384347915649414	267.03472900390625	264.29876708984375	0.08169685304164886	0.00010103098179573815
122	3294	-1.4598058462142944	0.0	0.0	19.837692260742188	-1.4019063711166382	255.60000610351562	252.78440856933594	0.08647235482931137	0.00010057690376863677
123	3321	-1.439821481704712	0.0	0.0	18.232606887817383	-1.4171652793884277	252.0072479248047	249.19821166992188	0.08648137748241425	0.00010025338914146325
124	3348	-1.4456002712249756	0.0	0.0	13.002443313598633	-1.4226983785629272	253.6926727294922	250.89866638183594	0.08989319205284119	0.00010006100546880462
125	3375	-1.454172968864441	0.0	0.0	24.05337905883789	-1.4129114151000977	238.38995361328125	235.4969482421875	0.07039237022399902	0.00010000009025699517
# Best epoch: 124
