# epoch	step	nll	ecut	ecut_viol	grad_norm	val_nll	val_ecut	val_ecut_viol	val_ress_zx	LR
1	27	-1.1400296688079834	0.0	0.0	4.829040050506592	-1.151629090309143	1544.2059326171875	1543.693115234375	0.0	1.0237143666892609e-05
2	54	-1.8666715621948242	0.0	0.0	5.819826602935791	-1.8659576177597046	1503.3714599609375	1502.47900390625	0.0	1.094763738225795e-05
3	81	-2.4183237552642822	0.0	0.0	4.440443992614746	-2.4611802101135254	1462.24267578125	1460.8270263671875	0.0	1.2128672994680007e-05
4	108	-2.8548591136932373	0.0	0.0	6.3611860275268555	-2.8774466514587402	1427.766845703125	1425.52490234375	0.0	1.3775582585561007e-05
5	135	-3.1270742416381836	0.0	0.0	6.780864715576172	-3.167200803756714	1409.029052734375	1406.167724609375	0.0	1.588185691857728e-05
6	162	-3.3572826385498047	0.0	0.0	11.174993515014648	-3.39416766166687	1390.0892333984375	1386.7080078125	0.0	1.8439171166748666e-05
7	189	-3.5423598289489746	0.0	0.0	6.476815700531006	-3.604231595993042	1379.8076171875	1376.032958984375	0.0	2.143741781543827e-05
8	216	-3.8015646934509277	0.0	0.0	13.355813026428223	-3.8799874782562256	1364.859619140625	1360.6434326171875	0.0	2.4864746611237527e-05
9	243	-4.202330112457275	0.0	0.0	17.99796485900879	-4.267576217651367	1311.199462890625	1306.432373046875	0.0	2.870761139884165e-05
10	270	-4.701594352722168	0.0	0.0	10.052664756774902	-4.747881889343262	1228.014404296875	1222.93212890625	0.0	3.295082366079895e-05
11	297	-5.213427543640137	0.0	0.0	26.746192932128906	-5.262425422668457	1166.2379150390625	1160.4122314453125	0.0003333333588670939	3.7577612548522684e-05
12	324	-5.69248104095459	0.0	0.0	30.84385108947754	-5.695584774017334	1126.7503662109375	1120.2763671875	0.0006666667177341878	4.256969116729994e-05
13	351	-6.106691360473633	0.0	0.0	20.35097312927246	-6.178876876831055	1081.437255859375	1074.5386962890625	0.0003333333588670939	4.790732885331288e-05
14	378	-6.597328186035156	0.0	0.0	26.283599853515625	-6.520303249359131	1048.481689453125	1041.19091796875	0.0	5.356942915700472e-05
15	405	-6.883697032928467	0.0	0.0	24.50316047668457	-6.86506986618042	1000.2120971679688	992.1658935546875	0.0003333333588670939	5.953361322456993e-05
16	432	-7.261981964111328	0.0	0.0	38.46988296508789	-7.302279472351074	947.57666015625	939.2374877929688	0.0013485572999343276	6.577630824801178e-05
17	459	-7.400588035583496	0.0	0.0	70.89996337890625	-7.527366638183594	917.2049560546875	908.4208374023438	0.0011268630623817444	7.227284063417776e-05
18	486	-7.7664031982421875	0.0	0.0	54.8538932800293	-7.810311794281006	876.69482421875	867.5299072265625	0.00211993046104908	7.899753352453215e-05
19	513	-8.108732223510742	0.0	0.0	72.23003387451172	-8.09251880645752	820.9425659179688	811.658203125	0.0023261625319719315	8.592380828022916e-05
20	540	-8.34807014465332	0.0	0.0	64.0324478149414	-8.50056266784668	797.0633544921875	787.591064453125	0.0040230234153568745	9.302428953137767e-05
21	567	-8.476186752319336	0.0	0.0	61.000274658203125	-8.651399612426758	760.7946166992188	750.98486328125	0.0029296826105564833	0.00010027091337530103
22	594	-8.368810653686523	0.0	0.0	87.97626495361328	-8.541154861450195	734.234619140625	724.2415771484375	0.003389122663065791	0.00010763503829615015
23	621	-9.015104293823242	0.0	0.0	86.94390106201172	-8.926132202148438	706.0167236328125	695.7982788085938	0.007130013313144445	0.00011508755836747201
24	648	-9.029869079589844	0.0	0.0	54.170772552490234	-8.925474166870117	664.9369506835938	654.9664306640625	0.0036708104889839888	0.00012259901829031155
25	675	-9.180660247802734	0.0	0.0	72.43585205078125	-9.23991584777832	658.583740234375	648.1328125	0.008092209696769714	0.00013013972981217172
26	702	-9.350260734558105	0.0	0.0	84.90251159667969	-9.31931209564209	637.9451904296875	627.38623046875	0.00975007750093937	0.00013767988906669806
27	729	-9.405848503112793	0.0	0.0	78.47057342529297	-9.484204292297363	610.309326171875	599.7066650390625	0.009536556899547577	0.0001451896943703143
28	756	-9.744858741760254	0.0	0.0	67.85340118408203	-9.560041427612305	600.9188842773438	590.5687866210938	0.007112827152013779	0.00015263946401023132
29	783	-9.653968811035156	0.0	0.0	57.42091369628906	-9.50741195678711	567.049560546875	556.6923217773438	0.008647226728498936	0.00015999975355828383
30	810	-9.23885726928711	0.0	0.0	82.8161392211914	-9.260721206665039	552.6671142578125	541.942138671875	0.0037129903212189674	0.00016724147224692488
31	837	-9.788978576660156	0.0	0.0	116.87529754638672	-9.819872856140137	529.2185668945312	518.2996826171875	0.005930430255830288	0.00017433599794741407
32	864	-9.708438873291016	0.0	0.0	115.54411315917969	-10.012384414672852	544.9795532226562	534.041015625	0.007835879921913147	0.00018125529029576
33	891	-9.8215970993042	0.0	0.0	55.07881164550781	-9.82293701171875	503.8211364746094	492.45611572265625	0.01111745648086071	0.00018797200151929956
34	918	-9.96308708190918	0.0	0.0	73.82525634765625	-9.941843032836914	508.25128173828125	497.31134033203125	0.0074593620374798775	0.00019445958452588268
35	945	-9.907279014587402	0.0	0.0	97.05841064453125	-9.97998046875	501.92279052734375	491.12353515625	0.010809622704982758	0.00020069239782845172
36	972	-9.915624618530273	0.0	0.0	83.30611419677734	-9.930024147033691	484.469970703125	473.2273864746094	0.012481432408094406	0.00020664580689031296
37	999	-9.881281852722168	0.0	0.0	98.07929992675781	-10.120504379272461	456.00775146484375	444.6520690917969	0.009423770010471344	0.00021229628149054233
38	1026	-9.974596977233887	0.0	0.0	82.87230682373047	-9.694089889526367	469.8728942871094	458.406982421875	0.0031162132509052753	0.0002176214887247001
39	1053	-9.951284408569336	0.0	0.0	77.42610931396484	-9.845762252807617	462.4991149902344	451.0916442871094	0.007937534712255001	0.0002226003812732785
40	1080	-10.236860275268555	0.0	0.0	68.58927917480469	-10.119119644165039	444.14385986328125	432.72918701171875	0.013471361249685287	0.00022721328058901023
41	1107	-10.13260555267334	0.0	0.0	86.6539306640625	-10.032538414001465	438.141357421875	426.638916015625	0.01130819320678711	0.0002314419546742497
42	1134	-9.940929412841797	0.0	0.0	109.20066833496094	-10.231695175170898	433.0533142089844	421.7005310058594	0.014362990856170654	0.0002352696901410191
43	1161	-10.339618682861328	0.0	0.0	95.797119140625	-9.917816162109375	417.57098388671875	405.85284423828125	0.011911394074559212	0.00023868135826891025
44	1188	-10.051984786987305	0.0	0.0	71.58100891113281	-9.139758110046387	468.0367126464844	456.62939453125	0.004941282793879509	0.0002416634747997555
45	1215	-10.309700012207031	0.0	0.0	111.0618896484375	-10.494649887084961	390.9246520996094	379.07965087890625	0.014810114167630672	0.0002442042532327343
46	1242	-10.581384658813477	0.0	0.0	61.26518630981445	-10.587656021118164	378.6871032714844	366.7183837890625	0.009357545524835587	0.0002462936514092741
47	1269	-10.39101791381836	0.0	0.0	51.62852096557617	-10.595788955688477	384.13934326171875	372.613525390625	0.01242486946284771	0.0002479234112036218
48	1296	-10.394556045532227	0.0	0.0	116.49625396728516	-10.473705291748047	386.1617126464844	374.4444274902344	0.011540969833731651	0.0002490870911622143
49	1323	-10.690173149108887	0.0	0.0	82.8401107788086	-10.611703872680664	361.7366943359375	349.84765625	0.014226099476218224	0.00024978009196284376
50	1350	-10.57904052734375	0.0	0.0	68.32682037353516	-10.522035598754883	372.74560546875	360.9532165527344	0.013274594210088253	0.0002499999097430048
51	1377	-10.743395805358887	0.0	0.0	56.737003326416016	-10.652616500854492	351.6564636230469	339.4613952636719	0.01137795951217413	0.0002499292496279845
52	1404	-10.41580581665039	0.0	0.0	51.84445571899414	-10.29410457611084	359.78076171875	348.277587890625	0.016253961250185966	0.00024972713814798653
53	1431	-9.688682556152344	0.0	0.0	85.7191390991211	-9.549223899841309	405.3299255371094	394.0325927734375	0.009519475512206554	0.0002493939298752249
54	1458	-10.406648635864258	0.0	0.0	75.05057525634766	-10.451445579528809	358.61358642578125	347.20361328125	0.015358470380306244	0.0002489302093702348
55	1485	-10.3961181640625	0.0	0.0	72.24345397949219	-10.811610221862793	339.47698974609375	328.1658935546875	0.01941613480448723	0.0002483367901563554
56	1512	-10.730650901794434	0.0	0.0	68.97403717041016	-10.723127365112305	341.9462585449219	330.4051208496094	0.021189866587519646	0.000247614713292533
57	1539	-10.589164733886719	0.0	0.0	86.93771362304688	-10.677309036254883	312.02667236328125	300.07110595703125	0.02296534925699234	0.0002467652455469501
58	1566	-10.92944622039795	0.0	0.0	73.76836395263672	-10.779964447021484	305.59014892578125	293.55072021484375	0.008029281161725521	0.0002457898771746836
59	1593	-10.792086601257324	0.0	0.0	78.20166778564453	-10.559490203857422	308.4192810058594	296.147705078125	0.00876753218472004	0.0002446903193032908
60	1620	-11.059779167175293	0.0	0.0	74.412841796875	-10.945856094360352	280.81134033203125	268.3052978515625	0.01937118172645569	0.00024346850093091035
61	1647	-10.882795333862305	0.0	0.0	75.9630355834961	-10.919740676879883	279.5486145019531	267.0613708496094	0.024721575900912285	0.00024212656554214415
62	1674	-10.487117767333984	0.0	0.0	129.8131103515625	-10.820536613464355	307.442138671875	295.76995849609375	0.013587730936706066	0.0002406668673476568
63	1701	-9.93681526184082	0.0	0.0	212.55435180664062	-10.0271635055542	320.3353271484375	308.56488037109375	0.004889167379587889	0.00023909196715409025
64	1728	-11.1275634765625	0.0	0.0	58.427555084228516	-10.945597648620605	277.4439392089844	265.07733154296875	0.012318840250372887	0.0002374046278715386
65	1755	-11.002126693725586	0.0	0.0	130.91961669921875	-10.939897537231445	264.4698181152344	251.9142303466797	0.029627665877342224	0.0002356078096664652
66	1782	-11.135488510131836	0.0	0.0	59.9456787109375	-11.049650192260742	267.58551025390625	255.32760620117188	0.01832236722111702	0.0002337046647685648
67	1809	-10.711957931518555	0.0	0.0	87.62734985351562	-10.666467666625977	277.57464599609375	265.4447937011719	0.011277858167886734	0.00023169853194068108
68	1836	-10.187095642089844	0.0	0.0	108.79490661621094	-9.999509811401367	300.5893249511719	288.9111022949219	0.011994320899248123	0.0002295929306214829
69	1863	-10.773841857910156	0.0	0.0	90.99004364013672	-10.926841735839844	257.0521240234375	244.64193725585938	0.021003950387239456	0.0002273915547511721
70	1890	-10.741950988769531	0.0	0.0	119.76176452636719	-10.924016952514648	253.74285888671875	241.35537719726562	0.02303062193095684	0.00022509826629105785
71	1917	-10.757803916931152	0.0	0.0	58.321380615234375	-10.597875595092773	268.66424560546875	256.4705505371094	0.017898162826895714	0.0002227170884483638
72	1944	-10.026472091674805	0.0	0.0	67.49203491210938	-9.83848762512207	317.1494140625	305.52630615234375	0.010850315913558006	0.0002202521986181557
73	1971	-10.306081771850586	0.0	0.0	88.01625061035156	-10.516680717468262	276.18994140625	264.27899169921875	0.013751216232776642	0.00021770792105477095
74	1998	-11.147003173828125	0.0	0.0	105.23226165771484	-11.241310119628906	235.22032165527344	222.66073608398438	0.04048258811235428	0.00021508871928560704
75	2025	-11.062666893005371	0.0	0.0	47.01185607910156	-11.092574119567871	234.96258544921875	222.29598999023438	0.028079954907298088	0.00021239918828057787
76	2052	-11.206232070922852	0.0	0.0	75.51885223388672	-11.240286827087402	229.0230712890625	216.4788818359375	0.02652556262910366	0.00020964404639097492
77	2079	-11.08906078338623	0.0	0.0	290.32598876953125	-10.956281661987305	243.8394775390625	231.4031982421875	0.015876971185207367	0.00020682812707187618
78	2106	-10.439181327819824	0.0	0.0	103.57990264892578	-10.631879806518555	260.39764404296875	248.4456024169922	0.013729594647884369	0.0002039563704026231
79	2133	-11.329501152038574	0.0	0.0	55.53185272216797	-11.269389152526855	214.7344970703125	201.8800048828125	0.00974352192133665	0.00020103381442024303
80	2160	-11.109498977661133	0.0	0.0	64.23950958251953	-10.883326530456543	238.16416931152344	225.6151123046875	0.01635536551475525	0.0001980655862810203
81	2187	-10.797704696655273	0.0	0.0	112.83258819580078	-10.830302238464355	244.44189453125	232.25247192382812	0.021573862060904503	0.00019505689326572176
82	2214	-11.152793884277344	0.0	0.0	138.25640869140625	-11.146574020385742	226.8631591796875	214.28915405273438	0.02366488054394722	0.00019201301364425705
83	2241	-10.726682662963867	0.0	0.0	187.7660369873047	-10.45421028137207	244.239501953125	232.0073699951172	0.018270811066031456	0.0001889392874157994
84	2268	-10.555303573608398	0.0	0.0	392.7334899902344	-10.418883323669434	278.58111572265625	266.905517578125	0.01512395590543747	0.00018584110694061274
85	2295	-11.41498851776123	0.0	0.0	206.57257080078125	-11.35029411315918	196.6781005859375	183.62030029296875	0.02812732383608818	0.00018272390748001933
86	2322	-11.460790634155273	0.0	0.0	54.13630676269531	-11.431001663208008	207.3040008544922	194.61660766601562	0.013275611214339733	0.00017959315766110463
87	2349	-11.187889099121094	0.0	0.0	137.2099609375	-11.031707763671875	203.63555908203125	190.15289306640625	0.02057190239429474	0.00017645434988288684
88	2376	-11.281152725219727	0.0	0.0	209.52679443359375	-11.502315521240234	204.37596130371094	191.5208740234375	0.020029155537486076	0.00017331299068078308
89	2403	-11.624382019042969	0.0	0.0	98.84989166259766	-11.588544845581055	186.39520263671875	173.324462890625	0.030932970345020294	0.00017017459106627485
90	2430	-11.519535064697266	0.0	0.0	260.8205261230469	-11.188815116882324	199.69271850585938	186.3995361328125	0.00891979318112135	0.00016704465685872134
91	2457	-11.564360618591309	0.0	0.0	205.82235717773438	-11.509039878845215	192.71856689453125	179.81951904296875	0.033158376812934875	0.0001639286790262814
92	2484	-11.517462730407715	0.0	0.0	125.25068664550781	-11.49078369140625	177.4239959716797	164.18637084960938	0.025158826261758804	0.0001608321240528895
93	2511	-10.952837944030762	0.0	0.0	166.46234130859375	-10.782577514648438	253.6000213623047	241.75596618652344	0.01782204769551754	0.00015776042434818542
94	2538	-10.246169090270996	0.0	0.0	113.40715789794922	-10.010405540466309	280.3076477050781	268.6285400390625	0.015233395621180534	0.00015471896871722181
95	2565	-10.662139892578125	0.0	0.0	79.71200561523438	-10.5307035446167	243.524169921875	231.44833374023438	0.0052041709423065186	0.00015171309290666892
96	2592	-10.460180282592773	0.0	0.0	115.251220703125	-10.6575927734375	240.32269287109375	228.17117309570312	0.016426794230937958	0.00014874807024410196
97	2619	-10.247716903686523	0.0	0.0	88.8470687866211	-10.337760925292969	237.73245239257812	225.7789306640625	0.01577860116958618	0.00014582910238679245
98	2646	-10.960716247558594	0.0	0.0	139.1080322265625	-10.569899559020996	207.72532653808594	195.3182830810547	0.018387358635663986	0.0001429613101962342
99	2673	-9.816872596740723	0.0	0.0	341.65838623046875	-9.738754272460938	262.34576416015625	250.65487670898438	0.005726768635213375	0.00014014972475441165
100	2700	-10.157724380493164	0.0	0.0	107.37330627441406	-10.499078750610352	244.7400360107422	232.9779052734375	0.015394428744912148	0.000137399278537573
101	2727	-10.904277801513672	0.0	0.0	97.56564331054688	-11.08360481262207	196.1092529296875	183.7180633544922	0.018820343539118767	0.00013471479676299046
102	2754	-11.18921947479248	0.0	0.0	97.38802337646484	-11.06513500213623	184.0048828125	171.19387817382812	0.019710926339030266	0.00013210098892388962
103	2781	-11.263834953308105	0.0	0.0	99.7491226196289	-11.350290298461914	178.8214569091797	166.08013916015625	0.009847452864050865	0.00012956244052739826
104	2808	-10.977636337280273	0.0	0.0	377.84613037109375	-11.081993103027344	175.7088623046875	162.6104736328125	0.025956477969884872	0.00012710360505000827
105	2835	-11.306922912597656	0.0	0.0	67.72378540039062	-11.416110038757324	166.5869140625	153.5990447998047	0.021108243614435196	0.00012472879612466492
106	2862	-11.446846008300781	0.0	0.0	168.589111328125	-11.541326522827148	155.86175537109375	142.53004455566406	0.02443387173116207	0.00012244217997318878
107	2889	-11.602910995483398	0.0	0.0	123.3113784790039	-11.699442863464355	150.28414916992188	136.82177734375	0.03163986653089523	0.00012024776809730691
108	2916	-11.729728698730469	0.0	0.0	437.865478515625	-11.283770561218262	161.9391326904297	148.55029296875	0.01998661272227764	0.00011814941024111579
109	2943	-11.676179885864258	0.0	0.0	49.24661636352539	-11.697206497192383	172.765625	159.58551025390625	0.03440037742257118	0.00011615078763732197
110	2970	-11.891119003295898	0.0	0.0	118.31957244873047	-11.842117309570312	156.23838806152344	142.95266723632812	0.030351515859365463	0.000114255406549109
111	2997	-11.95225715637207	0.0	0.0	85.84456634521484	-11.845592498779297	151.5142059326172	138.1248016357422	0.03811488300561905	0.00011246659211896043
112	3024	-11.894941329956055	0.0	0.0	67.45272827148438	-11.936777114868164	148.00254821777344	134.56515502929688	0.054704658687114716	0.00011078748253523003
113	3051	-11.870222091674805	0.0	0.0	154.6192626953125	-11.874129295349121	148.9338836669922	135.44143676757812	0.04221950098872185	0.00010922102352669286
114	3078	-11.909915924072266	0.0	0.0	269.16094970703125	-11.777091979980469	143.06320190429688	129.37637329101562	0.022031834349036217	0.00010776996319473627
115	3105	-11.837377548217773	0.0	0.0	184.7359619140625	-11.88556957244873	151.2579803466797	137.9410400390625	0.03503386676311493	0.00010643684719225612
116	3132	-11.64602279663086	0.0	0.0	89.7206039428711	-11.903522491455078	137.43911743164062	123.7594223022461	0.022113263607025146	0.00010522401425771664
117	3159	-11.92502212524414	0.0	0.0	207.18040466308594	-11.88563346862793	154.37486267089844	140.98126220703125	0.043195467442274094	0.0001041335921122084
118	3186	-11.923480987548828	0.0	0.0	339.7301025390625	-11.792390823364258	147.38351440429688	133.785400390625	0.04379475861787796	0.00010316749372670254
119	3213	-11.727659225463867	0.0	0.0	446.996826171875	-11.536977767944336	157.11227416992188	143.44076538085938	0.032448362559080124	0.0001023274139660497
120	3240	-11.626188278198242	0.0	0.0	412.57257080078125	-11.68905258178711	153.95928955078125	140.4359130859375	0.03048677369952202	0.00010161482661561108
121	3267	-11.387091636657715	0.0	0.0	165.99771118164062	-11.458697319030762	158.6690216064453	145.10702514648438	0.01787830889225006	0.00010103098179573815
122	3294	-11.231066703796387	0.0	0.0	123.9610366821289	-11.225642204284668	182.1564178466797	169.18304443359375	0.021205708384513855	0.00010057690376863677
123	3321	-11.349899291992188	0.0	0.0	442.1889343261719	-11.406829833984375	172.58163452148438	159.57131958007812	0.026280563324689865	0.00010025338914146325
124	3348	-11.438613891601562	0.0	0.0	988.4810180664062	-11.359785079956055	168.700439453125	155.64840698242188	0.03468425199389458	0.00010006100546880462
125	3375	-11.415029525756836	0.0	0.0	369.7314147949219	-11.379140853881836	176.4386444091797	163.23098754882812	0.025480283424258232	0.00010000009025699517
# Best epoch: 112
