# target rep seed eff_generation RESS eff_identity best_epoch best_val_RESS train_h dataset_indices
  50000   0    0 0.285100 0.083423 0.005400  118 0.116365 1.1516 50000,26000,2000
  50000   1    1 0.258800 0.074949 0.006300  111 0.109386 1.1593 50000,26000,2000
  50000   2    2 0.293600 0.086865 0.006800  107 0.117561 1.1611 50000,26000,2000
  50000   3    3 0.290100 0.065292 0.007700  118 0.110146 1.1506 50000,26000,2000
  50000   4    4 0.314000 0.029711 0.006300  117 0.137896 1.1506 50000,26000,2000
  50000   5    5 0.291300 0.072104 0.006400  119 0.115523 1.1519 50000,26000,2000
  50000   6    6 0.271900 0.067185 0.005200  111 0.103829 1.1604 50000,26000,2000
  50000   7    7 0.265600 0.066309 0.006600  104 0.098670 1.1655 50000,26000,2000
  50000   8    8 0.278900 0.064571 0.005900  119 0.095294 1.1574 50000,26000,2000
  50000   9    9 0.317600 0.067210 0.006000  118 0.104006 1.1667 50000,26000,2000
 150000   0    0 0.239300 0.010063 0.000000  105 0.072540 1.1692 150000,126000,102000
 150000   1    1 0.187000 0.014601 0.000000  111 0.061372 1.2103 150000,126000,102000
 150000   2    2 0.169900 0.010252 0.000000  109 0.062584 1.1752 150000,126000,102000
 150000   3    3 0.257300 0.034045 0.000000  118 0.097310 1.1521 150000,126000,102000
 150000   4    4 0.247500 0.006558 0.000000  119 0.076272 1.1591 150000,126000,102000
 150000   5    5 0.216500 0.034897 0.000000  105 0.080182 1.1682 150000,126000,102000
 150000   6    6 0.271900 0.066452 0.000000  116 0.100306 1.1700 150000,126000,102000
 150000   7    7 0.218200 0.044976 0.000000  121 0.081379 1.1605 150000,126000,102000
 150000   8    8 0.203900 0.043707 0.000000  117 0.064979 1.1582 150000,126000,102000
 150000   9    9 0.155700 0.033403 0.000000  112 0.044240 1.1705 150000,126000,102000
 250000   0    0 0.396700 0.084005 0.000000  125 0.162299 1.1606 250000,226000,202000
 250000   1    1 0.292100 0.041250 0.000000  119 0.123695 1.1670 250000,226000,202000
 250000   2    2 0.379800 0.114129 0.000000  120 0.147383 1.1606 250000,226000,202000
 250000   3    3 0.297200 0.099683 0.000000  112 0.116179 1.1855 250000,226000,202000
 250000   4    4 0.296400 0.074143 0.000000  120 0.127307 1.1535 250000,226000,202000
 250000   5    5 0.291300 0.074420 0.000000  118 0.135857 1.1718 250000,226000,202000
 250000   6    6 0.266100 0.095244 0.000000  111 0.105759 1.1570 250000,226000,202000
 250000   7    7 0.303100 0.082518 0.000000  119 0.119839 1.1570 250000,226000,202000
 250000   8    8 0.401400 0.122015 0.000000  114 0.158332 1.1685 250000,226000,202000
 250000   9    9 0.314100 0.020381 0.000000  125 0.136844 1.1698 250000,226000,202000
 350000   0    0 0.229400 0.046955 0.000000  113 0.097223 1.1633 350000,326000,302000
 350000   1    1 0.428900 0.186555 0.000000  117 0.204224 1.1562 350000,326000,302000
 350000   2    2 0.305000 0.143615 0.000000  115 0.171823 1.1618 350000,326000,302000
 350000   3    3 0.361400 0.083527 0.000000  109 0.155004 1.1599 350000,326000,302000
 350000   4    4 0.241900 0.105679 0.000000  125 0.143120 1.1693 350000,326000,302000
 350000   5    5 0.465200 0.155944 0.000000  121 0.190592 1.1571 350000,326000,302000
 350000   6    6 0.145700 0.072266 0.000000  121 0.077533 1.1545 350000,326000,302000
 350000   7    7 0.307200 0.072703 0.000000  122 0.122837 1.1629 350000,326000,302000
 350000   8    8 0.210700 0.071857 0.000000  125 0.090538 1.1709 350000,326000,302000
 350000   9    9 0.380400 0.158857 0.000000  122 0.179991 1.1562 350000,326000,302000
 450000   0    0 0.156400 0.054009 0.000000  115 0.088718 1.1700 450000,426000,402000
 450000   1    1 0.356600 0.138288 0.000000  121 0.191283 1.1498 450000,426000,402000
 450000   2    2 0.201600 0.032461 0.000000  116 0.064706 1.1656 450000,426000,402000
 450000   3    3 0.202900 0.097643 0.000000  117 0.116019 1.1646 450000,426000,402000
 450000   4    4 0.310000 0.104718 0.000000  122 0.187641 1.1544 450000,426000,402000
 450000   5    5 0.522300 0.223074 0.000000  115 0.254543 1.1531 450000,426000,402000
 450000   6    6 0.291200 0.087501 0.000000  121 0.192423 1.1582 450000,426000,402000
 450000   7    7 0.454700 0.171363 0.000000  122 0.217904 1.1692 450000,426000,402000
 450000   8    8 0.232700 0.101962 0.000000  123 0.115173 1.1577 450000,426000,402000
 450000   9    9 0.277700 0.077029 0.000000  124 0.114657 1.1531 450000,426000,402000
