# Generation 18

0 0.00325
1 0.00785
2 0.012
3 0.0142
4 0.01965
5 0.02385
6 0.03035
7 0.03535
8 0.04005
9 0.05165
10 0.0577
11 0.06225
12 0.0626
13 0.06475
14 0.06865
15 0.0754
16 0.0871
17 0.0977
18 0.1048
19 0.1101
20 0.1197
21 0.12875
22 0.13355
23 0.1397
24 0.1433
25 0.1485
26 0.1568
27 0.1714
28 0.1801
29 0.18155
30 0.1904
31 0.1953
32 0.197
33 0.2064
34 0.20855
35 0.217
36 0.21835
37 0.21925
38 0.2259
39 0.22875
40 0.23365
41 0.2415
42 0.245
43 0.25065
44 0.258
45 0.2604
46 0.2664
47 0.2743
48 0.2806
49 0.28505
50 0.295
51 0.30075
52 0.30575
53 0.31435
54 0.324
55 0.3313
56 0.33875
57 0.34345
58 0.35095
59 0.35795
60 0.3637
61 0.36835
62 0.3731
63 0.38115
64 0.38405
65 0.38845
66 0.38855
67 0.39235
68 0.3979
69 0.40585
70 0.4114
71 0.41255
72 0.41665
73 0.4203
74 0.42795
75 0.4341
76 0.43915
77 0.4492
78 0.45155
79 0.45915
80 0.46035
81 0.4654
82 0.4756
83 0.4843
84 0.49935
85 0.50225
86 0.50835
87 0.5136
88 0.5155
89 0.52165
90 0.5274
91 0.5282
92 0.5357
93 0.5402
94 0.5425
95 0.5456
96 0.5541
97 0.56355
98 0.5679
99 0.5719
100 0.5768
101 0.578
102 0.58035
103 0.5828
104 0.59045
105 0.59765
106 0.59895
107 0.6005
108 0.60985
109 0.6142
110 0.6153
111 0.61995
112 0.625
113 0.6321
114 0.6412
115 0.64265
116 0.65035
117 0.6533
118 0.65735
119 0.66265
120 0.6668
121 0.6742
122 0.67455
123 0.67685
124 0.6784
125 0.6812
126 0.68655
127 0.69
128 0.70315
129 0.71105
130 0.7153
131 0.7214
132 0.72255
133 0.72505
134 0.72715
135 0.7325
136 0.7347
137 0.73815
138 0.7428
139 0.75405
140 0.7585
141 0.76205
142 0.76515
143 0.76655
144 0.7706
145 0.7792
146 0.7839
147 0.79105
148 0.7977
149 0.7991
150 0.7999
151 0.8003
152 0.8058
153 0.8075
154 0.81535
155 0.8189
156 0.821
157 0.83095
158 0.83245
159 0.8329
160 0.84075
161 0.84875
162 0.8545
163 0.85985
164 0.8641
165 0.8661
166 0.86715
167 0.86845
168 0.87015
169 0.8718
170 0.8746
171 0.87815
172 0.8795
173 0.88045
174 0.88375
175 0.89205
176 0.89375
177 0.9008
178 0.90735
179 0.9081
180 0.9087
181 0.91475
182 0.91975
183 0.928
184 0.9381
185 0.94425
186 0.94875
187 0.95925
188 0.96145
189 0.96825
190 0.97365
191 0.97455
192 0.98415
193 0.9944
194 1.0011
# Generated pool n. 18 for Umax = 2.174683094024658
# Generated a biased pool of 20000 with an acceptance of 0.3260509669780731
# Generated a pool of 20000 with an acceptance of 0.005133846153846149
# Generation repeated 195 times
# Average relative effective sample size: 0.0674857571721077
# Generation efficiency: 0.005128205128205128
