# Generation 6

0 0.00685
1 0.0177
2 0.0191
3 0.02255
4 0.02615
5 0.0379
6 0.0414
7 0.0502
8 0.0574
9 0.065
10 0.07615
11 0.07985
12 0.0837
13 0.0887
14 0.0942
15 0.0958
16 0.0997
17 0.10125
18 0.1047
19 0.1109
20 0.1194
21 0.12495
22 0.13015
23 0.13725
24 0.14115
25 0.1438
26 0.1466
27 0.15215
28 0.16155
29 0.16335
30 0.1699
31 0.17605
32 0.17785
33 0.18275
34 0.1892
35 0.1914
36 0.19565
37 0.20185
38 0.2059
39 0.2135
40 0.2198
41 0.2311
42 0.2351
43 0.2374
44 0.24635
45 0.25545
46 0.25965
47 0.26665
48 0.2721
49 0.27245
50 0.2756
51 0.281
52 0.2855
53 0.28735
54 0.28915
55 0.2954
56 0.29795
57 0.30275
58 0.3095
59 0.3157
60 0.32285
61 0.3299
62 0.33495
63 0.34345
64 0.34785
65 0.35095
66 0.3523
67 0.3578
68 0.36375
69 0.366
70 0.3716
71 0.37855
72 0.3799
73 0.3837
74 0.39005
75 0.39915
76 0.40245
77 0.40355
78 0.4069
79 0.4107
80 0.41675
81 0.4181
82 0.42485
83 0.43225
84 0.43385
85 0.43815
86 0.44545
87 0.45265
88 0.4572
89 0.46265
90 0.4693
91 0.4794
92 0.486
93 0.49325
94 0.49665
95 0.50015
96 0.51055
97 0.51755
98 0.5206
99 0.52225
100 0.5258
101 0.52835
102 0.5325
103 0.53515
104 0.53895
105 0.5417
106 0.549
107 0.55115
108 0.5543
109 0.56875
110 0.57595
111 0.58085
112 0.58785
113 0.59105
114 0.59715
115 0.60545
116 0.61015
117 0.61465
118 0.6247
119 0.63435
120 0.6363
121 0.64405
122 0.65105
123 0.6548
124 0.6569
125 0.6631
126 0.6685
127 0.66925
128 0.67235
129 0.67395
130 0.67945
131 0.68755
132 0.6976
133 0.7011
134 0.70535
135 0.7098
136 0.7119
137 0.71425
138 0.718
139 0.7219
140 0.7249
141 0.72995
142 0.7351
143 0.73925
144 0.74685
145 0.75835
146 0.76055
147 0.76545
148 0.77165
149 0.7807
150 0.78575
151 0.7973
152 0.80555
153 0.8059
154 0.8104
155 0.81785
156 0.81925
157 0.8254
158 0.8338
159 0.8402
160 0.8441
161 0.8458
162 0.8468
163 0.8548
164 0.8582
165 0.8673
166 0.8761
167 0.88415
168 0.889
169 0.8961
170 0.89965
171 0.9068
172 0.90915
173 0.91265
174 0.9191
175 0.9246
176 0.93125
177 0.93275
178 0.9391
179 0.9441
180 0.94675
181 0.9536
182 0.9564
183 0.9602
184 0.96935
185 0.97475
186 0.97515
187 0.9812
188 0.9871
189 0.9918
190 0.99835
191 1.00355
# Generated pool n. 6 for Umax = 359.2182312011719
# Generated a biased pool of 20000 with an acceptance of 0.36307549476623535
# Generated a pool of 20000 with an acceptance of 0.005226822916666665
# Generation repeated 192 times
# Average relative effective sample size: 0.06366684287786484
# Generation efficiency: 0.005208333333333333
