# Generation 31

0 0.0121
1 0.0182
2 0.0217
3 0.02585
4 0.03115
5 0.0371
6 0.0387
7 0.0457
8 0.0541
9 0.06395
10 0.07285
11 0.0783
12 0.08565
13 0.0942
14 0.10165
15 0.10735
16 0.11385
17 0.1158
18 0.12695
19 0.1363
20 0.1538
21 0.15595
22 0.16425
23 0.1777
24 0.18775
25 0.1907
26 0.19855
27 0.2078
28 0.21
29 0.2242
30 0.23665
31 0.2472
32 0.2542
33 0.25995
34 0.26945
35 0.2783
36 0.2837
37 0.2853
38 0.29025
39 0.29855
40 0.3054
41 0.30735
42 0.31175
43 0.3174
44 0.3235
45 0.3307
46 0.3425
47 0.35365
48 0.35595
49 0.36575
50 0.3679
51 0.37295
52 0.3776
53 0.38355
54 0.39235
55 0.39855
56 0.40645
57 0.41405
58 0.4204
59 0.4319
60 0.4418
61 0.45115
62 0.45245
63 0.4537
64 0.46195
65 0.46815
66 0.4686
67 0.4815
68 0.49205
69 0.5
70 0.5127
71 0.51755
72 0.52115
73 0.52675
74 0.53225
75 0.53855
76 0.55155
77 0.5565
78 0.5617
79 0.5658
80 0.5743
81 0.582
82 0.5934
83 0.59395
84 0.59645
85 0.60295
86 0.608
87 0.61945
88 0.6236
89 0.6359
90 0.64415
91 0.6491
92 0.65785
93 0.66955
94 0.6748
95 0.67835
96 0.68935
97 0.69655
98 0.702
99 0.71705
100 0.72175
101 0.7301
102 0.7396
103 0.7507
104 0.7511
105 0.76365
106 0.7737
107 0.78265
108 0.79215
109 0.80365
110 0.8089
111 0.81455
112 0.81895
113 0.82875
114 0.8373
115 0.8454
116 0.85585
117 0.8631
118 0.86455
119 0.87245
120 0.87455
121 0.8858
122 0.89195
123 0.905
124 0.9161
125 0.92765
126 0.93355
127 0.93615
128 0.9449
129 0.9562
130 0.9637
131 0.96655
132 0.97305
133 0.9874
134 0.9899
135 0.998
136 1.006
# Generated pool n. 31 for Umax = -13.429558753967285
# Generated a biased pool of 20000 with an acceptance of 0.3252285122871399
# Generated a pool of 20000 with an acceptance of 0.0073430656934306525
# Generation repeated 137 times
# Average relative effective sample size: 0.11638478189706802
# Generation efficiency: 0.0072992700729927005
