# Generation 35

0 0.0057
1 0.01125
2 0.0209
3 0.02605
4 0.03095
5 0.03275
6 0.0386
7 0.0424
8 0.045
9 0.04795
10 0.05125
11 0.05405
12 0.05655
13 0.0593
14 0.06
15 0.06195
16 0.0698
17 0.0739
18 0.08185
19 0.08665
20 0.09295
21 0.10125
22 0.10715
23 0.1082
24 0.1155
25 0.1187
26 0.1228
27 0.1325
28 0.1407
29 0.14505
30 0.15115
31 0.15435
32 0.16125
33 0.1688
34 0.17205
35 0.18
36 0.18355
37 0.18745
38 0.192
39 0.1956
40 0.2035
41 0.20365
42 0.2095
43 0.21315
44 0.21995
45 0.22845
46 0.2368
47 0.2389
48 0.24345
49 0.2473
50 0.2533
51 0.26065
52 0.26685
53 0.2762
54 0.27905
55 0.28245
56 0.2835
57 0.29135
58 0.29615
59 0.30145
60 0.3092
61 0.3148
62 0.31885
63 0.32335
64 0.3281
65 0.3357
66 0.3491
67 0.35535
68 0.3605
69 0.373
70 0.3774
71 0.38
72 0.38485
73 0.3904
74 0.39355
75 0.39375
76 0.4011
77 0.40645
78 0.41035
79 0.4146
80 0.4197
81 0.42155
82 0.42595
83 0.42965
84 0.4322
85 0.43925
86 0.44135
87 0.44675
88 0.45555
89 0.46595
90 0.4761
91 0.4823
92 0.48485
93 0.48855
94 0.49095
95 0.49435
96 0.5035
97 0.5128
98 0.519
99 0.5224
100 0.5237
101 0.5282
102 0.5392
103 0.5412
104 0.5512
105 0.5599
106 0.5646
107 0.57045
108 0.58085
109 0.5872
110 0.58895
111 0.5902
112 0.5952
113 0.60265
114 0.6085
115 0.6134
116 0.61825
117 0.6229
118 0.62585
119 0.63105
120 0.637
121 0.6431
122 0.64515
123 0.6504
124 0.65795
125 0.669
126 0.67495
127 0.6808
128 0.6884
129 0.695
130 0.7002
131 0.70935
132 0.71305
133 0.718
134 0.72275
135 0.73
136 0.73235
137 0.7399
138 0.741
139 0.7429
140 0.75
141 0.7583
142 0.76255
143 0.76495
144 0.7661
145 0.7691
146 0.77745
147 0.77985
148 0.7864
149 0.78815
150 0.7901
151 0.79395
152 0.7962
153 0.80015
154 0.80895
155 0.8133
156 0.82105
157 0.82675
158 0.8321
159 0.8364
160 0.84085
161 0.8523
162 0.8593
163 0.8621
164 0.8652
165 0.87305
166 0.88115
167 0.8864
168 0.8878
169 0.90055
170 0.90395
171 0.90885
172 0.91235
173 0.9164
174 0.9266
175 0.9297
176 0.9334
177 0.9352
178 0.94535
179 0.95035
180 0.9627
181 0.9682
182 0.9696
183 0.9764
184 0.9794
185 0.982
186 0.98425
187 0.98905
188 1.00155
# Generated pool n. 35 for Umax = -14.171727180480957
# Generated a biased pool of 20000 with an acceptance of 0.3477534353733063
# Generated a pool of 20000 with an acceptance of 0.005299206349206348
# Generation repeated 189 times
# Average relative effective sample size: 0.07887832820415497
# Generation efficiency: 0.005291005291005291
