# Generation 29

0 0.01245
1 0.0208
2 0.0247
3 0.03555
4 0.04595
5 0.0555
6 0.06675
7 0.07695
8 0.0819
9 0.08525
10 0.09595
11 0.1142
12 0.127
13 0.1287
14 0.1306
15 0.1397
16 0.144
17 0.1492
18 0.15265
19 0.16115
20 0.17105
21 0.17475
22 0.18125
23 0.1916
24 0.21535
25 0.2212
26 0.2357
27 0.24635
28 0.2489
29 0.2692
30 0.28945
31 0.3045
32 0.3112
33 0.32105
34 0.3327
35 0.34045
36 0.34635
37 0.3476
38 0.35035
39 0.36515
40 0.37445
41 0.3872
42 0.3882
43 0.3988
44 0.40855
45 0.41885
46 0.42645
47 0.42875
48 0.43885
49 0.45005
50 0.459
51 0.46545
52 0.4834
53 0.4957
54 0.50965
55 0.51705
56 0.5345
57 0.54965
58 0.55115
59 0.5562
60 0.56315
61 0.57665
62 0.58145
63 0.59195
64 0.60365
65 0.6147
66 0.63295
67 0.6496
68 0.66105
69 0.6718
70 0.6776
71 0.69075
72 0.6998
73 0.7054
74 0.71885
75 0.72905
76 0.73815
77 0.7511
78 0.7559
79 0.77185
80 0.7739
81 0.7813
82 0.786
83 0.79005
84 0.80075
85 0.8161
86 0.82945
87 0.8384
88 0.8467
89 0.8555
90 0.8612
91 0.8817
92 0.8922
93 0.9001
94 0.90505
95 0.9148
96 0.9205
97 0.92895
98 0.9452
99 0.95445
100 0.96535
101 0.9728
102 0.9845
103 0.98955
104 0.99315
105 0.9963
106 1.00975
# Generated pool n. 29 for Umax = -12.803476333618164
# Generated a biased pool of 20000 with an acceptance of 0.36957889795303345
# Generated a pool of 20000 with an acceptance of 0.009436915887850467
# Generation repeated 107 times
# Average relative effective sample size: 0.15055128931999207
# Generation efficiency: 0.009345794392523364
