# Generation 28

0 0.0081
1 0.01675
2 0.02015
3 0.03015
4 0.04245
5 0.0498
6 0.05555
7 0.06425
8 0.07985
9 0.09165
10 0.10135
11 0.1089
12 0.1156
13 0.12595
14 0.1387
15 0.1529
16 0.16525
17 0.1751
18 0.18665
19 0.19645
20 0.19695
21 0.20475
22 0.2153
23 0.21785
24 0.233
25 0.2482
26 0.25875
27 0.26875
28 0.27385
29 0.2769
30 0.2838
31 0.2881
32 0.3013
33 0.3087
34 0.32075
35 0.3245
36 0.334
37 0.3387
38 0.3449
39 0.354
40 0.36265
41 0.376
42 0.38445
43 0.3932
44 0.39865
45 0.40935
46 0.4212
47 0.4338
48 0.439
49 0.4533
50 0.4602
51 0.46385
52 0.4837
53 0.49835
54 0.5106
55 0.5131
56 0.52645
57 0.53325
58 0.5423
59 0.54565
60 0.55335
61 0.56705
62 0.57575
63 0.5797
64 0.5898
65 0.5983
66 0.5999
67 0.60845
68 0.6217
69 0.63015
70 0.6377
71 0.6474
72 0.65905
73 0.667
74 0.67445
75 0.67835
76 0.68965
77 0.70325
78 0.71745
79 0.72625
80 0.73185
81 0.73475
82 0.7457
83 0.75465
84 0.76125
85 0.7759
86 0.78635
87 0.79105
88 0.796
89 0.80535
90 0.81975
91 0.83485
92 0.85165
93 0.8653
94 0.8765
95 0.88265
96 0.88705
97 0.90335
98 0.90745
99 0.92105
100 0.93365
101 0.9443
102 0.94775
103 0.9487
104 0.9641
105 0.9653
106 0.97155
107 0.975
108 0.98765
109 1.00165
# Generated pool n. 28 for Umax = -12.391956329345703
# Generated a biased pool of 20000 with an acceptance of 0.3313645124435425
# Generated a pool of 20000 with an acceptance of 0.009105909090909088
# Generation repeated 110 times
# Average relative effective sample size: 0.13640716671943665
# Generation efficiency: 0.00909090909090909
