# Generation 17

0 0.00485
1 0.011
2 0.0158
3 0.01935
4 0.0245
5 0.0319
6 0.04
7 0.04555
8 0.0479
9 0.05295
10 0.06255
11 0.06365
12 0.0713
13 0.0717
14 0.07585
15 0.08055
16 0.0824
17 0.0838
18 0.09
19 0.09225
20 0.09605
21 0.10105
22 0.10545
23 0.106
24 0.11335
25 0.11605
26 0.12415
27 0.12775
28 0.13475
29 0.1364
30 0.1448
31 0.1532
32 0.16255
33 0.1698
34 0.17175
35 0.17505
36 0.17855
37 0.1822
38 0.19005
39 0.19275
40 0.1991
41 0.20265
42 0.2063
43 0.20765
44 0.2103
45 0.21395
46 0.21885
47 0.2219
48 0.2266
49 0.22955
50 0.23005
51 0.2322
52 0.23655
53 0.2436
54 0.24675
55 0.2496
56 0.2516
57 0.25895
58 0.26475
59 0.26735
60 0.27255
61 0.277
62 0.27935
63 0.2832
64 0.2871
65 0.291
66 0.29345
67 0.2956
68 0.30025
69 0.30335
70 0.3079
71 0.3135
72 0.3171
73 0.3177
74 0.3237
75 0.3323
76 0.3368
77 0.3456
78 0.35465
79 0.35865
80 0.3639
81 0.36915
82 0.37575
83 0.3776
84 0.38955
85 0.3954
86 0.4028
87 0.40485
88 0.40945
89 0.4164
90 0.41915
91 0.4229
92 0.4276
93 0.4333
94 0.4366
95 0.43975
96 0.4441
97 0.4504
98 0.4533
99 0.45765
100 0.46285
101 0.46325
102 0.46945
103 0.47225
104 0.4796
105 0.4832
106 0.48655
107 0.49265
108 0.5011
109 0.5084
110 0.51275
111 0.5172
112 0.51855
113 0.5265
114 0.53305
115 0.53745
116 0.5417
117 0.5459
118 0.5501
119 0.5593
120 0.56095
121 0.566
122 0.56955
123 0.5753
124 0.57805
125 0.584
126 0.58685
127 0.5924
128 0.5963
129 0.60355
130 0.61615
131 0.62005
132 0.6223
133 0.62355
134 0.62725
135 0.63015
136 0.63275
137 0.63845
138 0.64115
139 0.64735
140 0.6551
141 0.65775
142 0.6655
143 0.6713
144 0.67685
145 0.68005
146 0.685
147 0.6882
148 0.6897
149 0.6914
150 0.69385
151 0.6996
152 0.70275
153 0.7104
154 0.7117
155 0.7152
156 0.7219
157 0.72325
158 0.72395
159 0.7273
160 0.7367
161 0.7422
162 0.74575
163 0.74715
164 0.75665
165 0.7614
166 0.76985
167 0.77275
168 0.7776
169 0.7809
170 0.7833
171 0.7924
172 0.80235
173 0.80485
174 0.81415
175 0.8216
176 0.82195
177 0.827
178 0.83185
179 0.83315
180 0.8406
181 0.84515
182 0.85125
183 0.85375
184 0.85805
185 0.86815
186 0.8705
187 0.8775
188 0.8879
189 0.89355
190 0.9024
191 0.9068
192 0.9104
193 0.91285
194 0.91905
195 0.9305
196 0.9362
197 0.94005
198 0.94415
199 0.9503
200 0.95155
201 0.95345
202 0.95475
203 0.96125
204 0.9643
205 0.96625
206 0.96825
207 0.9779
208 0.9847
209 0.994
210 0.99755
211 1.00245
# Generated pool n. 17 for Umax = 6.160433769226074
# Generated a biased pool of 20000 with an acceptance of 0.3203476667404175
# Generated a pool of 20000 with an acceptance of 0.004728537735849055
# Generation repeated 212 times
# Average relative effective sample size: 0.06423377990722656
# Generation efficiency: 0.0047169811320754715
