# Generation 22

0 0.00755
1 0.01155
2 0.0156
3 0.0298
4 0.04025
5 0.043
6 0.05385
7 0.05885
8 0.0664
9 0.07215
10 0.08055
11 0.0923
12 0.09495
13 0.10045
14 0.10655
15 0.1091
16 0.12115
17 0.1392
18 0.14405
19 0.15245
20 0.15485
21 0.15995
22 0.1663
23 0.1719
24 0.178
25 0.18695
26 0.1955
27 0.20285
28 0.2044
29 0.2242
30 0.23085
31 0.24035
32 0.252
33 0.26335
34 0.26555
35 0.27455
36 0.2774
37 0.28025
38 0.28405
39 0.2889
40 0.29415
41 0.3106
42 0.3222
43 0.3316
44 0.34295
45 0.34435
46 0.35605
47 0.3619
48 0.373
49 0.3825
50 0.39125
51 0.4009
52 0.40565
53 0.4169
54 0.4182
55 0.42725
56 0.43375
57 0.43945
58 0.44845
59 0.4517
60 0.4573
61 0.4605
62 0.465
63 0.46815
64 0.48735
65 0.48825
66 0.49575
67 0.49785
68 0.50185
69 0.5053
70 0.51625
71 0.52055
72 0.53315
73 0.5358
74 0.54135
75 0.54885
76 0.5627
77 0.56555
78 0.5695
79 0.57325
80 0.57955
81 0.585
82 0.6027
83 0.6129
84 0.61355
85 0.62095
86 0.6248
87 0.6307
88 0.6315
89 0.6442
90 0.64675
91 0.65955
92 0.6707
93 0.6853
94 0.6942
95 0.7052
96 0.7132
97 0.7185
98 0.73925
99 0.74245
100 0.7488
101 0.7553
102 0.76735
103 0.7723
104 0.77635
105 0.78535
106 0.7899
107 0.7935
108 0.79515
109 0.80575
110 0.8126
111 0.81985
112 0.8279
113 0.8344
114 0.84975
115 0.85895
116 0.8658
117 0.8693
118 0.877
119 0.8854
120 0.9053
121 0.9101
122 0.9208
123 0.9259
124 0.93385
125 0.94785
126 0.96615
127 0.97345
128 0.97505
129 0.9843
130 0.99075
131 0.9933
132 0.9967
133 1.00735
# Generated pool n. 22 for Umax = -7.284089088439941
# Generated a biased pool of 20000 with an acceptance of 0.4747079312801361
# Generated a pool of 20000 with an acceptance of 0.007517537313432839
# Generation repeated 134 times
# Average relative effective sample size: 0.12152892351150513
# Generation efficiency: 0.007462686567164179
