# Generation 39

0 0.00395
1 0.01135
2 0.02375
3 0.03695
4 0.0539
5 0.0578
6 0.0633
7 0.071
8 0.07575
9 0.077
10 0.0834
11 0.08715
12 0.09095
13 0.10235
14 0.10745
15 0.1121
16 0.11435
17 0.12
18 0.123
19 0.1266
20 0.13475
21 0.13675
22 0.14135
23 0.1452
24 0.14915
25 0.15755
26 0.1686
27 0.1747
28 0.1788
29 0.1846
30 0.1889
31 0.19175
32 0.20385
33 0.21095
34 0.2232
35 0.2294
36 0.23365
37 0.2433
38 0.2438
39 0.2489
40 0.25375
41 0.26265
42 0.2654
43 0.27025
44 0.2761
45 0.28275
46 0.2848
47 0.29325
48 0.2992
49 0.30395
50 0.31175
51 0.32305
52 0.33335
53 0.3386
54 0.3461
55 0.3476
56 0.35395
57 0.35885
58 0.36485
59 0.3735
60 0.3787
61 0.38055
62 0.3837
63 0.38455
64 0.3858
65 0.38675
66 0.40135
67 0.40875
68 0.4147
69 0.4164
70 0.42535
71 0.42755
72 0.43495
73 0.44155
74 0.45055
75 0.45415
76 0.46435
77 0.4686
78 0.4783
79 0.4805
80 0.4826
81 0.49145
82 0.49875
83 0.5048
84 0.51785
85 0.5204
86 0.5315
87 0.5364
88 0.54665
89 0.5549
90 0.55935
91 0.56945
92 0.57105
93 0.57895
94 0.58035
95 0.5937
96 0.6
97 0.60675
98 0.6086
99 0.6181
100 0.61855
101 0.62725
102 0.6347
103 0.6356
104 0.64655
105 0.65815
106 0.66575
107 0.6742
108 0.68375
109 0.692
110 0.7037
111 0.71035
112 0.7173
113 0.72315
114 0.73285
115 0.74345
116 0.7444
117 0.74875
118 0.7541
119 0.76945
120 0.77495
121 0.7859
122 0.78885
123 0.7922
124 0.7973
125 0.80625
126 0.8119
127 0.8177
128 0.8203
129 0.8244
130 0.8294
131 0.8363
132 0.8462
133 0.8548
134 0.85835
135 0.8637
136 0.87295
137 0.88095
138 0.892
139 0.8977
140 0.903
141 0.9056
142 0.90855
143 0.91835
144 0.92595
145 0.9307
146 0.9323
147 0.9425
148 0.955
149 0.958
150 0.96295
151 0.9663
152 0.9712
153 0.97795
154 0.9866
155 0.99355
156 0.9992
157 1.00385
# Generated pool n. 39 for Umax = -14.545405387878418
# Generated a biased pool of 20000 with an acceptance of 0.3661694824695587
# Generated a pool of 20000 with an acceptance of 0.00635348101265823
# Generation repeated 158 times
# Average relative effective sample size: 0.08959903568029404
# Generation efficiency: 0.006329113924050633
