# Generation 36

0 0.01065
1 0.0169
2 0.02775
3 0.0337
4 0.03735
5 0.0495
6 0.0534
7 0.05975
8 0.06695
9 0.06955
10 0.07795
11 0.0859
12 0.0885
13 0.09065
14 0.09205
15 0.093
16 0.0963
17 0.10345
18 0.10395
19 0.11
20 0.1167
21 0.1229
22 0.12465
23 0.13085
24 0.1322
25 0.1408
26 0.14285
27 0.1486
28 0.15345
29 0.15935
30 0.16365
31 0.17455
32 0.17895
33 0.1893
34 0.20455
35 0.2181
36 0.23245
37 0.2337
38 0.2373
39 0.2394
40 0.24315
41 0.25125
42 0.252
43 0.2545
44 0.2607
45 0.26685
46 0.26905
47 0.27115
48 0.2722
49 0.2788
50 0.284
51 0.29555
52 0.30335
53 0.31065
54 0.31945
55 0.3281
56 0.3337
57 0.336
58 0.3374
59 0.34125
60 0.34365
61 0.3518
62 0.3617
63 0.37145
64 0.37835
65 0.38055
66 0.3831
67 0.384
68 0.3892
69 0.39785
70 0.404
71 0.4107
72 0.41725
73 0.4273
74 0.43675
75 0.4409
76 0.4456
77 0.45295
78 0.4612
79 0.4685
80 0.48145
81 0.48535
82 0.48645
83 0.49615
84 0.5021
85 0.5056
86 0.5132
87 0.5192
88 0.5276
89 0.5301
90 0.53865
91 0.5426
92 0.5444
93 0.54815
94 0.5547
95 0.5568
96 0.55895
97 0.5623
98 0.5652
99 0.56855
100 0.57275
101 0.5751
102 0.5791
103 0.58315
104 0.58905
105 0.59535
106 0.596
107 0.60285
108 0.61485
109 0.62465
110 0.6321
111 0.6406
112 0.65115
113 0.65695
114 0.65825
115 0.65935
116 0.66895
117 0.6742
118 0.6819
119 0.68595
120 0.6939
121 0.69895
122 0.7012
123 0.70475
124 0.7155
125 0.7254
126 0.7328
127 0.73835
128 0.7425
129 0.7446
130 0.7449
131 0.74645
132 0.7489
133 0.7521
134 0.7616
135 0.7755
136 0.78625
137 0.79195
138 0.7953
139 0.7987
140 0.8033
141 0.8078
142 0.8085
143 0.81455
144 0.8255
145 0.82925
146 0.83435
147 0.841
148 0.8427
149 0.8511
150 0.85245
151 0.8612
152 0.8653
153 0.8686
154 0.8876
155 0.89905
156 0.9084
157 0.909
158 0.91325
159 0.9152
160 0.9226
161 0.93185
162 0.94025
163 0.9449
164 0.9473
165 0.95795
166 0.96125
167 0.96665
168 0.9756
169 0.978
170 0.98
171 0.98725
172 0.99075
173 0.9954
174 0.99695
175 1.00745
# Generated pool n. 36 for Umax = -14.289862632751465
# Generated a biased pool of 20000 with an acceptance of 0.358798623085022
# Generated a pool of 20000 with an acceptance of 0.005724147727272724
# Generation repeated 176 times
# Average relative effective sample size: 0.08275545388460159
# Generation efficiency: 0.005681818181818182
