# Generation 33

0 0.00315
1 0.00475
2 0.0099
3 0.01955
4 0.0226
5 0.0307
6 0.03515
7 0.0466
8 0.06
9 0.06655
10 0.0748
11 0.09355
12 0.1012
13 0.10865
14 0.11975
15 0.1342
16 0.1395
17 0.1451
18 0.15555
19 0.16425
20 0.18
21 0.18945
22 0.1934
23 0.1984
24 0.2096
25 0.224
26 0.23195
27 0.24535
28 0.25765
29 0.28155
30 0.2894
31 0.3014
32 0.3182
33 0.32415
34 0.34085
35 0.3568
36 0.37205
37 0.3781
38 0.38415
39 0.3956
40 0.4042
41 0.41
42 0.4215
43 0.42875
44 0.44235
45 0.44535
46 0.4496
47 0.45165
48 0.45825
49 0.4759
50 0.4793
51 0.4906
52 0.4997
53 0.50825
54 0.5275
55 0.53475
56 0.5453
57 0.54785
58 0.55905
59 0.5762
60 0.59665
61 0.6053
62 0.6097
63 0.61505
64 0.62255
65 0.6259
66 0.6307
67 0.63805
68 0.6387
69 0.6521
70 0.66885
71 0.6838
72 0.6848
73 0.6943
74 0.7
75 0.7097
76 0.7273
77 0.73275
78 0.74025
79 0.75895
80 0.7602
81 0.76775
82 0.77025
83 0.78365
84 0.79815
85 0.81385
86 0.81975
87 0.8303
88 0.8432
89 0.84865
90 0.8648
91 0.8853
92 0.8906
93 0.89885
94 0.9065
95 0.9357
96 0.9435
97 0.9571
98 0.9639
99 0.9697
100 0.9726
101 0.9922
102 0.9972
103 1.00305
# Generated pool n. 33 for Umax = -13.866179466247559
# Generated a biased pool of 20000 with an acceptance of 0.35024625062942505
# Generated a pool of 20000 with an acceptance of 0.009644711538461534
# Generation repeated 104 times
# Average relative effective sample size: 0.14318831264972687
# Generation efficiency: 0.009615384615384616
