# Generation 9

0 0.00205
1 0.00525
2 0.00895
3 0.01395
4 0.0177
5 0.02245
6 0.0266
7 0.02795
8 0.03065
9 0.03125
10 0.03375
11 0.0369
12 0.04045
13 0.04305
14 0.04635
15 0.0482
16 0.05065
17 0.0536
18 0.0559
19 0.057
20 0.05795
21 0.05985
22 0.0651
23 0.0682
24 0.07095
25 0.07325
26 0.07455
27 0.0774
28 0.08415
29 0.08775
30 0.0892
31 0.09155
32 0.09325
33 0.0938
34 0.09715
35 0.1008
36 0.1025
37 0.10275
38 0.10555
39 0.10765
40 0.10805
41 0.1108
42 0.1126
43 0.11325
44 0.11605
45 0.11805
46 0.12
47 0.12455
48 0.1279
49 0.1312
50 0.1322
51 0.1332
52 0.13605
53 0.13625
54 0.13815
55 0.13935
56 0.14025
57 0.14445
58 0.147
59 0.15045
60 0.1532
61 0.15755
62 0.16
63 0.1624
64 0.16405
65 0.16455
66 0.16865
67 0.1729
68 0.174
69 0.175
70 0.1765
71 0.17855
72 0.1805
73 0.18385
74 0.1876
75 0.1906
76 0.19335
77 0.19765
78 0.1977
79 0.2027
80 0.2045
81 0.205
82 0.20595
83 0.2104
84 0.21355
85 0.2174
86 0.22075
87 0.2211
88 0.22315
89 0.22385
90 0.2282
91 0.23
92 0.23405
93 0.23735
94 0.24095
95 0.24545
96 0.24795
97 0.249
98 0.2501
99 0.2536
100 0.257
101 0.2599
102 0.2613
103 0.2633
104 0.2655
105 0.26905
106 0.2726
107 0.2742
108 0.27695
109 0.28215
110 0.28785
111 0.29425
112 0.29535
113 0.2992
114 0.3034
115 0.3042
116 0.30545
117 0.30985
118 0.31255
119 0.3139
120 0.31545
121 0.32015
122 0.3214
123 0.32675
124 0.32775
125 0.32995
126 0.33295
127 0.33575
128 0.33835
129 0.34215
130 0.3448
131 0.34625
132 0.3477
133 0.35395
134 0.36315
135 0.36495
136 0.36855
137 0.3737
138 0.3759
139 0.3798
140 0.38165
141 0.3833
142 0.3866
143 0.3873
144 0.3909
145 0.3923
146 0.3958
147 0.39965
148 0.40315
149 0.4119
150 0.41585
151 0.418
152 0.4225
153 0.4257
154 0.43185
155 0.4335
156 0.4343
157 0.4378
158 0.44195
159 0.4467
160 0.45045
161 0.4563
162 0.45875
163 0.4609
164 0.46425
165 0.46745
166 0.4693
167 0.4719
168 0.4747
169 0.47915
170 0.4816
171 0.48765
172 0.49015
173 0.4929
174 0.4958
175 0.49665
176 0.50045
177 0.5038
178 0.5058
179 0.5075
180 0.5129
181 0.51535
182 0.5164
183 0.5214
184 0.5255
185 0.52795
186 0.52925
187 0.53245
188 0.5376
189 0.5405
190 0.54305
191 0.54365
192 0.5439
193 0.5491
194 0.5519
195 0.5555
196 0.5584
197 0.5635
198 0.5672
199 0.5702
200 0.5764
201 0.5811
202 0.5863
203 0.5911
204 0.592
205 0.5933
206 0.5967
207 0.5975
208 0.6003
209 0.60915
210 0.6097
211 0.6134
212 0.61615
213 0.61725
214 0.62435
215 0.6261
216 0.6289
217 0.6309
218 0.63485
219 0.64095
220 0.64545
221 0.65055
222 0.65645
223 0.65795
224 0.659
225 0.66065
226 0.66475
227 0.66895
228 0.67235
229 0.67335
230 0.675
231 0.6781
232 0.67895
233 0.68175
234 0.68435
235 0.6862
236 0.69045
237 0.6915
238 0.69265
239 0.69565
240 0.69695
241 0.7004
242 0.7035
243 0.7059
244 0.7069
245 0.7099
246 0.71425
247 0.71715
248 0.72115
249 0.7244
250 0.7278
251 0.73045
252 0.73215
253 0.7388
254 0.7456
255 0.74705
256 0.7496
257 0.7518
258 0.75615
259 0.7588
260 0.7631
261 0.7647
262 0.767
263 0.7708
264 0.77335
265 0.7761
266 0.7795
267 0.78415
268 0.7895
269 0.79195
270 0.7937
271 0.80015
272 0.80215
273 0.80645
274 0.8087
275 0.81195
276 0.8167
277 0.81715
278 0.8183
279 0.82195
280 0.8253
281 0.8299
282 0.8353
283 0.83905
284 0.8401
285 0.84415
286 0.84525
287 0.8476
288 0.85085
289 0.8568
290 0.8576
291 0.86095
292 0.86135
293 0.8644
294 0.86795
295 0.8703
296 0.87215
297 0.8778
298 0.8827
299 0.8854
300 0.8874
301 0.88955
302 0.89305
303 0.89415
304 0.89665
305 0.89775
306 0.9004
307 0.90355
308 0.9083
309 0.9155
310 0.9165
311 0.91865
312 0.9191
313 0.91985
314 0.92375
315 0.92695
316 0.93015
317 0.9306
318 0.93505
319 0.93745
320 0.9402
321 0.94425
322 0.94755
323 0.95435
324 0.96045
325 0.96205
326 0.9676
327 0.9696
328 0.9708
329 0.97635
330 0.97755
331 0.9799
332 0.987
333 0.9883
334 0.9914
335 0.99455
336 0.99575
337 1.00085
# Generated pool n. 9 for Umax = 157.60769653320312
# Generated a biased pool of 20000 with an acceptance of 0.26373687386512756
# Generated a pool of 20000 with an acceptance of 0.0029610946745562126
# Generation repeated 338 times
# Average relative effective sample size: 0.03214980661869049
# Generation efficiency: 0.0029585798816568047
