# Generation 8

0 0.0028
1 0.0049
2 0.0121
3 0.0137
4 0.01665
5 0.0223
6 0.02915
7 0.03235
8 0.03595
9 0.03855
10 0.0414
11 0.0417
12 0.04445
13 0.04895
14 0.05355
15 0.0586
16 0.0616
17 0.0664
18 0.0694
19 0.076
20 0.07945
21 0.0831
22 0.09065
23 0.0959
24 0.0977
25 0.1033
26 0.1108
27 0.11215
28 0.1189
29 0.1215
30 0.1247
31 0.1303
32 0.13125
33 0.13635
34 0.13945
35 0.14235
36 0.1473
37 0.1508
38 0.15515
39 0.161
40 0.1625
41 0.16835
42 0.1726
43 0.17395
44 0.17825
45 0.18345
46 0.1841
47 0.18905
48 0.1902
49 0.1935
50 0.19605
51 0.20035
52 0.2028
53 0.2048
54 0.2113
55 0.21545
56 0.2164
57 0.2192
58 0.22175
59 0.2239
60 0.22905
61 0.23485
62 0.23585
63 0.23905
64 0.2449
65 0.2476
66 0.25365
67 0.25555
68 0.2578
69 0.2626
70 0.2691
71 0.2737
72 0.2756
73 0.28055
74 0.2848
75 0.28675
76 0.29255
77 0.3001
78 0.3039
79 0.3112
80 0.3135
81 0.31545
82 0.3218
83 0.327
84 0.3361
85 0.3378
86 0.34155
87 0.3477
88 0.3581
89 0.3611
90 0.3624
91 0.3676
92 0.3736
93 0.3789
94 0.3805
95 0.38105
96 0.3843
97 0.3882
98 0.3912
99 0.3981
100 0.40085
101 0.4038
102 0.4072
103 0.4121
104 0.4129
105 0.41565
106 0.4205
107 0.4222
108 0.4257
109 0.43065
110 0.43645
111 0.43905
112 0.44395
113 0.4497
114 0.4588
115 0.46455
116 0.4681
117 0.4743
118 0.48275
119 0.4856
120 0.4909
121 0.49475
122 0.49915
123 0.5027
124 0.5085
125 0.51305
126 0.51725
127 0.51815
128 0.5251
129 0.52865
130 0.5352
131 0.5378
132 0.53965
133 0.54135
134 0.54535
135 0.5527
136 0.55935
137 0.56385
138 0.5652
139 0.56745
140 0.57115
141 0.57355
142 0.57695
143 0.584
144 0.58735
145 0.58885
146 0.5945
147 0.60035
148 0.60555
149 0.61225
150 0.61655
151 0.6185
152 0.62105
153 0.6264
154 0.62775
155 0.63105
156 0.63705
157 0.64015
158 0.6447
159 0.64795
160 0.6495
161 0.6517
162 0.657
163 0.6613
164 0.67085
165 0.67635
166 0.6791
167 0.68395
168 0.68705
169 0.6904
170 0.69255
171 0.69675
172 0.7012
173 0.70795
174 0.7133
175 0.7169
176 0.7194
177 0.7224
178 0.72605
179 0.7308
180 0.7343
181 0.73505
182 0.7363
183 0.7386
184 0.74005
185 0.7419
186 0.7458
187 0.7482
188 0.75335
189 0.76315
190 0.76545
191 0.77205
192 0.77625
193 0.77895
194 0.78475
195 0.7871
196 0.79515
197 0.8021
198 0.81365
199 0.81505
200 0.81895
201 0.82565
202 0.82805
203 0.8357
204 0.8428
205 0.843
206 0.8449
207 0.84805
208 0.8511
209 0.85515
210 0.86035
211 0.8621
212 0.86675
213 0.8675
214 0.8712
215 0.87985
216 0.88085
217 0.88365
218 0.88525
219 0.88865
220 0.89175
221 0.89765
222 0.8982
223 0.90165
224 0.90635
225 0.9086
226 0.9143
227 0.91825
228 0.92095
229 0.927
230 0.93105
231 0.9384
232 0.9434
233 0.9477
234 0.9493
235 0.95385
236 0.95975
237 0.9637
238 0.9671
239 0.9701
240 0.97335
241 0.9766
242 0.97825
243 0.98455
244 0.9867
245 0.99305
246 0.9956
247 0.9986
248 1.00445
# Generated pool n. 8 for Umax = 212.67555236816406
# Generated a biased pool of 20000 with an acceptance of 0.3082353174686432
# Generated a pool of 20000 with an acceptance of 0.004033935742971889
# Generation repeated 249 times
# Average relative effective sample size: 0.04800991714000702
# Generation efficiency: 0.004016064257028112
