# Generation 16

0 0.0009
1 0.00335
2 0.00605
3 0.01195
4 0.01695
5 0.0211
6 0.02235
7 0.02295
8 0.0239
9 0.02405
10 0.027
11 0.0304
12 0.03725
13 0.04055
14 0.04255
15 0.04775
16 0.05165
17 0.0576
18 0.0585
19 0.06485
20 0.06655
21 0.06825
22 0.06895
23 0.07445
24 0.07865
25 0.0801
26 0.0804
27 0.08445
28 0.08705
29 0.09265
30 0.09335
31 0.0968
32 0.09725
33 0.1006
34 0.1016
35 0.1042
36 0.1092
37 0.11605
38 0.1214
39 0.13015
40 0.13325
41 0.13695
42 0.1419
43 0.14325
44 0.1463
45 0.1551
46 0.16205
47 0.1634
48 0.1635
49 0.16625
50 0.17065
51 0.17095
52 0.17645
53 0.1822
54 0.1863
55 0.1878
56 0.19115
57 0.19285
58 0.1972
59 0.1983
60 0.20245
61 0.2077
62 0.2113
63 0.21475
64 0.22175
65 0.22295
66 0.2286
67 0.2393
68 0.24195
69 0.2468
70 0.2498
71 0.2525
72 0.263
73 0.26425
74 0.26505
75 0.26635
76 0.26775
77 0.27155
78 0.27755
79 0.2783
80 0.2869
81 0.29385
82 0.29405
83 0.2955
84 0.2994
85 0.3033
86 0.3071
87 0.31
88 0.31085
89 0.3133
90 0.3159
91 0.32275
92 0.32485
93 0.3285
94 0.3305
95 0.3402
96 0.34295
97 0.34465
98 0.34855
99 0.35315
100 0.35495
101 0.359
102 0.3649
103 0.37155
104 0.37855
105 0.3799
106 0.3823
107 0.38365
108 0.38875
109 0.38945
110 0.39085
111 0.3956
112 0.397
113 0.4009
114 0.4037
115 0.4082
116 0.41065
117 0.4151
118 0.4173
119 0.4197
120 0.42775
121 0.43075
122 0.4342
123 0.43895
124 0.4422
125 0.446
126 0.44665
127 0.4518
128 0.4575
129 0.46075
130 0.4635
131 0.46645
132 0.46985
133 0.47475
134 0.47725
135 0.4871
136 0.4879
137 0.49095
138 0.4955
139 0.5022
140 0.50755
141 0.50805
142 0.5106
143 0.5148
144 0.516
145 0.51805
146 0.51895
147 0.5207
148 0.5229
149 0.52645
150 0.5293
151 0.53105
152 0.5332
153 0.5334
154 0.5361
155 0.53715
156 0.54465
157 0.5502
158 0.5508
159 0.55435
160 0.5596
161 0.5602
162 0.56225
163 0.56525
164 0.5703
165 0.5707
166 0.5733
167 0.582
168 0.58695
169 0.5896
170 0.59185
171 0.5948
172 0.5955
173 0.59885
174 0.6003
175 0.60375
176 0.60515
177 0.60805
178 0.6092
179 0.61765
180 0.624
181 0.62685
182 0.62975
183 0.6306
184 0.6344
185 0.6368
186 0.6429
187 0.6448
188 0.64595
189 0.6493
190 0.65435
191 0.65855
192 0.6662
193 0.668
194 0.6723
195 0.67725
196 0.68345
197 0.68945
198 0.69215
199 0.69525
200 0.70115
201 0.7089
202 0.71035
203 0.7121
204 0.7159
205 0.71655
206 0.71895
207 0.7211
208 0.72235
209 0.7287
210 0.73075
211 0.73865
212 0.7406
213 0.7426
214 0.74835
215 0.75175
216 0.7541
217 0.75865
218 0.7608
219 0.76195
220 0.76235
221 0.7639
222 0.7688
223 0.76955
224 0.77085
225 0.7731
226 0.77525
227 0.78655
228 0.79375
229 0.799
230 0.80165
231 0.8061
232 0.8114
233 0.8184
234 0.8232
235 0.8236
236 0.826
237 0.82945
238 0.83565
239 0.8409
240 0.8417
241 0.84665
242 0.8503
243 0.8515
244 0.8589
245 0.8605
246 0.86565
247 0.86635
248 0.8746
249 0.876
250 0.8776
251 0.8831
252 0.88445
253 0.8896
254 0.89205
255 0.89965
256 0.90335
257 0.90485
258 0.9083
259 0.91465
260 0.9174
261 0.92095
262 0.9264
263 0.93135
264 0.9357
265 0.9442
266 0.9473
267 0.95305
268 0.95645
269 0.95805
270 0.9627
271 0.9652
272 0.97065
273 0.97345
274 0.9756
275 0.97825
276 0.98105
277 0.9829
278 0.98795
279 0.9883
280 0.99095
281 0.9915
282 0.99565
283 1.00065
# Generated pool n. 16 for Umax = 11.317912101745605
# Generated a biased pool of 20000 with an acceptance of 0.3165320158004761
# Generated a pool of 20000 with an acceptance of 0.003523415492957746
# Generation repeated 284 times
# Average relative effective sample size: 0.04690714180469513
# Generation efficiency: 0.0035211267605633804
