# Generation 5

0 0.01495
1 0.0263
2 0.0328
3 0.0435
4 0.0498
5 0.06655
6 0.072
7 0.0811
8 0.0926
9 0.1018
10 0.1062
11 0.11285
12 0.1215
13 0.12745
14 0.1343
15 0.14185
16 0.14575
17 0.15575
18 0.15795
19 0.1657
20 0.1718
21 0.18075
22 0.1889
23 0.1925
24 0.19695
25 0.20495
26 0.2101
27 0.2188
28 0.22505
29 0.2378
30 0.24985
31 0.25505
32 0.2631
33 0.2777
34 0.2946
35 0.30095
36 0.31005
37 0.31625
38 0.321
39 0.3264
40 0.33025
41 0.33765
42 0.34575
43 0.3527
44 0.35815
45 0.36175
46 0.36645
47 0.37365
48 0.3844
49 0.3915
50 0.40115
51 0.40305
52 0.40945
53 0.4142
54 0.421
55 0.42785
56 0.4352
57 0.4462
58 0.45365
59 0.46445
60 0.4662
61 0.47155
62 0.4783
63 0.49625
64 0.50275
65 0.5103
66 0.5171
67 0.5238
68 0.5351
69 0.5405
70 0.55565
71 0.56405
72 0.5669
73 0.57815
74 0.58235
75 0.59375
76 0.6048
77 0.61455
78 0.61895
79 0.62845
80 0.6406
81 0.6543
82 0.6574
83 0.66385
84 0.6733
85 0.68245
86 0.69295
87 0.7001
88 0.7066
89 0.70945
90 0.71915
91 0.72625
92 0.7322
93 0.7489
94 0.752
95 0.7608
96 0.7706
97 0.7739
98 0.78535
99 0.7883
100 0.7994
101 0.8042
102 0.8102
103 0.82655
104 0.829
105 0.8388
106 0.8512
107 0.8655
108 0.8719
109 0.8784
110 0.8864
111 0.8909
112 0.89885
113 0.906
114 0.9135
115 0.9242
116 0.93295
117 0.93505
118 0.93815
119 0.95105
120 0.96145
121 0.9684
122 0.97765
123 0.9819
124 0.98915
125 0.99745
126 1.0073
# Generated pool n. 5 for Umax = 455.9513244628906
# Generated a biased pool of 20000 with an acceptance of 0.41744184494018555
# Generated a pool of 20000 with an acceptance of 0.007931496062992122
# Generation repeated 127 times
# Average relative effective sample size: 0.09959724545478821
# Generation efficiency: 0.007874015748031496
