# Generation 2

0 0.0225
1 0.0444
2 0.0638
3 0.08115
4 0.0955
5 0.11345
6 0.12325
7 0.1414
8 0.1601
9 0.1777
10 0.20335
11 0.2229
12 0.24325
13 0.25755
14 0.27215
15 0.29215
16 0.31095
17 0.3336
18 0.347
19 0.36335
20 0.3783
21 0.39675
22 0.41
23 0.4272
24 0.4337
25 0.44415
26 0.4599
27 0.4748
28 0.49105
29 0.5118
30 0.53005
31 0.5417
32 0.55515
33 0.5779
34 0.5871
35 0.5961
36 0.61325
37 0.62475
38 0.6455
39 0.6635
40 0.68205
41 0.704
42 0.7227
43 0.73825
44 0.74995
45 0.7689
46 0.7883
47 0.81215
48 0.83475
49 0.8424
50 0.86245
51 0.88185
52 0.89605
53 0.919
54 0.9434
55 0.9542
56 0.966
57 0.9926
58 1.0111
# Generated pool n. 2 for Umax = 931.4353637695312
# Generated a biased pool of 20000 with an acceptance of 0.27619320154190063
# Generated a pool of 20000 with an acceptance of 0.01713728813559322
# Generation repeated 59 times
# Average relative effective sample size: 0.13807624578475952
# Generation efficiency: 0.01694915254237288
