# Generation 10

0 0.0088
1 0.01095
2 0.014
3 0.0155
4 0.02305
5 0.02595
6 0.03125
7 0.03415
8 0.04035
9 0.0436
10 0.04665
11 0.05545
12 0.05895
13 0.06115
14 0.0648
15 0.06805
16 0.0723
17 0.07765
18 0.0852
19 0.0899
20 0.0934
21 0.09545
22 0.09825
23 0.1057
24 0.11315
25 0.1157
26 0.11905
27 0.12145
28 0.1272
29 0.13315
30 0.1358
31 0.13865
32 0.1401
33 0.14065
34 0.14115
35 0.14545
36 0.1543
37 0.15775
38 0.16025
39 0.1659
40 0.1677
41 0.1745
42 0.1791
43 0.18175
44 0.18355
45 0.18475
46 0.18565
47 0.1876
48 0.1921
49 0.19505
50 0.19845
51 0.2034
52 0.2054
53 0.2094
54 0.21545
55 0.21775
56 0.2216
57 0.22365
58 0.23125
59 0.23215
60 0.23515
61 0.238
62 0.2448
63 0.24735
64 0.2539
65 0.2599
66 0.26745
67 0.2725
68 0.27345
69 0.2779
70 0.28055
71 0.2836
72 0.2852
73 0.28785
74 0.2912
75 0.2936
76 0.29965
77 0.3026
78 0.30605
79 0.3142
80 0.31665
81 0.3199
82 0.32965
83 0.33385
84 0.3351
85 0.341
86 0.34345
87 0.34905
88 0.3496
89 0.3542
90 0.35905
91 0.3651
92 0.37245
93 0.3776
94 0.3853
95 0.3903
96 0.39715
97 0.40575
98 0.40845
99 0.41075
100 0.4139
101 0.41475
102 0.41915
103 0.4257
104 0.42795
105 0.4385
106 0.44265
107 0.44695
108 0.4506
109 0.45575
110 0.45915
111 0.4634
112 0.46565
113 0.47445
114 0.47775
115 0.4816
116 0.4873
117 0.4907
118 0.49215
119 0.49825
120 0.4998
121 0.50435
122 0.5113
123 0.51585
124 0.52055
125 0.527
126 0.53365
127 0.5369
128 0.5385
129 0.54075
130 0.543
131 0.5463
132 0.55135
133 0.55335
134 0.5587
135 0.5637
136 0.5665
137 0.5718
138 0.5745
139 0.5767
140 0.5808
141 0.5859
142 0.59025
143 0.5921
144 0.59625
145 0.59725
146 0.60145
147 0.60475
148 0.6101
149 0.6162
150 0.6174
151 0.62035
152 0.62375
153 0.62835
154 0.63285
155 0.6385
156 0.6431
157 0.6488
158 0.65535
159 0.65935
160 0.6695
161 0.6736
162 0.67695
163 0.68415
164 0.68705
165 0.68945
166 0.69135
167 0.6936
168 0.69535
169 0.69965
170 0.70655
171 0.7117
172 0.7171
173 0.7192
174 0.7259
175 0.72785
176 0.7325
177 0.7335
178 0.73635
179 0.7405
180 0.7466
181 0.7507
182 0.755
183 0.7566
184 0.75945
185 0.7612
186 0.76915
187 0.77555
188 0.7786
189 0.78185
190 0.7848
191 0.79135
192 0.7951
193 0.80045
194 0.80065
195 0.80485
196 0.80635
197 0.80995
198 0.81055
199 0.8167
200 0.8205
201 0.82465
202 0.8291
203 0.83155
204 0.8323
205 0.8363
206 0.8405
207 0.84815
208 0.85175
209 0.85795
210 0.8582
211 0.85985
212 0.8619
213 0.86415
214 0.87235
215 0.8737
216 0.88015
217 0.88315
218 0.88575
219 0.896
220 0.9018
221 0.905
222 0.90675
223 0.9115
224 0.9126
225 0.92
226 0.9233
227 0.9271
228 0.93035
229 0.93705
230 0.93945
231 0.94485
232 0.9487
233 0.95175
234 0.9544
235 0.95665
236 0.962
237 0.9645
238 0.9662
239 0.96935
240 0.9711
241 0.976
242 0.98245
243 0.9842
244 0.9865
245 0.9907
246 0.99585
247 0.9989
248 1.00275
# Generated pool n. 10 for Umax = 113.44673919677734
# Generated a biased pool of 20000 with an acceptance of 0.33944085240364075
# Generated a pool of 20000 with an acceptance of 0.004027108433734938
# Generation repeated 249 times
# Average relative effective sample size: 0.05233720690011978
# Generation efficiency: 0.004016064257028112
