# Generation 42

0 0.00125
1 0.00705
2 0.01525
3 0.02175
4 0.0285
5 0.0351
6 0.03885
7 0.0476
8 0.0586
9 0.0615
10 0.0664
11 0.0778
12 0.0858
13 0.09055
14 0.09525
15 0.10005
16 0.10275
17 0.10965
18 0.1156
19 0.1178
20 0.1223
21 0.1258
22 0.1385
23 0.1454
24 0.15215
25 0.15425
26 0.16545
27 0.17235
28 0.18
29 0.1928
30 0.19955
31 0.2042
32 0.2111
33 0.2144
34 0.2169
35 0.22105
36 0.22955
37 0.2401
38 0.24485
39 0.25835
40 0.26585
41 0.27665
42 0.28415
43 0.28755
44 0.29245
45 0.2999
46 0.30815
47 0.31455
48 0.31825
49 0.3266
50 0.3299
51 0.33465
52 0.33875
53 0.3445
54 0.34955
55 0.3557
56 0.36275
57 0.36825
58 0.37045
59 0.375
60 0.38225
61 0.38955
62 0.3925
63 0.3957
64 0.39985
65 0.40195
66 0.40815
67 0.4193
68 0.4286
69 0.432
70 0.43515
71 0.43935
72 0.4454
73 0.4603
74 0.4703
75 0.4759
76 0.4854
77 0.4881
78 0.498
79 0.50955
80 0.51355
81 0.5282
82 0.5312
83 0.53655
84 0.54495
85 0.55045
86 0.55785
87 0.56905
88 0.5822
89 0.59135
90 0.5992
91 0.60475
92 0.619
93 0.6231
94 0.6252
95 0.62835
96 0.6323
97 0.64795
98 0.6573
99 0.66275
100 0.66925
101 0.6735
102 0.6768
103 0.68105
104 0.689
105 0.69855
106 0.7035
107 0.71575
108 0.72055
109 0.72305
110 0.72725
111 0.7353
112 0.7453
113 0.75285
114 0.75815
115 0.75935
116 0.7648
117 0.7819
118 0.7877
119 0.79135
120 0.80025
121 0.8069
122 0.8138
123 0.8265
124 0.83265
125 0.8405
126 0.844
127 0.84935
128 0.8497
129 0.85725
130 0.8657
131 0.87735
132 0.8846
133 0.89155
134 0.8988
135 0.90595
136 0.9101
137 0.91305
138 0.9187
139 0.9207
140 0.9265
141 0.936
142 0.9454
143 0.95575
144 0.96445
145 0.97095
146 0.98085
147 0.9827
148 0.99065
149 1.00465
# Generated pool n. 42 for Umax = -14.699023246765137
# Generated a biased pool of 20000 with an acceptance of 0.2779202461242676
# Generated a pool of 20000 with an acceptance of 0.006697666666666661
# Generation repeated 150 times
# Average relative effective sample size: 0.08583774417638779
# Generation efficiency: 0.006666666666666667
