# Generation 12

0 0.00625
1 0.01125
2 0.0146
3 0.01575
4 0.02055
5 0.02275
6 0.02355
7 0.0319
8 0.0361
9 0.0371
10 0.0384
11 0.04595
12 0.0486
13 0.0538
14 0.05725
15 0.0608
16 0.06755
17 0.0695
18 0.07035
19 0.07465
20 0.0786
21 0.0805
22 0.0862
23 0.08725
24 0.0903
25 0.09355
26 0.0967
27 0.1017
28 0.1048
29 0.10915
30 0.10965
31 0.1163
32 0.1186
33 0.1243
34 0.12645
35 0.1273
36 0.12925
37 0.13075
38 0.13385
39 0.1385
40 0.1428
41 0.1452
42 0.1457
43 0.14605
44 0.1471
45 0.1491
46 0.15225
47 0.15875
48 0.16175
49 0.16615
50 0.16725
51 0.1694
52 0.17255
53 0.1766
54 0.17925
55 0.1794
56 0.18555
57 0.1887
58 0.1909
59 0.19345
60 0.20105
61 0.20285
62 0.20465
63 0.20805
64 0.21165
65 0.21975
66 0.22445
67 0.22985
68 0.2304
69 0.23135
70 0.23545
71 0.241
72 0.24255
73 0.2438
74 0.2486
75 0.2499
76 0.2557
77 0.2583
78 0.26345
79 0.2672
80 0.26945
81 0.27495
82 0.27935
83 0.28135
84 0.2828
85 0.28555
86 0.2882
87 0.29275
88 0.2965
89 0.2994
90 0.3042
91 0.3072
92 0.3089
93 0.30915
94 0.3147
95 0.316
96 0.31615
97 0.3185
98 0.32145
99 0.3252
100 0.3264
101 0.3296
102 0.32985
103 0.3318
104 0.33775
105 0.34315
106 0.34625
107 0.34885
108 0.3572
109 0.3621
110 0.3691
111 0.3719
112 0.37525
113 0.37915
114 0.38135
115 0.38785
116 0.3939
117 0.3981
118 0.40195
119 0.4051
120 0.4061
121 0.40895
122 0.41415
123 0.421
124 0.423
125 0.4252
126 0.42775
127 0.4285
128 0.4286
129 0.43195
130 0.43555
131 0.4459
132 0.4511
133 0.452
134 0.4574
135 0.4634
136 0.4672
137 0.46935
138 0.4727
139 0.47525
140 0.4788
141 0.48295
142 0.4901
143 0.4911
144 0.4929
145 0.4957
146 0.4981
147 0.50145
148 0.503
149 0.5094
150 0.51065
151 0.51455
152 0.51815
153 0.52095
154 0.5221
155 0.5239
156 0.52575
157 0.5277
158 0.53415
159 0.53815
160 0.53895
161 0.54055
162 0.5467
163 0.55065
164 0.55525
165 0.56
166 0.56445
167 0.5722
168 0.5772
169 0.5851
170 0.5862
171 0.5887
172 0.59005
173 0.59105
174 0.59395
175 0.59735
176 0.5979
177 0.60455
178 0.6084
179 0.60955
180 0.6161
181 0.62285
182 0.62655
183 0.63235
184 0.6358
185 0.6398
186 0.6435
187 0.6456
188 0.65265
189 0.6567
190 0.659
191 0.6601
192 0.666
193 0.67215
194 0.675
195 0.6804
196 0.6847
197 0.6932
198 0.69585
199 0.6989
200 0.70145
201 0.70395
202 0.70855
203 0.7128
204 0.7152
205 0.71835
206 0.7241
207 0.72745
208 0.7292
209 0.73285
210 0.74065
211 0.7441
212 0.74775
213 0.75125
214 0.75465
215 0.75835
216 0.76255
217 0.7642
218 0.76815
219 0.7761
220 0.78025
221 0.7817
222 0.7824
223 0.78645
224 0.78815
225 0.79395
226 0.7977
227 0.79935
228 0.80045
229 0.80485
230 0.80905
231 0.81085
232 0.81465
233 0.8184
234 0.82165
235 0.8237
236 0.83055
237 0.8342
238 0.8369
239 0.84005
240 0.84155
241 0.84305
242 0.84605
243 0.85155
244 0.8533
245 0.85515
246 0.8593
247 0.8627
248 0.8628
249 0.86625
250 0.8697
251 0.87235
252 0.88065
253 0.8843
254 0.88475
255 0.8924
256 0.8947
257 0.8955
258 0.8996
259 0.9087
260 0.91425
261 0.92035
262 0.9242
263 0.9304
264 0.93285
265 0.93995
266 0.94475
267 0.95055
268 0.9599
269 0.96425
270 0.96825
271 0.9698
272 0.9727
273 0.97895
274 0.98355
275 0.98575
276 0.9877
277 0.9934
278 1.00095
# Generated pool n. 12 for Umax = 55.43626022338867
# Generated a biased pool of 20000 with an acceptance of 0.31987640261650085
# Generated a pool of 20000 with an acceptance of 0.0035876344086021514
# Generation repeated 279 times
# Average relative effective sample size: 0.04656503349542618
# Generation efficiency: 0.0035842293906810036
