# Generation 23

0 0.0083
1 0.01365
2 0.0219
3 0.0316
4 0.0367
5 0.0463
6 0.0536
7 0.0585
8 0.064
9 0.07265
10 0.08355
11 0.08395
12 0.09605
13 0.1006
14 0.1089
15 0.11755
16 0.1203
17 0.12975
18 0.13925
19 0.1447
20 0.15785
21 0.16395
22 0.18275
23 0.1963
24 0.19875
25 0.1999
26 0.2061
27 0.21175
28 0.21815
29 0.22675
30 0.23305
31 0.23675
32 0.2441
33 0.2528
34 0.26565
35 0.27105
36 0.28375
37 0.29175
38 0.30375
39 0.31295
40 0.319
41 0.3258
42 0.33
43 0.33485
44 0.3466
45 0.35425
46 0.3635
47 0.37695
48 0.3827
49 0.39785
50 0.40175
51 0.4066
52 0.4199
53 0.42855
54 0.44285
55 0.45035
56 0.461
57 0.46765
58 0.48535
59 0.493
60 0.49465
61 0.51
62 0.5128
63 0.5209
64 0.52275
65 0.5239
66 0.5351
67 0.538
68 0.54445
69 0.5585
70 0.5634
71 0.5655
72 0.5703
73 0.5716
74 0.57785
75 0.5821
76 0.58815
77 0.596
78 0.59845
79 0.60585
80 0.61905
81 0.628
82 0.6335
83 0.64175
84 0.65475
85 0.6604
86 0.6679
87 0.6765
88 0.6824
89 0.6881
90 0.6903
91 0.6955
92 0.70805
93 0.7157
94 0.7269
95 0.734
96 0.73975
97 0.752
98 0.7566
99 0.7643
100 0.76865
101 0.775
102 0.7937
103 0.79965
104 0.8111
105 0.81995
106 0.8264
107 0.8314
108 0.8458
109 0.85485
110 0.86595
111 0.87045
112 0.87915
113 0.89145
114 0.89315
115 0.90215
116 0.9067
117 0.91165
118 0.9222
119 0.92955
120 0.93705
121 0.94075
122 0.94415
123 0.9541
124 0.9603
125 0.9689
126 0.9759
127 0.9818
128 0.99135
129 0.99805
130 1.00345
# Generated pool n. 23 for Umax = -8.613592147827148
# Generated a biased pool of 20000 with an acceptance of 0.47863292694091797
# Generated a pool of 20000 with an acceptance of 0.007659923664122136
# Generation repeated 131 times
# Average relative effective sample size: 0.1238277405500412
# Generation efficiency: 0.007633587786259542
