# Generation 14

0 0.00235
1 0.00665
2 0.01085
3 0.0126
4 0.01545
5 0.01675
6 0.0191
7 0.0203
8 0.0237
9 0.0329
10 0.0347
11 0.0386
12 0.04245
13 0.05035
14 0.0539
15 0.05735
16 0.0613
17 0.06235
18 0.06695
19 0.0682
20 0.06855
21 0.07135
22 0.07645
23 0.07765
24 0.08375
25 0.0846
26 0.08965
27 0.0918
28 0.09535
29 0.0962
30 0.10055
31 0.1028
32 0.1062
33 0.1095
34 0.11025
35 0.1129
36 0.1167
37 0.1175
38 0.12115
39 0.1251
40 0.12705
41 0.13025
42 0.13115
43 0.13605
44 0.13995
45 0.14305
46 0.14725
47 0.1484
48 0.15535
49 0.1569
50 0.16075
51 0.16835
52 0.1716
53 0.173
54 0.1755
55 0.1788
56 0.18165
57 0.1833
58 0.18825
59 0.1894
60 0.19035
61 0.1919
62 0.19435
63 0.1945
64 0.1958
65 0.1989
66 0.20155
67 0.2079
68 0.21085
69 0.21365
70 0.21505
71 0.21885
72 0.2243
73 0.2259
74 0.22915
75 0.2293
76 0.2315
77 0.23575
78 0.2385
79 0.23935
80 0.2427
81 0.2487
82 0.2515
83 0.2535
84 0.2552
85 0.26005
86 0.2616
87 0.264
88 0.27095
89 0.2751
90 0.2756
91 0.2765
92 0.2809
93 0.2895
94 0.2946
95 0.29595
96 0.30035
97 0.3016
98 0.3046
99 0.30895
100 0.3118
101 0.3157
102 0.317
103 0.32005
104 0.3242
105 0.3251
106 0.3288
107 0.3306
108 0.335
109 0.3393
110 0.34155
111 0.3436
112 0.34455
113 0.34715
114 0.34825
115 0.35235
116 0.35345
117 0.35615
118 0.36045
119 0.36245
120 0.3674
121 0.371
122 0.3747
123 0.3769
124 0.3783
125 0.3822
126 0.3874
127 0.3911
128 0.39695
129 0.39745
130 0.3987
131 0.39995
132 0.40175
133 0.40285
134 0.4125
135 0.41505
136 0.4156
137 0.41905
138 0.4223
139 0.4231
140 0.4277
141 0.4298
142 0.4331
143 0.43915
144 0.44225
145 0.44485
146 0.4496
147 0.4531
148 0.4579
149 0.4585
150 0.45925
151 0.46095
152 0.4661
153 0.47075
154 0.47355
155 0.475
156 0.4803
157 0.48105
158 0.4868
159 0.4898
160 0.4938
161 0.49595
162 0.4994
163 0.50285
164 0.50455
165 0.506
166 0.50715
167 0.511
168 0.51425
169 0.51935
170 0.52245
171 0.5239
172 0.52615
173 0.5295
174 0.53
175 0.5317
176 0.5325
177 0.53705
178 0.54025
179 0.5412
180 0.5435
181 0.54655
182 0.54765
183 0.5496
184 0.5515
185 0.55415
186 0.55685
187 0.558
188 0.56195
189 0.56375
190 0.568
191 0.5711
192 0.57545
193 0.579
194 0.58385
195 0.58745
196 0.589
197 0.59095
198 0.594
199 0.5997
200 0.6017
201 0.6044
202 0.61015
203 0.6131
204 0.61785
205 0.6235
206 0.62505
207 0.62795
208 0.63095
209 0.63435
210 0.6363
211 0.64045
212 0.64545
213 0.6522
214 0.65635
215 0.66
216 0.66305
217 0.66365
218 0.6671
219 0.6712
220 0.67415
221 0.6749
222 0.678
223 0.6786
224 0.6806
225 0.6821
226 0.6835
227 0.68935
228 0.6911
229 0.6945
230 0.69825
231 0.6996
232 0.7024
233 0.71045
234 0.71255
235 0.71465
236 0.7169
237 0.72115
238 0.72775
239 0.73265
240 0.7371
241 0.73905
242 0.74365
243 0.7501
244 0.75745
245 0.75895
246 0.7602
247 0.76225
248 0.76715
249 0.77175
250 0.77385
251 0.77745
252 0.7821
253 0.7835
254 0.7883
255 0.7927
256 0.79395
257 0.8003
258 0.80145
259 0.8039
260 0.80635
261 0.8081
262 0.8096
263 0.81105
264 0.81655
265 0.81845
266 0.8242
267 0.8272
268 0.83045
269 0.83155
270 0.83695
271 0.83765
272 0.8397
273 0.8459
274 0.8526
275 0.8535
276 0.8542
277 0.8568
278 0.8583
279 0.86515
280 0.86535
281 0.86915
282 0.8733
283 0.87515
284 0.8787
285 0.8812
286 0.88425
287 0.8895
288 0.8916
289 0.8933
290 0.89805
291 0.9019
292 0.904
293 0.90655
294 0.9101
295 0.9137
296 0.9202
297 0.9222
298 0.92465
299 0.9305
300 0.9347
301 0.94135
302 0.9445
303 0.94485
304 0.94765
305 0.95145
306 0.95665
307 0.96045
308 0.96205
309 0.96225
310 0.96445
311 0.9659
312 0.9684
313 0.969
314 0.9713
315 0.97255
316 0.974
317 0.97535
318 0.97885
319 0.9817
320 0.9837
321 0.9859
322 0.99105
323 0.99305
324 0.9937
325 0.99395
326 0.996
327 0.9974
328 1.0
# Generated pool n. 14 for Umax = 26.547439575195312
# Generated a biased pool of 20000 with an acceptance of 0.2856758236885071
# Generated a pool of 20000 with an acceptance of 0.00303951367781155
# Generation repeated 329 times
# Average relative effective sample size: 0.036865539848804474
# Generation efficiency: 0.00303951367781155
