# Generation 25

0 0.0088
1 0.017
2 0.01985
3 0.03535
4 0.045
5 0.05725
6 0.0656
7 0.07385
8 0.07985
9 0.08485
10 0.0862
11 0.08815
12 0.0953
13 0.09765
14 0.1037
15 0.10635
16 0.1162
17 0.12635
18 0.1386
19 0.1581
20 0.1704
21 0.1807
22 0.18595
23 0.1972
24 0.20545
25 0.20775
26 0.20895
27 0.21125
28 0.21765
29 0.2346
30 0.2434
31 0.2557
32 0.26145
33 0.26825
34 0.27345
35 0.2853
36 0.29295
37 0.2985
38 0.30155
39 0.31065
40 0.31785
41 0.32155
42 0.3308
43 0.3477
44 0.35455
45 0.3551
46 0.36945
47 0.3761
48 0.3879
49 0.39525
50 0.40495
51 0.41085
52 0.41495
53 0.41945
54 0.4214
55 0.4262
56 0.4347
57 0.44225
58 0.454
59 0.45645
60 0.46145
61 0.46595
62 0.4734
63 0.4824
64 0.4866
65 0.4946
66 0.5043
67 0.50565
68 0.5202
69 0.5301
70 0.53725
71 0.54005
72 0.5494
73 0.55625
74 0.5604
75 0.57115
76 0.5771
77 0.581
78 0.59935
79 0.60565
80 0.61215
81 0.61835
82 0.62895
83 0.645
84 0.646
85 0.6488
86 0.6528
87 0.6536
88 0.6641
89 0.67805
90 0.68575
91 0.6968
92 0.6993
93 0.7088
94 0.71715
95 0.72215
96 0.7335
97 0.74085
98 0.7414
99 0.7499
100 0.7529
101 0.7563
102 0.76745
103 0.78335
104 0.79385
105 0.80005
106 0.80035
107 0.8081
108 0.8091
109 0.81335
110 0.8149
111 0.8166
112 0.8218
113 0.8232
114 0.82775
115 0.8384
116 0.8459
117 0.84695
118 0.84745
119 0.8525
120 0.8619
121 0.87705
122 0.87815
123 0.88
124 0.88985
125 0.89675
126 0.9013
127 0.9092
128 0.92215
129 0.93315
130 0.9386
131 0.94645
132 0.9557
133 0.9614
134 0.9636
135 0.9768
136 0.9867
137 0.99175
138 0.99715
139 1.0006
# Generated pool n. 25 for Umax = -10.576994895935059
# Generated a biased pool of 20000 with an acceptance of 0.34678173065185547
# Generated a pool of 20000 with an acceptance of 0.007147142857142855
# Generation repeated 140 times
# Average relative effective sample size: 0.11369433999061584
# Generation efficiency: 0.007142857142857143
