# Generation 11

0 0.00235
1 0.00645
2 0.0098
3 0.0148
4 0.01935
5 0.0213
6 0.0238
7 0.02825
8 0.0329
9 0.0399
10 0.04665
11 0.05275
12 0.05455
13 0.0576
14 0.0608
15 0.06395
16 0.0648
17 0.06615
18 0.0692
19 0.0707
20 0.07745
21 0.08245
22 0.08445
23 0.08795
24 0.0926
25 0.0974
26 0.1002
27 0.10675
28 0.11205
29 0.11635
30 0.1179
31 0.12165
32 0.1253
33 0.136
34 0.1389
35 0.14015
36 0.143
37 0.1475
38 0.14855
39 0.15235
40 0.15375
41 0.15545
42 0.16035
43 0.1631
44 0.1661
45 0.1691
46 0.17025
47 0.1731
48 0.178
49 0.1791
50 0.18265
51 0.18645
52 0.1904
53 0.19445
54 0.2019
55 0.2043
56 0.2094
57 0.2126
58 0.2173
59 0.22085
60 0.22525
61 0.2271
62 0.2276
63 0.2302
64 0.23055
65 0.23475
66 0.2383
67 0.23975
68 0.2461
69 0.25275
70 0.2588
71 0.26575
72 0.27065
73 0.2741
74 0.27455
75 0.27945
76 0.2846
77 0.2906
78 0.29295
79 0.2956
80 0.3018
81 0.3074
82 0.30795
83 0.31055
84 0.3121
85 0.31625
86 0.3199
87 0.32265
88 0.3248
89 0.32495
90 0.32685
91 0.32775
92 0.335
93 0.33585
94 0.34025
95 0.3446
96 0.348
97 0.3537
98 0.3602
99 0.3633
100 0.3659
101 0.37205
102 0.37405
103 0.37605
104 0.3798
105 0.38275
106 0.38655
107 0.38915
108 0.39395
109 0.3979
110 0.4004
111 0.40445
112 0.40795
113 0.41415
114 0.41875
115 0.4212
116 0.42535
117 0.427
118 0.4281
119 0.4316
120 0.43655
121 0.4397
122 0.44165
123 0.44835
124 0.45105
125 0.4551
126 0.4606
127 0.4608
128 0.46415
129 0.46785
130 0.4687
131 0.47495
132 0.4801
133 0.48155
134 0.48795
135 0.48995
136 0.49445
137 0.4954
138 0.5057
139 0.50985
140 0.5133
141 0.51715
142 0.52105
143 0.5306
144 0.5333
145 0.5354
146 0.538
147 0.5444
148 0.54715
149 0.5481
150 0.5542
151 0.55815
152 0.56095
153 0.56365
154 0.5646
155 0.56945
156 0.5702
157 0.5756
158 0.57735
159 0.58085
160 0.58575
161 0.58855
162 0.5913
163 0.59445
164 0.59815
165 0.60145
166 0.60625
167 0.60835
168 0.60995
169 0.61395
170 0.6151
171 0.618
172 0.62215
173 0.6263
174 0.634
175 0.6385
176 0.64095
177 0.6448
178 0.64915
179 0.6544
180 0.66315
181 0.6638
182 0.66455
183 0.66685
184 0.6719
185 0.67625
186 0.6777
187 0.6838
188 0.69025
189 0.69395
190 0.6959
191 0.7019
192 0.70445
193 0.71155
194 0.71955
195 0.7222
196 0.7244
197 0.7281
198 0.7328
199 0.7401
200 0.7457
201 0.7499
202 0.75175
203 0.7522
204 0.75415
205 0.76095
206 0.7627
207 0.76365
208 0.77165
209 0.77345
210 0.77595
211 0.78085
212 0.7849
213 0.7863
214 0.7883
215 0.7952
216 0.7991
217 0.80625
218 0.8098
219 0.81135
220 0.81365
221 0.8156
222 0.8167
223 0.82455
224 0.82975
225 0.83105
226 0.832
227 0.83325
228 0.8437
229 0.84595
230 0.84735
231 0.85165
232 0.85195
233 0.8554
234 0.8594
235 0.8646
236 0.87175
237 0.8725
238 0.8736
239 0.87755
240 0.8809
241 0.8868
242 0.89235
243 0.89335
244 0.8956
245 0.89935
246 0.9011
247 0.90465
248 0.90525
249 0.9117
250 0.91605
251 0.9195
252 0.9261
253 0.9283
254 0.931
255 0.93465
256 0.94
257 0.94265
258 0.9479
259 0.94925
260 0.95245
261 0.95585
262 0.9578
263 0.96085
264 0.96365
265 0.969
266 0.97605
267 0.97885
268 0.9807
269 0.9814
270 0.9817
271 0.9854
272 0.9867
273 0.9905
274 0.9951
275 0.9976
276 1.00375
# Generated pool n. 11 for Umax = 80.08511352539062
# Generated a biased pool of 20000 with an acceptance of 0.31886380910873413
# Generated a pool of 20000 with an acceptance of 0.003623646209386282
# Generation repeated 277 times
# Average relative effective sample size: 0.04491277039051056
# Generation efficiency: 0.0036101083032490976
