# Generation 44

0 0.0116
1 0.02115
2 0.0274
3 0.0361
4 0.0493
5 0.05175
6 0.06035
7 0.0668
8 0.0706
9 0.0809
10 0.0818
11 0.08825
12 0.09485
13 0.09815
14 0.10915
15 0.11625
16 0.1233
17 0.13265
18 0.13955
19 0.14755
20 0.1506
21 0.1538
22 0.16345
23 0.176
24 0.18805
25 0.2013
26 0.21075
27 0.2129
28 0.21985
29 0.2286
30 0.2381
31 0.2428
32 0.24725
33 0.26195
34 0.26995
35 0.27405
36 0.27835
37 0.28175
38 0.2883
39 0.29385
40 0.30635
41 0.31315
42 0.32305
43 0.33895
44 0.3408
45 0.3465
46 0.36195
47 0.36565
48 0.3728
49 0.379
50 0.392
51 0.4042
52 0.40705
53 0.41235
54 0.4223
55 0.42545
56 0.4328
57 0.44215
58 0.4517
59 0.45765
60 0.46645
61 0.47805
62 0.48545
63 0.496
64 0.5016
65 0.5092
66 0.51555
67 0.52485
68 0.53165
69 0.5368
70 0.547
71 0.5533
72 0.56035
73 0.56825
74 0.57225
75 0.5782
76 0.58085
77 0.5915
78 0.59965
79 0.60635
80 0.611
81 0.61865
82 0.6226
83 0.62945
84 0.63645
85 0.64115
86 0.65215
87 0.6576
88 0.66725
89 0.6726
90 0.68115
91 0.68425
92 0.6941
93 0.69765
94 0.70195
95 0.7086
96 0.7105
97 0.7146
98 0.7276
99 0.73515
100 0.7437
101 0.75135
102 0.75465
103 0.76725
104 0.7779
105 0.7795
106 0.7889
107 0.79775
108 0.8024
109 0.809
110 0.81425
111 0.82885
112 0.8323
113 0.8368
114 0.8446
115 0.8468
116 0.85175
117 0.8594
118 0.8668
119 0.8718
120 0.8809
121 0.8875
122 0.89215
123 0.9034
124 0.91245
125 0.91545
126 0.92495
127 0.9383
128 0.94435
129 0.9504
130 0.9556
131 0.9632
132 0.9742
133 0.9773
134 0.98695
135 0.99885
136 1.00895
# Generated pool n. 44 for Umax = -14.767237663269043
# Generated a biased pool of 20000 with an acceptance of 0.2995011508464813
# Generated a pool of 20000 with an acceptance of 0.00736459854014599
# Generation repeated 137 times
# Average relative effective sample size: 0.09356110543012619
# Generation efficiency: 0.0072992700729927005
