# Generation 20

0 0.004
1 0.0076
2 0.01765
3 0.0246
4 0.0352
5 0.03605
6 0.03885
7 0.0475
8 0.0587
9 0.06265
10 0.06675
11 0.07665
12 0.0853
13 0.08815
14 0.09095
15 0.0975
16 0.10345
17 0.10785
18 0.1125
19 0.12375
20 0.1263
21 0.1353
22 0.13965
23 0.14165
24 0.14375
25 0.14505
26 0.1548
27 0.16125
28 0.162
29 0.16385
30 0.16615
31 0.17135
32 0.18145
33 0.18785
34 0.18955
35 0.19685
36 0.20095
37 0.20265
38 0.2056
39 0.2079
40 0.21315
41 0.21805
42 0.22255
43 0.22475
44 0.2311
45 0.2346
46 0.2506
47 0.2511
48 0.25755
49 0.25905
50 0.2693
51 0.27255
52 0.28155
53 0.296
54 0.29885
55 0.301
56 0.3095
57 0.31645
58 0.3278
59 0.32935
60 0.33235
61 0.3389
62 0.3428
63 0.3495
64 0.35165
65 0.35355
66 0.3602
67 0.36175
68 0.3672
69 0.3732
70 0.3782
71 0.3878
72 0.39785
73 0.4025
74 0.40675
75 0.4142
76 0.41995
77 0.42285
78 0.42895
79 0.4332
80 0.4361
81 0.4386
82 0.43965
83 0.448
84 0.45255
85 0.45815
86 0.4635
87 0.4663
88 0.47325
89 0.4748
90 0.48645
91 0.48725
92 0.4889
93 0.4969
94 0.50405
95 0.51485
96 0.5204
97 0.5287
98 0.53405
99 0.5442
100 0.54895
101 0.55265
102 0.56235
103 0.5703
104 0.57465
105 0.57675
106 0.5801
107 0.58125
108 0.5863
109 0.59295
110 0.59515
111 0.6017
112 0.6053
113 0.6126
114 0.6166
115 0.6309
116 0.6335
117 0.64055
118 0.64395
119 0.64875
120 0.6497
121 0.65615
122 0.6606
123 0.6677
124 0.67625
125 0.6911
126 0.69505
127 0.6961
128 0.71255
129 0.7156
130 0.7224
131 0.72465
132 0.7282
133 0.73
134 0.73765
135 0.7445
136 0.75355
137 0.7569
138 0.76015
139 0.7641
140 0.7757
141 0.78175
142 0.78695
143 0.79805
144 0.80165
145 0.8061
146 0.80915
147 0.81195
148 0.8159
149 0.82295
150 0.8327
151 0.8417
152 0.849
153 0.85755
154 0.8641
155 0.87055
156 0.8744
157 0.8781
158 0.88285
159 0.88695
160 0.8917
161 0.8938
162 0.89775
163 0.90615
164 0.9136
165 0.9149
166 0.92895
167 0.93365
168 0.9371
169 0.9425
170 0.9488
171 0.95435
172 0.95475
173 0.9627
174 0.9686
175 0.9752
176 0.9806
177 0.99025
178 0.992
179 0.9957
180 1.0001
# Generated pool n. 20 for Umax = -3.615355968475342
# Generated a biased pool of 20000 with an acceptance of 0.4418727159500122
# Generated a pool of 20000 with an acceptance of 0.005525414364640885
# Generation repeated 181 times
# Average relative effective sample size: 0.09351551532745361
# Generation efficiency: 0.0055248618784530384
