# Generation 26

0 0.0045
1 0.014
2 0.0275
3 0.03045
4 0.03765
5 0.04475
6 0.0534
7 0.0614
8 0.07135
9 0.07635
10 0.0854
11 0.0941
12 0.1018
13 0.11285
14 0.118
15 0.1289
16 0.1379
17 0.15425
18 0.16105
19 0.1686
20 0.17015
21 0.19925
22 0.21175
23 0.22635
24 0.2362
25 0.24535
26 0.25025
27 0.2544
28 0.26595
29 0.2813
30 0.2939
31 0.30035
32 0.3067
33 0.3131
34 0.318
35 0.32055
36 0.32065
37 0.3263
38 0.3297
39 0.33745
40 0.3377
41 0.34955
42 0.36435
43 0.3749
44 0.38185
45 0.38825
46 0.39705
47 0.3974
48 0.4022
49 0.4142
50 0.4191
51 0.43315
52 0.4411
53 0.44675
54 0.45775
55 0.46185
56 0.46485
57 0.47485
58 0.49105
59 0.49515
60 0.5042
61 0.50895
62 0.51525
63 0.51925
64 0.53155
65 0.5395
66 0.5533
67 0.57295
68 0.5894
69 0.59745
70 0.60945
71 0.61215
72 0.61655
73 0.6218
74 0.6305
75 0.63975
76 0.6529
77 0.6571
78 0.6705
79 0.6857
80 0.6884
81 0.6999
82 0.70815
83 0.71635
84 0.7194
85 0.733
86 0.7439
87 0.7559
88 0.77115
89 0.78125
90 0.7896
91 0.79765
92 0.81035
93 0.8218
94 0.82965
95 0.83815
96 0.8456
97 0.8538
98 0.8647
99 0.86795
100 0.87185
101 0.8757
102 0.89605
103 0.90475
104 0.9127
105 0.92895
106 0.9383
107 0.9418
108 0.94835
109 0.95395
110 0.96655
111 0.97945
112 0.99465
113 0.9994
114 1.0023
# Generated pool n. 26 for Umax = -11.300680160522461
# Generated a biased pool of 20000 with an acceptance of 0.3569290339946747
# Generated a pool of 20000 with an acceptance of 0.008715652173913041
# Generation repeated 115 times
# Average relative effective sample size: 0.13928408920764923
# Generation efficiency: 0.008695652173913044
