# Generation 24

0 0.00415
1 0.00955
2 0.01705
3 0.0217
4 0.0301
5 0.03255
6 0.0419
7 0.04675
8 0.05555
9 0.05675
10 0.06705
11 0.0691
12 0.0777
13 0.08095
14 0.0856
15 0.0905
16 0.09345
17 0.0962
18 0.1051
19 0.109
20 0.114
21 0.11685
22 0.11885
23 0.1241
24 0.1266
25 0.13325
26 0.1438
27 0.1548
28 0.16405
29 0.16875
30 0.17345
31 0.18215
32 0.1888
33 0.19285
34 0.20335
35 0.214
36 0.2278
37 0.2429
38 0.2479
39 0.2543
40 0.25795
41 0.26495
42 0.27265
43 0.277
44 0.27985
45 0.2817
46 0.28325
47 0.2878
48 0.30055
49 0.30595
50 0.3116
51 0.3149
52 0.3202
53 0.32745
54 0.33125
55 0.3419
56 0.3507
57 0.35545
58 0.3589
59 0.3643
60 0.37495
61 0.38015
62 0.38375
63 0.3887
64 0.4045
65 0.40895
66 0.41755
67 0.423
68 0.43295
69 0.43425
70 0.44295
71 0.44895
72 0.4595
73 0.4661
74 0.4694
75 0.47835
76 0.48435
77 0.48565
78 0.4966
79 0.50435
80 0.50495
81 0.51105
82 0.51225
83 0.5183
84 0.5216
85 0.5397
86 0.5429
87 0.5589
88 0.5661
89 0.5678
90 0.57385
91 0.5855
92 0.5859
93 0.59
94 0.5967
95 0.60485
96 0.61445
97 0.6179
98 0.61955
99 0.62405
100 0.6291
101 0.63455
102 0.6428
103 0.65405
104 0.661
105 0.66625
106 0.6761
107 0.68145
108 0.6876
109 0.7011
110 0.70215
111 0.7071
112 0.71265
113 0.71645
114 0.72175
115 0.73215
116 0.75075
117 0.7602
118 0.7672
119 0.7709
120 0.77355
121 0.78305
122 0.7848
123 0.7946
124 0.8023
125 0.81175
126 0.8259
127 0.82855
128 0.83305
129 0.8352
130 0.83885
131 0.8506
132 0.8621
133 0.86845
134 0.87545
135 0.8766
136 0.8785
137 0.88195
138 0.8973
139 0.90315
140 0.9078
141 0.91795
142 0.92465
143 0.9362
144 0.94105
145 0.9421
146 0.95175
147 0.95545
148 0.9558
149 0.95935
150 0.96795
151 0.97265
152 0.97955
153 0.98865
154 1.00405
# Generated pool n. 24 for Umax = -9.695951461791992
# Generated a biased pool of 20000 with an acceptance of 0.47323548793792725
# Generated a pool of 20000 with an acceptance of 0.006477741935483873
# Generation repeated 155 times
# Average relative effective sample size: 0.11007460206747055
# Generation efficiency: 0.0064516129032258064
