# Generation 27

0 0.00525
1 0.011
2 0.01105
3 0.0162
4 0.0297
5 0.03145
6 0.04355
7 0.05445
8 0.0651
9 0.07325
10 0.08165
11 0.095
12 0.10315
13 0.11285
14 0.1247
15 0.12705
16 0.1364
17 0.1403
18 0.1463
19 0.1539
20 0.1553
21 0.1652
22 0.1667
23 0.1766
24 0.18595
25 0.20195
26 0.21665
27 0.24155
28 0.2462
29 0.24645
30 0.253
31 0.2569
32 0.2614
33 0.26435
34 0.27275
35 0.28015
36 0.2843
37 0.287
38 0.2992
39 0.31145
40 0.32685
41 0.32845
42 0.3371
43 0.34945
44 0.35515
45 0.36875
46 0.37435
47 0.3833
48 0.3943
49 0.40575
50 0.4229
51 0.43195
52 0.4395
53 0.4468
54 0.45085
55 0.45485
56 0.457
57 0.46915
58 0.4755
59 0.4876
60 0.5029
61 0.50825
62 0.51925
63 0.5286
64 0.54345
65 0.54945
66 0.55795
67 0.57235
68 0.57435
69 0.57815
70 0.58525
71 0.59785
72 0.60685
73 0.6148
74 0.62315
75 0.63185
76 0.63685
77 0.6423
78 0.6548
79 0.6655
80 0.67185
81 0.6773
82 0.68885
83 0.6907
84 0.69685
85 0.7001
86 0.7022
87 0.7112
88 0.71175
89 0.71925
90 0.72595
91 0.73745
92 0.74525
93 0.75055
94 0.7601
95 0.7738
96 0.78
97 0.79775
98 0.812
99 0.82145
100 0.83755
101 0.84445
102 0.8554
103 0.86825
104 0.8737
105 0.8923
106 0.9142
107 0.9182
108 0.925
109 0.93105
110 0.9488
111 0.95265
112 0.9616
113 0.9683
114 0.97985
115 0.99095
116 0.9975
117 1.00525
# Generated pool n. 27 for Umax = -11.893390655517578
# Generated a biased pool of 20000 with an acceptance of 0.36059150099754333
# Generated a pool of 20000 with an acceptance of 0.008519067796610165
# Generation repeated 118 times
# Average relative effective sample size: 0.1361183226108551
# Generation efficiency: 0.00847457627118644
