# epoch	step	nll	ecut	ecut_viol	grad_norm	val_nll	val_ecut	val_ecut_viol	val_ress_zx	LR
1	27	-2.2164554595947266	0.0	0.0	6.362693786621094	-2.2952091693878174	1568.431640625	1567.849365234375	0.0	1.0237143666892609e-05
2	54	-3.8821520805358887	0.0	0.0	5.472252368927002	-3.9879236221313477	1531.9490966796875	1530.7021484375	0.0	1.094763738225795e-05
3	81	-5.430722713470459	0.0	0.0	5.700415134429932	-5.458978176116943	1491.377685546875	1488.873779296875	0.0	1.2128672994680007e-05
4	108	-6.610964775085449	0.0	0.0	7.376957893371582	-6.683856964111328	1448.15576171875	1443.8358154296875	0.0	1.3775582585561007e-05
5	135	-7.5779571533203125	0.0	0.0	7.482438564300537	-7.623561382293701	1404.5902099609375	1398.8084716796875	0.0	1.588185691857728e-05
6	162	-8.49837875366211	0.0	0.0	11.9476957321167	-8.598440170288086	1360.3232421875	1353.68701171875	0.0	1.8439171166748666e-05
7	189	-9.793251991271973	0.0	0.0	15.31244945526123	-9.709562301635742	1312.861572265625	1304.738525390625	0.0	2.143741781543827e-05
8	216	-10.762763977050781	0.0	0.0	19.91837501525879	-10.839030265808105	1253.0003662109375	1243.68798828125	0.0003333333588670939	2.4864746611237527e-05
9	243	-11.812219619750977	0.0	0.0	18.218645095825195	-11.926905632019043	1191.116943359375	1180.7142333984375	0.0003333333588670939	2.870761139884165e-05
10	270	-12.948200225830078	0.0	0.0	18.57308578491211	-12.812121391296387	1143.88720703125	1132.700927734375	0.0009996521985158324	3.295082366079895e-05
11	297	-13.769187927246094	0.0	0.0	25.646024703979492	-13.596918106079102	1096.208251953125	1083.9554443359375	0.0012534668203443289	3.7577612548522684e-05
12	324	-14.165592193603516	0.0	0.0	39.609535217285156	-14.253154754638672	1036.88623046875	1023.9515991210938	0.0017672422109171748	4.256969116729994e-05
13	351	-14.743062973022461	0.0	0.0	40.635963439941406	-14.835668563842773	996.6497802734375	983.1393432617188	0.002766329562291503	4.790732885331288e-05
14	378	-15.338183403015137	0.0	0.0	29.06828498840332	-15.38768196105957	924.7646484375	910.6723022460938	0.002412729198113084	5.356942915700472e-05
15	405	-15.489444732666016	0.0	0.0	91.04576110839844	-15.830817222595215	879.7313842773438	864.7260131835938	0.005478094331920147	5.953361322456993e-05
16	432	-16.36096954345703	0.0	0.0	32.001651763916016	-16.406829833984375	842.2608642578125	826.68994140625	0.004700608551502228	6.577630824801178e-05
17	459	-16.45577049255371	0.0	0.0	93.8827896118164	-16.614187240600586	813.76318359375	797.6752319335938	0.006086858920753002	7.227284063417776e-05
18	486	-17.09492301940918	0.0	0.0	61.1105842590332	-16.986331939697266	776.8895263671875	760.447998046875	0.008861853741109371	7.899753352453215e-05
19	513	-17.0355224609375	0.0	0.0	112.67948913574219	-17.036359786987305	728.8375854492188	712.2176513671875	0.007573561742901802	8.592380828022916e-05
20	540	-17.295738220214844	0.0	0.0	87.51970672607422	-17.505388259887695	720.0665283203125	703.3839721679688	0.015852946788072586	9.302428953137767e-05
21	567	-17.701759338378906	0.0	0.0	66.08604431152344	-17.490333557128906	693.79833984375	676.5789794921875	0.011793920770287514	0.00010027091337530103
22	594	-17.604751586914062	0.0	0.0	97.52649688720703	-17.740703582763672	668.3175659179688	651.2173461914062	0.007991376332938671	0.00010763503829615015
23	621	-17.81391716003418	0.0	0.0	102.23704528808594	-17.75619888305664	655.8308715820312	638.5255737304688	0.004387599881738424	0.00011508755836747201
24	648	-18.00286865234375	0.0	0.0	84.11328887939453	-17.52649688720703	654.2662963867188	636.8986206054688	0.005379611626267433	0.00012259901829031155
25	675	-17.87076187133789	0.0	0.0	111.17154693603516	-18.167964935302734	614.6767578125	597.3172607421875	0.01166931539773941	0.00013013972981217172
26	702	-17.757810592651367	0.0	0.0	106.02446746826172	-18.12447738647461	613.297119140625	596.0946655273438	0.009025327861309052	0.00013767988906669806
27	729	-18.24732780456543	0.0	0.0	63.948997497558594	-17.600542068481445	624.9791870117188	607.712646484375	0.013858549296855927	0.0001451896943703143
28	756	-18.275074005126953	0.0	0.0	64.82115173339844	-18.283117294311523	584.617431640625	567.051513671875	0.01961774192750454	0.00015263946401023132
29	783	-18.064098358154297	0.0	0.0	90.58319854736328	-18.292598724365234	568.46240234375	550.8062744140625	0.015697360038757324	0.00015999975355828383
30	810	-18.02889060974121	0.0	0.0	104.0184326171875	-17.642793655395508	557.264892578125	539.9466552734375	0.010298525914549828	0.00016724147224692488
31	837	-17.254247665405273	0.0	0.0	188.80975341796875	-17.978851318359375	584.268310546875	567.2662353515625	0.009509620256721973	0.00017433599794741407
32	864	-17.989215850830078	0.0	0.0	105.93253326416016	-18.1680965423584	561.0322265625	543.5743408203125	0.020845796912908554	0.00018125529029576
33	891	-17.931575775146484	0.0	0.0	107.21964263916016	-17.95734405517578	543.4193725585938	526.0684204101562	0.017478547990322113	0.00018797200151929956
34	918	-18.084529876708984	0.0	0.0	113.97203063964844	-18.477142333984375	524.2389526367188	506.32958984375	0.008843529038131237	0.00019445958452588268
35	945	-18.470291137695312	0.0	0.0	65.24542236328125	-18.28230857849121	522.4671630859375	504.51922607421875	0.011897064745426178	0.00020069239782845172
36	972	-18.443891525268555	0.0	0.0	59.37514114379883	-18.6475772857666	523.3403930664062	505.44525146484375	0.023635532706975937	0.00020664580689031296
37	999	-18.507354736328125	0.0	0.0	66.98978424072266	-18.159997940063477	519.7713623046875	501.4661560058594	0.018085818737745285	0.00021229628149054233
38	1026	-18.604145050048828	0.0	0.0	63.02426528930664	-18.731582641601562	510.9042663574219	492.82232666015625	0.026286277920007706	0.0002176214887247001
39	1053	-18.672109603881836	0.0	0.0	57.51267623901367	-18.624677658081055	511.8558044433594	493.67437744140625	0.01717662438750267	0.0002226003812732785
40	1080	-18.400863647460938	0.0	0.0	63.14702224731445	-18.639299392700195	518.1624145507812	500.4517517089844	0.01579895429313183	0.00022721328058901023
41	1107	-18.693296432495117	0.0	0.0	61.020225524902344	-18.73237419128418	509.76708984375	491.5685729980469	0.016962174326181412	0.0002314419546742497
42	1134	-18.357398986816406	0.0	0.0	78.79866790771484	-18.546499252319336	508.74700927734375	490.95123291015625	0.023900598287582397	0.0002352696901410191
43	1161	-18.739917755126953	0.0	0.0	65.88101959228516	-18.64696502685547	504.4656677246094	486.29974365234375	0.03213281184434891	0.00023868135826891025
44	1188	-18.47787094116211	0.0	0.0	52.62497329711914	-18.547840118408203	536.310791015625	519.3685302734375	0.01599739119410515	0.0002416634747997555
45	1215	-18.760204315185547	0.0	0.0	35.2258186340332	-18.645751953125	504.51239013671875	486.5335693359375	0.022617382928729057	0.0002442042532327343
46	1242	-18.763212203979492	0.0	0.0	40.648895263671875	-18.714887619018555	508.9334411621094	490.95111083984375	0.02080111764371395	0.0002462936514092741
47	1269	-19.002283096313477	0.0	0.0	38.610931396484375	-18.90180778503418	485.687255859375	467.114501953125	0.029662322252988815	0.0002479234112036218
48	1296	-18.549509048461914	0.0	0.0	83.25367736816406	-18.751436233520508	484.6698913574219	466.00152587890625	0.015225368551909924	0.0002490870911622143
49	1323	-18.82606315612793	0.0	0.0	47.20781707763672	-18.72215461730957	499.42181396484375	481.2410583496094	0.024153076112270355	0.00024978009196284376
50	1350	-18.857498168945312	0.0	0.0	70.00996398925781	-18.731487274169922	494.96337890625	477.1919860839844	0.016772974282503128	0.0002499999097430048
51	1377	-18.553606033325195	0.0	0.0	64.35530853271484	-18.847667694091797	509.3037109375	491.445556640625	0.017931193113327026	0.0002499292496279845
52	1404	-19.111661911010742	0.0	0.0	33.76188659667969	-18.96508026123047	477.1005554199219	458.36663818359375	0.029743898659944534	0.00024972713814798653
53	1431	-19.117298126220703	0.0	0.0	37.24515914916992	-18.94186019897461	464.196533203125	445.74456787109375	0.036284372210502625	0.0002493939298752249
54	1458	-18.777740478515625	0.0	0.0	82.57862854003906	-18.699308395385742	466.55908203125	448.51251220703125	0.012997329235076904	0.0002489302093702348
55	1485	-18.806922912597656	0.0	0.0	61.86129379272461	-18.893707275390625	450.69964599609375	432.2010498046875	0.032941460609436035	0.0002483367901563554
56	1512	-18.915935516357422	0.0	0.0	49.21866226196289	-18.6750545501709	446.62628173828125	428.44317626953125	0.020270636305212975	0.000247614713292533
57	1539	-18.8167724609375	0.0	0.0	81.50525665283203	-18.794984817504883	432.52642822265625	414.14752197265625	0.031635865569114685	0.0002467652455469501
58	1566	-18.70594024658203	0.0	0.0	60.253379821777344	-18.901294708251953	426.5045166015625	408.1923828125	0.024097217246890068	0.0002457898771746836
59	1593	-18.874656677246094	0.0	0.0	73.1565933227539	-18.819717407226562	411.6808776855469	393.02032470703125	0.021910279989242554	0.0002446903193032908
60	1620	-19.017562866210938	0.0	0.0	69.05696105957031	-18.829654693603516	404.70794677734375	385.8028259277344	0.03096373938024044	0.00024346850093091035
61	1647	-19.043312072753906	0.0	0.0	40.69461441040039	-19.154813766479492	409.5926208496094	390.9356384277344	0.04210878536105156	0.00024212656554214415
62	1674	-18.993892669677734	0.0	0.0	61.2037467956543	-18.975191116333008	401.1734313964844	382.4736328125	0.011393139138817787	0.0002406668673476568
63	1701	-19.191791534423828	0.0	0.0	68.45175170898438	-19.297258377075195	386.82281494140625	367.8656005859375	0.021024145185947418	0.00023909196715409025
64	1728	-18.917972564697266	0.0	0.0	93.92292022705078	-18.680156707763672	392.69537353515625	374.00042724609375	0.01865285448729992	0.0002374046278715386
65	1755	-19.020586013793945	0.0	0.0	46.734130859375	-18.903697967529297	390.9188232421875	372.24017333984375	0.03607301041483879	0.0002356078096664652
66	1782	-19.319334030151367	0.0	0.0	51.48936462402344	-19.235084533691406	368.115234375	348.9690856933594	0.03035879135131836	0.0002337046647685648
67	1809	-19.60818862915039	0.0	0.0	32.52031707763672	-19.316978454589844	369.395751953125	350.05780029296875	0.011335770599544048	0.00023169853194068108
68	1836	-19.29347038269043	0.0	0.0	66.02525329589844	-19.463603973388672	365.33782958984375	345.92633056640625	0.03814096376299858	0.0002295929306214829
69	1863	-19.264625549316406	0.0	0.0	36.72808074951172	-19.193138122558594	366.9205017089844	348.12518310546875	0.0423530749976635	0.0002273915547511721
70	1890	-18.968219757080078	0.0	0.0	58.578582763671875	-19.008346557617188	369.4469909667969	350.598388671875	0.01211351715028286	0.00022509826629105785
71	1917	-19.48525619506836	0.0	0.0	43.7036247253418	-19.356304168701172	364.1609802246094	345.0208740234375	0.03250890597701073	0.0002227170884483638
72	1944	-19.565582275390625	0.0	0.0	57.78755569458008	-19.314287185668945	343.89752197265625	324.27215576171875	0.022943422198295593	0.0002202521986181557
73	1971	-19.472515106201172	0.0	0.0	54.07099533081055	-19.546598434448242	334.17333984375	314.434326171875	0.028713015839457512	0.00021770792105477095
74	1998	-19.1782283782959	0.0	0.0	74.5191650390625	-19.048664093017578	340.3566589355469	321.2369384765625	0.017611876130104065	0.00021508871928560704
75	2025	-19.68288230895996	0.0	0.0	81.23729705810547	-19.52301025390625	329.9611511230469	310.64178466796875	0.02674255333840847	0.00021239918828057787
76	2052	-19.755708694458008	0.0	0.0	45.23295593261719	-19.628145217895508	305.2781982421875	285.320556640625	0.033193886280059814	0.00020964404639097492
77	2079	-19.50306510925293	0.0	0.0	56.00576400756836	-19.675018310546875	318.2677001953125	298.90911865234375	0.049500636756420135	0.00020682812707187618
78	2106	-19.656160354614258	0.0	0.0	46.589088439941406	-19.721086502075195	299.99920654296875	280.335205078125	0.03100604936480522	0.0002039563704026231
79	2133	-19.485050201416016	0.0	0.0	65.13262176513672	-19.61170196533203	312.8857421875	293.56402587890625	0.03226807340979576	0.00020103381442024303
80	2160	-19.649608612060547	0.0	0.0	56.95686340332031	-19.601726531982422	299.41400146484375	279.6630554199219	0.049752265214920044	0.0001980655862810203
81	2187	-19.890600204467773	0.0	0.0	54.24001693725586	-19.766620635986328	299.56158447265625	279.71832275390625	0.04169411584734917	0.00019505689326572176
82	2214	-19.892597198486328	0.0	0.0	38.53371047973633	-19.843595504760742	288.6937255859375	268.933837890625	0.03870762512087822	0.00019201301364425705
83	2241	-20.151660919189453	0.0	0.0	42.708824157714844	-19.884235382080078	284.520751953125	264.56854248046875	0.059387993067502975	0.0001889392874157994
84	2268	-19.97286033630371	0.0	0.0	35.5145149230957	-19.928874969482422	293.43780517578125	273.6673583984375	0.02972368709743023	0.00018584110694061274
85	2295	-20.040180206298828	0.0	0.0	60.02001190185547	-20.025251388549805	285.47882080078125	265.290771484375	0.02736261487007141	0.00018272390748001933
86	2322	-20.029949188232422	0.0	0.0	47.64797592163086	-19.92662239074707	288.2532653808594	268.16314697265625	0.08908174932003021	0.00017959315766110463
87	2349	-19.859975814819336	0.0	0.0	57.63685607910156	-19.959186553955078	280.8124694824219	260.9393005371094	0.05415917560458183	0.00017645434988288684
88	2376	-19.993995666503906	0.0	0.0	47.07395935058594	-19.884502410888672	273.3872985839844	253.3026123046875	0.04416394233703613	0.00017331299068078308
89	2403	-20.133583068847656	0.0	0.0	39.91663360595703	-20.169937133789062	267.04351806640625	246.71868896484375	0.0963233932852745	0.00017017459106627485
90	2430	-20.040372848510742	0.0	0.0	40.1110954284668	-20.055004119873047	271.3066101074219	251.17587280273438	0.04738949239253998	0.00016704465685872134
91	2457	-20.103290557861328	0.0	0.0	40.65449523925781	-20.053678512573242	260.27423095703125	240.10263061523438	0.09636016190052032	0.0001639286790262814
92	2484	-20.09807586669922	0.0	0.0	48.2629508972168	-20.155622482299805	264.0030212402344	243.78607177734375	0.05380993336439133	0.0001608321240528895
93	2511	-20.161537170410156	0.0	0.0	37.386680603027344	-20.01431655883789	269.01446533203125	248.97650146484375	0.058283861726522446	0.00015776042434818542
94	2538	-20.23078155517578	0.0	0.0	35.343868255615234	-20.12051773071289	272.1268005371094	251.9957733154297	0.06032630056142807	0.00015471896871722181
95	2565	-20.150894165039062	0.0	0.0	50.8100700378418	-20.118223190307617	257.78607177734375	237.5196533203125	0.043079715222120285	0.00015171309290666892
96	2592	-20.25409698486328	0.0	0.0	36.50371551513672	-20.191864013671875	265.5849304199219	245.19688415527344	0.06274431198835373	0.00014874807024410196
97	2619	-20.26178741455078	0.0	0.0	66.93959045410156	-20.214855194091797	261.5514831542969	241.10311889648438	0.06641450524330139	0.00014582910238679245
98	2646	-20.271024703979492	0.0	0.0	50.021793365478516	-20.32330894470215	261.70745849609375	241.46725463867188	0.08791463077068329	0.0001429613101962342
99	2673	-20.22852325439453	0.0	0.0	41.55984878540039	-20.133026123046875	256.6334533691406	236.0042724609375	0.05903009697794914	0.00014014972475441165
100	2700	-20.10622787475586	0.0	0.0	62.4427604675293	-20.219528198242188	262.7132568359375	242.419677734375	0.0301896370947361	0.000137399278537573
101	2727	-20.283306121826172	0.0	0.0	48.31135177612305	-20.323331832885742	254.90191650390625	234.58580017089844	0.07411353290081024	0.00013471479676299046
102	2754	-20.31336212158203	0.0	0.0	39.018680572509766	-20.30476951599121	249.1011962890625	228.6272430419922	0.07307609915733337	0.00013210098892388962
103	2781	-20.45363426208496	0.0	0.0	37.311546325683594	-20.35569953918457	249.95443725585938	229.3372802734375	0.07831813395023346	0.00012956244052739826
104	2808	-20.254833221435547	0.0	0.0	60.83034133911133	-20.346923828125	249.3759765625	228.7198944091797	0.0852070152759552	0.00012710360505000827
105	2835	-20.27615737915039	0.0	0.0	45.05448913574219	-20.27169418334961	245.18698120117188	224.64109802246094	0.03490053117275238	0.00012472879612466492
106	2862	-20.314579010009766	0.0	0.0	53.3892936706543	-20.34978485107422	246.8721923828125	226.460205078125	0.07350181043148041	0.00012244217997318878
107	2889	-20.17198944091797	0.0	0.0	41.287567138671875	-20.303577423095703	239.67564392089844	219.06265258789062	0.05805802345275879	0.00012024776809730691
108	2916	-20.37393569946289	0.0	0.0	47.040016174316406	-20.437959671020508	243.5341796875	223.16207885742188	0.06982290744781494	0.00011814941024111579
109	2943	-20.372634887695312	0.0	0.0	63.065425872802734	-20.370738983154297	239.03518676757812	218.56723022460938	0.08421206474304199	0.00011615078763732197
110	2970	-20.311012268066406	0.0	0.0	57.8723030090332	-20.378843307495117	238.43209838867188	217.9282684326172	0.09074342250823975	0.000114255406549109
111	2997	-20.51885986328125	0.0	0.0	44.24401092529297	-20.388463973999023	240.5065155029297	219.8215789794922	0.06405074894428253	0.00011246659211896043
112	3024	-20.441829681396484	0.0	0.0	46.921714782714844	-20.457088470458984	239.3625946044922	218.763916015625	0.0831264778971672	0.00011078748253523003
113	3051	-20.471242904663086	0.0	0.0	42.433719635009766	-20.40900230407715	237.54934692382812	216.95635986328125	0.0826432853937149	0.00010922102352669286
114	3078	-20.514053344726562	0.0	0.0	174.62767028808594	-20.433937072753906	245.81536865234375	225.17221069335938	0.09661220014095306	0.00010776996319473627
115	3105	-20.577524185180664	0.0	0.0	34.85221862792969	-20.56851577758789	237.75350952148438	217.1790008544922	0.09123378992080688	0.00010643684719225612
116	3132	-20.586698532104492	0.0	0.0	39.52558135986328	-20.425703048706055	231.76904296875	210.8118133544922	0.07228264957666397	0.00010522401425771664
117	3159	-20.508970260620117	0.0	0.0	50.15412521362305	-20.57691192626953	232.0944061279297	211.30264282226562	0.09281580150127411	0.0001041335921122084
118	3186	-20.543746948242188	0.0	0.0	41.82229995727539	-20.518413543701172	237.8365936279297	217.24484252929688	0.07745778560638428	0.00010316749372670254
119	3213	-20.639070510864258	0.0	0.0	36.55997085571289	-20.56930160522461	230.3091278076172	209.53228759765625	0.09440958499908447	0.0001023274139660497
120	3240	-20.58807373046875	0.0	0.0	118.83622741699219	-20.500652313232422	230.87860107421875	210.0489501953125	0.08091001212596893	0.00010161482661561108
121	3267	-20.49822998046875	0.0	0.0	49.702327728271484	-20.523731231689453	234.54771423339844	213.8951873779297	0.084371417760849	0.00010103098179573815
122	3294	-20.5089111328125	0.0	0.0	31.169160842895508	-20.429521560668945	236.30601501464844	215.5533447265625	0.09754812717437744	0.00010057690376863677
123	3321	-20.510784149169922	0.0	0.0	45.747188568115234	-20.519691467285156	227.3250732421875	206.6966552734375	0.05990765243768692	0.00010025338914146325
124	3348	-20.556854248046875	0.0	0.0	195.61935424804688	-20.48750114440918	228.87423706054688	207.95480346679688	0.11421962827444077	0.00010006100546880462
125	3375	-20.51067352294922	0.0	0.0	39.123016357421875	-20.500656127929688	241.10997009277344	220.6411590576172	0.08877849578857422	0.00010000009025699517
# Best epoch: 124
