# epoch	step	nll	ecut	ecut_viol	grad_norm	val_nll	val_ecut	val_ecut_viol	val_ress_zx	LR
1	9	0.061046186834573746	0.0	0.0	3.2104904651641846	0.07425148785114288	42.855064392089844	42.725460052490234	0.725372850894928	9.998436736952335e-05
2	18	0.08315087854862213	0.0	0.0	3.5155997276306152	0.05796421691775322	47.06285858154297	46.979942321777344	0.7623493075370789	9.993747935199788e-05
3	27	0.03946217522025108	0.0	0.0	2.7171788215637207	0.04896865785121918	48.258018493652344	48.189273834228516	0.7782373428344727	9.985936556290039e-05
4	36	0.07168319821357727	0.0	0.0	3.546980857849121	0.0657544955611229	43.744102478027344	43.671722412109375	0.7877249717712402	9.975007534057437e-05
5	45	0.018394436687231064	0.0	0.0	2.2092819213867188	0.03674827143549919	45.979312896728516	45.91946792602539	0.8014501333236694	9.960967771506667e-05
6	54	0.034010645002126694	0.0	0.0	2.4398884773254395	0.014351969584822655	50.05270767211914	49.99463653564453	0.8029583692550659	9.943826136452675e-05
7	63	0.039928410202264786	0.0	0.0	2.477839469909668	0.04035363718867302	47.636131286621094	47.57969284057617	0.8028002381324768	9.923593455919568e-05
8	72	0.033407267183065414	0.0	0.0	2.5315122604370117	0.05205336958169937	45.870853424072266	45.80049514770508	0.7992116212844849	9.900282509302023e-05
9	81	0.05571066215634346	0.0	0.0	2.6301839351654053	0.04270752891898155	47.16895294189453	47.102603912353516	0.8107827305793762	9.873908020293559e-05
10	90	0.04556744173169136	0.0	0.0	2.5952367782592773	0.04517611116170883	47.1976432800293	47.16156768798828	0.8012223839759827	9.844486647586725e-05
11	99	0.03910241276025772	0.0	0.0	2.799858331680298	0.03968510404229164	48.32174301147461	48.25678253173828	0.7968874573707581	9.812036974351126e-05
12	108	0.0371672548353672	0.0	0.0	2.5796761512756348	0.05942694470286369	46.4427490234375	46.353580474853516	0.7954908609390259	9.776579496495883e-05
13	117	0.034740108996629715	0.0	0.0	2.6317455768585205	0.0500296913087368	44.94287109375	44.872222900390625	0.7963484525680542	9.738136609723984e-05
14	126	0.028200384229421616	0.0	0.0	2.442324638366699	0.027163326740264893	46.81350326538086	46.75941848754883	0.7986277937889099	9.696732595386677e-05
15	135	0.03230052813887596	0.0	0.0	2.601044178009033	0.04114147275686264	49.48687744140625	49.43089294433594	0.7890177369117737	9.652393605146844e-05
16	144	0.02760670706629753	0.0	0.0	2.4073984622955322	0.06148223206400871	45.812416076660156	45.74366760253906	0.7840690612792969	9.605147644461058e-05
17	153	0.0675860345363617	0.0	0.0	2.9766063690185547	0.03140982612967491	46.20818328857422	46.14377212524414	0.8186051249504089	9.555024554890728e-05
18	162	0.023650359362363815	0.0	0.0	2.8973519802093506	0.03941293805837631	48.09834671020508	48.050785064697266	0.8149316906929016	9.502055995253536e-05
19	171	0.03652714565396309	0.0	0.0	2.8994131088256836	0.03770295903086662	46.87848663330078	46.809844970703125	0.8107864260673523	9.446275421627044e-05
20	180	0.02616340108215809	0.0	0.0	2.2571847438812256	0.040316060185432434	47.08258056640625	47.02661895751953	0.8144780397415161	9.387718066217123e-05
21	189	0.025743992999196053	0.0	0.0	2.0344979763031006	0.037989795207977295	47.795005798339844	47.7452278137207	0.8296946883201599	9.326420915104533e-05
22	198	0.026216678321361542	0.0	0.0	1.9423648118972778	0.018772652372717857	47.719425201416016	47.65080642700195	0.8082528710365295	9.262422684883724e-05
23	207	0.04137613996863365	0.0	0.0	2.6540653705596924	0.04338518902659416	48.38389587402344	48.32077407836914	0.8021419048309326	9.195763798208601e-05
24	216	0.022492852061986923	0.0	0.0	2.448922872543335	0.0522184781730175	45.49174118041992	45.4348030090332	0.8066807389259338	9.126486358260714e-05
25	225	0.029569027945399284	0.0	0.0	2.1684725284576416	0.04550466313958168	47.01217269897461	46.947261810302734	0.816574215888977	9.054634122155989e-05
26	234	0.026155054569244385	0.0	0.0	2.5828254222869873	0.01215499546378851	45.807861328125	45.74094772338867	0.8191476464271545	8.980252473306783e-05
27	243	0.028888868167996407	0.0	0.0	2.782778024673462	0.029336823150515556	46.86818313598633	46.81475830078125	0.8135765790939331	8.903388392756766e-05
28	252	0.023553548380732536	0.0	0.0	2.3796005249023438	0.027607254683971405	45.47046661376953	45.403541564941406	0.8075267672538757	8.824090429506665e-05
29	261	0.006568238139152527	0.0	0.0	2.1682069301605225	0.0340862050652504	46.69585418701172	46.62284469604492	0.8120089173316956	8.742408669849701e-05
30	270	0.011094095185399055	0.0	0.0	2.5288639068603516	0.03758405148983002	47.291893005371094	47.232330322265625	0.8173434138298035	8.658394705735986e-05
31	279	0.02670394629240036	0.0	0.0	2.181483268737793	0.013152012601494789	43.99107360839844	43.9329833984375	0.8120428919792175	8.572101602185962e-05
32	288	0.011792141012847424	0.0	0.0	1.8970484733581543	0.023006225004792213	47.333526611328125	47.26472854614258	0.8245967626571655	8.483583863773383e-05
33	297	0.006866493262350559	0.0	0.0	2.1028361320495605	0.019357910379767418	44.57801055908203	44.5211296081543	0.834351658821106	8.392897400199069e-05
34	306	0.020111462101340294	0.0	0.0	2.253779411315918	0.03198070079088211	45.987022399902344	45.9260139465332	0.8135936856269836	8.300099490977133e-05
35	315	0.01624743640422821	0.0	0.0	1.9321372509002686	0.04189424216747284	47.076297760009766	47.026649475097656	0.8236587047576904	8.205248749256013e-05
36	324	0.015119301155209541	0.0	0.0	2.643235206604004	0.02893434651196003	43.60173034667969	43.53850555419922	0.8155966997146606	8.108405084797153e-05
37	333	0.008025995455682278	0.0	0.0	2.674528121948242	0.03101450577378273	47.3177604675293	47.24344253540039	0.8240132927894592	8.009629666134718e-05
38	342	0.010075004771351814	0.0	0.0	1.9598146677017212	0.025047726929187775	42.38687515258789	42.33159637451172	0.8086825013160706	7.908984881940223e-05
39	351	0.006222054362297058	0.0	0.0	2.2381398677825928	0.014251358807086945	46.68517303466797	46.62922668457031	0.8303004503250122	7.80653430161653e-05
40	360	0.01477816142141819	0.0	0.0	2.3882925510406494	0.03095371276140213	44.357486724853516	44.298641204833984	0.8074211478233337	7.702342635146032e-05
41	369	0.02707642689347267	0.0	0.0	2.0909221172332764	0.03545505553483963	47.30691909790039	47.260528564453125	0.8180044293403625	7.596475692218458e-05
42	378	0.0008441928075626493	0.0	0.0	2.454012870788574	0.02618269808590412	44.54261779785156	44.49574279785156	0.8187335729598999	7.489000340664043e-05
43	387	0.005489234812557697	0.0	0.0	2.373960256576538	0.01515584159642458	46.897525787353516	46.850799560546875	0.808643639087677	7.379984464218396e-05
44	396	0.018416864797472954	0.0	0.0	2.2622323036193848	0.0169460941106081	44.2219352722168	44.18400192260742	0.8216440677642822	7.26949691964566e-05
45	405	0.00100353779271245	0.0	0.0	2.1717541217803955	0.01080407202243805	45.53081512451172	45.47916030883789	0.82362300157547	7.157607493247108e-05
46	414	0.013333962298929691	0.0	0.0	2.2442970275878906	0.0010462978389114141	46.26248550415039	46.22487258911133	0.8364560604095459	7.04438685678263e-05
47	423	0.010570837184786797	0.0	0.0	2.222323179244995	0.02627192996442318	44.86083984375	44.820457458496094	0.8376027941703796	6.929906522832916e-05
48	432	-0.003506272565573454	0.0	0.0	2.374018907546997	0.011351725086569786	46.64502716064453	46.59299850463867	0.8292499780654907	6.81423879963059e-05
49	441	0.008127924054861069	0.0	0.0	2.2072031497955322	0.027032623067498207	44.53042221069336	44.47404098510742	0.8243502378463745	6.697456745388783e-05
50	450	-0.012128159403800964	0.0	0.0	2.1621525287628174	0.01114363968372345	45.593448638916016	45.54567337036133	0.831702470779419	6.579634122155988e-05
51	459	0.01586284302175045	0.0	0.0	2.611802101135254	0.018555695191025734	44.57343292236328	44.52944564819336	0.8208233714103699	6.46084534922638e-05
52	468	0.008388946764171124	0.0	0.0	2.0587387084960938	0.006047625094652176	45.02570343017578	44.974891662597656	0.8355553150177002	6.341165456134987e-05
53	477	0.00339280953630805	0.0	0.0	1.9066033363342285	-0.002622857689857483	44.879844665527344	44.84142303466797	0.843598484992981	6.220670035267437e-05
54	486	0.004076724406331778	0.0	0.0	2.5305733680725098	0.0009523225016891956	44.20758056640625	44.15861892700195	0.8285428881645203	6.09943519411417e-05
55	495	0.0067735398188233376	0.0	0.0	1.8260051012039185	0.008866701275110245	45.58940887451172	45.55558395385742	0.8388190865516663	5.977537507199336e-05
56	504	-0.0019981004297733307	0.0	0.0	2.128539562225342	0.0022565561812371016	44.17054748535156	44.13074493408203	0.8446801900863647	5.855053967714673e-05
57	513	-0.01319600734859705	0.0	0.0	1.7706835269927979	-0.0011926827719435096	46.38016891479492	46.353515625	0.8523363471031189	5.732061938888958e-05
58	522	-0.023260558024048805	0.0	0.0	1.5452866554260254	-0.0012175760930404067	44.052490234375	44.00872802734375	0.8415542840957642	5.608639105123732e-05
59	531	0.009439674206078053	0.0	0.0	1.8148044347763062	0.010318306274712086	46.11250305175781	46.07466506958008	0.8431242108345032	5.484863422926178e-05
60	540	0.004912641830742359	0.0	0.0	1.6732566356658936	0.020320244133472443	43.44765090942383	43.403175354003906	0.8377290964126587	5.3608130716701e-05
61	549	-0.011069470085203648	0.0	0.0	1.729143500328064	0.012597504071891308	45.568050384521484	45.53463363647461	0.8516241312026978	5.236566404216174e-05
62	558	-0.009155435487627983	0.0	0.0	1.8832669258117676	0.009048881940543652	44.12307357788086	44.07328796386719	0.8476893901824951	5.112201897422595e-05
63	567	-0.002616338897496462	0.0	0.0	2.179812431335449	0.009868178516626358	45.888790130615234	45.8455810546875	0.8522396683692932	4.9877981025774034e-05
64	576	0.01241504866629839	0.0	0.0	2.100877523422241	0.003666193690150976	44.624969482421875	44.57901382446289	0.8462022542953491	4.863433595783823e-05
65	585	-0.0018833013018593192	0.0	0.0	1.9459854364395142	0.013666670769453049	44.57673645019531	44.54017639160156	0.8521046042442322	4.7391869283298997e-05
66	594	-0.005886778235435486	0.0	0.0	2.251986503601074	0.007579093798995018	45.205841064453125	45.172908782958984	0.8557335138320923	4.615136577073821e-05
67	603	-0.0028343398589640856	0.0	0.0	1.9215941429138184	-0.000667221553158015	43.252235412597656	43.215484619140625	0.8549420237541199	4.4913608948762646e-05
68	612	-0.002445809543132782	0.0	0.0	2.095088243484497	-0.0017006535781547427	44.072635650634766	44.04274368286133	0.846983790397644	4.367938061111041e-05
69	621	-0.011904836632311344	0.0	0.0	1.9722802639007568	0.00212438078597188	43.8544807434082	43.811588287353516	0.846237063407898	4.244946032285325e-05
70	630	-0.020876387134194374	0.0	0.0	1.8132989406585693	0.0021018448751419783	44.32218933105469	44.285911560058594	0.8538164496421814	4.1224624928006624e-05
71	639	-0.013024349696934223	0.0	0.0	1.6510710716247559	0.0040355827659368515	43.4828987121582	43.43917465209961	0.8498321175575256	4.0005648058858287e-05
72	648	-0.0034796763211488724	0.0	0.0	1.8771941661834717	0.006905457470566034	43.92781066894531	43.883995056152344	0.8508977890014648	3.8793299647325615e-05
73	657	-0.010496873408555984	0.0	0.0	2.311768054962158	0.005163002759218216	44.74058151245117	44.69660186767578	0.848075270652771	3.758834543865009e-05
74	666	-0.014201218262314796	0.0	0.0	1.717059850692749	0.0062039876356720924	43.749263763427734	43.715110778808594	0.8551499843597412	3.639154650773617e-05
75	675	-0.016305113211274147	0.0	0.0	1.8629786968231201	0.0033078810665756464	43.86399841308594	43.82862854003906	0.8602229356765747	3.52036587784401e-05
76	684	-0.012305370531976223	0.0	0.0	1.768871545791626	0.0010872178245335817	43.469024658203125	43.437408447265625	0.8631539940834045	3.4025432546112155e-05
77	693	-0.01249336265027523	0.0	0.0	1.7087258100509644	0.013072129338979721	43.10236740112305	43.0678596496582	0.8583600521087646	3.285761200369408e-05
78	702	-0.01202004961669445	0.0	0.0	1.9448786973953247	0.007776526268571615	43.92428207397461	43.891517639160156	0.854698121547699	3.170093477167084e-05
79	711	-0.021104654297232628	0.0	0.0	1.8190840482711792	0.006440981291234493	44.7142219543457	44.673179626464844	0.8613301515579224	3.055613143217369e-05
80	720	-0.014485286548733711	0.0	0.0	1.9958463907241821	0.018927957862615585	44.1732063293457	44.13615036010742	0.8587426543235779	2.9423925067528895e-05
81	729	-0.012131856754422188	0.0	0.0	1.7364721298217773	0.0032290052622556686	44.0306510925293	43.993438720703125	0.854082465171814	2.8305030803543406e-05
82	738	-0.01171935349702835	0.0	0.0	2.084914207458496	-0.0010198226664215326	43.79372024536133	43.74821853637695	0.8577556014060974	2.720015535781605e-05
83	747	-0.008512439206242561	0.0	0.0	1.9447916746139526	0.003592775436118245	43.27392578125	43.24139404296875	0.8616510033607483	2.610999659335955e-05
84	756	-0.029425479471683502	0.0	0.0	1.8969521522521973	-0.0007658643880859017	43.0836296081543	43.05583953857422	0.8606241941452026	2.503524307781542e-05
85	765	-0.019838418811559677	0.0	0.0	1.7613439559936523	-0.005411363206803799	44.487003326416016	44.45854949951172	0.8675261735916138	2.397657364853967e-05
86	774	-0.019022488966584206	0.0	0.0	1.7476412057876587	-0.00661326851695776	43.48625946044922	43.456565856933594	0.8657150268554688	2.2934656983834683e-05
87	783	-0.00735697103664279	0.0	0.0	1.9926114082336426	-0.005586104467511177	43.30534362792969	43.279258728027344	0.8674715161323547	2.1910151180597756e-05
88	792	-0.0244281068444252	0.0	0.0	1.6309263706207275	-0.002544032409787178	43.75045394897461	43.72499084472656	0.8639360070228577	2.0903703338652828e-05
89	801	-0.02914116345345974	0.0	0.0	1.655763030052185	0.0004965545376762748	43.88880157470703	43.860469818115234	0.8624200820922852	1.9915949152028436e-05
90	810	-0.023811226710677147	0.0	0.0	1.9753843545913696	-0.002957448596134782	44.46013259887695	44.43199920654297	0.8642458915710449	1.8947512507439855e-05
91	819	-0.026679696515202522	0.0	0.0	2.025743246078491	-0.005655118264257908	43.493309020996094	43.46260452270508	0.8596024513244629	1.7999005090228662e-05
92	828	-0.018374444916844368	0.0	0.0	2.1348114013671875	-0.003109844634309411	42.67207336425781	42.64495849609375	0.8571492433547974	1.7071025998009287e-05
93	837	-0.006809273734688759	0.0	0.0	1.8026825189590454	-0.0035226638428866863	43.90876388549805	43.878883361816406	0.861587643623352	1.616416136226616e-05
94	846	-0.029712827876210213	0.0	0.0	1.9071364402770996	-0.003069535130634904	44.29216384887695	44.261417388916016	0.8631553649902344	1.5278983978140374e-05
95	855	-0.02508486993610859	0.0	0.0	1.782509684562683	-0.0038753277622163296	43.49518585205078	43.46741485595703	0.8626235127449036	1.441605294264012e-05
96	864	-0.02362922392785549	0.0	0.0	1.8193966150283813	-0.008327183313667774	43.809349060058594	43.77722930908203	0.8616897463798523	1.3575913301502984e-05
97	873	-0.028947731480002403	0.0	0.0	1.884486436843872	-0.005227740854024887	44.404541015625	44.37229919433594	0.8639215230941772	1.2759095704933339e-05
98	882	-0.016429703682661057	0.0	0.0	1.8218941688537598	-0.0017372489674016833	44.108978271484375	44.079524993896484	0.8649316430091858	1.1966116072432343e-05
99	891	-0.030101202428340912	0.0	0.0	1.497370958328247	-0.005508362781256437	44.0452995300293	44.018699645996094	0.8659390211105347	1.1197475266932148e-05
100	900	-0.029789835214614868	0.0	0.0	1.8037962913513184	-0.009603672660887241	43.75632858276367	43.726722717285156	0.865993857383728	1.0453658778440105e-05
101	909	-0.01778274215757847	0.0	0.0	1.8810845613479614	-0.009117286652326584	43.39198303222656	43.361392974853516	0.8658429980278015	9.73513641739284e-06
102	918	-0.018252132460474968	0.0	0.0	1.772870659828186	-0.006484723184257746	43.87600326538086	43.84870529174805	0.8681109547615051	9.042362017913987e-06
103	927	-0.03209894150495529	0.0	0.0	2.1523842811584473	-0.00535311596468091	44.527950286865234	44.50263595581055	0.8670207262039185	8.375773151162758e-06
104	936	-0.021489476785063744	0.0	0.0	1.6304348707199097	-0.005829432979226112	44.62427520751953	44.5980339050293	0.8688201308250427	7.735790848954642e-06
105	945	-0.0210812259465456	0.0	0.0	1.6097630262374878	-0.008926039561629295	43.81187057495117	43.78257751464844	0.8674315214157104	7.122819337828751e-06
106	954	-0.03944195434451103	0.0	0.0	1.8221511840820312	-0.009035658091306686	43.26449203491211	43.23347854614258	0.866335391998291	6.537245783729547e-06
107	963	-0.027118435129523277	0.0	0.0	1.6626743078231812	-0.007030801381915808	43.48722839355469	43.457706451416016	0.8681870698928833	5.979440047464631e-06
108	972	-0.023071885108947754	0.0	0.0	1.7057780027389526	-0.00757526746019721	43.89628982543945	43.8679084777832	0.8702322244644165	5.449754451092714e-06
109	981	-0.021221699193120003	0.0	0.0	1.866962194442749	-0.008067396469414234	44.097957611083984	44.06959915161133	0.8692373633384705	4.948523555389426e-06
110	990	-0.01743215322494507	0.0	0.0	1.8465397357940674	-0.007728010881692171	44.046470642089844	44.016971588134766	0.8700663447380066	4.476063948531552e-06
111	999	-0.022469501942396164	0.0	0.0	1.905422329902649	-0.007357550784945488	43.78554916381836	43.75612258911133	0.8681575655937195	4.032674046133233e-06
112	1008	-0.01948866993188858	0.0	0.0	1.7017589807510376	-0.006644991226494312	43.87084197998047	43.8422966003418	0.8685845732688904	3.6186339027601603e-06
113	1017	-0.020745936781167984	0.0	0.0	1.4934295415878296	-0.00643633957952261	43.972408294677734	43.94426727294922	0.8699806332588196	3.2342050350411743e-06
114	1026	-0.028210323303937912	0.0	0.0	1.7235567569732666	-0.006637217942625284	43.9144401550293	43.88661193847656	0.8702683448791504	2.8796302564887524e-06
115	1035	-0.03844261169433594	0.0	0.0	1.9465858936309814	-0.006552028935402632	43.87165069580078	43.843780517578125	0.8704471588134766	2.555133524132762e-06
116	1044	-0.026806030422449112	0.0	0.0	1.4129503965377808	-0.006515083368867636	43.798274993896484	43.77085876464844	0.8706766366958618	2.2609197970644274e-06
117	1053	-0.02371315099298954	0.0	0.0	1.4709961414337158	-0.006689595058560371	43.7585334777832	43.73186111450195	0.8706634044647217	1.9971749069797807e-06
118	1062	-0.028423229232430458	0.0	0.0	2.057569742202759	-0.0069264299236238	43.754661560058594	43.728450775146484	0.8706315159797668	1.7640654408043363e-06
119	1071	-0.025271939113736153	0.0	0.0	2.1071221828460693	-0.006768775172531605	43.75263977050781	43.726463317871094	0.8705431818962097	1.5617386354732596e-06
120	1080	-0.031761959195137024	0.0	0.0	1.709930658340454	-0.0066300309263169765	43.7232666015625	43.69728469848633	0.8704325556755066	1.3903222849333507e-06
121	1089	-0.027977680787444115	0.0	0.0	1.9427218437194824	-0.006772488821297884	43.67533493041992	43.6495475769043	0.8712316751480103	1.2499246594256413e-06
122	1098	-0.029746634885668755	0.0	0.0	1.7103837728500366	-0.007029248867183924	43.64594650268555	43.62033462524414	0.8713324666023254	1.1406344370996102e-06
123	1107	-0.0334438681602478	0.0	0.0	1.8656219244003296	-0.007605934515595436	43.659297943115234	43.633907318115234	0.8715724945068359	1.0625206480021353e-06
124	1116	-0.02657846175134182	0.0	0.0	1.5032814741134644	-0.00820563081651926	43.70709228515625	43.6820182800293	0.8729189038276672	1.015632630476653e-06
125	1125	-0.021160701289772987	0.0	0.0	1.7807843685150146	-0.008597725071012974	43.7608757019043	43.7359619140625	0.8721967935562134	1e-06
# Best epoch: 124
