# epoch	step	nll	ecut	ecut_viol	grad_norm	val_nll	val_ecut	val_ecut_viol	val_ress_zx	LR
1	9	0.008864452131092548	0.0	0.0	1.992655634880066	0.025338463485240936	48.16138458251953	48.1317138671875	0.8460264801979065	1.0026357014558679e-05
2	18	0.025818603113293648	0.0	0.0	2.6545615196228027	0.02133326418697834	47.78196716308594	47.74919128417969	0.8499130010604858	1.0105416480031125e-05
3	27	0.007928145118057728	0.0	0.0	1.9144560098648071	0.004705699626356363	48.590572357177734	48.56793212890625	0.8709061145782471	1.0237143666892609e-05
4	36	0.006209543440490961	0.0	0.0	2.2271029949188232	0.006903120316565037	47.37302780151367	47.349674224853516	0.8668471574783325	1.0421480709553449e-05
5	45	-0.01453936193138361	0.0	0.0	2.0760977268218994	0.0015682366210967302	45.89567184448242	45.87160110473633	0.8659740686416626	1.0658346631778353e-05
6	54	0.008376347832381725	0.0	0.0	2.1154563426971436	0.003408626187592745	46.194305419921875	46.17612838745117	0.8686531186103821	1.094763738225795e-05
7	63	-0.0007964618853293359	0.0	0.0	2.363185405731201	0.005109668243676424	47.182373046875	47.16357421875	0.8675320744514465	1.1289225880316967e-05
8	72	0.0030142609030008316	0.0	0.0	2.117112159729004	0.005588814616203308	47.22419738769531	47.20138168334961	0.8723106980323792	1.168296207173833e-05
9	81	-0.0024006625171750784	0.0	0.0	2.570906400680542	0.007413150742650032	46.40380859375	46.382713317871094	0.868287980556488	1.2128672994680007e-05
10	90	-0.014048917219042778	0.0	0.0	2.1594157218933105	0.004895160906016827	46.251190185546875	46.2318229675293	0.8703775405883789	1.2626162855653805e-05
11	99	-0.0012481773737818003	0.0	0.0	2.2615878582000732	0.0027318503707647324	46.59544372558594	46.5712890625	0.8666358590126038	1.3175213115534668e-05
12	108	-0.005955331027507782	0.0	0.0	2.265749216079712	0.005341821815818548	47.04876708984375	47.026126861572266	0.8663081526756287	1.3775582585561007e-05
13	117	-0.00042097855475731194	0.0	0.0	2.0340771675109863	0.006561571266502142	45.852909088134766	45.83794021606445	0.8720243573188782	1.4427007533285128e-05
14	126	-0.0036756645422428846	0.0	0.0	2.139847993850708	0.00425745127722621	45.38304901123047	45.36825180053711	0.867681086063385	1.5129201798426504e-05
15	135	-0.005183578003197908	0.0	0.0	2.058837890625	-0.001866274164058268	46.23575973510742	46.21949768066406	0.86692875623703	1.588185691857728e-05
16	144	0.002782008610665798	0.0	0.0	1.9603614807128906	-0.0013385283527895808	46.466331481933594	46.44972229003906	0.8662832379341125	1.66846422647049e-05
17	153	-0.00798723753541708	0.0	0.0	2.3297250270843506	-0.004846744704991579	46.329402923583984	46.311851501464844	0.8672135472297668	1.7537205186391673e-05
18	162	-0.00010161638783756644	0.0	0.0	2.223550796508789	-0.005228555761277676	46.91075897216797	46.89273452758789	0.866868793964386	1.8439171166748666e-05
19	171	0.008422598242759705	0.0	0.0	2.406590223312378	-0.0026501708198338747	46.783363342285156	46.752986907958984	0.8640223741531372	1.9390143986934615e-05
20	180	-0.00610510865226388	0.0	0.0	2.286320924758911	0.008686497807502747	46.5406379699707	46.50640106201172	0.8547345399856567	2.0389705900208347e-05
21	189	0.0043860231526196	0.0	0.0	2.0302741527557373	0.004906876012682915	46.7360725402832	46.706932067871094	0.862949788570404	2.143741781543827e-05
22	198	0.0035833336878567934	0.0	0.0	2.113271951675415	0.010021661408245564	45.71171951293945	45.677894592285156	0.8630865812301636	2.2532819489987636e-05
23	207	0.005919995717704296	0.0	0.0	2.106158494949341	0.013376375660300255	46.48704147338867	46.450870513916016	0.8583252429962158	2.367542973189172e-05
24	216	9.036091068992391e-05	0.0	0.0	2.127650022506714	-0.002055418910458684	47.05260467529297	47.02186965942383	0.8599542379379272	2.4864746611237527e-05
25	225	0.003103645285591483	0.0	0.0	2.4719886779785156	0.006846151314675808	45.73393630981445	45.702606201171875	0.8594189882278442	2.6100247680653287e-05
26	234	-0.0015340696554630995	0.0	0.0	2.4643383026123047	0.017699910327792168	46.408447265625	46.37053298950195	0.8518818020820618	2.7381390204811077e-05
27	243	0.007954386062920094	0.0	0.0	2.3399953842163086	0.012620692141354084	46.37921905517578	46.342369079589844	0.8614291548728943	2.870761139884165e-05
28	252	0.004515715874731541	0.0	0.0	2.5017974376678467	0.018567632883787155	46.14677810668945	46.1058235168457	0.8582053184509277	3.0078328675556287e-05
29	261	0.009807843714952469	0.0	0.0	2.582620620727539	0.015004501678049564	47.594032287597656	47.562931060791016	0.8642252683639526	3.1492939901368015e-05
30	270	0.0015716806519776583	0.0	0.0	2.201657295227051	0.005938503425568342	45.033565521240234	44.9868049621582	0.8454578518867493	3.295082366079895e-05
31	279	-0.004458265379071236	0.0	0.0	2.116513252258301	0.014521060511469841	47.17828369140625	47.143821716308594	0.8478833436965942	3.445133952945789e-05
32	288	0.001029348699375987	0.0	0.0	2.2419865131378174	0.001854253583587706	46.056251525878906	46.020416259765625	0.8472466468811035	3.599382835536827e-05
33	297	-0.0011204266920685768	0.0	0.0	2.1761538982391357	-0.00024994375417008996	44.48634719848633	44.45204162597656	0.8369143605232239	3.7577612548522684e-05
34	306	0.010691752657294273	0.0	0.0	2.471369504928589	0.01115149911493063	45.015140533447266	44.98115921020508	0.8498484492301941	3.9201996378537206e-05
35	315	0.014281685464084148	0.0	0.0	2.841629981994629	0.010058291256427765	45.11497116088867	45.07279968261719	0.8435364961624146	4.086626628027422e-05
36	324	0.0038495082408189774	0.0	0.0	2.657764434814453	0.011521649546921253	46.49736022949219	46.46245574951172	0.8447752594947815	4.256969116729994e-05
37	333	-0.0050659142434597015	0.0	0.0	2.154694080352783	-0.008164123632013798	45.15971755981445	45.11334991455078	0.8418980836868286	4.431152275303856e-05
38	342	0.015271171927452087	0.0	0.0	2.470879077911377	0.014896534383296967	46.60776138305664	46.57279968261719	0.8420763611793518	4.60909958794823e-05
39	351	0.009882905520498753	0.0	0.0	2.0645909309387207	0.01549407746642828	45.703556060791016	45.66484451293945	0.8390218019485474	4.790732885331288e-05
40	360	0.010788843035697937	0.0	0.0	2.3907809257507324	0.0159633569419384	47.038299560546875	46.99852752685547	0.8397431969642639	4.975972378928637e-05
41	369	0.012777555733919144	0.0	0.0	2.6382200717926025	0.02473723702132702	44.87456130981445	44.82451248168945	0.8370727300643921	5.164736696073116e-05
42	378	0.03773409500718117	0.0	0.0	3.1744651794433594	0.018018599599599838	46.093502044677734	46.04587936401367	0.8388538360595703	5.356942915700472e-05
43	387	0.009393902495503426	0.0	0.0	2.5166289806365967	0.03424065187573433	45.516300201416016	45.47367858886719	0.8341667056083679	5.5525066047752236e-05
44	396	0.018419118598103523	0.0	0.0	2.4998714923858643	0.02812318131327629	45.42145919799805	45.3693962097168	0.8324604630470276	5.751341855380704e-05
45	405	0.013478164561092854	0.0	0.0	2.753394842147827	0.03370605781674385	46.560752868652344	46.503623962402344	0.8204430341720581	5.953361322456993e-05
46	414	0.021839100867509842	0.0	0.0	2.884800910949707	0.023103291168808937	43.57114791870117	43.52482223510742	0.8151398301124573	6.158476262170182e-05
47	423	0.01859065145254135	0.0	0.0	2.6752429008483887	0.014704291708767414	44.985565185546875	44.9189453125	0.8211550712585449	6.366596570896057e-05
48	432	0.019284524023532867	0.0	0.0	2.1004528999328613	0.007617931813001633	44.950294494628906	44.92258071899414	0.8319536447525024	6.577630824801178e-05
49	441	0.022144651040434837	0.0	0.0	2.4200034141540527	0.022899985313415527	44.1146240234375	44.067420959472656	0.8301920890808105	6.79148632000383e-05
50	450	0.027070917189121246	0.0	0.0	2.047481060028076	0.023979630321264267	43.018924713134766	42.97383499145508	0.8253413438796997	7.00806911329734e-05
51	459	0.00796504132449627	0.0	0.0	2.133126974105835	0.01816859096288681	46.795650482177734	46.7420654296875	0.8350225687026978	7.227284063417776e-05
52	468	0.022144177928566933	0.0	0.0	2.550854444503784	0.014867707155644894	43.71657943725586	43.632755279541016	0.8167427182197571	7.449034872837934e-05
53	477	0.02076907269656658	0.0	0.0	2.5156216621398926	0.031229428946971893	46.124446868896484	46.04694747924805	0.8154227137565613	7.673224130069287e-05
54	486	0.02708899788558483	0.0	0.0	2.0888633728027344	0.0253368578851223	43.987884521484375	43.92926025390625	0.8259649872779846	7.899753352453215e-05
55	495	0.007911588996648788	0.0	0.0	2.024608850479126	0.029458044096827507	44.08498764038086	44.01424026489258	0.8165010213851929	8.128523029422846e-05
56	504	0.025337036699056625	0.0	0.0	2.597775459289551	0.028405338525772095	47.137603759765625	47.099449157714844	0.8233594298362732	8.359432666216405e-05
57	513	0.01714308187365532	0.0	0.0	2.32688045501709	0.032186709344387054	44.9054069519043	44.84008026123047	0.8153592348098755	8.592380828022916e-05
58	522	-0.007671442348510027	0.0	0.0	2.2674434185028076	0.03519633039832115	46.954856872558594	46.89221954345703	0.8034619092941284	8.827265184540846e-05
59	531	0.03482332080602646	0.0	0.0	2.4567172527313232	0.05232345312833786	46.02573776245117	45.95003890991211	0.7934885025024414	9.063982554930117e-05
60	540	0.031205087900161743	0.0	0.0	2.3687796592712402	0.0439196452498436	45.38279724121094	45.299564361572266	0.7974064946174622	9.302428953137767e-05
61	549	0.036084260791540146	0.0	0.0	2.543375253677368	0.035541146993637085	46.75033187866211	46.67356491088867	0.8079346418380737	9.542499633577323e-05
62	558	0.05584914609789848	0.0	0.0	2.666987419128418	0.03084203600883484	44.10369873046875	44.04718780517578	0.8003718256950378	9.784089137141781e-05
63	567	0.022601449862122536	0.0	0.0	2.5249733924865723	0.023231998085975647	44.404937744140625	44.33439254760742	0.8048954010009766	0.00010027091337530103
64	576	0.035957928746938705	0.0	0.0	2.2962327003479004	0.03351757302880287	46.4091796875	46.3514289855957	0.8098208904266357	0.00010271399487866729
65	585	0.03355232626199722	0.0	0.0	2.5398237705230713	0.050631843507289886	43.8681526184082	43.80481719970703	0.7927383184432983	0.00010516906267593742
66	594	0.03557863086462021	0.0	0.0	2.3441708087921143	0.05452793091535568	45.48068618774414	45.42227554321289	0.7949674725532532	0.00010763503829615015
67	603	0.027052292600274086	0.0	0.0	2.280938148498535	0.018451690673828125	45.128902435302734	45.0661506652832	0.8110469579696655	0.00011011083847671678
68	612	0.048622384667396545	0.0	0.0	2.5526490211486816	0.046594660729169846	44.42444610595703	44.32579803466797	0.7863765358924866	0.0001125953756392805
69	621	0.033300552517175674	0.0	0.0	2.148496150970459	0.04617802053689957	47.328556060791016	47.25149154663086	0.7937921285629272	0.00011508755836747201
70	630	-0.002922592218965292	0.0	0.0	2.4432566165924072	0.035864800214767456	45.0156364440918	44.935482025146484	0.7997006177902222	0.00011758629188635039
71	639	0.03357819467782974	0.0	0.0	2.3726696968078613	0.032707881182432175	45.75475311279297	45.69564437866211	0.8116329312324524	0.0001200904785433201
72	648	0.03802674263715744	0.0	0.0	2.2903947830200195	0.040720947086811066	42.6871337890625	42.60353088378906	0.7893456220626831	0.00012259901829031155
73	657	0.021521588787436485	0.0	0.0	2.565713882446289	0.0392695888876915	44.653289794921875	44.60036087036133	0.7981652021408081	0.00012511080916701415
74	666	0.024085108190774918	0.0	0.0	2.622257709503174	0.05959136411547661	46.03422164916992	45.97663497924805	0.7956796884536743	0.00012762474778494953
75	675	0.047195445746183395	0.0	0.0	2.1741857528686523	0.03942319005727768	44.1756477355957	44.09286880493164	0.795895516872406	0.00013013972981217172
76	684	0.03537604585289955	0.0	0.0	2.682520627975464	0.010172266513109207	44.12853240966797	44.063228607177734	0.8155837059020996	0.00013265465045838242
77	693	0.02790653333067894	0.0	0.0	1.9592756032943726	0.02388479746878147	45.59709548950195	45.51982879638672	0.788794755935669	0.00013516840496024678
78	702	0.02579699270427227	0.0	0.0	2.342754602432251	0.04588879272341728	45.89680480957031	45.81924819946289	0.7908716201782227	0.00013767988906669806
79	711	0.030191520228981972	0.0	0.0	2.808230400085449	0.05661698058247566	45.190277099609375	45.10432434082031	0.7763460278511047	0.00014018799952401705
80	720	0.042376842349767685	0.0	0.0	2.652986764907837	0.041517846286296844	44.39347839355469	44.31964111328125	0.8097823858261108	0.00014269163456047306
81	729	0.022519733756780624	0.0	0.0	2.593743324279785	0.05977318063378334	44.592002868652344	44.494903564453125	0.7881514430046082	0.0001451896943703143
82	738	0.02818351797759533	0.0	0.0	2.772343873977661	0.05256874859333038	45.54045486450195	45.47523880004883	0.7960013151168823	0.00014768108159689456
83	747	0.03493349254131317	0.0	0.0	3.0295963287353516	0.051038529723882675	44.96547317504883	44.90516662597656	0.7911252379417419	0.0001501647018147238
84	756	0.013185359537601471	0.0	0.0	2.2815964221954346	0.03844987973570824	44.591190338134766	44.50511169433594	0.7936028242111206	0.00015263946401023132
85	765	0.03168324753642082	0.0	0.0	2.2407588958740234	0.039195917546749115	46.290618896484375	46.21475601196289	0.790923535823822	0.00015510428106103017
86	774	0.0341329425573349	0.0	0.0	2.359776258468628	0.06950944662094116	45.210968017578125	45.1378173828125	0.7969167828559875	0.00015755807021347221
87	783	0.031139377504587173	0.0	0.0	2.811927556991577	0.040839821100234985	43.782508850097656	43.72092056274414	0.7855796813964844	0.00015999975355828383
88	792	0.04807012528181076	0.0	0.0	1.99883234500885	0.04909957945346832	42.34284210205078	42.2662353515625	0.782272458076477	0.0001624282585040739
89	801	0.055661432445049286	0.0	0.0	2.5273303985595703	0.06782993674278259	42.851505279541016	42.776512145996094	0.792694091796875	0.00016484251824850553
90	810	0.02143227867782116	0.0	0.0	2.1794400215148926	0.06432432681322098	44.031646728515625	43.94480895996094	0.789400577545166	0.00016724147224692488
91	819	0.03191077336668968	0.0	0.0	2.6377875804901123	0.036844827234745026	45.37044143676758	45.29974365234375	0.799246609210968	0.00016962406667824095
92	828	0.031091224402189255	0.0	0.0	2.482663154602051	0.03447180986404419	44.69521713256836	44.64293670654297	0.7886335253715515	0.00017198925490785182
93	837	0.02851984091103077	0.0	0.0	1.7527711391448975	0.03442475572228432	47.61299133300781	47.552223205566406	0.8087566494941711	0.00017433599794741407
94	846	0.03241916000843048	0.0	0.0	2.3630826473236084	0.04174685850739479	44.36908721923828	44.285831451416016	0.8033434152603149	0.00017666326491125344
95	855	0.008858716115355492	0.0	0.0	2.4826107025146484	0.043397944420576096	43.53855514526367	43.46924591064453	0.793756365776062	0.00017897003346921582
96	864	0.037234026938676834	0.0	0.0	2.265903949737549	0.01718827337026596	47.34946060180664	47.289730072021484	0.8055960536003113	0.00018125529029576
97	873	0.03188978508114815	0.0	0.0	2.0703275203704834	0.036195896565914154	45.48124313354492	45.41048812866211	0.7881582379341125	0.0001835180315150953
98	882	0.03646347299218178	0.0	0.0	2.5902585983276367	0.04768401384353638	43.62995529174805	43.565757751464844	0.8032031655311584	0.00018575726314216736
99	891	0.04295213147997856	0.0	0.0	2.278085947036743	0.04529500752687454	43.72191619873047	43.635337829589844	0.798032820224762	0.00018797200151929956
100	900	0.029824040830135345	0.0	0.0	2.2889394760131836	0.03688523918390274	44.24636459350586	44.176578521728516	0.8077079057693481	0.0001901612737482978
101	909	0.0207928828895092	0.0	0.0	2.273371696472168	0.04409043490886688	42.21440887451172	42.15675354003906	0.8049101233482361	0.00019232411811782846
102	918	0.024017635732889175	0.0	0.0	2.1078789234161377	0.046149056404829025	42.973812103271484	42.89252471923828	0.7848641872406006	0.00019445958452588268
103	927	0.007302676793187857	0.0	0.0	1.8336623907089233	0.020504005253314972	44.88064193725586	44.825504302978516	0.8103971481323242	0.00019656673489714028
104	936	0.046018537133932114	0.0	0.0	1.9479453563690186	0.029576925560832024	42.105987548828125	42.01483917236328	0.7824433445930481	0.0001986446435950511
105	945	0.025040702894330025	0.0	0.0	2.274418592453003	0.0370437316596508	44.38968276977539	44.327415466308594	0.7951543927192688	0.00020069239782845172
106	954	0.02712278813123703	0.0	0.0	2.20870041847229	0.0417807474732399	44.31311798095703	44.24565505981445	0.7942753434181213	0.00020270909805253983
107	963	0.02453945204615593	0.0	0.0	1.9298259019851685	0.037795424461364746	43.914306640625	43.85161209106445	0.7983071804046631	0.00020469385836402926
108	972	0.02967572584748268	0.0	0.0	1.9827138185501099	0.028293604031205177	44.912227630615234	44.86500549316406	0.8108643889427185	0.00020664580689031296
109	981	0.04323725029826164	0.0	0.0	2.3629539012908936	0.020740874111652374	45.70726013183594	45.64970779418945	0.8137543797492981	0.00020856408617246216
110	990	0.026159187778830528	0.0	0.0	2.2337453365325928	0.027362728491425514	44.31740188598633	44.25181579589844	0.8041262626647949	0.00021044785354189406
111	999	0.015862341970205307	0.0	0.0	1.842926025390625	0.017745474353432655	43.09661102294922	43.03462600708008	0.8183789849281311	0.00021229628149054233
112	1008	0.007643616292625666	0.0	0.0	2.3939034938812256	0.029408611357212067	42.77101516723633	42.70022201538086	0.7981780767440796	0.0002141085580343677
113	1017	0.025501679629087448	0.0	0.0	2.1205782890319824	0.0276237390935421	44.40427780151367	44.34464645385742	0.8033654689788818	0.0002158838870700494
114	1026	0.039358898997306824	0.0	0.0	2.1434459686279297	0.04647263512015343	45.84928512573242	45.77354049682617	0.7974665760993958	0.0002176214887247001
115	1035	0.025226393714547157	0.0	0.0	2.0328729152679443	0.023799894377589226	45.676979064941406	45.59880447387695	0.8110315203666687	0.00021932059969845128
116	1044	0.030978024005889893	0.0	0.0	1.9787242412567139	0.03317459672689438	43.14070510864258	43.060203552246094	0.807564914226532	0.00022098047359975844
117	1053	0.02843521721661091	0.0	0.0	2.100817918777466	0.025694992393255234	45.038360595703125	44.9864616394043	0.808957576751709	0.0002226003812732785
118	1062	0.024660466238856316	0.0	0.0	2.3363053798675537	0.05619065463542938	46.06283950805664	46.00315475463867	0.7855256795883179	0.00022417961112017592
119	1071	0.02168196626007557	0.0	0.0	2.1960489749908447	0.030381744727492332	45.37418746948242	45.30683517456055	0.810149610042572	0.0002257174694107162
120	1080	0.012267382815480232	0.0	0.0	1.8698264360427856	0.03710608556866646	45.30443572998047	45.23347473144531	0.8087369799613953	0.00022721328058901023
121	1089	0.022601725533604622	0.0	0.0	2.0823895931243896	0.02342098020017147	44.93254852294922	44.86737060546875	0.8057008981704712	0.00022866638756977457
122	1098	0.012682881206274033	0.0	0.0	2.351975202560425	0.035196300595998764	47.68265151977539	47.61918258666992	0.8055310249328613	0.00023007615202697842
123	1107	0.023000217974185944	0.0	0.0	1.9718645811080933	0.030904484912753105	46.10670471191406	46.06024169921875	0.8090195655822754	0.0002314419546742497
124	1116	0.03865382447838783	0.0	0.0	2.1961991786956787	0.04306970536708832	44.19255828857422	44.14246368408203	0.8111957311630249	0.00023276319553691753
125	1125	0.010130909271538258	0.0	0.0	1.8981854915618896	0.03049721010029316	43.498939514160156	43.42878341674805	0.8190323114395142	0.00023403929421557092
126	1134	0.017552237957715988	0.0	0.0	1.810800552368164	0.03259557858109474	43.286903381347656	43.21389389038086	0.8027570843696594	0.0002352696901410191
127	1143	0.010194813832640648	0.0	0.0	1.9080718755722046	0.05336467921733856	44.98894119262695	44.91266632080078	0.8077875375747681	0.00023645384282054
128	1152	0.011101862415671349	0.0	0.0	2.0085883140563965	0.04639211669564247	45.09823989868164	45.015907287597656	0.8120541572570801	0.00023759123207531008
129	1161	0.0054676891304552555	0.0	0.0	2.187394857406616	0.022734297439455986	47.97600173950195	47.89398956298828	0.8105821013450623	0.00023868135826891025
130	1170	0.016711628064513206	0.0	0.0	1.8743520975112915	0.03580627962946892	44.37973403930664	44.31013870239258	0.8078362941741943	0.00023972374252680792
131	1179	0.016642393544316292	0.0	0.0	1.736630916595459	0.03249942138791084	45.436588287353516	45.3890266418457	0.8180934190750122	0.00024071792694671873
132	1188	0.0028986032120883465	0.0	0.0	1.7799218893051147	0.016344109550118446	44.708526611328125	44.6343994140625	0.8213680982589722	0.0002416634747997555
133	1197	0.027820661664009094	0.0	0.0	2.1887564659118652	0.017017357051372528	44.943973541259766	44.88350296020508	0.8069431185722351	0.0002425599707222761
134	1206	0.004207180347293615	0.0	0.0	1.7706514596939087	0.020789967849850655	45.26689147949219	45.210540771484375	0.8182247877120972	0.00024340702089834583
135	1215	-0.004972757771611214	0.0	0.0	1.644826054573059	0.025790777057409286	43.37413787841797	43.31532669067383	0.8068478107452393	0.0002442042532327343
136	1224	0.031131431460380554	0.0	0.0	1.9916743040084839	0.03930385783314705	46.12946319580078	46.07176208496094	0.81657475233078	0.00024495131751437084
137	1233	0.008160973899066448	0.0	0.0	1.7235183715820312	0.016162307932972908	45.12295913696289	45.058895111083984	0.8223727345466614	0.00024564788557018623
138	1242	0.0009258015197701752	0.0	0.0	1.9776663780212402	0.02765808440744877	43.37826156616211	43.30424118041992	0.8179070353507996	0.0002462936514092741
139	1251	-0.00047213604557327926	0.0	0.0	1.523399829864502	0.037275269627571106	44.24060821533203	44.17045974731445	0.8106243014335632	0.00024688833135730733
140	1260	0.016139961779117584	0.0	0.0	1.9740095138549805	0.02283116616308689	43.933284759521484	43.875396728515625	0.8112062215805054	0.00024743166418115186
141	1269	0.007670339196920395	0.0	0.0	2.1082265377044678	0.019793199375271797	43.04157257080078	42.989105224609375	0.810496985912323	0.0002479234112036218
142	1278	0.0187495369464159	0.0	0.0	2.0769152641296387	0.029609577730298042	43.3990364074707	43.325172424316406	0.813331127166748	0.00024836335640832666
143	1287	0.018145814538002014	0.0	0.0	2.0110456943511963	0.03658263385295868	44.22366714477539	44.1600227355957	0.8109728097915649	0.00024875130653456375
144	1296	0.026224087923765182	0.0	0.0	2.1034774780273438	0.012804031372070312	45.10144805908203	45.0384635925293	0.8185425996780396	0.0002490870911622143
145	1305	0.019793305546045303	0.0	0.0	1.8410296440124512	0.03505596145987511	43.0518913269043	42.98068618774414	0.8177365064620972	0.0002493705627866062
146	1314	0.018067387863993645	0.0	0.0	1.9080308675765991	0.020437506958842278	42.14864730834961	42.07378387451172	0.8090981841087341	0.0002496015968833108
147	1323	0.015800129622220993	0.0	0.0	1.865850567817688	0.019903192296624184	42.812339782714844	42.73540496826172	0.8235467076301575	0.00024978009196284376
148	1332	0.010956219397485256	0.0	0.0	1.8047188520431519	0.041883423924446106	43.86002731323242	43.77995300292969	0.8085825443267822	0.0002499059696152483
149	1341	-0.0014639735454693437	0.0	0.0	1.6149823665618896	0.043596964329481125	44.95573043823242	44.88936996459961	0.8213986158370972	0.00024997917454453914
150	1350	0.002151338616386056	0.0	0.0	1.8241119384765625	0.016596581786870956	45.344112396240234	45.28217315673828	0.8261330723762512	0.0002499999097430048
151	1359	0.015299411490559578	0.0	0.0	2.2059412002563477	0.031540218740701675	41.987762451171875	41.909629821777344	0.815035879611969	0.0002499909744797011
152	1368	0.016447795554995537	0.0	0.0	1.9377444982528687	0.024704065173864365	42.873802185058594	42.81167221069336	0.8126688003540039	0.000249967419577336
153	1377	-0.0014209771761670709	0.0	0.0	1.801239013671875	0.034687675535678864	44.07667541503906	43.99058151245117	0.8096258044242859	0.0002499292496279845
154	1386	0.007266972213983536	0.0	0.0	1.886634349822998	0.029948579147458076	43.124874114990234	43.058712005615234	0.8091807961463928	0.0002498764720729538
155	1395	0.03461668640375137	0.0	0.0	2.1987881660461426	0.02982635609805584	42.68428421020508	42.62382125854492	0.8312413692474365	0.00024980909720133295
156	1404	0.009159640409052372	0.0	0.0	1.8194317817687988	0.01204488892108202	43.600826263427734	43.52034378051758	0.823817253112793	0.00024972713814798653
157	1413	0.0040855975821614265	0.0	0.0	1.4845192432403564	0.03889143094420433	44.78944778442383	44.71430206298828	0.8167121410369873	0.0002496306108909945
158	1422	-0.001750313793309033	0.0	0.0	2.1323537826538086	0.0362519733607769	42.52511215209961	42.45356369018555	0.8280938267707825	0.00024951953424853676
159	1431	-0.003701953450217843	0.0	0.0	2.063042640686035	0.030837493017315865	42.91602325439453	42.86543655395508	0.830909013748169	0.0002493939298752249
160	1440	1.1945009646296967e-05	0.0	0.0	1.7363842725753784	0.03211754560470581	42.884063720703125	42.815673828125	0.8209670186042786	0.0002492538222578803
161	1449	-0.009367464110255241	0.0	0.0	1.4472174644470215	0.05088347941637039	44.58733367919922	44.52841567993164	0.8219147324562073	0.0002490992387107607
162	1458	-0.0013400561874732375	0.0	0.0	1.792362093925476	0.04255978763103485	43.09049606323242	43.041404724121094	0.8222797513008118	0.0002489302093702348
163	1467	-0.014300077222287655	0.0	0.0	2.0131497383117676	0.023270605131983757	42.66563034057617	42.5950927734375	0.8226500153541565	0.0002487467671889075
164	1476	0.011556963436305523	0.0	0.0	2.0428459644317627	0.015953510999679565	44.139259338378906	44.07172775268555	0.8298024535179138	0.00024854894792919544
165	1485	5.3323747124522924e-05	0.0	0.0	1.9577490091323853	0.009681783616542816	41.876373291015625	41.81155014038086	0.8287262320518494	0.0002483367901563554
166	1494	-0.01065316516906023	0.0	0.0	1.8849492073059082	0.02235616371035576	45.91131591796875	45.84544372558594	0.8315477967262268	0.00024811033523096545
167	1503	0.003512575523927808	0.0	0.0	1.9455877542495728	0.013005970045924187	42.803321838378906	42.74468994140625	0.835770308971405	0.000247869627300862
168	1512	0.01274330448359251	0.0	0.0	2.213467836380005	0.015016441233456135	44.75007629394531	44.69929885864258	0.8318342566490173	0.000247614713292533
169	1521	0.015720974653959274	0.0	0.0	2.377235174179077	0.019069870933890343	41.48335647583008	41.412784576416016	0.8176074624061584	0.00024734564290196945
170	1530	0.003955835942178965	0.0	0.0	1.8790760040283203	0.025607110932469368	43.71934509277344	43.665611267089844	0.8302497267723083	0.00024706246858497707
171	1539	0.007611420005559921	0.0	0.0	1.866942048072815	0.03757704794406891	42.79274368286133	42.73960876464844	0.827983558177948	0.0002467652455469501
172	1548	-0.0054985168389976025	0.0	0.0	1.8191304206848145	0.017435334622859955	45.26393127441406	45.22067642211914	0.8344538807868958	0.0002464540317321087
173	1557	-0.008018435910344124	0.0	0.0	2.290034294128418	0.009504053741693497	44.0218391418457	43.96456527709961	0.8245371580123901	0.00024612888781220274
174	1566	-0.001300160656683147	0.0	0.0	2.0666677951812744	0.02481433004140854	45.375328063964844	45.339664459228516	0.8245671987533569	0.0002457898771746836
175	1575	0.00788743607699871	0.0	0.0	2.0100364685058594	0.025438373908400536	42.3527717590332	42.30094528198242	0.8285586833953857	0.0002454370659103468
176	1584	-0.0005661765462718904	0.0	0.0	1.8904529809951782	0.03201524540781975	42.31650161743164	42.27337646484375	0.8245557546615601	0.0002450705228004473
177	1593	-0.0051378002390265465	0.0	0.0	1.8395822048187256	0.013227316550910473	41.95365905761719	41.90393829345703	0.8270697593688965	0.0002446903193032908
178	1602	-0.009847993962466717	0.0	0.0	1.5672434568405151	0.03837588056921959	44.1423225402832	44.086090087890625	0.822417140007019	0.00024429652954030225
179	1611	-0.0011413460597395897	0.0	0.0	1.7765651941299438	0.03817201405763626	44.252933502197266	44.20429229736328	0.8267268538475037	0.00024388923028157626
180	1620	-0.0003650572616606951	0.0	0.0	1.510873794555664	0.033211227506399155	45.16065979003906	45.09870910644531	0.8144237995147705	0.00024346850093091035
181	1629	-0.00741960946470499	0.0	0.0	1.663999080657959	0.0522172637283802	45.161102294921875	45.11281967163086	0.8250680565834045	0.00024303442351032505
182	1638	0.001883672783151269	0.0	0.0	1.8165111541748047	0.02989574894309044	43.97913360595703	43.9213981628418	0.8154215216636658	0.0002425870826440736
183	1647	-0.0011092405766248703	0.0	0.0	1.8350099325180054	0.029307667165994644	44.988651275634766	44.91459655761719	0.8177527785301208	0.00024212656554214415
184	1656	0.0030711765866726637	0.0	0.0	1.7365306615829468	0.01871609501540661	43.982810974121094	43.91476821899414	0.8301265239715576	0.00024165296198325832
185	1665	-0.009795424528419971	0.0	0.0	1.4606114625930786	0.023388400673866272	43.07069396972656	42.997711181640625	0.8319771885871887	0.00024116636429736822
186	1674	0.0010277371620759368	0.0	0.0	1.8680189847946167	0.023245371878147125	42.702266693115234	42.64883041381836	0.831454873085022	0.0002406668673476568
187	1683	-0.006628502160310745	0.0	0.0	1.8256117105484009	0.023509880527853966	44.81471633911133	44.76308059692383	0.8354244828224182	0.00024015456851204426
188	1692	0.010477478615939617	0.0	0.0	1.6003851890563965	0.008342711254954338	44.038909912109375	43.97868347167969	0.8260674476623535	0.00023962956766420356
189	1701	-0.006321929395198822	0.0	0.0	1.5503630638122559	0.015193137340247631	43.69666290283203	43.62652587890625	0.8246897459030151	0.00023909196715409025
190	1710	-0.007417804095894098	0.0	0.0	1.6384937763214111	0.021074440330266953	44.34889602661133	44.29506301879883	0.82594895362854	0.00023854187178798896
191	1719	-0.009513882920145988	0.0	0.0	2.0709967613220215	0.01834743283689022	43.49585723876953	43.43059539794922	0.8296720385551453	0.00023797938880808125
192	1728	-0.007716895546764135	0.0	0.0	2.042249917984009	0.021383274346590042	43.92467498779297	43.862518310546875	0.8221737742424011	0.0002374046278715386
193	1737	-0.0007593093323521316	0.0	0.0	2.250986099243164	0.022721728309988976	42.95922088623047	42.90740203857422	0.8305058479309082	0.00023681770102914435
194	1746	-0.012163772247731686	0.0	0.0	2.207204818725586	0.01364736258983612	41.370548248291016	41.323944091796875	0.8115227818489075	0.00023621872270344945
195	1755	0.007666232995688915	0.0	0.0	1.5586813688278198	0.009075433947145939	41.372344970703125	41.313236236572266	0.8196807503700256	0.0002356078096664652
196	1764	-0.017817875370383263	0.0	0.0	1.8170543909072876	0.021700648590922356	43.6944580078125	43.648712158203125	0.8149328231811523	0.0002349850810168987
197	1773	-0.006758125498890877	0.0	0.0	1.6564342975616455	0.024962149560451508	45.328304290771484	45.27622604370117	0.8248437643051147	0.00023435065815693404
198	1782	-0.009117227979004383	0.0	0.0	1.7484997510910034	0.03796934336423874	43.703060150146484	43.644325256347656	0.8196921348571777	0.0002337046647685648
199	1791	0.01667681895196438	0.0	0.0	1.759329915046692	0.04650714993476868	45.77982711791992	45.7291259765625	0.8210272789001465	0.00023304722678948195
200	1800	0.0032261202577501535	0.0	0.0	1.6314738988876343	0.04287721589207649	41.84222412109375	41.769065856933594	0.8079148530960083	0.00023237847238852217
201	1809	-0.007114680949598551	0.0	0.0	1.8995963335037231	0.018111249431967735	42.04888916015625	42.003143310546875	0.8243336081504822	0.00023169853194068108
202	1818	-0.0042783888056874275	0.0	0.0	1.6953351497650146	0.01968579925596714	43.48661422729492	43.44812774658203	0.8254650831222534	0.00023100753800169618
203	1827	-0.0019408108200877905	0.0	0.0	1.6000068187713623	0.022653408348560333	44.34480667114258	44.29148483276367	0.834359347820282	0.00023030562528220496
204	1836	-0.026472916826605797	0.0	0.0	1.4090815782546997	0.013424167409539223	43.440860748291016	43.37646484375	0.8265694975852966	0.0002295929306214829
205	1845	0.008157460018992424	0.0	0.0	2.180619955062866	0.020790964365005493	42.45124053955078	42.36928176879883	0.8193225860595703	0.0002288695929607662
206	1854	-0.004110761918127537	0.0	0.0	1.7315869331359863	0.03951561823487282	40.49885177612305	40.43400573730469	0.8247016668319702	0.000228135753316165
207	1863	0.00444834353402257	0.0	0.0	1.9777671098709106	0.03184365853667259	42.29177474975586	42.22752380371094	0.8244497179985046	0.0002273915547511721
208	1872	-0.01340162381529808	0.0	0.0	2.258573055267334	0.027004284784197807	43.99689865112305	43.93404769897461	0.831122875213623	0.00022663714234877227
209	1881	-1.1812448974524159e-05	0.0	0.0	1.8764159679412842	0.026553979143500328	43.89252853393555	43.82177734375	0.8245530724525452	0.0002258726631831582
210	1890	-0.021946866065263748	0.0	0.0	1.5836442708969116	0.03346007689833641	44.23067855834961	44.17021942138672	0.8310295343399048	0.00022509826629105785
211	1899	-0.02590368315577507	0.0	0.0	1.6190046072006226	0.03759987652301788	45.354698181152344	45.29780578613281	0.8278684020042419	0.00022431410264267982
212	1908	-0.006994607392698526	0.0	0.0	2.095370054244995	0.04577414318919182	41.4747200012207	41.414268493652344	0.8121559619903564	0.000223520325112281
213	1917	-0.011014653369784355	0.0	0.0	1.8385915756225586	0.02474692277610302	44.56470489501953	44.51814270019531	0.8191955089569092	0.0002227170884483638
214	1926	-0.01045600138604641	0.0	0.0	1.8949661254882812	0.030080849304795265	41.689388275146484	41.62845230102539	0.8208809494972229	0.00022190454924350735
215	1935	-0.00832310039550066	0.0	0.0	1.5800859928131104	0.02644624002277851	44.43608093261719	44.370948791503906	0.8282728791236877	0.00022108286590383962
216	1944	0.00399543484672904	0.0	0.0	1.9394886493682861	0.021916773170232773	43.69002914428711	43.62754821777344	0.8292574882507324	0.0002202521986181557
217	1953	-0.001782903796993196	0.0	0.0	1.6624526977539062	0.01608697511255741	42.85797119140625	42.7965202331543	0.8266127109527588	0.00021941270932668885
218	1962	-0.013464245945215225	0.0	0.0	2.112206220626831	0.028500787913799286	44.574913024902344	44.522823333740234	0.8242587447166443	0.00021856456168953983
219	1971	-0.02373676374554634	0.0	0.0	1.9131779670715332	0.02321993000805378	42.70653533935547	42.64651870727539	0.8146919012069702	0.00021770792105477095
220	1980	-0.006615062244236469	0.0	0.0	2.00844407081604	0.025009527802467346	43.682010650634766	43.6314697265625	0.8175872564315796	0.00021684295442617136
221	1989	0.0018677187617868185	0.0	0.0	2.1719701290130615	0.01924724318087101	44.29904556274414	44.25464630126953	0.8225204944610596	0.00021596983043069908
222	1998	0.0061096083372831345	0.0	0.0	1.7732292413711548	0.03283504769206047	43.69112014770508	43.64084243774414	0.8186709880828857	0.00021508871928560704
223	2007	-0.018606888130307198	0.0	0.0	2.0083069801330566	0.03467203304171562	43.94871520996094	43.898956298828125	0.8172200322151184	0.00021419979276525886
224	2016	-0.01961108110845089	0.0	0.0	1.9776523113250732	0.032240815460681915	44.08491897583008	44.01226806640625	0.8138077259063721	0.0002133032241676409
225	2025	-0.005857227835804224	0.0	0.0	1.8105494976043701	0.016738777980208397	42.079105377197266	42.015846252441406	0.814482569694519	0.00021239918828057787
226	2034	-0.030530095100402832	0.0	0.0	1.8389238119125366	0.021960515528917313	44.33943176269531	44.27629470825195	0.8335924744606018	0.000211487861347657
227	2043	-0.0145726278424263	0.0	0.0	1.6556178331375122	0.04293454438447952	42.53017044067383	42.47500228881836	0.825860321521759	0.00021056942103386974
228	2052	-0.01546380016952753	0.0	0.0	1.6706891059875488	0.04306236654520035	43.20599365234375	43.155242919921875	0.8303031921386719	0.00020964404639097492
229	2061	0.011662331409752369	0.0	0.0	2.2614638805389404	0.04263255372643471	44.47986602783203	44.43166732788086	0.828629195690155	0.00020871191782259276
230	2070	-0.035761844366788864	0.0	0.0	1.4029052257537842	0.022651566192507744	43.04198455810547	42.99519729614258	0.8307616710662842	0.00020777321704903463
231	2079	-0.014062303118407726	0.0	0.0	1.6009541749954224	0.025778768584132195	42.91004180908203	42.85689926147461	0.8315939903259277	0.00020682812707187618
232	2088	-0.021451275795698166	0.0	0.0	1.9028689861297607	0.03685278445482254	43.11888122558594	43.06218338012695	0.8187851905822754	0.0002058768321382811
233	2097	-0.029683003202080727	0.0	0.0	1.8227912187576294	0.032766036689281464	42.95744705200195	42.88296890258789	0.8135169744491577	0.00020491951770508152
234	2106	-0.016796404495835304	0.0	0.0	1.7919795513153076	0.029121994972229004	42.6928596496582	42.62431335449219	0.8116880059242249	0.0002039563704026231
235	2115	-0.019086746498942375	0.0	0.0	1.868653416633606	0.025092031806707382	43.717464447021484	43.65812301635742	0.8332648873329163	0.00020298757799838078
236	2124	0.0011604971950873733	0.0	0.0	1.7554786205291748	0.021876370534300804	43.27989196777344	43.20901870727539	0.8229469656944275	0.0002020133293603533
237	2133	-0.038090936839580536	0.0	0.0	1.349022626876831	0.042657285928726196	43.52360534667969	43.434783935546875	0.8180797100067139	0.00020103381442024303
238	2142	0.0028369880747050047	0.0	0.0	1.9747525453567505	0.042940858751535416	42.80402374267578	42.73072052001953	0.8177929520606995	0.00020004922413642838
239	2151	-0.01654062792658806	0.0	0.0	1.7260839939117432	0.02250932715833187	43.02094650268555	42.948951721191406	0.8238816261291504	0.000199059750456736
240	2160	-0.014612031169235706	0.0	0.0	2.024808645248413	0.024161482229828835	42.366512298583984	42.31382369995117	0.8112360835075378	0.0001980655862810203
241	2169	0.0012780113611370325	0.0	0.0	2.466400623321533	0.031587522476911545	43.64888381958008	43.59847640991211	0.8252480626106262	0.00019706692542355715
242	2178	-0.0258968323469162	0.0	0.0	1.6184049844741821	0.03519728407263756	42.3128776550293	42.24787902832031	0.8195211291313171	0.00019606396257525947
243	2187	-0.01265710685402155	0.0	0.0	1.4718679189682007	0.030125077813863754	42.328407287597656	42.24979782104492	0.8043027520179749	0.00019505689326572176
244	2196	-0.017907148227095604	0.0	0.0	1.9223477840423584	0.03067827969789505	43.82950973510742	43.759361267089844	0.8197824954986572	0.00019404591382510137
245	2205	-0.003820377169176936	0.0	0.0	1.8981858491897583	0.028545113280415535	42.46135330200195	42.40188217163086	0.8201759457588196	0.00019303122134584332
246	2214	-0.009103544056415558	0.0	0.0	1.5066123008728027	0.024906853213906288	43.62405776977539	43.55237579345703	0.8083844184875488	0.00019201301364425705
247	2223	-0.03009495697915554	0.0	0.0	1.6259816884994507	0.0277459267526865	43.89339065551758	43.81983947753906	0.8068229556083679	0.00019099148922195134
248	2232	-0.03700071945786476	0.0	0.0	1.9312126636505127	0.034121859818696976	44.27439498901367	44.20063781738281	0.8179206252098083	0.00018996684722713642
249	2241	-0.017142508178949356	0.0	0.0	2.499706268310547	0.02739180251955986	44.036861419677734	43.96464157104492	0.819916844367981	0.0001889392874157994
250	2250	-0.01978321373462677	0.0	0.0	2.2460434436798096	0.026900140568614006	43.62957000732422	43.54462814331055	0.8166695833206177	0.00018790901011276145
251	2259	-0.03799620270729065	0.0	0.0	1.6991780996322632	0.028449436649680138	43.810611724853516	43.74679183959961	0.8266762495040894	0.00018687621617262423
252	2268	-0.030069442465901375	0.0	0.0	1.773208737373352	0.037820152938365936	45.22722625732422	45.18218994140625	0.8219959735870361	0.00018584110694061274
253	2277	-0.03118916042149067	0.0	0.0	1.5380902290344238	0.03985632583498955	44.07534408569336	44.022891998291016	0.8171599507331848	0.00018480388421332266
254	2286	-0.012886612676084042	0.0	0.0	1.9294849634170532	0.03462054952979088	44.56016159057617	44.49290466308594	0.815487265586853	0.00018376475019937988
255	2295	-0.03652727231383324	0.0	0.0	1.6048400402069092	0.03483307734131813	43.89494323730469	43.82539749145508	0.8146812319755554	0.00018272390748001933
256	2304	-0.008683941327035427	0.0	0.0	1.989596962928772	0.03718482330441475	42.919307708740234	42.849308013916016	0.8063119649887085	0.00018168155896959148
257	2313	-0.027195675298571587	0.0	0.0	1.9055503606796265	0.024116234853863716	45.586551666259766	45.5305290222168	0.8203598856925964	0.0001806379078760037
258	2322	-0.028270315378904343	0.0	0.0	1.4003533124923706	0.018787458539009094	44.48075866699219	44.41511535644531	0.8257891535758972	0.00017959315766110463
259	2331	-0.030107682570815086	0.0	0.0	2.027108907699585	0.03892642259597778	43.802345275878906	43.733619689941406	0.8196673393249512	0.0001785475120010186
260	2340	-0.03732791170477867	0.0	0.0	1.5328624248504639	0.04477834701538086	44.97822189331055	44.906124114990234	0.8194273114204407	0.00017750117474643905
261	2349	-0.006768535356968641	0.0	0.0	2.063439130783081	0.0382748618721962	43.06389236450195	42.99147033691406	0.8207535743713379	0.00017645434988288684
262	2358	-0.03325163945555687	0.0	0.0	1.8887172937393188	0.04701768606901169	43.3584098815918	43.295143127441406	0.8076620101928711	0.00017540724149094333
263	2367	-0.015224175527691841	0.0	0.0	1.7465028762817383	0.029336290434002876	43.72080612182617	43.66392517089844	0.8207566738128662	0.00017436005370646425
264	2376	-0.02084779366850853	0.0	0.0	1.7518564462661743	0.030409788712859154	44.869720458984375	44.81000900268555	0.8139858841896057	0.00017331299068078308
265	2385	-0.024989090859889984	0.0	0.0	1.7354381084442139	0.029885489493608475	44.840755462646484	44.784027099609375	0.8096968531608582	0.0001722662565409113
266	2394	-0.04033505544066429	0.0	0.0	1.8695517778396606	0.03630639612674713	43.40263748168945	43.337852478027344	0.8051146268844604	0.0001712200553497435
267	2403	-0.023883551359176636	0.0	0.0	1.8418558835983276	0.027245432138442993	42.608760833740234	42.548282623291016	0.8165059089660645	0.00017017459106627485
268	2412	-0.02715259976685047	0.0	0.0	1.6232675313949585	0.030317703261971474	44.46323013305664	44.406063079833984	0.8187426328659058	0.00016913006750583884
269	2421	-0.011957984417676926	0.0	0.0	1.9064608812332153	0.03415893763303757	44.48067855834961	44.414066314697266	0.8103504180908203	0.00016808668830037318
270	2430	-0.025400280952453613	0.0	0.0	1.7979251146316528	0.03944829851388931	43.6677131652832	43.61232376098633	0.8152496814727783	0.00016704465685872134
271	2439	-0.017971878871321678	0.0	0.0	1.974818468093872	0.03126579895615578	44.089378356933594	44.02568817138672	0.8107896447181702	0.00016600417632697752
272	2448	-0.04667096212506294	0.0	0.0	1.8729368448257446	0.028636693954467773	43.39398193359375	43.318050384521484	0.8061565160751343	0.00016496544954888308
273	2457	-0.04090619087219238	0.0	0.0	2.168135404586792	0.03627106547355652	44.058223724365234	43.98250961303711	0.8059557676315308	0.0001639286790262814
274	2466	-0.0281917005777359	0.0	0.0	1.9523788690567017	0.03723755106329918	45.71650314331055	45.66523742675781	0.8176298141479492	0.00016289406687964016
275	2475	-0.022484704852104187	0.0	0.0	2.066682815551758	0.04234791547060013	43.832923889160156	43.76717758178711	0.8153660297393799	0.00016186181480864735
276	2484	-0.029984233900904655	0.0	0.0	1.643106460571289	0.045637816190719604	44.1192741394043	44.05607986450195	0.8111193776130676	0.0001608321240528895
277	2493	-0.022565606981515884	0.0	0.0	1.5737500190734863	0.03694385290145874	44.465423583984375	44.41836166381836	0.8172017931938171	0.00015980519535261964
278	2502	-0.039341866970062256	0.0	0.0	1.8899005651474	0.03526821732521057	43.246368408203125	43.19883728027344	0.8118454813957214	0.0001587812289096226
279	2511	-0.027508126571774483	0.0	0.0	1.6349228620529175	0.038027215749025345	43.98258590698242	43.91951370239258	0.8231899738311768	0.00015776042434818542
280	2520	-0.03247934579849243	0.0	0.0	1.766916036605835	0.04244505241513252	44.07667541503906	44.02336120605469	0.814996600151062	0.00015674298067617988
281	2529	-0.047951504588127136	0.0	0.0	2.1013829708099365	0.03201836720108986	43.74150848388672	43.67115020751953	0.8007702827453613	0.00015572909624626585
282	2538	-0.03954123705625534	0.0	0.0	1.7679187059402466	0.02622297778725624	43.43833541870117	43.367584228515625	0.8068275451660156	0.00015471896871722181
283	2547	-0.044184327125549316	0.0	0.0	1.6541030406951904	0.04570788890123367	45.40098571777344	45.335628509521484	0.8136337399482727	0.000153712795015411
284	2556	-0.03577089309692383	0.0	0.0	1.9025402069091797	0.03815101832151413	44.00594711303711	43.946903228759766	0.8051082491874695	0.00015271077129639025
285	2565	-0.051102228462696075	0.0	0.0	1.9600110054016113	0.026041686534881592	43.3912239074707	43.329524993896484	0.8069391250610352	0.00015171309290666892
286	2574	-0.03249529004096985	0.0	0.0	1.5544636249542236	0.02337426133453846	42.8743896484375	42.8148307800293	0.8004075288772583	0.00015071995434562594
287	2583	-0.03129735589027405	0.0	0.0	1.7315974235534668	0.03385327756404877	44.93759536743164	44.883766174316406	0.8060489892959595	0.00014973154922759153
288	2592	-0.033203233033418655	0.0	0.0	1.6118439435958862	0.02655552700161934	43.671539306640625	43.60544204711914	0.7978370785713196	0.00014874807024410196
289	2601	-0.016797874122858047	0.0	0.0	2.022555351257324	0.04853862151503563	44.309165954589844	44.25265884399414	0.7987993359565735	0.00014776970912633362
290	2610	-0.03906998783349991	0.0	0.0	1.7102997303009033	0.03645821288228035	42.02238464355469	41.9681396484375	0.7992287874221802	0.00014679665660772493
291	2619	-0.025713199749588966	0.0	0.0	1.9842157363891602	0.03716713935136795	44.322940826416016	44.25811004638672	0.7985790371894836	0.00014582910238679245
292	2628	-0.03557603806257248	0.0	0.0	1.776041865348816	0.028505811467766762	43.55208206176758	43.4786491394043	0.7999588847160339	0.00014486723509014868
293	2637	-0.036803118884563446	0.0	0.0	1.9744740724563599	0.03992587700486183	44.03815460205078	43.95264434814453	0.8143855929374695	0.00014391124223572886
294	2646	-0.044832080602645874	0.0	0.0	1.8953777551651	0.04665566608309746	43.554141998291016	43.4503288269043	0.8027926087379456	0.0001429613101962342
295	2655	-0.04252493754029274	0.0	0.0	2.3139891624450684	0.04672674089670181	45.58911895751953	45.51781463623047	0.8051568865776062	0.00014201762416279798
296	2664	-0.041289713233709335	0.0	0.0	1.8224167823791504	0.044523902237415314	43.23539352416992	43.156715393066406	0.7968320846557617	0.0001410803681088822
297	2673	-0.01898236572742462	0.0	0.0	2.4571335315704346	0.052767764776945114	43.5906982421875	43.49183654785156	0.7916985154151917	0.00014014972475441165
298	2682	-0.04264233633875847	0.0	0.0	1.5423352718353271	0.048021961003541946	42.5833854675293	42.48454666137695	0.7834053635597229	0.00013922587553015232
299	2691	-0.04678300395607948	0.0	0.0	2.067652702331543	0.045455075800418854	43.229042053222656	43.135494232177734	0.8103762269020081	0.00013830900054234092
300	2700	-0.03000796213746071	0.0	0.0	1.8001407384872437	0.04496905952692032	42.371124267578125	42.286895751953125	0.8151922225952148	0.000137399278537573
301	2709	-0.051829226315021515	0.0	0.0	1.7966526746749878	0.04254450276494026	41.52376937866211	41.44615936279297	0.7997725605964661	0.00013649688686795595
302	2718	-0.05444758012890816	0.0	0.0	1.9820725917816162	0.04098566621541977	42.4681282043457	42.377891540527344	0.7927651405334473	0.00013560200145653373
303	2727	-0.06053726375102997	0.0	0.0	1.9447039365768433	0.04093516245484352	43.1037712097168	43.01142501831055	0.7895990610122681	0.00013471479676299046
304	2736	-0.05151750519871712	0.0	0.0	1.8175334930419922	0.035626139491796494	42.20808410644531	42.12104415893555	0.7905961871147156	0.00013383544574963898
305	2745	-0.060092393308877945	0.0	0.0	1.7705470323562622	0.036746546626091	42.02410125732422	41.93859100341797	0.792265772819519	0.00013296411984770168
306	2754	-0.04980345815420151	0.0	0.0	1.8834532499313354	0.03858358785510063	42.5847053527832	42.49407958984375	0.7972052693367004	0.00013210098892388962
307	2763	-0.023455781862139702	0.0	0.0	1.7831575870513916	0.03416389599442482	42.936344146728516	42.856781005859375	0.7970423698425293	0.00013124622124728664
308	2772	-0.05490603297948837	0.0	0.0	1.9276950359344482	0.03297615051269531	41.755523681640625	41.677711486816406	0.792018711566925	0.00013039998345654483
309	2781	-0.03722074255347252	0.0	0.0	2.228588104248047	0.03521345555782318	44.17776107788086	44.108394622802734	0.8010975122451782	0.00012956244052739826
310	2790	-0.022376179695129395	0.0	0.0	2.1719508171081543	0.027713127434253693	41.33780288696289	41.24392318725586	0.7778196930885315	0.00012873375574050044
311	2799	-0.04152878746390343	0.0	0.0	2.2121846675872803	0.038637783378362656	42.95128631591797	42.86134719848633	0.7863059043884277	0.00012791409064959262
312	2808	-0.04535592347383499	0.0	0.0	2.533668279647827	0.047081395983695984	43.64543914794922	43.55265808105469	0.77949059009552	0.00012710360505000827
313	2817	-0.04599602147936821	0.0	0.0	2.2386810779571533	0.03481284901499748	43.75339126586914	43.66954803466797	0.7950281500816345	0.0001263024569475209
314	2826	-0.048225902020931244	0.0	0.0	1.7915738821029663	0.03177163377404213	42.7332649230957	42.643409729003906	0.8020233511924744	0.00012551080252754055
315	2835	-0.0522175058722496	0.0	0.0	1.8563820123672485	0.03759191185235977	43.50973892211914	43.421783447265625	0.7906325459480286	0.00012472879612466492
316	2844	-0.05856332555413246	0.0	0.0	1.992979884147644	0.032700907438993454	42.48508071899414	42.38798141479492	0.7883171439170837	0.00012395659019259173
317	2853	-0.04710879176855087	0.0	0.0	2.204758405685425	0.03194483369588852	44.758724212646484	44.67311477661133	0.7954834699630737	0.00012319433527439746
318	2862	-0.06431238353252411	0.0	0.0	1.871508240699768	0.0398404635488987	42.12285614013672	42.03091812133789	0.7980936765670776	0.00012244217997318878
319	2871	-0.06856171041727066	0.0	0.0	2.0263869762420654	0.04472418874502182	43.276885986328125	43.18778610229492	0.7979865074157715	0.00012170027092313194
320	2880	-0.02444899082183838	0.0	0.0	1.8202621936798096	0.05071708932518959	42.35433578491211	42.25868606567383	0.7915701270103455	0.00012096875276086627
321	2889	-0.04802612587809563	0.0	0.0	1.8940271139144897	0.04447532817721367	43.158878326416016	43.073524475097656	0.7842935919761658	0.00012024776809730691
322	2898	-0.05416525900363922	0.0	0.0	1.841812252998352	0.052099328488111496	43.51443862915039	43.431968688964844	0.7835148572921753	0.0001195374574898426
323	2907	-0.06114862486720085	0.0	0.0	2.1069703102111816	0.05545167252421379	42.31144332885742	42.23262023925781	0.7861490845680237	0.00011883795941493368
324	2916	-0.07637482136487961	0.0	0.0	2.118952512741089	0.06411927938461304	43.2640495300293	43.186363220214844	0.7887346744537354	0.00011814941024111579
325	2925	-0.05357116833329201	0.0	0.0	1.849779486656189	0.05841013789176941	42.90052032470703	42.82188034057617	0.7931864261627197	0.00011747194420241469
326	2934	-0.0654897540807724	0.0	0.0	2.1710779666900635	0.06142186373472214	44.18251419067383	44.10520553588867	0.7972504496574402	0.00011680569337217694
327	2943	-0.04949307441711426	0.0	0.0	1.8509409427642822	0.044817231595516205	41.768192291259766	41.683135986328125	0.7995854020118713	0.00011615078763732197
328	2952	-0.07783206552267075	0.0	0.0	1.7426984310150146	0.056098565459251404	44.92335510253906	44.84527587890625	0.7892273664474487	0.00011550735467302044
329	2961	-0.05459965765476227	0.0	0.0	1.8249988555908203	0.051754772663116455	42.837371826171875	42.75404739379883	0.7864305973052979	0.00011487551991780362
330	2970	-0.053092777729034424	0.0	0.0	2.2202515602111816	0.04146750271320343	42.597572326660156	42.51240921020508	0.7906063795089722	0.000114255406549109
331	2979	-0.05561894178390503	0.0	0.0	1.8006683588027954	0.04738007113337517	41.655418395996094	41.571571350097656	0.7849432826042175	0.00011364713545926645
332	2988	-0.058965615928173065	0.0	0.0	2.1181578636169434	0.05537451058626175	42.828067779541016	42.75099563598633	0.7899049520492554	0.00011305082523193014
333	2997	-0.07132404297590256	0.0	0.0	2.0591440200805664	0.053395193070173264	41.73601531982422	41.652000427246094	0.7804282307624817	0.00011246659211896043
334	3006	-0.04991678148508072	0.0	0.0	2.0003066062927246	0.058953505009412766	42.80067443847656	42.70651626586914	0.7884229421615601	0.00011189455001776034
335	3015	-0.06411073356866837	0.0	0.0	2.1771438121795654	0.05385003238916397	43.26148223876953	43.16575241088867	0.7800018191337585	0.00011133481044907087
336	3024	-0.058353450149297714	0.0	0.0	2.06119441986084	0.044954538345336914	43.18167495727539	43.08460235595703	0.7786474227905273	0.00011078748253523003
337	3033	-0.06680438667535782	0.0	0.0	2.214078664779663	0.04900733381509781	42.46900177001953	42.372982025146484	0.7887924909591675	0.00011025267297889908
338	3042	-0.04798701032996178	0.0	0.0	2.291302442550659	0.04846392944455147	42.670589447021484	42.57198715209961	0.78852778673172	0.0001097304860422607
339	3051	-0.06503653526306152	0.0	0.0	1.909695029258728	0.048208367079496384	42.7600212097168	42.66921615600586	0.7881080508232117	0.00010922102352669286
340	3060	-0.08043895661830902	0.0	0.0	2.0552916526794434	0.05260566994547844	43.270240783691406	43.190853118896484	0.7913936376571655	0.00010872438475292239
341	3069	-0.06124855950474739	0.0	0.0	1.8214588165283203	0.05112786591053009	42.12087631225586	42.03557205200195	0.7728899717330933	0.00010824066654166228
342	3078	-0.06884322315454483	0.0	0.0	2.0505034923553467	0.05046342313289642	43.973533630371094	43.89397048950195	0.7767505049705505	0.00010776996319473627
343	3087	-0.058344606310129166	0.0	0.0	1.6710827350616455	0.04647776111960411	43.38383102416992	43.29005813598633	0.7738823294639587	0.00010731236647669446
344	3096	-0.07392874360084534	0.0	0.0	2.1196177005767822	0.04960515722632408	44.32737350463867	44.235294342041016	0.7673937082290649	0.00010686796559692373
345	3105	-0.07066557556390762	0.0	0.0	2.110966682434082	0.044626008719205856	42.01151657104492	41.91972732543945	0.7687729597091675	0.00010643684719225612
346	3114	-0.04647378623485565	0.0	0.0	2.1802048683166504	0.043615300208330154	42.44281768798828	42.35603332519531	0.7691477537155151	0.00010601909531007884
347	3123	-0.06395233422517776	0.0	0.0	2.1327133178710938	0.050220560282468796	43.5810432434082	43.499114990234375	0.7829340100288391	0.00010561479139194903
348	3132	-0.06982983648777008	0.0	0.0	2.266814947128296	0.05398482829332352	43.08768081665039	42.98381805419922	0.7792643904685974	0.00010522401425771664
349	3141	-0.08104879409074783	0.0	0.0	2.087745428085327	0.05858200043439865	44.62835693359375	44.5301628112793	0.7796685099601746	0.00010484684009015825
350	3150	-0.09966599196195602	0.0	0.0	2.263174057006836	0.05433516949415207	42.320594787597656	42.21415710449219	0.7761497497558594	0.00010448334242012518
351	3159	-0.049311261624097824	0.0	0.0	2.1040921211242676	0.05604488030076027	43.244956970214844	43.145416259765625	0.7769346237182617	0.0001041335921122084
352	3168	-0.05812079831957817	0.0	0.0	2.033172130584717	0.054018426686525345	43.10176086425781	43.00594711303711	0.7705382704734802	0.00010379765735092345
353	3177	-0.07114604115486145	0.0	0.0	2.3318910598754883	0.0545056127011776	42.67072677612305	42.56793212890625	0.7675197720527649	0.00010347560362741766
354	3186	-0.08218324929475784	0.0	0.0	2.3297901153564453	0.06225714087486267	43.34016799926758	43.239559173583984	0.7810946702957153	0.00010316749372670254
355	3195	-0.08263542503118515	0.0	0.0	2.2494022846221924	0.0801611840724945	43.36042404174805	43.25231170654297	0.760292112827301	0.00010287338771541373
356	3204	-0.07803799211978912	0.0	0.0	2.1593995094299316	0.07960726320743561	43.415470123291016	43.307456970214844	0.7698965668678284	0.00010259334293010086
357	3213	-0.07882382720708847	0.0	0.0	2.230639696121216	0.07210759818553925	43.18456268310547	43.070213317871094	0.767034649848938	0.0001023274139660497
358	3222	-0.07156431674957275	0.0	0.0	2.1207621097564697	0.07924247533082962	43.8731575012207	43.760807037353516	0.7761678099632263	0.00010207565266663873
359	3231	-0.08254162967205048	0.0	0.0	2.869267225265503	0.07048290222883224	42.99283981323242	42.88747787475586	0.7691492438316345	0.00010183810811323207
360	3240	-0.07337819039821625	0.0	0.0	1.8615686893463135	0.06100146099925041	43.13854217529297	43.04236602783203	0.7551504969596863	0.00010161482661561108
361	3249	-0.0737176388502121	0.0	0.0	2.067209243774414	0.05782397836446762	42.73582077026367	42.651641845703125	0.7644669413566589	0.00010140585170294615
362	3258	-0.06588254868984222	0.0	0.0	2.637526035308838	0.0680917426943779	41.491539001464844	41.39580154418945	0.7563366889953613	0.00010121122411531057
363	3267	-0.07993823289871216	0.0	0.0	2.363901138305664	0.06441625952720642	43.39125061035156	43.28953170776367	0.7523428201675415	0.00010103098179573815
364	3276	-0.09020870178937912	0.0	0.0	2.1299097537994385	0.05679091811180115	42.79773712158203	42.69963455200195	0.7601106762886047	0.00010086515988282625
365	3285	-0.08113166689872742	0.0	0.0	2.327388048171997	0.06409411877393723	44.196044921875	44.09751892089844	0.774359941482544	0.00010071379070388535
366	3294	-0.07731276005506516	0.0	0.0	1.943070650100708	0.06492099910974503	42.78447723388672	42.687313079833984	0.7708021402359009	0.00010057690376863677
367	3303	-0.09691597521305084	0.0	0.0	2.0306358337402344	0.058167122304439545	43.794517517089844	43.697967529296875	0.7703385949134827	0.00010045452576345981
368	3312	-0.06707284599542618	0.0	0.0	2.4234020709991455	0.06099068373441696	43.56057357788086	43.46570587158203	0.7643784284591675	0.00010034668054618904
369	3321	-0.09940564632415771	0.0	0.0	2.2753899097442627	0.0707206055521965	43.448509216308594	43.357330322265625	0.7693752646446228	0.00010025338914146325
370	3330	-0.10304025560617447	0.0	0.0	1.8908504247665405	0.06935876607894897	45.65040588378906	45.55118942260742	0.7695918083190918	0.00010017466973662662
371	3339	-0.08778147399425507	0.0	0.0	2.3268961906433105	0.057640720158815384	42.685489654541016	42.58686065673828	0.7639164328575134	0.00010011053767818313
372	3348	-0.0837121456861496	0.0	0.0	2.311837673187256	0.055677298456430435	43.573020935058594	43.47391128540039	0.7660795450210571	0.00010006100546880462
373	3357	-0.11268886923789978	0.0	0.0	2.3502449989318848	0.062389448285102844	41.200035095214844	41.08565139770508	0.7457584738731384	0.00010002608276489347
374	3366	-0.09067697823047638	0.0	0.0	2.3376331329345703	0.06959448754787445	42.80253219604492	42.70503616333008	0.7345181703567505	0.00010000577637469998
375	3375	-0.0806511715054512	0.0	0.0	2.415860652923584	0.0634366124868393	42.34305953979492	42.240867614746094	0.7450206875801086	0.00010000009025699517
# Best epoch: 8
