# epoch	step	nll	ecut	ecut_viol	grad_norm	val_nll	val_ecut	val_ecut_viol	val_ress_zx	LR
1	27	-6.791285514831543	0.0	0.0	14.61921215057373	-6.809514999389648	303.257568359375	297.1824645996094	0.03290848061442375	9.986158796046841e-05
2	54	-7.016913414001465	0.0	0.0	54.4656867980957	-7.053018093109131	274.7325439453125	268.30718994140625	0.025875747203826904	9.944712589814385e-05
3	81	-7.111260414123535	0.0	0.0	218.25643920898438	-7.086793422698975	262.09722900390625	255.4563446044922	0.03889646753668785	9.875893165300026e-05
4	108	-7.080733776092529	0.0	0.0	46.43976593017578	-7.086602687835693	257.74285888671875	251.00791931152344	0.024095341563224792	9.780085388641395e-05
5	135	-7.298323631286621	0.0	0.0	192.9238739013672	-7.212066650390625	252.91940307617188	246.1399383544922	0.04444871097803116	9.65782505578881e-05
6	162	-7.262141227722168	0.0	0.0	22.2965030670166	-7.220330715179443	249.30105590820312	242.5029754638672	0.030397705733776093	9.509795896116972e-05
7	189	-7.30643367767334	0.0	0.0	24.990886688232422	-7.391598701477051	234.26278686523438	227.40252685546875	0.03639531135559082	9.336825748732971e-05
8	216	-7.319378852844238	0.0	0.0	121.68638610839844	-7.371527671813965	226.43321228027344	219.388916015625	0.015864361077547073	9.139881932864174e-05
9	243	-7.525051116943359	0.0	0.0	24.82538414001465	-7.49810791015625	220.308837890625	213.1839599609375	0.03779636323451996	8.920065838216747e-05
10	270	-7.278165817260742	0.0	0.0	24.69320297241211	-7.418025493621826	230.8025360107422	223.77488708496094	0.0578077957034111	8.678606765557639e-05
11	297	-7.395149230957031	0.0	0.0	26.757484436035156	-7.431150436401367	221.52932739257812	214.50396728515625	0.03641137853264809	8.416855051966051e-05
12	324	-7.473238945007324	0.0	0.0	16.731168746948242	-7.4288458824157715	210.98667907714844	203.81356811523438	0.0432741641998291	8.136274519200731e-05
13	351	-7.403485298156738	0.0	0.0	225.8055877685547	-7.214274883270264	227.80294799804688	220.77655029296875	0.040660735219717026	7.83843428741493e-05
14	378	-7.538989067077637	0.0	0.0	36.133296966552734	-7.408322334289551	208.06199645996094	200.84225463867188	0.033116862177848816	7.525000000000001e-05
15	405	-7.381937026977539	0.0	0.0	97.88519287109375	-7.477792739868164	205.81809997558594	198.54824829101562	0.029146146029233932	7.197724508631914e-05
16	432	-7.438340187072754	0.0	0.0	24.020875930786133	-7.4604105949401855	209.5660858154297	202.318115234375	0.04921414703130722	6.858438070613657e-05
17	459	-7.523501873016357	0.0	0.0	25.108966827392578	-7.595625877380371	196.90811157226562	189.63232421875	0.024573182687163353	6.509038113333976e-05
18	486	-7.5342559814453125	0.0	0.0	1082.75048828125	-7.583083152770996	201.48223876953125	194.17796325683594	0.03283490240573883	6.151478623083758e-05
19	513	-7.722498893737793	0.0	0.0	32.567935943603516	-7.756069183349609	193.30780029296875	185.9473876953125	0.052043210715055466	5.787759217572066e-05
20	540	-7.674361705780029	0.0	0.0	24.772851943969727	-7.699690818786621	187.57395935058594	180.1663818359375	0.05553295463323593	5.419913963252802e-05
21	567	-7.870355129241943	0.0	0.0	122.98772430419922	-7.744664669036865	178.19381713867188	170.69113159179688	0.0681028813123703	5.0500000000000015e-05
22	594	-7.736894607543945	0.0	0.0	30.137798309326172	-7.713461875915527	186.6572265625	179.22607421875	0.034307390451431274	4.680086036747202e-05
23	621	-7.774363994598389	0.0	0.0	36.81784439086914	-7.83963680267334	174.2791748046875	166.7627410888672	0.06192178651690483	4.3122407824279384e-05
24	648	-7.942960739135742	0.0	0.0	21.350975036621094	-7.873492240905762	170.7374267578125	163.1859588623047	0.04865959286689758	3.948521376916245e-05
25	675	-7.927847862243652	0.0	0.0	25.33305549621582	-7.820786476135254	171.08099365234375	163.53378295898438	0.04447266086935997	3.590961886666025e-05
26	702	-7.872025966644287	0.0	0.0	27.570003509521484	-7.89750862121582	164.3184814453125	156.64419555664062	0.08294998854398727	3.241561929386345e-05
27	729	-7.929723262786865	0.0	0.0	74.13040161132812	-7.883217811584473	160.93112182617188	153.21897888183594	0.04864652454853058	2.9022754913680884e-05
28	756	-7.857965469360352	0.0	0.0	26.814786911010742	-7.92697811126709	160.15667724609375	152.44273376464844	0.05579625070095062	2.575000000000002e-05
29	783	-7.971796035766602	0.0	0.0	23.7180118560791	-7.965860366821289	155.88119506835938	148.11541748046875	0.03613632544875145	2.2615657125850715e-05
30	810	-8.033093452453613	0.0	0.0	20.048818588256836	-7.992060661315918	160.49111938476562	152.861572265625	0.06276342272758484	1.9637254807992697e-05
31	837	-8.072409629821777	0.0	0.0	50.91585159301758	-8.036750793457031	157.637451171875	149.9281463623047	0.05294400453567505	1.68314494803395e-05
32	864	-8.033573150634766	0.0	0.0	19.09332847595215	-8.058151245117188	155.8392791748047	148.15695190429688	0.06463412940502167	1.4213932344423597e-05
33	891	-8.099695205688477	0.0	0.0	20.618942260742188	-8.068892478942871	152.65634155273438	144.93736267089844	0.04738178104162216	1.1799341617832526e-05
34	918	-8.100383758544922	0.0	0.0	16.857654571533203	-8.074711799621582	152.05471801757812	144.34481811523438	0.06321332603693008	9.601180671358249e-06
35	945	-8.090320587158203	0.0	0.0	38.91777038574219	-8.092879295349121	149.44110107421875	141.63780212402344	0.04969378560781479	7.631742512670296e-06
36	972	-8.109705924987793	0.0	0.0	18.583066940307617	-8.111361503601074	150.33636474609375	142.56756591796875	0.0598832368850708	5.902041038830259e-06
37	999	-8.103961944580078	0.0	0.0	1161.0504150390625	-8.11394214630127	150.76731872558594	142.99554443359375	0.05557510256767273	4.421749442111885e-06
38	1026	-8.17943000793457	0.0	0.0	251.68304443359375	-8.120609283447266	149.63031005859375	141.883056640625	0.05572943016886711	3.199146113586043e-06
39	1053	-8.1787109375	0.0	0.0	212.9256591796875	-8.140932083129883	148.9294891357422	141.16952514648438	0.06003880500793457	2.2410683469997316e-06
40	1080	-8.077630043029785	0.0	0.0	3270.677978515625	-8.14087963104248	147.37220764160156	139.5813446044922	0.049807723611593246	1.5528741018561385e-06
41	1107	-8.162993431091309	0.0	0.0	28.064739227294922	-8.13477897644043	147.4633026123047	139.68084716796875	0.050905194133520126	1.1384120395315836e-06
42	1134	-8.07033920288086	0.0	0.0	64.08491516113281	-8.141561508178711	148.0634002685547	140.29232788085938	0.05051007121801376	1e-06
# Best epoch: 26
