# epoch	step	nll	ecut	ecut_viol	grad_norm	val_nll	val_ecut	val_ecut_viol	val_ress_zx	LR
1	27	-7.210733413696289	0.0	0.0	20.524154663085938	-7.2927398681640625	1650.2568359375	1649.0947265625	0.0	1.0237143666892609e-05
2	54	-11.082671165466309	0.0	0.0	17.106969833374023	-11.194236755371094	1615.381591796875	1612.389404296875	0.0	1.094763738225795e-05
3	81	-14.448768615722656	0.0	0.0	25.992450714111328	-14.480398178100586	1587.8006591796875	1583.56591796875	0.0	1.2128672994680007e-05
4	108	-18.13663101196289	0.0	0.0	50.45658493041992	-18.192419052124023	1582.94287109375	1576.9208984375	0.0	1.3775582585561007e-05
5	135	-21.257225036621094	0.0	0.0	46.427207946777344	-21.274250030517578	1606.863525390625	1597.470458984375	0.0	1.588185691857728e-05
6	162	-23.695777893066406	0.0	0.0	52.078880310058594	-23.696630477905273	1620.439453125	1607.3349609375	0.0	1.8439171166748666e-05
7	189	-25.57994842529297	0.0	0.0	68.75836944580078	-25.774303436279297	1607.3056640625	1589.8408203125	0.0	2.143741781543827e-05
8	216	-27.332937240600586	0.0	0.0	62.64366912841797	-27.4112548828125	1576.98681640625	1556.24365234375	0.0	2.4864746611237527e-05
9	243	-28.581069946289062	0.0	0.0	68.37030792236328	-28.765575408935547	1588.306640625	1564.9105224609375	0.0	2.870761139884165e-05
10	270	-29.651958465576172	0.0	0.0	136.51644897460938	-29.689382553100586	1600.4100341796875	1575.2288818359375	0.0003333333588670939	3.295082366079895e-05
11	297	-30.175613403320312	0.0	0.0	79.38882446289062	-30.396780014038086	1607.9075927734375	1581.5234375	0.0	3.7577612548522684e-05
12	324	-30.753568649291992	0.0	0.0	132.9077606201172	-30.580862045288086	1585.823974609375	1558.4423828125	0.0	4.256969116729994e-05
13	351	-31.044166564941406	0.0	0.0	190.25885009765625	-31.06707763671875	1591.001220703125	1562.952880859375	0.0003333333588670939	4.790732885331288e-05
14	378	-31.185321807861328	0.0	0.0	153.92425537109375	-31.254276275634766	1589.8250732421875	1561.2786865234375	0.0003333333588670939	5.356942915700472e-05
15	405	-30.967329025268555	0.0	0.0	301.0437316894531	-31.10455894470215	1577.65625	1549.064697265625	0.0	5.953361322456993e-05
16	432	-31.31662368774414	0.0	0.0	226.01239013671875	-31.355621337890625	1553.937744140625	1524.8377685546875	0.0003333333588670939	6.577630824801178e-05
17	459	-31.345548629760742	0.0	0.0	165.3703155517578	-31.374919891357422	1555.49853515625	1526.557373046875	0.0003333333588670939	7.227284063417776e-05
18	486	-31.643680572509766	0.0	0.0	188.18544006347656	-31.673160552978516	1542.0205078125	1512.4139404296875	0.0007411792175844312	7.899753352453215e-05
19	513	-31.442520141601562	0.0	0.0	223.59471130371094	-31.746200561523438	1539.8050537109375	1509.891845703125	0.0015361106488853693	8.592380828022916e-05
20	540	-31.229045867919922	0.0	0.0	309.57769775390625	-31.14535140991211	1493.371826171875	1463.9544677734375	0.0007301528821699321	9.302428953137767e-05
21	567	-31.86468505859375	0.0	0.0	107.23785400390625	-31.676239013671875	1478.542236328125	1449.227783203125	0.0013294531963765621	0.00010027091337530103
22	594	-32.084381103515625	0.0	0.0	126.1207046508789	-32.081634521484375	1460.3642578125	1430.4583740234375	0.0014975706581026316	0.00010763503829615015
23	621	-31.94936752319336	0.0	0.0	137.70191955566406	-31.973936080932617	1434.0731201171875	1404.4544677734375	0.0012222789227962494	0.00011508755836747201
24	648	-31.602611541748047	0.0	0.0	186.1876983642578	-31.825092315673828	1441.672607421875	1411.8587646484375	0.00124345941003412	0.00012259901829031155
25	675	-31.41119956970215	0.0	0.0	166.5476531982422	-32.02375030517578	1421.910888671875	1392.88232421875	0.001197839854285121	0.00013013972981217172
26	702	-31.351728439331055	0.0	0.0	341.99432373046875	-31.90919303894043	1381.7933349609375	1352.324951171875	0.0013589224545285106	0.00013767988906669806
27	729	-31.490020751953125	0.0	0.0	185.19442749023438	-31.884822845458984	1386.390380859375	1356.89013671875	0.0016624279087409377	0.0001451896943703143
28	756	-31.987714767456055	0.0	0.0	124.14847564697266	-31.60320281982422	1371.94921875	1342.54150390625	0.0011839461512863636	0.00015263946401023132
29	783	-32.3462028503418	0.0	0.0	115.59497833251953	-32.592803955078125	1358.21142578125	1328.5738525390625	0.0014313574647530913	0.00015999975355828383
30	810	-31.808815002441406	0.0	0.0	142.15554809570312	-32.16524124145508	1350.11328125	1320.2664794921875	0.0019795168191194534	0.00016724147224692488
31	837	-32.855289459228516	0.0	0.0	134.07945251464844	-32.522911071777344	1314.425537109375	1283.621826171875	0.003987140953540802	0.00017433599794741407
32	864	-31.622314453125	0.0	0.0	246.2849884033203	-32.050437927246094	1318.9915771484375	1288.9180908203125	0.0013963108649477363	0.00018125529029576
33	891	-32.548248291015625	0.0	0.0	231.39935302734375	-33.1153450012207	1332.277587890625	1300.6107177734375	0.002551662502810359	0.00018797200151929956
34	918	-32.59709167480469	0.0	0.0	195.92698669433594	-32.834800720214844	1302.2884521484375	1271.191650390625	0.002828095108270645	0.00019445958452588268
35	945	-32.48609161376953	0.0	0.0	120.16512298583984	-32.1904411315918	1309.015869140625	1278.663818359375	0.001650716527365148	0.00020069239782845172
36	972	-32.14513397216797	0.0	0.0	142.09896850585938	-33.02783966064453	1285.5498046875	1254.885498046875	0.0038226917386054993	0.00020664580689031296
37	999	-32.73902130126953	0.0	0.0	159.19703674316406	-33.43427276611328	1258.2503662109375	1227.4833984375	0.005493100732564926	0.00021229628149054233
38	1026	-33.80733871459961	0.0	0.0	110.87670135498047	-33.87972640991211	1283.54931640625	1251.5770263671875	0.003693745471537113	0.0002176214887247001
39	1053	-33.81478500366211	0.0	0.0	99.08303833007812	-33.727909088134766	1251.4942626953125	1219.866943359375	0.007201161235570908	0.0002226003812732785
40	1080	-33.749412536621094	0.0	0.0	136.87002563476562	-33.49927520751953	1236.13671875	1204.10888671875	0.006572887301445007	0.00022721328058901023
41	1107	-33.53071212768555	0.0	0.0	154.46092224121094	-34.1346435546875	1221.9334716796875	1190.0194091796875	0.005358043126761913	0.0002314419546742497
42	1134	-33.97502136230469	0.0	0.0	146.56005859375	-34.092079162597656	1237.8284912109375	1205.4476318359375	0.005120917223393917	0.0002352696901410191
43	1161	-34.177162170410156	0.0	0.0	87.24072265625	-34.354034423828125	1203.233154296875	1171.148193359375	0.008168397471308708	0.00023868135826891025
44	1188	-34.06011199951172	0.0	0.0	93.55580139160156	-34.04467010498047	1208.3419189453125	1175.9232177734375	0.0056787109933793545	0.0002416634747997555
45	1215	-33.160728454589844	0.0	0.0	272.6795349121094	-34.171852111816406	1182.3670654296875	1149.5355224609375	0.00548089062795043	0.0002442042532327343
46	1242	-34.376495361328125	0.0	0.0	80.91038513183594	-34.775428771972656	1191.5693359375	1158.9090576171875	0.013376159593462944	0.0002462936514092741
47	1269	-34.669464111328125	0.0	0.0	112.17781066894531	-34.850032806396484	1177.328125	1143.9803466796875	0.01177138276398182	0.0002479234112036218
48	1296	-34.70378112792969	0.0	0.0	91.11576843261719	-34.65593719482422	1152.145751953125	1118.9248046875	0.010422702878713608	0.0002490870911622143
49	1323	-34.44160079956055	0.0	0.0	158.99893188476562	-34.844390869140625	1146.9608154296875	1113.3162841796875	0.009419701062142849	0.00024978009196284376
50	1350	-34.67330551147461	0.0	0.0	114.53341674804688	-34.74258804321289	1156.26123046875	1122.8026123046875	0.011192932724952698	0.0002499999097430048
51	1377	-34.68519592285156	0.0	0.0	123.09013366699219	-34.74590301513672	1123.3221435546875	1089.5528564453125	0.011862576007843018	0.0002499292496279845
52	1404	-34.71156311035156	0.0	0.0	107.80774688720703	-34.935882568359375	1109.87646484375	1075.99169921875	0.012596952728927135	0.00024972713814798653
53	1431	-35.11198425292969	0.0	0.0	72.56918334960938	-34.97779846191406	1098.1898193359375	1064.1407470703125	0.015340907499194145	0.0002493939298752249
54	1458	-34.36880874633789	0.0	0.0	124.95374298095703	-34.24345397949219	1125.6658935546875	1091.9124755859375	0.009353701956570148	0.0002489302093702348
55	1485	-35.367366790771484	0.0	0.0	78.64897155761719	-34.88762664794922	1087.7825927734375	1053.060791015625	0.014444062486290932	0.0002483367901563554
56	1512	-34.70647048950195	0.0	0.0	143.3629913330078	-34.879791259765625	1079.809814453125	1045.775634765625	0.008915683254599571	0.000247614713292533
57	1539	-35.0933952331543	0.0	0.0	117.23169708251953	-34.996315002441406	1040.3690185546875	1005.6720581054688	0.0074446662329137325	0.0002467652455469501
58	1566	-34.60441207885742	0.0	0.0	210.15994262695312	-34.801700592041016	1010.0400390625	975.210693359375	0.013957797549664974	0.0002457898771746836
59	1593	-35.4107666015625	0.0	0.0	56.456573486328125	-35.363014221191406	1028.900390625	993.836181640625	0.021569352596998215	0.0002446903193032908
60	1620	-35.292930603027344	0.0	0.0	60.722747802734375	-35.345726013183594	1009.6176147460938	974.8951416015625	0.017709556967020035	0.00024346850093091035
61	1647	-35.4215087890625	0.0	0.0	121.87613677978516	-35.35131072998047	1001.2581787109375	966.3993530273438	0.019014015793800354	0.00024212656554214415
62	1674	-34.688636779785156	0.0	0.0	106.44666290283203	-35.280696868896484	1016.31396484375	981.56982421875	0.019938653334975243	0.0002406668673476568
63	1701	-35.60520553588867	0.0	0.0	69.6541748046875	-35.37114715576172	993.40771484375	958.1619873046875	0.020183317363262177	0.00023909196715409025
64	1728	-35.36832809448242	0.0	0.0	71.65003967285156	-35.68726348876953	982.9411010742188	947.797607421875	0.021446123719215393	0.0002374046278715386
65	1755	-35.31440734863281	0.0	0.0	73.02538299560547	-35.343318939208984	964.4320068359375	929.86865234375	0.015936192125082016	0.0002356078096664652
66	1782	-35.68305206298828	0.0	0.0	80.3270492553711	-35.78462219238281	938.5245971679688	903.18017578125	0.019690562039613724	0.0002337046647685648
67	1809	-35.64241027832031	0.0	0.0	73.12325286865234	-35.59871292114258	935.6278076171875	900.2982177734375	0.032595083117485046	0.00023169853194068108
68	1836	-35.39875793457031	0.0	0.0	108.96574401855469	-35.59419631958008	929.9041748046875	894.91162109375	0.027951043099164963	0.0002295929306214829
69	1863	-35.46377944946289	0.0	0.0	69.63227081298828	-35.5069465637207	927.3305053710938	891.794677734375	0.019489802420139313	0.0002273915547511721
70	1890	-35.857818603515625	0.0	0.0	56.94977951049805	-35.871665954589844	895.9359741210938	860.7973022460938	0.02575589343905449	0.00022509826629105785
71	1917	-35.828453063964844	0.0	0.0	66.72496795654297	-35.882080078125	915.856201171875	880.0943603515625	0.028602084144949913	0.0002227170884483638
72	1944	-35.49296188354492	0.0	0.0	64.29232788085938	-35.79766082763672	882.1937866210938	846.60791015625	0.017726024612784386	0.0002202521986181557
73	1971	-35.58348846435547	0.0	0.0	112.37604522705078	-35.9234619140625	851.0936889648438	815.0235595703125	0.034586500376462936	0.00021770792105477095
74	1998	-35.550437927246094	0.0	0.0	108.28137969970703	-35.83917999267578	813.162109375	777.2638549804688	0.024360891431570053	0.00021508871928560704
75	2025	-35.936622619628906	0.0	0.0	85.6306381225586	-35.5401611328125	792.0529174804688	755.9615478515625	0.027640145272016525	0.00021239918828057787
76	2052	-35.80107498168945	0.0	0.0	66.86579895019531	-35.85029602050781	776.57470703125	740.731201171875	0.028267066925764084	0.00020964404639097492
77	2079	-35.93292999267578	0.0	0.0	57.27528381347656	-35.8193244934082	757.1751708984375	721.47119140625	0.030178135260939598	0.00020682812707187618
78	2106	-36.18524169921875	0.0	0.0	55.06937789916992	-35.97693634033203	729.6973876953125	693.4105224609375	0.028228696435689926	0.0002039563704026231
79	2133	-36.10400390625	0.0	0.0	81.21695709228516	-35.99174499511719	741.0792846679688	704.3736572265625	0.02156836912035942	0.00020103381442024303
80	2160	-36.03398132324219	0.0	0.0	77.59312438964844	-35.956382751464844	717.5590209960938	681.5777587890625	0.031520865857601166	0.0001980655862810203
81	2187	-35.79246139526367	0.0	0.0	72.34178161621094	-35.653968811035156	736.8973388671875	701.3138427734375	0.02012990042567253	0.00019505689326572176
82	2214	-35.98558807373047	0.0	0.0	114.67562866210938	-35.69703674316406	689.963623046875	653.7587280273438	0.029604878276586533	0.00019201301364425705
83	2241	-36.064266204833984	0.0	0.0	103.74974822998047	-36.18598556518555	703.7372436523438	667.323974609375	0.034093067049980164	0.0001889392874157994
84	2268	-36.04084014892578	0.0	0.0	67.7437515258789	-36.05158615112305	682.6619262695312	646.413330078125	0.03000096045434475	0.00018584110694061274
85	2295	-35.83816146850586	0.0	0.0	84.53018951416016	-36.19758224487305	704.958251953125	668.8878173828125	0.025701625272631645	0.00018272390748001933
86	2322	-35.84834289550781	0.0	0.0	83.72452545166016	-36.14301300048828	709.7648315429688	673.640869140625	0.02659028396010399	0.00017959315766110463
87	2349	-35.66093444824219	0.0	0.0	92.98992919921875	-36.023712158203125	680.2950439453125	644.4886474609375	0.02524934522807598	0.00017645434988288684
88	2376	-36.10552978515625	0.0	0.0	103.64753723144531	-36.270240783691406	642.2838134765625	605.78173828125	0.046560220420360565	0.00017331299068078308
89	2403	-36.13981246948242	0.0	0.0	74.11744689941406	-36.124664306640625	645.9814453125	609.6512451171875	0.043368738144636154	0.00017017459106627485
90	2430	-36.39038848876953	0.0	0.0	66.8231430053711	-36.28659439086914	636.41259765625	600.173828125	0.044707369059324265	0.00016704465685872134
91	2457	-36.079124450683594	0.0	0.0	88.32450103759766	-36.27885055541992	661.33935546875	624.9738159179688	0.03811679035425186	0.0001639286790262814
92	2484	-36.18611145019531	0.0	0.0	73.5678939819336	-36.23777770996094	634.3697509765625	598.2120971679688	0.03611481189727783	0.0001608321240528895
93	2511	-36.12678909301758	0.0	0.0	95.77056884765625	-36.175540924072266	639.5465087890625	602.7904663085938	0.041803523898124695	0.00015776042434818542
94	2538	-36.33165740966797	0.0	0.0	39.97657012939453	-36.29792022705078	654.5283813476562	617.9754028320312	0.041695233434438705	0.00015471896871722181
95	2565	-36.20208740234375	0.0	0.0	132.9473114013672	-36.209163665771484	615.2294921875	578.9768676757812	0.035298317670822144	0.00015171309290666892
96	2592	-36.282745361328125	0.0	0.0	67.86418151855469	-36.340354919433594	630.259765625	593.42626953125	0.05267022177577019	0.00014874807024410196
97	2619	-36.230506896972656	0.0	0.0	63.381507873535156	-36.317501068115234	635.3980102539062	599.0662841796875	0.036302849650382996	0.00014582910238679245
98	2646	-36.40473175048828	0.0	0.0	76.75614929199219	-36.46113586425781	603.4541015625	566.80029296875	0.03880699723958969	0.0001429613101962342
99	2673	-36.51152801513672	0.0	0.0	134.22213745117188	-36.540714263916016	591.778564453125	554.7556762695312	0.04259594529867172	0.00014014972475441165
100	2700	-36.56529235839844	0.0	0.0	69.44965362548828	-36.49485778808594	592.1463623046875	555.0525512695312	0.038527198135852814	0.000137399278537573
101	2727	-35.89208221435547	0.0	0.0	91.61764526367188	-36.02311706542969	604.335693359375	567.7992553710938	0.029556898400187492	0.00013471479676299046
102	2754	-36.441734313964844	0.0	0.0	66.48587799072266	-36.474403381347656	596.4669799804688	559.753173828125	0.05730048567056656	0.00013210098892388962
103	2781	-36.452049255371094	0.0	0.0	123.59648132324219	-36.48120880126953	591.8712768554688	554.9505615234375	0.042781755328178406	0.00012956244052739826
104	2808	-36.4704704284668	0.0	0.0	58.30897521972656	-36.56813049316406	601.0921630859375	564.5153198242188	0.04484070837497711	0.00012710360505000827
105	2835	-36.79038619995117	0.0	0.0	72.12364959716797	-36.7852783203125	568.9837646484375	531.759033203125	0.051524125039577484	0.00012472879612466492
106	2862	-36.43696212768555	0.0	0.0	66.2164306640625	-36.47052764892578	563.9527587890625	526.9755249023438	0.042084112763404846	0.00012244217997318878
107	2889	-36.50728988647461	0.0	0.0	68.02709197998047	-36.6549072265625	569.7350463867188	532.8590698242188	0.05420511215925217	0.00012024776809730691
108	2916	-36.506439208984375	0.0	0.0	55.457672119140625	-36.61791229248047	558.31640625	521.4391479492188	0.0553685799241066	0.00011814941024111579
109	2943	-36.66016387939453	0.0	0.0	104.25210571289062	-36.716121673583984	560.4093627929688	523.40771484375	0.06751564145088196	0.00011615078763732197
110	2970	-36.5695915222168	0.0	0.0	76.65277099609375	-36.706939697265625	564.6940307617188	527.5438232421875	0.04581643268465996	0.000114255406549109
111	2997	-36.60736083984375	0.0	0.0	63.393741607666016	-36.69627380371094	565.064697265625	528.1793212890625	0.07779683917760849	0.00011246659211896043
112	3024	-36.445194244384766	0.0	0.0	79.25115966796875	-36.47410583496094	537.3992919921875	500.2823181152344	0.04042011499404907	0.00011078748253523003
113	3051	-36.57289123535156	0.0	0.0	69.96875	-36.507835388183594	570.27197265625	533.0443115234375	0.042190536856651306	0.00010922102352669286
114	3078	-36.303955078125	0.0	0.0	62.350860595703125	-36.213623046875	589.009521484375	552.31494140625	0.019090548157691956	0.00010776996319473627
115	3105	-35.53150177001953	0.0	0.0	140.59068298339844	-35.64433288574219	574.02197265625	537.8241577148438	0.02144656702876091	0.00010643684719225612
116	3132	-36.28905487060547	0.0	0.0	87.82229614257812	-36.43143844604492	595.017333984375	558.4354858398438	0.05024949461221695	0.00010522401425771664
117	3159	-36.62092590332031	0.0	0.0	75.13372802734375	-36.59899139404297	551.5053100585938	514.4388427734375	0.06459426879882812	0.0001041335921122084
118	3186	-36.7009391784668	0.0	0.0	42.39472961425781	-36.708953857421875	539.8994140625	503.06585693359375	0.05412155017256737	0.00010316749372670254
119	3213	-36.79446029663086	0.0	0.0	108.88765716552734	-36.87777328491211	549.3565063476562	512.2064819335938	0.06860557198524475	0.0001023274139660497
120	3240	-36.66423797607422	0.0	0.0	50.51295852661133	-36.55864715576172	534.6905517578125	497.3435974121094	0.04592735692858696	0.00010161482661561108
121	3267	-36.541011810302734	0.0	0.0	83.03443145751953	-36.64142608642578	548.3165893554688	511.16009521484375	0.04380813241004944	0.00010103098179573815
122	3294	-36.74601745605469	0.0	0.0	81.81260681152344	-36.83045959472656	533.3246459960938	496.09344482421875	0.06648566573858261	0.00010057690376863677
123	3321	-36.620628356933594	0.0	0.0	97.97764587402344	-36.83253479003906	534.544921875	497.39190673828125	0.05422325059771538	0.00010025338914146325
124	3348	-36.663978576660156	0.0	0.0	79.99285125732422	-36.76620101928711	538.3788452148438	501.1890869140625	0.06164214015007019	0.00010006100546880462
125	3375	-36.874656677246094	0.0	0.0	54.67998123168945	-36.8751220703125	533.5462646484375	496.2642822265625	0.05615084618330002	0.00010000009025699517
# Best epoch: 111
