# epoch	step	nll	ecut	ecut_viol	grad_norm	val_nll	val_ecut	val_ecut_viol	val_ress_zx	LR
1	27	-11.585289001464844	0.0	0.0	32.50741195678711	-11.5491943359375	205.2198486328125	194.15255737304688	0.04356097802519798	9.986158796046841e-05
2	54	-11.719160079956055	0.0	0.0	39.0141716003418	-11.687860488891602	200.3137664794922	189.14669799804688	0.02930675446987152	9.944712589814385e-05
3	81	-11.834442138671875	0.0	0.0	58.653839111328125	-11.765600204467773	194.26547241210938	182.9456024169922	0.03869444876909256	9.875893165300026e-05
4	108	-11.71479320526123	0.0	0.0	33.47831726074219	-11.789640426635742	196.75616455078125	185.36026000976562	0.056254297494888306	9.780085388641395e-05
5	135	-11.821552276611328	0.0	0.0	31.617916107177734	-11.792259216308594	188.21426391601562	176.77734375	0.05462290346622467	9.65782505578881e-05
6	162	-11.866827964782715	0.0	0.0	42.11929702758789	-11.89959716796875	183.8602294921875	172.174072265625	0.04107315465807915	9.509795896116972e-05
7	189	-11.871664047241211	0.0	0.0	46.76649856567383	-11.843798637390137	182.1492919921875	170.51902770996094	0.0342995822429657	9.336825748732971e-05
8	216	-11.772563934326172	0.0	0.0	42.356285095214844	-11.661799430847168	192.293701171875	180.8509979248047	0.01942705735564232	9.139881932864174e-05
9	243	-11.604296684265137	0.0	0.0	42.73259353637695	-11.729070663452148	191.50924682617188	180.1132049560547	0.03777608275413513	8.920065838216747e-05
10	270	-11.727521896362305	0.0	0.0	49.05671310424805	-11.791519165039062	189.23031616210938	177.66168212890625	0.03730819746851921	8.678606765557639e-05
11	297	-11.962837219238281	0.0	0.0	31.25640869140625	-11.90101432800293	189.88912963867188	178.27157592773438	0.047411978244781494	8.416855051966051e-05
12	324	-11.983206748962402	0.0	0.0	32.9993896484375	-11.845458984375	185.18704223632812	173.6920166015625	0.051827751100063324	8.136274519200731e-05
13	351	-11.829675674438477	0.0	0.0	97.03515625	-11.674097061157227	184.6761932373047	173.16197204589844	0.04088371992111206	7.83843428741493e-05
14	378	-11.887229919433594	0.0	0.0	35.7130012512207	-12.000887870788574	175.02883911132812	163.3883056640625	0.03258337080478668	7.525000000000001e-05
15	405	-12.126215934753418	0.0	0.0	101.52290344238281	-12.147425651550293	166.50625610351562	154.78427124023438	0.058934085071086884	7.197724508631914e-05
16	432	-12.187568664550781	0.0	0.0	30.18404197692871	-12.216917037963867	165.27352905273438	153.44186401367188	0.062466494739055634	6.858438070613657e-05
17	459	-12.13431167602539	0.0	0.0	43.161441802978516	-12.156776428222656	163.771728515625	151.9129638671875	0.05904453247785568	6.509038113333976e-05
18	486	-12.181549072265625	0.0	0.0	27.26088523864746	-12.11704158782959	163.7722625732422	151.9765625	0.07810132205486298	6.151478623083758e-05
19	513	-12.321359634399414	0.0	0.0	95.622802734375	-12.241674423217773	157.84744262695312	145.96951293945312	0.07867324352264404	5.787759217572066e-05
20	540	-12.17662239074707	0.0	0.0	53.4022102355957	-12.195968627929688	164.40457153320312	152.57266235351562	0.040315717458724976	5.419913963252802e-05
21	567	-12.325902938842773	0.0	0.0	41.20884323120117	-12.23884105682373	167.0636444091797	155.28176879882812	0.0380600206553936	5.0500000000000015e-05
22	594	-12.230788230895996	0.0	0.0	36.37398147583008	-12.244952201843262	156.88177490234375	144.9583740234375	0.054112836718559265	4.680086036747202e-05
23	621	-12.33032512664795	0.0	0.0	41.01072692871094	-12.287866592407227	151.88400268554688	139.89266967773438	0.05478305742144585	4.3122407824279384e-05
24	648	-12.17935562133789	0.0	0.0	109.27790069580078	-12.162384033203125	158.94223022460938	147.13975524902344	0.04745939373970032	3.948521376916245e-05
25	675	-12.31611442565918	0.0	0.0	41.35261917114258	-12.253767967224121	153.87779235839844	141.99754333496094	0.051578275859355927	3.590961886666025e-05
26	702	-12.323043823242188	0.0	0.0	36.71405029296875	-12.342412948608398	148.21029663085938	136.22906494140625	0.04674748331308365	3.241561929386345e-05
27	729	-12.394317626953125	0.0	0.0	31.272502899169922	-12.375411033630371	150.37168884277344	138.3408203125	0.029780512675642967	2.9022754913680884e-05
28	756	-12.485904693603516	0.0	0.0	47.86888122558594	-12.393257141113281	146.82212829589844	134.74118041992188	0.0655006468296051	2.575000000000002e-05
29	783	-12.453124046325684	0.0	0.0	274.3653564453125	-12.404624938964844	143.98355102539062	131.94415283203125	0.060811854898929596	2.2615657125850715e-05
30	810	-12.473121643066406	0.0	0.0	151.4417266845703	-12.454345703125	146.92926025390625	134.80931091308594	0.05884387716650963	1.9637254807992697e-05
31	837	-12.52353286743164	0.0	0.0	26.829727172851562	-12.53632640838623	139.7695770263672	127.68560791015625	0.06088307499885559	1.68314494803395e-05
32	864	-12.445365905761719	0.0	0.0	32.59659194946289	-12.531627655029297	139.02767944335938	126.90645599365234	0.08894555270671844	1.4213932344423597e-05
33	891	-12.563323020935059	0.0	0.0	93.29051208496094	-12.556036949157715	137.8803253173828	125.7463607788086	0.07859871536493301	1.1799341617832526e-05
34	918	-12.665233612060547	0.0	0.0	47.694549560546875	-12.558772087097168	137.51370239257812	125.34899139404297	0.05588272213935852	9.601180671358249e-06
35	945	-12.61225414276123	0.0	0.0	28.37312126159668	-12.583778381347656	139.47702026367188	127.30077362060547	0.0695888102054596	7.631742512670296e-06
36	972	-12.624174118041992	0.0	0.0	23.375083923339844	-12.592735290527344	137.8472442626953	125.64042663574219	0.07224943488836288	5.902041038830259e-06
37	999	-12.573309898376465	0.0	0.0	97.81938934326172	-12.618331909179688	135.79476928710938	123.54048919677734	0.06811579316854477	4.421749442111885e-06
38	1026	-12.606290817260742	0.0	0.0	57.48078918457031	-12.638548851013184	134.7109832763672	122.4642562866211	0.0639340728521347	3.199146113586043e-06
39	1053	-12.641155242919922	0.0	0.0	25.469810485839844	-12.642356872558594	135.45089721679688	123.23271179199219	0.07074594497680664	2.2410683469997316e-06
40	1080	-12.639323234558105	0.0	0.0	29.866132736206055	-12.654444694519043	136.297607421875	124.05501556396484	0.08198684453964233	1.5528741018561385e-06
41	1107	-12.61199951171875	0.0	0.0	39.029449462890625	-12.654470443725586	135.03744506835938	122.76963806152344	0.0885424017906189	1.1384120395315836e-06
42	1134	-12.673056602478027	0.0	0.0	91.65287017822266	-12.647048950195312	135.00039672851562	122.761962890625	0.07260096073150635	1e-06
# Best epoch: 32
