# Generation 22

0 0.0022
1 0.0026
2 0.00725
3 0.00795
4 0.01
5 0.0126
6 0.0162
7 0.01785
8 0.0191
9 0.02085
10 0.024
11 0.0263
12 0.032
13 0.03565
14 0.0405
15 0.04275
16 0.0461
17 0.05095
18 0.0574
19 0.05855
20 0.0661
21 0.06835
22 0.07115
23 0.0763
24 0.0778
25 0.07815
26 0.0812
27 0.08305
28 0.0845
29 0.08795
30 0.09045
31 0.09645
32 0.10165
33 0.10595
34 0.10845
35 0.11225
36 0.11385
37 0.1148
38 0.12145
39 0.12285
40 0.124
41 0.1269
42 0.1302
43 0.13445
44 0.13555
45 0.13775
46 0.13875
47 0.1408
48 0.1422
49 0.14555
50 0.1474
51 0.1492
52 0.1522
53 0.158
54 0.1632
55 0.1663
56 0.1701
57 0.1715
58 0.17285
59 0.17385
60 0.1771
61 0.1783
62 0.1815
63 0.1847
64 0.18695
65 0.18885
66 0.1906
67 0.1935
68 0.1953
69 0.1965
70 0.20015
71 0.2011
72 0.2026
73 0.20525
74 0.2073
75 0.20915
76 0.2093
77 0.21175
78 0.21525
79 0.2209
80 0.2242
81 0.2283
82 0.23285
83 0.2351
84 0.2389
85 0.24025
86 0.24175
87 0.24445
88 0.24765
89 0.25125
90 0.25425
91 0.25585
92 0.2564
93 0.2604
94 0.2629
95 0.26495
96 0.2653
97 0.2669
98 0.2688
99 0.26965
100 0.27175
101 0.2755
102 0.2788
103 0.28105
104 0.28305
105 0.28385
106 0.28645
107 0.2887
108 0.29235
109 0.2938
110 0.2955
111 0.297
112 0.30135
113 0.3035
114 0.30565
115 0.3068
116 0.30965
117 0.31065
118 0.31225
119 0.3172
120 0.31775
121 0.3208
122 0.322
123 0.32365
124 0.3283
125 0.3301
126 0.33135
127 0.33355
128 0.33395
129 0.33415
130 0.3349
131 0.3361
132 0.33905
133 0.34195
134 0.34455
135 0.3481
136 0.35195
137 0.3524
138 0.3548
139 0.35735
140 0.3589
141 0.3636
142 0.36405
143 0.36555
144 0.3664
145 0.3692
146 0.37275
147 0.3741
148 0.37555
149 0.37785
150 0.38015
151 0.38365
152 0.38435
153 0.38915
154 0.39115
155 0.3939
156 0.39615
157 0.3975
158 0.3993
159 0.39985
160 0.4027
161 0.4037
162 0.406
163 0.40945
164 0.4125
165 0.41695
166 0.41875
167 0.4205
168 0.42415
169 0.42555
170 0.4257
171 0.42585
172 0.42895
173 0.43145
174 0.43285
175 0.43805
176 0.44025
177 0.443
178 0.44465
179 0.44545
180 0.4484
181 0.45205
182 0.4532
183 0.45505
184 0.4599
185 0.46395
186 0.4658
187 0.46625
188 0.4674
189 0.46905
190 0.4726
191 0.4765
192 0.481
193 0.48375
194 0.4877
195 0.4888
196 0.49065
197 0.49315
198 0.4943
199 0.49505
200 0.4974
201 0.50135
202 0.5053
203 0.50635
204 0.5082
205 0.51305
206 0.5142
207 0.51845
208 0.5191
209 0.5232
210 0.5243
211 0.5252
212 0.5293
213 0.5322
214 0.53525
215 0.537
216 0.5372
217 0.54005
218 0.54075
219 0.54245
220 0.5456
221 0.54935
222 0.5508
223 0.5547
224 0.5556
225 0.55695
226 0.56305
227 0.56455
228 0.5671
229 0.56975
230 0.5719
231 0.57485
232 0.57875
233 0.58325
234 0.5867
235 0.5884
236 0.59025
237 0.5914
238 0.5938
239 0.59615
240 0.59655
241 0.59885
242 0.60005
243 0.60265
244 0.6045
245 0.6101
246 0.61135
247 0.6153
248 0.618
249 0.61895
250 0.621
251 0.62435
252 0.62915
253 0.6296
254 0.6336
255 0.63625
256 0.63985
257 0.64095
258 0.6426
259 0.64445
260 0.64585
261 0.64905
262 0.65345
263 0.6559
264 0.6594
265 0.663
266 0.6639
267 0.6675
268 0.6708
269 0.67145
270 0.6751
271 0.6762
272 0.6828
273 0.6859
274 0.6874
275 0.68875
276 0.69095
277 0.69495
278 0.69575
279 0.6981
280 0.70085
281 0.70365
282 0.7088
283 0.71165
284 0.71515
285 0.71565
286 0.71755
287 0.72005
288 0.72215
289 0.7243
290 0.72805
291 0.7312
292 0.73385
293 0.7345
294 0.73575
295 0.74015
296 0.7429
297 0.7447
298 0.7472
299 0.74985
300 0.75275
301 0.75335
302 0.756
303 0.75695
304 0.759
305 0.7619
306 0.7633
307 0.76675
308 0.7685
309 0.76935
310 0.7733
311 0.77695
312 0.7801
313 0.7838
314 0.78915
315 0.7922
316 0.7937
317 0.79555
318 0.79755
319 0.80285
320 0.8045
321 0.8094
322 0.8128
323 0.8141
324 0.81745
325 0.8187
326 0.81925
327 0.82375
328 0.8259
329 0.8272
330 0.8298
331 0.83505
332 0.8382
333 0.8397
334 0.8468
335 0.84995
336 0.85175
337 0.8546
338 0.8572
339 0.8597
340 0.8641
341 0.86755
342 0.8678
343 0.87035
344 0.87215
345 0.8747
346 0.8787
347 0.88265
348 0.88415
349 0.8853
350 0.8871
351 0.8907
352 0.89225
353 0.8937
354 0.8979
355 0.90235
356 0.90315
357 0.90705
358 0.90845
359 0.91465
360 0.9184
361 0.92435
362 0.9294
363 0.9318
364 0.93585
365 0.9369
366 0.94155
367 0.94825
368 0.9488
369 0.95115
370 0.95195
371 0.95555
372 0.9579
373 0.95935
374 0.9611
375 0.9645
376 0.9697
377 0.97265
378 0.97545
379 0.97695
380 0.98205
381 0.98385
382 0.98515
383 0.9881
384 0.9934
385 0.9965
386 1.00165
# Generated pool n. 22 for Umax = -1.4334311485290527
# Generated a biased pool of 20000 with an acceptance of 0.21711041033267975
# Generated a pool of 20000 with an acceptance of 0.002588242894056847
# Generation repeated 387 times
# Average relative effective sample size: 0.0262654609978199
# Generation efficiency: 0.002583979328165375
