# Generation 44

0 0.00885
1 0.02085
2 0.04135
3 0.0536
4 0.0628
5 0.06725
6 0.07585
7 0.08705
8 0.0991
9 0.10485
10 0.111
11 0.11725
12 0.12335
13 0.1355
14 0.1518
15 0.16095
16 0.16935
17 0.1751
18 0.1856
19 0.19845
20 0.21395
21 0.22955
22 0.2396
23 0.25655
24 0.2651
25 0.27995
26 0.29725
27 0.30035
28 0.31465
29 0.32975
30 0.3432
31 0.3584
32 0.37155
33 0.3757
34 0.39295
35 0.41075
36 0.4176
37 0.4252
38 0.438
39 0.44835
40 0.45535
41 0.4623
42 0.4689
43 0.4739
44 0.47855
45 0.48235
46 0.492
47 0.50235
48 0.51765
49 0.5325
50 0.5415
51 0.54395
52 0.5492
53 0.5698
54 0.5856
55 0.6011
56 0.6038
57 0.62465
58 0.6328
59 0.64755
60 0.65565
61 0.6612
62 0.6671
63 0.6757
64 0.6863
65 0.691
66 0.7033
67 0.71175
68 0.7172
69 0.73165
70 0.74265
71 0.75845
72 0.76655
73 0.77675
74 0.7789
75 0.7902
76 0.80765
77 0.81445
78 0.82055
79 0.831
80 0.84645
81 0.8533
82 0.86045
83 0.8767
84 0.8931
85 0.90835
86 0.92385
87 0.9325
88 0.93535
89 0.9515
90 0.9566
91 0.9686
92 0.98195
93 0.9936
94 0.99415
95 0.9997
96 1.00985
# Generated pool n. 44 for Umax = -16.273271560668945
# Generated a biased pool of 20000 with an acceptance of 0.5548282265663147
# Generated a pool of 20000 with an acceptance of 0.010410824742268043
# Generation repeated 97 times
# Average relative effective sample size: 0.17443327605724335
# Generation efficiency: 0.010309278350515464
