# Generation 28

0 0.00775
1 0.01205
2 0.01425
3 0.0234
4 0.02755
5 0.0311
6 0.03205
7 0.0425
8 0.04725
9 0.0494
10 0.05095
11 0.0526
12 0.05685
13 0.06015
14 0.06555
15 0.071
16 0.0789
17 0.0865
18 0.0943
19 0.09775
20 0.1014
21 0.10625
22 0.10785
23 0.11685
24 0.1241
25 0.12985
26 0.1339
27 0.13545
28 0.13945
29 0.14165
30 0.14485
31 0.14895
32 0.1503
33 0.15515
34 0.16065
35 0.16895
36 0.17235
37 0.1748
38 0.17685
39 0.17905
40 0.18425
41 0.19155
42 0.2011
43 0.20515
44 0.20875
45 0.2094
46 0.2107
47 0.21195
48 0.2167
49 0.2212
50 0.2248
51 0.22555
52 0.23145
53 0.23505
54 0.2397
55 0.2456
56 0.25205
57 0.2542
58 0.2556
59 0.25805
60 0.2622
61 0.2695
62 0.27575
63 0.2789
64 0.2829
65 0.28475
66 0.28765
67 0.29355
68 0.2963
69 0.3021
70 0.30325
71 0.30735
72 0.30905
73 0.31085
74 0.3151
75 0.31685
76 0.3264
77 0.33055
78 0.33335
79 0.3389
80 0.3422
81 0.346
82 0.3494
83 0.35045
84 0.35495
85 0.3565
86 0.3601
87 0.36625
88 0.3711
89 0.3776
90 0.3847
91 0.3944
92 0.39825
93 0.40335
94 0.40405
95 0.41285
96 0.41475
97 0.4177
98 0.41995
99 0.4248
100 0.4305
101 0.436
102 0.4409
103 0.4459
104 0.4483
105 0.45315
106 0.4563
107 0.4601
108 0.4614
109 0.4625
110 0.468
111 0.47045
112 0.4782
113 0.47935
114 0.4808
115 0.48525
116 0.48615
117 0.4914
118 0.4942
119 0.5029
120 0.5084
121 0.5156
122 0.5193
123 0.5226
124 0.52705
125 0.53005
126 0.5328
127 0.5367
128 0.54725
129 0.55355
130 0.5637
131 0.56935
132 0.57555
133 0.5832
134 0.58905
135 0.5941
136 0.60085
137 0.6102
138 0.6156
139 0.6188
140 0.62345
141 0.6274
142 0.6298
143 0.6332
144 0.6404
145 0.64645
146 0.6489
147 0.64985
148 0.652
149 0.6561
150 0.65825
151 0.66875
152 0.67235
153 0.67485
154 0.67675
155 0.683
156 0.68865
157 0.69165
158 0.6982
159 0.70745
160 0.71275
161 0.7196
162 0.72395
163 0.7283
164 0.7309
165 0.73385
166 0.7373
167 0.74295
168 0.74795
169 0.7556
170 0.7632
171 0.76825
172 0.7749
173 0.7796
174 0.7822
175 0.78445
176 0.7875
177 0.79385
178 0.798
179 0.80035
180 0.80615
181 0.81155
182 0.817
183 0.8207
184 0.8246
185 0.82725
186 0.834
187 0.83615
188 0.838
189 0.83935
190 0.8417
191 0.84815
192 0.85305
193 0.8583
194 0.86045
195 0.86685
196 0.8684
197 0.8743
198 0.875
199 0.88225
200 0.8868
201 0.892
202 0.8959
203 0.9018
204 0.9072
205 0.90955
206 0.917
207 0.92015
208 0.92375
209 0.92525
210 0.93295
211 0.93635
212 0.93935
213 0.9413
214 0.95305
215 0.95815
216 0.96185
217 0.9636
218 0.9704
219 0.975
220 0.9804
221 0.98275
222 0.98485
223 0.99105
224 0.9935
225 0.9946
226 0.9985
227 1.00365
# Generated pool n. 28 for Umax = -10.807609558105469
# Generated a biased pool of 20000 with an acceptance of 0.34457746148109436
# Generated a pool of 20000 with an acceptance of 0.004401973684210525
# Generation repeated 228 times
# Average relative effective sample size: 0.05636359378695488
# Generation efficiency: 0.0043859649122807015
