# Generation 3

0 0.00395
1 0.0164
2 0.0233
3 0.02845
4 0.03755
5 0.04425
6 0.04845
7 0.05555
8 0.062
9 0.0695
10 0.07475
11 0.0795
12 0.08635
13 0.0951
14 0.10215
15 0.1074
16 0.1143
17 0.12235
18 0.13215
19 0.1382
20 0.14725
21 0.15515
22 0.16555
23 0.17345
24 0.1777
25 0.1866
26 0.18965
27 0.1932
28 0.20265
29 0.21235
30 0.2197
31 0.22465
32 0.2312
33 0.2411
34 0.2519
35 0.25495
36 0.26095
37 0.26675
38 0.2727
39 0.2784
40 0.2822
41 0.2871
42 0.29725
43 0.30145
44 0.3093
45 0.3182
46 0.3225
47 0.32735
48 0.33315
49 0.33855
50 0.34795
51 0.35535
52 0.36285
53 0.36785
54 0.37685
55 0.3867
56 0.39465
57 0.4005
58 0.4067
59 0.4149
60 0.4199
61 0.42415
62 0.42975
63 0.44175
64 0.45025
65 0.45775
66 0.4619
67 0.4712
68 0.47625
69 0.4824
70 0.48905
71 0.4975
72 0.50485
73 0.51015
74 0.51745
75 0.5251
76 0.5307
77 0.5381
78 0.54215
79 0.5465
80 0.553
81 0.56365
82 0.56795
83 0.57565
84 0.5833
85 0.5887
86 0.5994
87 0.6068
88 0.61905
89 0.6271
90 0.6343
91 0.6404
92 0.64755
93 0.65775
94 0.6636
95 0.6724
96 0.67785
97 0.68445
98 0.6888
99 0.6965
100 0.70315
101 0.70915
102 0.7182
103 0.72675
104 0.7322
105 0.73685
106 0.7415
107 0.74895
108 0.75315
109 0.75815
110 0.7609
111 0.76975
112 0.77775
113 0.787
114 0.7937
115 0.7982
116 0.8022
117 0.80645
118 0.81175
119 0.82085
120 0.82685
121 0.83715
122 0.8397
123 0.8454
124 0.8512
125 0.8576
126 0.8615
127 0.86715
128 0.8706
129 0.8775
130 0.8854
131 0.89145
132 0.89755
133 0.90585
134 0.9141
135 0.9226
136 0.9321
137 0.9381
138 0.9437
139 0.9521
140 0.96355
141 0.97085
142 0.9743
143 0.9829
144 0.98645
145 0.9964
146 1.00475
# Generated pool n. 3 for Umax = 878.4251098632812
# Generated a biased pool of 20000 with an acceptance of 0.09208262711763382
# Generated a pool of 20000 with an acceptance of 0.0068350340136054425
# Generation repeated 147 times
# Average relative effective sample size: 0.04624777287244797
# Generation efficiency: 0.006802721088435374
