# Generation 11

0 0.0008
1 0.0014
2 0.002
3 0.00355
4 0.00375
5 0.00435
6 0.0053
7 0.0059
8 0.0068
9 0.007
10 0.00835
11 0.0086
12 0.00885
13 0.00935
14 0.00975
15 0.0111
16 0.01185
17 0.0128
18 0.0136
19 0.01415
20 0.0145
21 0.01535
22 0.01605
23 0.01615
24 0.0168
25 0.0176
26 0.0188
27 0.0204
28 0.02145
29 0.02175
30 0.0223
31 0.0229
32 0.02345
33 0.0238
34 0.02385
35 0.025
36 0.02535
37 0.0275
38 0.02885
39 0.0291
40 0.02955
41 0.0305
42 0.0309
43 0.03095
44 0.03175
45 0.03225
46 0.03295
47 0.03375
48 0.0345
49 0.0355
50 0.03605
51 0.0374
52 0.03785
53 0.03835
54 0.0389
55 0.0396
56 0.04155
57 0.04185
58 0.0427
59 0.04315
60 0.0446
61 0.04525
62 0.04645
63 0.0473
64 0.048
65 0.04885
66 0.04995
67 0.05005
68 0.05075
69 0.0518
70 0.0525
71 0.05365
72 0.0538
73 0.05415
74 0.05465
75 0.05575
76 0.0567
77 0.0577
78 0.0583
79 0.0596
80 0.05975
81 0.06005
82 0.0604
83 0.0608
84 0.0615
85 0.0625
86 0.0635
87 0.06385
88 0.0648
89 0.06555
90 0.06585
91 0.06705
92 0.06745
93 0.0686
94 0.06955
95 0.07065
96 0.0712
97 0.07235
98 0.07345
99 0.07395
100 0.0751
101 0.0758
102 0.0766
103 0.07705
104 0.0773
105 0.0779
106 0.0787
107 0.07915
108 0.07965
109 0.0803
110 0.08055
111 0.08085
112 0.0816
113 0.0822
114 0.08285
115 0.08385
116 0.0847
117 0.0848
118 0.0853
119 0.08675
120 0.08735
121 0.08815
122 0.08935
123 0.09075
124 0.09095
125 0.0921
126 0.0928
127 0.0931
128 0.09345
129 0.09355
130 0.0948
131 0.09545
132 0.0956
133 0.0961
134 0.0963
135 0.0973
136 0.0976
137 0.09795
138 0.09865
139 0.09955
140 0.1
141 0.1011
142 0.10215
143 0.10255
144 0.10375
145 0.10405
146 0.10505
147 0.10595
148 0.1061
149 0.107
150 0.1078
151 0.1092
152 0.1096
153 0.11015
154 0.1104
155 0.11065
156 0.1111
157 0.11165
158 0.11255
159 0.11325
160 0.1142
161 0.1147
162 0.11505
163 0.1156
164 0.1158
165 0.1161
166 0.11675
167 0.11685
168 0.1171
169 0.1176
170 0.1181
171 0.11945
172 0.12045
173 0.1208
174 0.12085
175 0.12115
176 0.1216
177 0.1223
178 0.1229
179 0.124
180 0.12585
181 0.12625
182 0.12685
183 0.12715
184 0.12745
185 0.12885
186 0.1292
187 0.12975
188 0.13015
189 0.13065
190 0.13165
191 0.1323
192 0.13255
193 0.13355
194 0.1338
195 0.13455
196 0.136
197 0.1362
198 0.1369
199 0.13725
200 0.1378
201 0.138
202 0.1387
203 0.13975
204 0.1402
205 0.14095
206 0.1415
207 0.1423
208 0.14265
209 0.143
210 0.14345
211 0.14375
212 0.14425
213 0.14455
214 0.14555
215 0.14665
216 0.14735
217 0.14855
218 0.14915
219 0.1495
220 0.15005
221 0.1514
222 0.15195
223 0.15255
224 0.15275
225 0.15285
226 0.15375
227 0.1544
228 0.1548
229 0.1553
230 0.15645
231 0.1567
232 0.1568
233 0.1572
234 0.15735
235 0.15795
236 0.15915
237 0.15965
238 0.15995
239 0.16005
240 0.1613
241 0.16165
242 0.16225
243 0.16345
244 0.1641
245 0.1644
246 0.16475
247 0.16535
248 0.16595
249 0.1662
250 0.16645
251 0.16675
252 0.16755
253 0.16785
254 0.1683
255 0.16905
256 0.1706
257 0.1715
258 0.1719
259 0.1727
260 0.17295
261 0.1734
262 0.1735
263 0.17375
264 0.17535
265 0.17655
266 0.1771
267 0.178
268 0.17905
269 0.17985
270 0.1812
271 0.1817
272 0.182
273 0.18265
274 0.1829
275 0.18305
276 0.1832
277 0.1838
278 0.18445
279 0.18535
280 0.18565
281 0.18635
282 0.18655
283 0.187
284 0.18755
285 0.188
286 0.1887
287 0.189
288 0.18925
289 0.18995
290 0.191
291 0.1923
292 0.19365
293 0.19405
294 0.19455
295 0.1951
296 0.1961
297 0.19675
298 0.19705
299 0.19805
300 0.19865
301 0.1993
302 0.20025
303 0.20055
304 0.202
305 0.20325
306 0.20365
307 0.2044
308 0.205
309 0.2052
310 0.2061
311 0.20635
312 0.2065
313 0.20735
314 0.20825
315 0.21005
316 0.21055
317 0.21105
318 0.2116
319 0.2121
320 0.2126
321 0.21435
322 0.21525
323 0.21575
324 0.2174
325 0.2184
326 0.21935
327 0.21975
328 0.2208
329 0.2214
330 0.22275
331 0.22375
332 0.22445
333 0.225
334 0.22545
335 0.22645
336 0.2275
337 0.2279
338 0.22925
339 0.22965
340 0.23045
341 0.23225
342 0.23375
343 0.2346
344 0.2349
345 0.2359
346 0.2364
347 0.23725
348 0.2379
349 0.23815
350 0.2389
351 0.2401
352 0.24055
353 0.2422
354 0.24265
355 0.24305
356 0.2436
357 0.2442
358 0.2449
359 0.24535
360 0.246
361 0.24675
362 0.2475
363 0.24785
364 0.2484
365 0.24875
366 0.24935
367 0.25055
368 0.2512
369 0.25255
370 0.253
371 0.2547
372 0.25555
373 0.25605
374 0.25655
375 0.2572
376 0.25765
377 0.2577
378 0.25835
379 0.2591
380 0.2594
381 0.25995
382 0.2607
383 0.2613
384 0.26185
385 0.2625
386 0.2632
387 0.26375
388 0.26405
389 0.2643
390 0.26485
391 0.26535
392 0.26615
393 0.2671
394 0.26795
395 0.2684
396 0.26845
397 0.2697
398 0.2702
399 0.27055
400 0.27205
401 0.27305
402 0.274
403 0.27475
404 0.2756
405 0.2764
406 0.27775
407 0.2787
408 0.27905
409 0.2797
410 0.2801
411 0.2802
412 0.2813
413 0.2821
414 0.28245
415 0.2836
416 0.2844
417 0.2851
418 0.2866
419 0.28715
420 0.2875
421 0.2883
422 0.2891
423 0.28985
424 0.29025
425 0.2906
426 0.29095
427 0.2911
428 0.29195
429 0.2925
430 0.29305
431 0.2937
432 0.2938
433 0.2944
434 0.2952
435 0.2953
436 0.2956
437 0.2968
438 0.2971
439 0.29805
440 0.29875
441 0.299
442 0.29965
443 0.3005
444 0.30155
445 0.30225
446 0.3027
447 0.30335
448 0.30385
449 0.30475
450 0.3057
451 0.30595
452 0.3073
453 0.3079
454 0.30845
455 0.30935
456 0.3102
457 0.31025
458 0.31135
459 0.3121
460 0.3127
461 0.3137
462 0.314
463 0.3151
464 0.31535
465 0.31565
466 0.31635
467 0.31735
468 0.3176
469 0.31855
470 0.31905
471 0.31945
472 0.31955
473 0.32025
474 0.3207
475 0.3211
476 0.32155
477 0.32175
478 0.32195
479 0.32355
480 0.32385
481 0.3247
482 0.32545
483 0.3257
484 0.32705
485 0.3275
486 0.32825
487 0.3296
488 0.33015
489 0.3314
490 0.3317
491 0.33195
492 0.33285
493 0.33425
494 0.3353
495 0.33575
496 0.33635
497 0.3365
498 0.3367
499 0.3372
500 0.3377
501 0.33775
502 0.3387
503 0.33885
504 0.3395
505 0.3406
506 0.34195
507 0.34245
508 0.3425
509 0.34325
510 0.34455
511 0.34555
512 0.3474
513 0.3481
514 0.3484
515 0.34995
516 0.3501
517 0.351
518 0.35235
519 0.3528
520 0.35335
521 0.35435
522 0.35505
523 0.35555
524 0.35645
525 0.35675
526 0.3571
527 0.35755
528 0.35835
529 0.35865
530 0.35885
531 0.3591
532 0.3605
533 0.3611
534 0.36155
535 0.3622
536 0.3628
537 0.36335
538 0.36425
539 0.365
540 0.3656
541 0.3666
542 0.36775
543 0.3683
544 0.3689
545 0.3694
546 0.36995
547 0.37105
548 0.3713
549 0.37185
550 0.3721
551 0.3729
552 0.3732
553 0.37415
554 0.3745
555 0.3749
556 0.37535
557 0.3759
558 0.3767
559 0.37715
560 0.3777
561 0.37855
562 0.37995
563 0.38085
564 0.3811
565 0.38185
566 0.3835
567 0.3845
568 0.3859
569 0.3867
570 0.3884
571 0.38935
572 0.39005
573 0.39075
574 0.39085
575 0.39195
576 0.39245
577 0.3927
578 0.3929
579 0.3939
580 0.39435
581 0.39525
582 0.39605
583 0.3983
584 0.3991
585 0.39945
586 0.39975
587 0.40115
588 0.4018
589 0.40255
590 0.40285
591 0.4032
592 0.4043
593 0.40495
594 0.4055
595 0.4061
596 0.40645
597 0.4067
598 0.40745
599 0.4079
600 0.40835
601 0.4097
602 0.41105
603 0.4117
604 0.41225
605 0.41275
606 0.4132
607 0.414
608 0.4149
609 0.4154
610 0.41675
611 0.41775
612 0.41855
613 0.41885
614 0.4198
615 0.42015
616 0.42095
617 0.4212
618 0.42255
619 0.423
620 0.424
621 0.4248
622 0.42535
623 0.4257
624 0.42595
625 0.42625
626 0.4267
627 0.42695
628 0.4275
629 0.4281
630 0.4283
631 0.42905
632 0.4294
633 0.4297
634 0.4304
635 0.43055
636 0.43125
637 0.43195
638 0.43255
639 0.43315
640 0.4345
641 0.43495
642 0.43505
643 0.43575
644 0.43645
645 0.4375
646 0.4381
647 0.4384
648 0.4396
649 0.44
650 0.44075
651 0.4417
652 0.4423
653 0.44275
654 0.44345
655 0.44445
656 0.4446
657 0.4458
658 0.4461
659 0.44665
660 0.4471
661 0.4476
662 0.449
663 0.4493
664 0.45035
665 0.4508
666 0.45165
667 0.45225
668 0.45255
669 0.45415
670 0.45455
671 0.45515
672 0.4558
673 0.45675
674 0.45705
675 0.45795
676 0.45835
677 0.4588
678 0.4598
679 0.46005
680 0.46115
681 0.4617
682 0.46205
683 0.4631
684 0.4632
685 0.46395
686 0.4642
687 0.46515
688 0.46555
689 0.466
690 0.4671
691 0.4677
692 0.4684
693 0.46915
694 0.46945
695 0.4706
696 0.4714
697 0.4723
698 0.47355
699 0.4741
700 0.4746
701 0.47545
702 0.47585
703 0.4763
704 0.47665
705 0.4773
706 0.47845
707 0.47935
708 0.48045
709 0.48115
710 0.48165
711 0.482
712 0.4828
713 0.48315
714 0.4837
715 0.48475
716 0.48525
717 0.48565
718 0.48625
719 0.48755
720 0.4882
721 0.48955
722 0.49005
723 0.4905
724 0.49115
725 0.49165
726 0.49245
727 0.49315
728 0.49375
729 0.49405
730 0.49465
731 0.4955
732 0.4967
733 0.4984
734 0.4996
735 0.4998
736 0.5004
737 0.5007
738 0.50245
739 0.5031
740 0.50425
741 0.5044
742 0.50505
743 0.50585
744 0.50615
745 0.50665
746 0.50745
747 0.50785
748 0.50885
749 0.50975
750 0.51025
751 0.5106
752 0.5116
753 0.51195
754 0.5126
755 0.513
756 0.514
757 0.51445
758 0.51475
759 0.5153
760 0.5161
761 0.51695
762 0.51815
763 0.51875
764 0.5188
765 0.5196
766 0.5198
767 0.52055
768 0.52155
769 0.5227
770 0.52345
771 0.52415
772 0.52525
773 0.5262
774 0.5265
775 0.52735
776 0.5278
777 0.5285
778 0.5291
779 0.52925
780 0.52945
781 0.5298
782 0.53035
783 0.53145
784 0.53235
785 0.5327
786 0.5332
787 0.53425
788 0.5349
789 0.5359
790 0.5372
791 0.5378
792 0.5396
793 0.54045
794 0.5417
795 0.54195
796 0.5421
797 0.5426
798 0.5435
799 0.54385
800 0.54445
801 0.54465
802 0.5448
803 0.5456
804 0.54605
805 0.5468
806 0.5479
807 0.54805
808 0.54885
809 0.54975
810 0.55055
811 0.5509
812 0.5511
813 0.5515
814 0.55285
815 0.5537
816 0.55415
817 0.5552
818 0.5558
819 0.5565
820 0.55705
821 0.5581
822 0.55865
823 0.55895
824 0.5593
825 0.55955
826 0.56025
827 0.56165
828 0.56205
829 0.5623
830 0.5626
831 0.5628
832 0.56335
833 0.5643
834 0.5645
835 0.56525
836 0.56645
837 0.56685
838 0.56805
839 0.5682
840 0.569
841 0.56925
842 0.5697
843 0.5701
844 0.57115
845 0.5719
846 0.5721
847 0.5727
848 0.57365
849 0.5737
850 0.57435
851 0.5744
852 0.5749
853 0.57565
854 0.5764
855 0.577
856 0.5778
857 0.57905
858 0.5795
859 0.58005
860 0.5804
861 0.5813
862 0.58215
863 0.5825
864 0.58295
865 0.58395
866 0.58425
867 0.5849
868 0.58575
869 0.58715
870 0.58765
871 0.5882
872 0.58855
873 0.58945
874 0.58985
875 0.59055
876 0.5906
877 0.59155
878 0.5927
879 0.59365
880 0.5941
881 0.59475
882 0.5951
883 0.5958
884 0.59605
885 0.59685
886 0.5975
887 0.59845
888 0.6002
889 0.60035
890 0.6009
891 0.6016
892 0.6018
893 0.60195
894 0.602
895 0.6027
896 0.60325
897 0.60375
898 0.6052
899 0.60605
900 0.6064
901 0.6067
902 0.60685
903 0.60845
904 0.6089
905 0.60975
906 0.61095
907 0.61145
908 0.61215
909 0.61315
910 0.61345
911 0.6139
912 0.61465
913 0.6157
914 0.6159
915 0.6168
916 0.6174
917 0.6182
918 0.61855
919 0.61885
920 0.62
921 0.62135
922 0.62185
923 0.6223
924 0.62295
925 0.6233
926 0.6245
927 0.6254
928 0.62565
929 0.6261
930 0.6265
931 0.62805
932 0.6288
933 0.63005
934 0.63085
935 0.6317
936 0.6323
937 0.63275
938 0.63405
939 0.635
940 0.63525
941 0.63605
942 0.6367
943 0.63755
944 0.63775
945 0.6387
946 0.63875
947 0.6399
948 0.64015
949 0.64085
950 0.6414
951 0.6421
952 0.64255
953 0.64285
954 0.64345
955 0.6441
956 0.64425
957 0.64505
958 0.6452
959 0.6463
960 0.64665
961 0.6469
962 0.64725
963 0.6475
964 0.6479
965 0.6483
966 0.64885
967 0.64915
968 0.64975
969 0.6505
970 0.6509
971 0.65115
972 0.65175
973 0.6525
974 0.65335
975 0.65385
976 0.6545
977 0.6555
978 0.6559
979 0.6564
980 0.65665
981 0.65705
982 0.65745
983 0.6579
984 0.65855
985 0.6591
986 0.66055
987 0.6608
988 0.6611
989 0.66225
990 0.6627
991 0.66295
992 0.66345
993 0.66375
994 0.66435
995 0.665
996 0.6654
997 0.66565
998 0.6668
999 0.6672
1000 0.6675
1001 0.6684
1002 0.6689
1003 0.6696
1004 0.6702
1005 0.67145
1006 0.6724
1007 0.6733
1008 0.6744
1009 0.6752
1010 0.6761
1011 0.6767
1012 0.6772
1013 0.6775
1014 0.678
1015 0.6789
1016 0.6791
1017 0.67955
1018 0.68
1019 0.6804
1020 0.6811
1021 0.6823
1022 0.68345
1023 0.68425
1024 0.6854
1025 0.68605
1026 0.68765
1027 0.68865
1028 0.6894
1029 0.69025
1030 0.69095
1031 0.69135
1032 0.69235
1033 0.6926
1034 0.69305
1035 0.69335
1036 0.6943
1037 0.695
1038 0.6953
1039 0.6961
1040 0.6964
1041 0.69735
1042 0.69815
1043 0.6987
1044 0.6993
1045 0.6999
1046 0.7002
1047 0.7014
1048 0.70165
1049 0.7027
1050 0.70345
1051 0.70395
1052 0.70465
1053 0.70585
1054 0.70645
1055 0.70705
1056 0.70735
1057 0.70805
1058 0.7092
1059 0.71025
1060 0.71035
1061 0.7107
1062 0.71115
1063 0.7117
1064 0.71175
1065 0.7125
1066 0.71405
1067 0.71515
1068 0.7157
1069 0.71605
1070 0.7169
1071 0.7173
1072 0.7176
1073 0.7186
1074 0.7189
1075 0.71925
1076 0.72
1077 0.7204
1078 0.7208
1079 0.72105
1080 0.72225
1081 0.7227
1082 0.724
1083 0.72485
1084 0.72515
1085 0.72645
1086 0.72715
1087 0.728
1088 0.7284
1089 0.7292
1090 0.7296
1091 0.73
1092 0.7306
1093 0.73145
1094 0.7328
1095 0.7339
1096 0.73435
1097 0.73485
1098 0.73555
1099 0.73665
1100 0.7369
1101 0.73825
1102 0.7391
1103 0.73935
1104 0.7399
1105 0.74065
1106 0.74085
1107 0.7413
1108 0.7423
1109 0.74275
1110 0.7441
1111 0.7446
1112 0.7453
1113 0.746
1114 0.7462
1115 0.74645
1116 0.74675
1117 0.7484
1118 0.7491
1119 0.7494
1120 0.75
1121 0.75125
1122 0.75205
1123 0.7532
1124 0.75405
1125 0.75595
1126 0.75605
1127 0.7562
1128 0.75675
1129 0.7574
1130 0.7583
1131 0.75885
1132 0.75895
1133 0.7591
1134 0.76
1135 0.76055
1136 0.761
1137 0.76145
1138 0.76255
1139 0.7637
1140 0.7645
1141 0.76465
1142 0.7651
1143 0.7654
1144 0.7663
1145 0.7673
1146 0.76795
1147 0.76915
1148 0.77005
1149 0.7711
1150 0.7721
1151 0.77255
1152 0.7728
1153 0.7732
1154 0.7746
1155 0.77515
1156 0.77555
1157 0.7761
1158 0.77655
1159 0.77735
1160 0.77765
1161 0.7784
1162 0.77895
1163 0.7801
1164 0.7802
1165 0.78055
1166 0.78135
1167 0.78305
1168 0.78395
1169 0.7851
1170 0.7854
1171 0.78625
1172 0.78675
1173 0.78725
1174 0.7873
1175 0.7879
1176 0.78845
1177 0.7889
1178 0.7891
1179 0.7895
1180 0.7901
1181 0.7907
1182 0.79125
1183 0.79225
1184 0.79305
1185 0.79325
1186 0.7945
1187 0.79495
1188 0.79525
1189 0.7959
1190 0.7973
1191 0.7979
1192 0.7983
1193 0.79915
1194 0.79965
1195 0.8005
1196 0.80105
1197 0.80185
1198 0.8033
1199 0.80465
1200 0.8051
1201 0.8059
1202 0.80635
1203 0.80715
1204 0.80845
1205 0.80905
1206 0.8093
1207 0.81
1208 0.8103
1209 0.81065
1210 0.81105
1211 0.8114
1212 0.81195
1213 0.81255
1214 0.81285
1215 0.81375
1216 0.8143
1217 0.8147
1218 0.8155
1219 0.8161
1220 0.8162
1221 0.8166
1222 0.81755
1223 0.818
1224 0.81875
1225 0.81995
1226 0.8205
1227 0.8213
1228 0.82175
1229 0.8221
1230 0.823
1231 0.8245
1232 0.8248
1233 0.8262
1234 0.82655
1235 0.8269
1236 0.82705
1237 0.82815
1238 0.8285
1239 0.82915
1240 0.82965
1241 0.82985
1242 0.83065
1243 0.8321
1244 0.8325
1245 0.83355
1246 0.8351
1247 0.8361
1248 0.8363
1249 0.83745
1250 0.838
1251 0.83845
1252 0.83915
1253 0.8395
1254 0.83985
1255 0.84105
1256 0.84165
1257 0.84195
1258 0.84245
1259 0.84345
1260 0.84395
1261 0.84505
1262 0.84555
1263 0.8459
1264 0.8468
1265 0.84705
1266 0.84755
1267 0.84805
1268 0.84965
1269 0.8501
1270 0.85065
1271 0.8508
1272 0.8512
1273 0.85265
1274 0.853
1275 0.85455
1276 0.85575
1277 0.857
1278 0.85755
1279 0.8579
1280 0.85855
1281 0.85945
1282 0.86045
1283 0.8612
1284 0.86155
1285 0.8624
1286 0.86255
1287 0.8632
1288 0.8645
1289 0.86515
1290 0.8659
1291 0.86635
1292 0.86775
1293 0.86805
1294 0.86845
1295 0.86875
1296 0.8694
1297 0.87035
1298 0.87095
1299 0.8718
1300 0.8722
1301 0.8727
1302 0.87305
1303 0.8738
1304 0.87545
1305 0.8763
1306 0.8777
1307 0.87835
1308 0.8788
1309 0.8794
1310 0.8798
1311 0.88055
1312 0.88105
1313 0.88205
1314 0.88345
1315 0.8843
1316 0.88445
1317 0.88485
1318 0.886
1319 0.8871
1320 0.88815
1321 0.8885
1322 0.88885
1323 0.8903
1324 0.8906
1325 0.89145
1326 0.89235
1327 0.8927
1328 0.89355
1329 0.8939
1330 0.8947
1331 0.8957
1332 0.89675
1333 0.89785
1334 0.89805
1335 0.8987
1336 0.8998
1337 0.9003
1338 0.90115
1339 0.9017
1340 0.90215
1341 0.90335
1342 0.9039
1343 0.9043
1344 0.9051
1345 0.906
1346 0.90655
1347 0.9072
1348 0.90745
1349 0.90765
1350 0.90825
1351 0.9086
1352 0.9096
1353 0.91075
1354 0.91165
1355 0.91205
1356 0.913
1357 0.91375
1358 0.9145
1359 0.9147
1360 0.91595
1361 0.9163
1362 0.91765
1363 0.9183
1364 0.9189
1365 0.91905
1366 0.92
1367 0.92005
1368 0.92085
1369 0.9212
1370 0.92195
1371 0.92215
1372 0.92265
1373 0.9232
1374 0.924
1375 0.92475
1376 0.9252
1377 0.9265
1378 0.9267
1379 0.9285
1380 0.9287
1381 0.929
1382 0.9292
1383 0.9301
1384 0.93095
1385 0.93165
1386 0.93245
1387 0.93375
1388 0.9346
1389 0.9347
1390 0.9351
1391 0.93565
1392 0.9367
1393 0.93735
1394 0.93785
1395 0.9388
1396 0.9397
1397 0.9405
1398 0.94145
1399 0.9417
1400 0.942
1401 0.9425
1402 0.94295
1403 0.9432
1404 0.9435
1405 0.94395
1406 0.9447
1407 0.9454
1408 0.94665
1409 0.94765
1410 0.9482
1411 0.94925
1412 0.9494
1413 0.9496
1414 0.9509
1415 0.9515
1416 0.9525
1417 0.95305
1418 0.95425
1419 0.9551
1420 0.9555
1421 0.9558
1422 0.95705
1423 0.9581
1424 0.95885
1425 0.9593
1426 0.96035
1427 0.9611
1428 0.9617
1429 0.962
1430 0.96235
1431 0.96345
1432 0.9637
1433 0.9643
1434 0.9649
1435 0.9652
1436 0.9657
1437 0.96665
1438 0.9674
1439 0.9692
1440 0.97075
1441 0.9711
1442 0.97165
1443 0.97305
1444 0.97345
1445 0.97475
1446 0.9753
1447 0.97555
1448 0.97695
1449 0.9773
1450 0.97765
1451 0.97815
1452 0.97915
1453 0.97935
1454 0.97965
1455 0.9805
1456 0.98195
1457 0.98245
1458 0.9831
1459 0.98385
1460 0.98435
1461 0.9844
1462 0.98555
1463 0.98625
1464 0.9866
1465 0.9873
1466 0.98765
1467 0.9885
1468 0.9892
1469 0.98965
1470 0.99035
1471 0.99135
1472 0.99165
1473 0.99245
1474 0.9934
1475 0.99365
1476 0.99415
1477 0.9945
1478 0.9955
1479 0.99625
1480 0.99705
1481 0.99765
1482 0.99875
1483 0.99895
1484 0.9992
1485 0.9996
1486 0.9999
1487 1.0002
# Generated pool n. 11 for Umax = 142.67823791503906
# Generated a biased pool of 20000 with an acceptance of 0.023839233443140984
# Generated a pool of 20000 with an acceptance of 0.0006721774193548354
# Generation repeated 1488 times
# Average relative effective sample size: 0.002776295645162463
# Generation efficiency: 0.0006720430107526882
