# Generation 15

0 0.00075
1 0.0012
2 0.00225
3 0.0034
4 0.00375
5 0.00565
6 0.0063
7 0.00655
8 0.0079
9 0.009
10 0.01
11 0.0111
12 0.01205
13 0.0131
14 0.0134
15 0.014
16 0.0143
17 0.01485
18 0.01615
19 0.0167
20 0.01775
21 0.0184
22 0.01945
23 0.0205
24 0.0217
25 0.02205
26 0.0224
27 0.0228
28 0.02325
29 0.0236
30 0.0239
31 0.0251
32 0.02585
33 0.0266
34 0.0268
35 0.02735
36 0.02765
37 0.02835
38 0.0289
39 0.02915
40 0.02985
41 0.0301
42 0.0316
43 0.0321
44 0.0324
45 0.03305
46 0.0334
47 0.03515
48 0.0354
49 0.03675
50 0.0371
51 0.0381
52 0.0385
53 0.0395
54 0.04015
55 0.041
56 0.04135
57 0.0417
58 0.0419
59 0.0429
60 0.0439
61 0.0444
62 0.0448
63 0.04595
64 0.04695
65 0.048
66 0.0489
67 0.04985
68 0.0504
69 0.05085
70 0.0512
71 0.05195
72 0.0531
73 0.05465
74 0.05535
75 0.05695
76 0.05775
77 0.0586
78 0.05925
79 0.0597
80 0.0606
81 0.06205
82 0.0628
83 0.06385
84 0.06405
85 0.0642
86 0.06505
87 0.06545
88 0.06765
89 0.06805
90 0.0692
91 0.0697
92 0.0706
93 0.07205
94 0.0722
95 0.07235
96 0.073
97 0.07355
98 0.0741
99 0.0744
100 0.07505
101 0.07555
102 0.0762
103 0.07625
104 0.0784
105 0.07905
106 0.07965
107 0.0802
108 0.08045
109 0.0814
110 0.0821
111 0.0833
112 0.0838
113 0.0844
114 0.0851
115 0.086
116 0.08675
117 0.0868
118 0.08795
119 0.08835
120 0.0892
121 0.09025
122 0.09185
123 0.09305
124 0.0937
125 0.0945
126 0.0954
127 0.09565
128 0.09675
129 0.0978
130 0.09865
131 0.10125
132 0.1025
133 0.1033
134 0.1047
135 0.10485
136 0.1061
137 0.1075
138 0.10775
139 0.10845
140 0.10855
141 0.1096
142 0.11
143 0.1104
144 0.11085
145 0.1119
146 0.113
147 0.1132
148 0.11355
149 0.11435
150 0.11475
151 0.116
152 0.117
153 0.1181
154 0.1194
155 0.11945
156 0.1203
157 0.1204
158 0.12115
159 0.12175
160 0.1225
161 0.12295
162 0.1238
163 0.12475
164 0.1257
165 0.12625
166 0.1274
167 0.1277
168 0.12795
169 0.12965
170 0.13015
171 0.131
172 0.13165
173 0.1326
174 0.13295
175 0.1345
176 0.1356
177 0.1372
178 0.13845
179 0.139
180 0.1393
181 0.13955
182 0.1402
183 0.1404
184 0.1412
185 0.14265
186 0.14425
187 0.14435
188 0.14475
189 0.1449
190 0.1461
191 0.14655
192 0.1473
193 0.1482
194 0.1492
195 0.15055
196 0.1508
197 0.1512
198 0.15145
199 0.1526
200 0.1531
201 0.1534
202 0.1542
203 0.15525
204 0.156
205 0.1568
206 0.15735
207 0.15795
208 0.1591
209 0.1594
210 0.16045
211 0.1615
212 0.16315
213 0.1641
214 0.1642
215 0.1645
216 0.1652
217 0.1661
218 0.1664
219 0.1671
220 0.1677
221 0.16885
222 0.169
223 0.1697
224 0.17125
225 0.1721
226 0.1733
227 0.17365
228 0.17415
229 0.1747
230 0.1757
231 0.1764
232 0.1774
233 0.1787
234 0.17935
235 0.1814
236 0.182
237 0.18235
238 0.18275
239 0.18315
240 0.18355
241 0.18405
242 0.18485
243 0.1856
244 0.1865
245 0.1871
246 0.1878
247 0.1883
248 0.1884
249 0.189
250 0.18955
251 0.19105
252 0.1916
253 0.1921
254 0.19365
255 0.19415
256 0.19545
257 0.197
258 0.19745
259 0.1975
260 0.19815
261 0.19825
262 0.1991
263 0.2001
264 0.2002
265 0.20105
266 0.20195
267 0.2024
268 0.2032
269 0.20435
270 0.20515
271 0.2063
272 0.207
273 0.20855
274 0.2097
275 0.2104
276 0.21215
277 0.21315
278 0.2135
279 0.21415
280 0.2142
281 0.2159
282 0.2166
283 0.2178
284 0.21845
285 0.2195
286 0.2205
287 0.2223
288 0.22325
289 0.2245
290 0.22515
291 0.2262
292 0.22675
293 0.22735
294 0.2282
295 0.22945
296 0.22965
297 0.23055
298 0.23125
299 0.2317
300 0.23315
301 0.23325
302 0.23385
303 0.2347
304 0.2354
305 0.2364
306 0.23705
307 0.23795
308 0.23835
309 0.23895
310 0.24005
311 0.2416
312 0.2421
313 0.24235
314 0.24275
315 0.24375
316 0.2444
317 0.2452
318 0.2461
319 0.2467
320 0.24735
321 0.24765
322 0.24855
323 0.24885
324 0.2493
325 0.25005
326 0.2517
327 0.25275
328 0.2531
329 0.25375
330 0.25495
331 0.25525
332 0.2558
333 0.25605
334 0.25615
335 0.2566
336 0.2574
337 0.25865
338 0.2603
339 0.2617
340 0.26215
341 0.2633
342 0.26495
343 0.2665
344 0.2672
345 0.26825
346 0.26875
347 0.26935
348 0.271
349 0.27215
350 0.27345
351 0.2738
352 0.27415
353 0.27495
354 0.27575
355 0.2764
356 0.27695
357 0.2779
358 0.27795
359 0.2792
360 0.27985
361 0.2805
362 0.28135
363 0.2832
364 0.28385
365 0.2848
366 0.2853
367 0.28605
368 0.28755
369 0.2881
370 0.2893
371 0.29065
372 0.29185
373 0.29285
374 0.2943
375 0.2954
376 0.29725
377 0.2975
378 0.2986
379 0.29995
380 0.3021
381 0.30415
382 0.3047
383 0.30535
384 0.30665
385 0.30725
386 0.30795
387 0.3091
388 0.3094
389 0.31125
390 0.3121
391 0.3122
392 0.3128
393 0.31305
394 0.31345
395 0.3138
396 0.315
397 0.31575
398 0.316
399 0.31685
400 0.3184
401 0.3201
402 0.32085
403 0.3215
404 0.32185
405 0.32345
406 0.32385
407 0.32405
408 0.3251
409 0.3259
410 0.32705
411 0.3274
412 0.3285
413 0.3292
414 0.3303
415 0.33095
416 0.3317
417 0.33225
418 0.33325
419 0.33455
420 0.33575
421 0.3359
422 0.33715
423 0.3378
424 0.33845
425 0.33985
426 0.3408
427 0.34175
428 0.3423
429 0.3429
430 0.3436
431 0.3441
432 0.34425
433 0.34465
434 0.34505
435 0.3459
436 0.3465
437 0.3468
438 0.3471
439 0.34745
440 0.34805
441 0.34845
442 0.3489
443 0.3516
444 0.35185
445 0.3523
446 0.3527
447 0.3535
448 0.3543
449 0.35455
450 0.35505
451 0.3567
452 0.35795
453 0.35855
454 0.35945
455 0.3599
456 0.36015
457 0.3613
458 0.3615
459 0.36255
460 0.3631
461 0.36325
462 0.3634
463 0.3637
464 0.36505
465 0.36565
466 0.36675
467 0.367
468 0.368
469 0.36835
470 0.3687
471 0.36935
472 0.3708
473 0.3711
474 0.37245
475 0.3736
476 0.3747
477 0.3761
478 0.3767
479 0.3777
480 0.37885
481 0.3795
482 0.38165
483 0.38225
484 0.3838
485 0.38475
486 0.38525
487 0.3859
488 0.3867
489 0.38685
490 0.3881
491 0.3884
492 0.389
493 0.39035
494 0.3914
495 0.39215
496 0.3933
497 0.39455
498 0.39545
499 0.39575
500 0.3961
501 0.3974
502 0.39885
503 0.40005
504 0.40075
505 0.40115
506 0.40215
507 0.4025
508 0.40285
509 0.4035
510 0.40365
511 0.40445
512 0.40465
513 0.4062
514 0.4066
515 0.4087
516 0.4091
517 0.41005
518 0.41225
519 0.41275
520 0.41315
521 0.41365
522 0.4138
523 0.4148
524 0.4155
525 0.4157
526 0.41615
527 0.41665
528 0.41685
529 0.41745
530 0.41765
531 0.41835
532 0.41855
533 0.41905
534 0.4201
535 0.42035
536 0.4226
537 0.42345
538 0.42455
539 0.4251
540 0.4262
541 0.4265
542 0.4273
543 0.42865
544 0.4293
545 0.43015
546 0.4307
547 0.43215
548 0.4339
549 0.43445
550 0.43465
551 0.4355
552 0.43585
553 0.4369
554 0.4379
555 0.4389
556 0.44015
557 0.4404
558 0.4411
559 0.44195
560 0.4427
561 0.4435
562 0.44425
563 0.44515
564 0.44585
565 0.4465
566 0.44695
567 0.44755
568 0.44815
569 0.4484
570 0.4492
571 0.4496
572 0.44995
573 0.45115
574 0.45155
575 0.45205
576 0.45255
577 0.4535
578 0.45395
579 0.45435
580 0.4551
581 0.4561
582 0.45685
583 0.45725
584 0.45845
585 0.4594
586 0.4603
587 0.46085
588 0.46245
589 0.4631
590 0.46355
591 0.465
592 0.4655
593 0.4662
594 0.46665
595 0.46695
596 0.4676
597 0.4686
598 0.4699
599 0.47025
600 0.471
601 0.47155
602 0.47175
603 0.47325
604 0.4746
605 0.47545
606 0.4758
607 0.47655
608 0.4776
609 0.47855
610 0.4788
611 0.4792
612 0.48115
613 0.48265
614 0.48295
615 0.4833
616 0.4842
617 0.48555
618 0.48625
619 0.487
620 0.489
621 0.4891
622 0.4906
623 0.49145
624 0.49225
625 0.4937
626 0.495
627 0.4962
628 0.49675
629 0.4984
630 0.4991
631 0.50065
632 0.5009
633 0.5016
634 0.50175
635 0.5024
636 0.50265
637 0.50315
638 0.50355
639 0.50365
640 0.50485
641 0.50505
642 0.5071
643 0.50805
644 0.50825
645 0.50905
646 0.50995
647 0.51095
648 0.5115
649 0.5126
650 0.5137
651 0.515
652 0.5157
653 0.5161
654 0.51665
655 0.5175
656 0.5181
657 0.51875
658 0.51895
659 0.52085
660 0.521
661 0.5228
662 0.52465
663 0.525
664 0.5252
665 0.52605
666 0.5271
667 0.528
668 0.52865
669 0.52935
670 0.53
671 0.5302
672 0.531
673 0.53185
674 0.53265
675 0.53365
676 0.5339
677 0.53455
678 0.53485
679 0.53515
680 0.53555
681 0.53575
682 0.5371
683 0.53885
684 0.53975
685 0.54055
686 0.54115
687 0.54195
688 0.5431
689 0.54435
690 0.54555
691 0.54705
692 0.54745
693 0.54825
694 0.54875
695 0.54935
696 0.55145
697 0.55265
698 0.5537
699 0.55535
700 0.5557
701 0.55765
702 0.55875
703 0.55935
704 0.55995
705 0.56015
706 0.5605
707 0.5608
708 0.5615
709 0.56225
710 0.56305
711 0.5637
712 0.56475
713 0.5652
714 0.56565
715 0.5666
716 0.5679
717 0.5684
718 0.57015
719 0.57075
720 0.572
721 0.57235
722 0.5728
723 0.5736
724 0.5738
725 0.5741
726 0.57605
727 0.5777
728 0.5782
729 0.5788
730 0.57915
731 0.58045
732 0.5809
733 0.581
734 0.5819
735 0.58255
736 0.58325
737 0.5841
738 0.5846
739 0.58585
740 0.58615
741 0.58675
742 0.58765
743 0.58825
744 0.58905
745 0.58985
746 0.5908
747 0.59135
748 0.59205
749 0.593
750 0.59325
751 0.5941
752 0.59505
753 0.5955
754 0.59675
755 0.5975
756 0.5985
757 0.5995
758 0.6002
759 0.6014
760 0.6037
761 0.6041
762 0.6044
763 0.60535
764 0.6057
765 0.6063
766 0.60755
767 0.608
768 0.60915
769 0.61035
770 0.61115
771 0.6124
772 0.6132
773 0.6139
774 0.6149
775 0.61645
776 0.617
777 0.6178
778 0.6182
779 0.61895
780 0.61955
781 0.62025
782 0.62065
783 0.62085
784 0.62105
785 0.62155
786 0.62275
787 0.62325
788 0.6248
789 0.6255
790 0.6268
791 0.6275
792 0.6289
793 0.6296
794 0.63065
795 0.63205
796 0.63255
797 0.63285
798 0.6334
799 0.6343
800 0.63455
801 0.6347
802 0.6364
803 0.6365
804 0.63695
805 0.63865
806 0.6395
807 0.64075
808 0.64115
809 0.6425
810 0.6441
811 0.6452
812 0.6464
813 0.648
814 0.64865
815 0.65005
816 0.65095
817 0.65215
818 0.65335
819 0.6543
820 0.65455
821 0.6548
822 0.65535
823 0.65655
824 0.65675
825 0.6572
826 0.6576
827 0.65855
828 0.65915
829 0.65995
830 0.66095
831 0.66105
832 0.6613
833 0.6625
834 0.6629
835 0.6637
836 0.6646
837 0.6663
838 0.66755
839 0.66765
840 0.66795
841 0.66835
842 0.6686
843 0.66895
844 0.6699
845 0.6703
846 0.67035
847 0.6708
848 0.6712
849 0.6714
850 0.67235
851 0.67275
852 0.673
853 0.6734
854 0.67425
855 0.67535
856 0.67655
857 0.67785
858 0.67845
859 0.6797
860 0.6801
861 0.6807
862 0.6812
863 0.68165
864 0.68185
865 0.68335
866 0.6839
867 0.6845
868 0.68635
869 0.68645
870 0.68745
871 0.6879
872 0.68875
873 0.69
874 0.69085
875 0.69125
876 0.6916
877 0.692
878 0.69275
879 0.69315
880 0.6943
881 0.69435
882 0.6955
883 0.696
884 0.6967
885 0.6972
886 0.69735
887 0.69785
888 0.6992
889 0.7007
890 0.70135
891 0.7023
892 0.7033
893 0.7039
894 0.70495
895 0.7061
896 0.7063
897 0.70735
898 0.70785
899 0.708
900 0.7082
901 0.7091
902 0.71035
903 0.7109
904 0.7113
905 0.71205
906 0.7124
907 0.71295
908 0.7146
909 0.71485
910 0.71525
911 0.71595
912 0.71625
913 0.7166
914 0.71765
915 0.71785
916 0.7196
917 0.7201
918 0.7204
919 0.72085
920 0.72125
921 0.72145
922 0.7219
923 0.7226
924 0.72345
925 0.72445
926 0.72475
927 0.72595
928 0.72645
929 0.7271
930 0.7279
931 0.72915
932 0.73005
933 0.7319
934 0.73205
935 0.73235
936 0.7329
937 0.7333
938 0.734
939 0.7345
940 0.73475
941 0.7356
942 0.73645
943 0.73715
944 0.73805
945 0.7385
946 0.7392
947 0.73945
948 0.73995
949 0.74035
950 0.74165
951 0.7421
952 0.7438
953 0.7441
954 0.7453
955 0.7457
956 0.74685
957 0.7477
958 0.74785
959 0.7489
960 0.7494
961 0.7496
962 0.74995
963 0.75145
964 0.7522
965 0.75325
966 0.7552
967 0.7563
968 0.75745
969 0.7591
970 0.75975
971 0.7603
972 0.76135
973 0.76155
974 0.7624
975 0.765
976 0.7661
977 0.767
978 0.76755
979 0.76775
980 0.76835
981 0.7691
982 0.7697
983 0.7699
984 0.77035
985 0.77065
986 0.77175
987 0.7722
988 0.7733
989 0.77455
990 0.77505
991 0.77545
992 0.7759
993 0.7761
994 0.7769
995 0.77785
996 0.77875
997 0.7803
998 0.78055
999 0.7815
1000 0.78225
1001 0.7831
1002 0.78345
1003 0.7847
1004 0.78525
1005 0.78635
1006 0.78695
1007 0.78935
1008 0.79005
1009 0.7921
1010 0.7929
1011 0.793
1012 0.7931
1013 0.7941
1014 0.79455
1015 0.7951
1016 0.7958
1017 0.7961
1018 0.7968
1019 0.79695
1020 0.7975
1021 0.79795
1022 0.7982
1023 0.79935
1024 0.8009
1025 0.8018
1026 0.8023
1027 0.80375
1028 0.80455
1029 0.80565
1030 0.80695
1031 0.8074
1032 0.80785
1033 0.8085
1034 0.80915
1035 0.8097
1036 0.81085
1037 0.81115
1038 0.8125
1039 0.81395
1040 0.81465
1041 0.8153
1042 0.8159
1043 0.81745
1044 0.8186
1045 0.8187
1046 0.8199
1047 0.8209
1048 0.82095
1049 0.8217
1050 0.8228
1051 0.82385
1052 0.8243
1053 0.82565
1054 0.82725
1055 0.8287
1056 0.8299
1057 0.8312
1058 0.832
1059 0.8328
1060 0.83335
1061 0.83525
1062 0.836
1063 0.8365
1064 0.8366
1065 0.83675
1066 0.83695
1067 0.8376
1068 0.83795
1069 0.838
1070 0.8386
1071 0.83935
1072 0.83945
1073 0.84025
1074 0.84045
1075 0.84105
1076 0.8414
1077 0.842
1078 0.8434
1079 0.8442
1080 0.84575
1081 0.8468
1082 0.8475
1083 0.84815
1084 0.8482
1085 0.84915
1086 0.8501
1087 0.85165
1088 0.85205
1089 0.8527
1090 0.8536
1091 0.8551
1092 0.8556
1093 0.85655
1094 0.8567
1095 0.8576
1096 0.8578
1097 0.85955
1098 0.86065
1099 0.86125
1100 0.86185
1101 0.86265
1102 0.8637
1103 0.8639
1104 0.8657
1105 0.86655
1106 0.86725
1107 0.86795
1108 0.8686
1109 0.86975
1110 0.86985
1111 0.8701
1112 0.87215
1113 0.87295
1114 0.8751
1115 0.87535
1116 0.87645
1117 0.8771
1118 0.8776
1119 0.879
1120 0.8805
1121 0.8811
1122 0.8814
1123 0.8824
1124 0.88355
1125 0.8845
1126 0.88515
1127 0.8856
1128 0.8863
1129 0.88735
1130 0.888
1131 0.8894
1132 0.8897
1133 0.89015
1134 0.8904
1135 0.89145
1136 0.89225
1137 0.89295
1138 0.89545
1139 0.8962
1140 0.8965
1141 0.89675
1142 0.8982
1143 0.8998
1144 0.90085
1145 0.9018
1146 0.9025
1147 0.903
1148 0.9041
1149 0.90495
1150 0.90635
1151 0.9071
1152 0.90775
1153 0.90845
1154 0.9088
1155 0.90935
1156 0.90995
1157 0.9102
1158 0.9109
1159 0.9128
1160 0.9135
1161 0.91405
1162 0.91475
1163 0.9151
1164 0.91575
1165 0.9167
1166 0.9172
1167 0.9178
1168 0.9181
1169 0.9192
1170 0.92015
1171 0.92095
1172 0.9217
1173 0.92285
1174 0.92495
1175 0.9254
1176 0.9257
1177 0.9264
1178 0.92715
1179 0.9284
1180 0.9301
1181 0.9305
1182 0.9319
1183 0.9324
1184 0.9336
1185 0.93425
1186 0.93495
1187 0.9354
1188 0.9361
1189 0.93715
1190 0.9376
1191 0.9382
1192 0.93935
1193 0.93975
1194 0.94115
1195 0.942
1196 0.9424
1197 0.9439
1198 0.9442
1199 0.9452
1200 0.9462
1201 0.9465
1202 0.9472
1203 0.9488
1204 0.9505
1205 0.9512
1206 0.95235
1207 0.9533
1208 0.95375
1209 0.95455
1210 0.95475
1211 0.9565
1212 0.95765
1213 0.958
1214 0.9582
1215 0.95955
1216 0.95965
1217 0.9611
1218 0.9619
1219 0.9624
1220 0.96295
1221 0.9636
1222 0.96405
1223 0.96585
1224 0.96595
1225 0.9665
1226 0.9672
1227 0.96825
1228 0.9696
1229 0.9703
1230 0.97085
1231 0.97195
1232 0.97355
1233 0.9739
1234 0.97525
1235 0.97585
1236 0.9761
1237 0.9778
1238 0.9779
1239 0.9785
1240 0.97895
1241 0.9794
1242 0.98
1243 0.98165
1244 0.98235
1245 0.9831
1246 0.98415
1247 0.9849
1248 0.986
1249 0.9867
1250 0.9873
1251 0.9885
1252 0.9895
1253 0.99065
1254 0.9923
1255 0.99425
1256 0.9953
1257 0.9966
1258 0.99845
1259 0.99915
1260 0.9995
1261 1.0001
# Generated pool n. 15 for Umax = 42.15916061401367
# Generated a biased pool of 20000 with an acceptance of 0.04016176238656044
# Generated a pool of 20000 with an acceptance of 0.0007924722662440546
# Generation repeated 1262 times
# Average relative effective sample size: 0.0037514129653573036
# Generation efficiency: 0.000792393026941363
