# Generation 14

0 0.0003
1 0.0011
2 0.0018
3 0.00245
4 0.0032
5 0.00385
6 0.00435
7 0.00555
8 0.0057
9 0.006
10 0.00625
11 0.0068
12 0.00825
13 0.0092
14 0.00925
15 0.00985
16 0.0112
17 0.01155
18 0.01215
19 0.01225
20 0.01295
21 0.01315
22 0.01405
23 0.0155
24 0.016
25 0.0172
26 0.018
27 0.0187
28 0.0193
29 0.01955
30 0.01985
31 0.0202
32 0.02095
33 0.0216
34 0.02235
35 0.02285
36 0.02335
37 0.02405
38 0.02435
39 0.0248
40 0.02585
41 0.02615
42 0.0272
43 0.0281
44 0.0283
45 0.02845
46 0.0286
47 0.0294
48 0.0304
49 0.03145
50 0.03205
51 0.03295
52 0.03355
53 0.0339
54 0.03405
55 0.03445
56 0.03515
57 0.0356
58 0.03605
59 0.0386
60 0.0396
61 0.0402
62 0.04055
63 0.0413
64 0.0418
65 0.04255
66 0.043
67 0.0445
68 0.0451
69 0.0455
70 0.0463
71 0.047
72 0.0478
73 0.04825
74 0.04955
75 0.0505
76 0.05085
77 0.05125
78 0.0522
79 0.05355
80 0.05465
81 0.0548
82 0.05535
83 0.05595
84 0.05665
85 0.05745
86 0.05825
87 0.0595
88 0.0601
89 0.06065
90 0.0613
91 0.06135
92 0.0622
93 0.0625
94 0.06275
95 0.0629
96 0.06345
97 0.0644
98 0.0649
99 0.0653
100 0.0654
101 0.06685
102 0.068
103 0.06935
104 0.06995
105 0.07075
106 0.07155
107 0.07255
108 0.0732
109 0.0747
110 0.0754
111 0.0756
112 0.07595
113 0.07665
114 0.07705
115 0.07785
116 0.07815
117 0.0783
118 0.079
119 0.0797
120 0.0798
121 0.08125
122 0.0816
123 0.0821
124 0.0836
125 0.08465
126 0.08545
127 0.0859
128 0.08715
129 0.0879
130 0.08825
131 0.089
132 0.0897
133 0.0909
134 0.09105
135 0.0915
136 0.092
137 0.0928
138 0.0934
139 0.09405
140 0.09435
141 0.09565
142 0.096
143 0.0972
144 0.09725
145 0.0977
146 0.09815
147 0.0982
148 0.09845
149 0.10045
150 0.1018
151 0.1027
152 0.1033
153 0.1037
154 0.10505
155 0.10545
156 0.10555
157 0.10575
158 0.1061
159 0.10635
160 0.10655
161 0.10715
162 0.1077
163 0.1078
164 0.109
165 0.10955
166 0.1102
167 0.1111
168 0.1121
169 0.11235
170 0.11305
171 0.11375
172 0.11525
173 0.11605
174 0.1166
175 0.1178
176 0.11805
177 0.1184
178 0.11995
179 0.1201
180 0.1205
181 0.12105
182 0.1221
183 0.1222
184 0.1224
185 0.1232
186 0.1242
187 0.12495
188 0.1273
189 0.1283
190 0.12955
191 0.1297
192 0.13015
193 0.1314
194 0.1316
195 0.1329
196 0.13355
197 0.13435
198 0.1348
199 0.1355
200 0.1362
201 0.13795
202 0.1384
203 0.1399
204 0.14
205 0.1403
206 0.1407
207 0.1409
208 0.1412
209 0.14185
210 0.14315
211 0.14385
212 0.1442
213 0.14465
214 0.1459
215 0.14695
216 0.14725
217 0.1476
218 0.14885
219 0.14905
220 0.14995
221 0.1505
222 0.15155
223 0.15185
224 0.1519
225 0.15345
226 0.155
227 0.15565
228 0.1561
229 0.15755
230 0.15885
231 0.1591
232 0.16005
233 0.16055
234 0.16115
235 0.16145
236 0.1621
237 0.16325
238 0.16345
239 0.16465
240 0.16565
241 0.16665
242 0.1675
243 0.16855
244 0.17045
245 0.17205
246 0.17245
247 0.17305
248 0.17345
249 0.1748
250 0.1753
251 0.1754
252 0.1759
253 0.17615
254 0.17665
255 0.1773
256 0.17795
257 0.17855
258 0.1794
259 0.17995
260 0.181
261 0.1811
262 0.18155
263 0.1823
264 0.18285
265 0.18405
266 0.1842
267 0.18465
268 0.1859
269 0.1866
270 0.18725
271 0.1879
272 0.18835
273 0.18895
274 0.18985
275 0.19065
276 0.1912
277 0.1915
278 0.1918
279 0.19195
280 0.19335
281 0.19365
282 0.19405
283 0.19515
284 0.19585
285 0.19625
286 0.1966
287 0.19755
288 0.1988
289 0.2
290 0.2007
291 0.20105
292 0.20155
293 0.20225
294 0.20365
295 0.20495
296 0.2057
297 0.2074
298 0.2081
299 0.2088
300 0.2091
301 0.21015
302 0.21055
303 0.21185
304 0.21275
305 0.2136
306 0.21385
307 0.21435
308 0.2156
309 0.2165
310 0.2176
311 0.21815
312 0.2195
313 0.21995
314 0.2211
315 0.2226
316 0.22405
317 0.22445
318 0.225
319 0.22555
320 0.2258
321 0.22645
322 0.2274
323 0.22795
324 0.22815
325 0.22875
326 0.22935
327 0.23025
328 0.2315
329 0.2325
330 0.234
331 0.23465
332 0.2352
333 0.2356
334 0.2366
335 0.237
336 0.23805
337 0.2382
338 0.2383
339 0.2393
340 0.23955
341 0.24005
342 0.2405
343 0.24105
344 0.2413
345 0.2417
346 0.24285
347 0.2434
348 0.2441
349 0.2443
350 0.2448
351 0.24495
352 0.245
353 0.2454
354 0.24565
355 0.2464
356 0.24715
357 0.24735
358 0.2476
359 0.24815
360 0.24855
361 0.24915
362 0.25075
363 0.25175
364 0.25245
365 0.25265
366 0.2539
367 0.25425
368 0.2553
369 0.2558
370 0.25695
371 0.2576
372 0.258
373 0.259
374 0.25995
375 0.2603
376 0.2607
377 0.26115
378 0.26235
379 0.26295
380 0.2632
381 0.26425
382 0.26435
383 0.2649
384 0.2664
385 0.26705
386 0.26755
387 0.269
388 0.27
389 0.27065
390 0.27115
391 0.2727
392 0.2736
393 0.27445
394 0.2749
395 0.2762
396 0.27705
397 0.2775
398 0.27805
399 0.27905
400 0.27955
401 0.27975
402 0.27995
403 0.28115
404 0.282
405 0.2822
406 0.283
407 0.28385
408 0.2841
409 0.2847
410 0.28495
411 0.2853
412 0.2859
413 0.2871
414 0.28795
415 0.28895
416 0.28935
417 0.29015
418 0.2916
419 0.29205
420 0.2933
421 0.2939
422 0.2946
423 0.295
424 0.2956
425 0.296
426 0.2962
427 0.2973
428 0.2983
429 0.29885
430 0.29905
431 0.29965
432 0.29995
433 0.3009
434 0.30095
435 0.3016
436 0.30205
437 0.30345
438 0.3039
439 0.30415
440 0.30455
441 0.30465
442 0.30555
443 0.306
444 0.30665
445 0.30675
446 0.30735
447 0.3077
448 0.30885
449 0.30915
450 0.3094
451 0.31025
452 0.31035
453 0.3106
454 0.3115
455 0.31245
456 0.3137
457 0.3143
458 0.3146
459 0.31515
460 0.3156
461 0.31605
462 0.31715
463 0.3184
464 0.319
465 0.31975
466 0.32005
467 0.3202
468 0.32115
469 0.32155
470 0.32285
471 0.32415
472 0.3248
473 0.32505
474 0.32585
475 0.3269
476 0.32835
477 0.3284
478 0.32885
479 0.3291
480 0.33115
481 0.3321
482 0.33285
483 0.3335
484 0.3338
485 0.33495
486 0.3355
487 0.33635
488 0.33775
489 0.338
490 0.33875
491 0.33935
492 0.34005
493 0.34065
494 0.3409
495 0.3419
496 0.3428
497 0.34365
498 0.3442
499 0.34475
500 0.3451
501 0.3454
502 0.34615
503 0.3467
504 0.3477
505 0.3481
506 0.34865
507 0.34885
508 0.35005
509 0.3509
510 0.3525
511 0.3526
512 0.35295
513 0.35425
514 0.3553
515 0.3555
516 0.356
517 0.3568
518 0.3576
519 0.35795
520 0.35945
521 0.36095
522 0.36165
523 0.36225
524 0.3631
525 0.3633
526 0.3643
527 0.3652
528 0.3659
529 0.3664
530 0.3667
531 0.3671
532 0.36755
533 0.36775
534 0.36795
535 0.3686
536 0.3692
537 0.37025
538 0.37055
539 0.37065
540 0.37165
541 0.37255
542 0.37305
543 0.37405
544 0.3745
545 0.37515
546 0.37615
547 0.3778
548 0.37885
549 0.3798
550 0.38045
551 0.38155
552 0.38195
553 0.3832
554 0.3835
555 0.3842
556 0.3848
557 0.38515
558 0.3869
559 0.38785
560 0.38865
561 0.3891
562 0.3899
563 0.39075
564 0.3911
565 0.39145
566 0.3915
567 0.3924
568 0.39255
569 0.3928
570 0.39335
571 0.39435
572 0.3947
573 0.39605
574 0.3963
575 0.3967
576 0.39745
577 0.39865
578 0.399
579 0.39925
580 0.39945
581 0.40035
582 0.40085
583 0.4016
584 0.4022
585 0.4036
586 0.40375
587 0.4046
588 0.40515
589 0.40565
590 0.4062
591 0.40775
592 0.4095
593 0.41025
594 0.41105
595 0.41235
596 0.4132
597 0.41395
598 0.4143
599 0.41465
600 0.4153
601 0.41545
602 0.41645
603 0.4168
604 0.41745
605 0.4186
606 0.419
607 0.41955
608 0.42025
609 0.42135
610 0.42165
611 0.4224
612 0.42275
613 0.4236
614 0.4247
615 0.42485
616 0.4257
617 0.42695
618 0.4283
619 0.42945
620 0.4303
621 0.4312
622 0.43205
623 0.43255
624 0.43315
625 0.4339
626 0.43565
627 0.43675
628 0.43725
629 0.4383
630 0.439
631 0.43955
632 0.4409
633 0.44155
634 0.4422
635 0.44315
636 0.44345
637 0.4437
638 0.44405
639 0.4452
640 0.4459
641 0.4471
642 0.44795
643 0.4491
644 0.4494
645 0.44985
646 0.45005
647 0.45105
648 0.45155
649 0.45235
650 0.45285
651 0.45295
652 0.45355
653 0.454
654 0.4551
655 0.45605
656 0.4563
657 0.45655
658 0.4569
659 0.4573
660 0.45855
661 0.4593
662 0.4597
663 0.46065
664 0.46185
665 0.46235
666 0.46265
667 0.46365
668 0.4639
669 0.46515
670 0.4654
671 0.46665
672 0.4669
673 0.4679
674 0.4689
675 0.4699
676 0.47065
677 0.471
678 0.4721
679 0.47275
680 0.4739
681 0.4747
682 0.4755
683 0.47645
684 0.47715
685 0.4783
686 0.4788
687 0.47915
688 0.4798
689 0.48055
690 0.48155
691 0.4826
692 0.4829
693 0.48335
694 0.48365
695 0.48525
696 0.4861
697 0.487
698 0.4875
699 0.4877
700 0.4878
701 0.48815
702 0.4883
703 0.4895
704 0.49025
705 0.49045
706 0.491
707 0.4916
708 0.4924
709 0.49265
710 0.49375
711 0.4948
712 0.49585
713 0.49725
714 0.4991
715 0.49995
716 0.5011
717 0.5012
718 0.50175
719 0.50195
720 0.50245
721 0.50285
722 0.50395
723 0.5041
724 0.50475
725 0.5055
726 0.50595
727 0.50645
728 0.507
729 0.508
730 0.5084
731 0.5087
732 0.50915
733 0.50985
734 0.51035
735 0.51115
736 0.51195
737 0.513
738 0.51485
739 0.5161
740 0.51765
741 0.5187
742 0.51915
743 0.52005
744 0.52065
745 0.52175
746 0.5227
747 0.5234
748 0.5253
749 0.52545
750 0.5268
751 0.5277
752 0.52965
753 0.5305
754 0.5314
755 0.53195
756 0.53245
757 0.53305
758 0.5338
759 0.53445
760 0.53455
761 0.5348
762 0.5352
763 0.53575
764 0.5364
765 0.5365
766 0.5372
767 0.53745
768 0.53775
769 0.53845
770 0.5388
771 0.53915
772 0.54
773 0.54065
774 0.5408
775 0.54205
776 0.544
777 0.54505
778 0.54535
779 0.54545
780 0.54645
781 0.547
782 0.54785
783 0.5482
784 0.5496
785 0.5498
786 0.5508
787 0.55175
788 0.5522
789 0.5523
790 0.553
791 0.55315
792 0.5536
793 0.5548
794 0.556
795 0.55605
796 0.55725
797 0.5573
798 0.558
799 0.5591
800 0.56005
801 0.56125
802 0.5618
803 0.5627
804 0.56335
805 0.5644
806 0.565
807 0.56625
808 0.56665
809 0.5676
810 0.56825
811 0.5686
812 0.5696
813 0.57
814 0.57035
815 0.5712
816 0.5714
817 0.572
818 0.5727
819 0.5731
820 0.5742
821 0.5748
822 0.57525
823 0.5763
824 0.57655
825 0.57685
826 0.57765
827 0.5779
828 0.57855
829 0.5789
830 0.57945
831 0.57995
832 0.58015
833 0.5805
834 0.581
835 0.58135
836 0.5821
837 0.58345
838 0.58365
839 0.58495
840 0.58535
841 0.5869
842 0.5872
843 0.58775
844 0.58825
845 0.58905
846 0.5892
847 0.5897
848 0.58985
849 0.59005
850 0.59045
851 0.5907
852 0.592
853 0.59235
854 0.5926
855 0.5935
856 0.59405
857 0.5951
858 0.5955
859 0.5959
860 0.59675
861 0.5977
862 0.59835
863 0.59915
864 0.59995
865 0.60045
866 0.60095
867 0.6019
868 0.6023
869 0.60295
870 0.60375
871 0.60485
872 0.60545
873 0.60575
874 0.6061
875 0.60635
876 0.6071
877 0.6077
878 0.608
879 0.6082
880 0.60915
881 0.60965
882 0.6109
883 0.6121
884 0.6123
885 0.6127
886 0.6135
887 0.6142
888 0.61625
889 0.6165
890 0.61735
891 0.6177
892 0.61785
893 0.6188
894 0.61905
895 0.61985
896 0.6207
897 0.62125
898 0.62145
899 0.62175
900 0.62225
901 0.62245
902 0.62275
903 0.62355
904 0.6245
905 0.6253
906 0.62595
907 0.6271
908 0.6276
909 0.62795
910 0.6292
911 0.62955
912 0.63055
913 0.63265
914 0.6336
915 0.6344
916 0.63495
917 0.63505
918 0.63585
919 0.6371
920 0.63745
921 0.63815
922 0.63835
923 0.63865
924 0.6391
925 0.6401
926 0.6414
927 0.6425
928 0.6428
929 0.6433
930 0.6442
931 0.6445
932 0.64525
933 0.64605
934 0.6469
935 0.64815
936 0.6489
937 0.6494
938 0.6496
939 0.651
940 0.65135
941 0.65225
942 0.6532
943 0.6536
944 0.6542
945 0.6545
946 0.6552
947 0.6563
948 0.657
949 0.65805
950 0.65905
951 0.6598
952 0.65995
953 0.6607
954 0.6612
955 0.6616
956 0.6618
957 0.66215
958 0.6631
959 0.6638
960 0.66435
961 0.6652
962 0.6655
963 0.6658
964 0.66605
965 0.66675
966 0.66695
967 0.6678
968 0.6695
969 0.67015
970 0.6709
971 0.67195
972 0.67295
973 0.67355
974 0.67425
975 0.675
976 0.6755
977 0.676
978 0.67625
979 0.677
980 0.67755
981 0.67845
982 0.67895
983 0.6804
984 0.6809
985 0.6812
986 0.68165
987 0.68335
988 0.68345
989 0.68395
990 0.68455
991 0.6854
992 0.6857
993 0.6864
994 0.68695
995 0.6872
996 0.68805
997 0.68855
998 0.6897
999 0.69005
1000 0.6912
1001 0.69195
1002 0.6927
1003 0.6937
1004 0.69415
1005 0.6956
1006 0.6961
1007 0.69665
1008 0.6972
1009 0.69815
1010 0.69925
1011 0.69975
1012 0.7006
1013 0.7011
1014 0.70195
1015 0.70225
1016 0.7031
1017 0.7035
1018 0.7044
1019 0.70475
1020 0.70545
1021 0.70595
1022 0.7071
1023 0.70775
1024 0.7078
1025 0.7087
1026 0.70945
1027 0.70975
1028 0.71
1029 0.7104
1030 0.71155
1031 0.71265
1032 0.71325
1033 0.7139
1034 0.7142
1035 0.71545
1036 0.7158
1037 0.71645
1038 0.7178
1039 0.71855
1040 0.71955
1041 0.71975
1042 0.72055
1043 0.7212
1044 0.7218
1045 0.7229
1046 0.72355
1047 0.72425
1048 0.72495
1049 0.7255
1050 0.72725
1051 0.7282
1052 0.7283
1053 0.7294
1054 0.73035
1055 0.73045
1056 0.73115
1057 0.7315
1058 0.73275
1059 0.73375
1060 0.7343
1061 0.73525
1062 0.73605
1063 0.7368
1064 0.73805
1065 0.7383
1066 0.73915
1067 0.7393
1068 0.73955
1069 0.7403
1070 0.74085
1071 0.74125
1072 0.7419
1073 0.74315
1074 0.7438
1075 0.74395
1076 0.7449
1077 0.74525
1078 0.74575
1079 0.74605
1080 0.7471
1081 0.74725
1082 0.7482
1083 0.74905
1084 0.74965
1085 0.7499
1086 0.7502
1087 0.7506
1088 0.75095
1089 0.7514
1090 0.7533
1091 0.7537
1092 0.75415
1093 0.7546
1094 0.7548
1095 0.75545
1096 0.75655
1097 0.7575
1098 0.75815
1099 0.75875
1100 0.75965
1101 0.7606
1102 0.7612
1103 0.76145
1104 0.76275
1105 0.76435
1106 0.7648
1107 0.76585
1108 0.7671
1109 0.7673
1110 0.76795
1111 0.76845
1112 0.7693
1113 0.77025
1114 0.7708
1115 0.7717
1116 0.7721
1117 0.7726
1118 0.7731
1119 0.7736
1120 0.7742
1121 0.77505
1122 0.77545
1123 0.7765
1124 0.7773
1125 0.77755
1126 0.77805
1127 0.7783
1128 0.77875
1129 0.77975
1130 0.7803
1131 0.78115
1132 0.78205
1133 0.7827
1134 0.78285
1135 0.7839
1136 0.78435
1137 0.7848
1138 0.7857
1139 0.78625
1140 0.78675
1141 0.78685
1142 0.7871
1143 0.78775
1144 0.78875
1145 0.78965
1146 0.79045
1147 0.7912
1148 0.79255
1149 0.79295
1150 0.7936
1151 0.7947
1152 0.7954
1153 0.7967
1154 0.79715
1155 0.7977
1156 0.79825
1157 0.7984
1158 0.79905
1159 0.7996
1160 0.80005
1161 0.8009
1162 0.8022
1163 0.80245
1164 0.80265
1165 0.803
1166 0.80425
1167 0.8048
1168 0.80525
1169 0.8056
1170 0.8058
1171 0.80745
1172 0.80835
1173 0.80855
1174 0.8103
1175 0.81165
1176 0.81255
1177 0.8131
1178 0.81335
1179 0.81345
1180 0.8139
1181 0.81395
1182 0.8149
1183 0.8159
1184 0.81615
1185 0.8171
1186 0.81825
1187 0.81955
1188 0.8201
1189 0.8209
1190 0.82165
1191 0.8226
1192 0.82375
1193 0.8243
1194 0.8247
1195 0.825
1196 0.82535
1197 0.8271
1198 0.82755
1199 0.8279
1200 0.82905
1201 0.83045
1202 0.8309
1203 0.83165
1204 0.83185
1205 0.83225
1206 0.8339
1207 0.8346
1208 0.83575
1209 0.8369
1210 0.8382
1211 0.83885
1212 0.83995
1213 0.84135
1214 0.8416
1215 0.84255
1216 0.84295
1217 0.8435
1218 0.84385
1219 0.8442
1220 0.84495
1221 0.8455
1222 0.84635
1223 0.8472
1224 0.84805
1225 0.84865
1226 0.8499
1227 0.8507
1228 0.85085
1229 0.8516
1230 0.85175
1231 0.85195
1232 0.85225
1233 0.8524
1234 0.85385
1235 0.85495
1236 0.85565
1237 0.8564
1238 0.85755
1239 0.85795
1240 0.8586
1241 0.859
1242 0.85965
1243 0.8606
1244 0.8612
1245 0.8623
1246 0.8624
1247 0.86255
1248 0.8629
1249 0.86365
1250 0.86385
1251 0.86445
1252 0.86505
1253 0.86535
1254 0.8662
1255 0.86705
1256 0.8681
1257 0.8686
1258 0.86915
1259 0.87045
1260 0.871
1261 0.87165
1262 0.87225
1263 0.873
1264 0.87425
1265 0.8751
1266 0.8758
1267 0.8761
1268 0.8765
1269 0.87785
1270 0.87875
1271 0.87995
1272 0.88045
1273 0.88125
1274 0.88165
1275 0.8819
1276 0.88335
1277 0.88355
1278 0.8847
1279 0.8848
1280 0.88495
1281 0.88525
1282 0.886
1283 0.88695
1284 0.8871
1285 0.8889
1286 0.8892
1287 0.89045
1288 0.8911
1289 0.8914
1290 0.8919
1291 0.89235
1292 0.8926
1293 0.89275
1294 0.89325
1295 0.89355
1296 0.89425
1297 0.89455
1298 0.895
1299 0.896
1300 0.89605
1301 0.89635
1302 0.89815
1303 0.89875
1304 0.9002
1305 0.9009
1306 0.90155
1307 0.9022
1308 0.9031
1309 0.9036
1310 0.9045
1311 0.906
1312 0.9067
1313 0.90765
1314 0.9086
1315 0.9094
1316 0.91025
1317 0.91115
1318 0.91145
1319 0.9121
1320 0.9141
1321 0.91565
1322 0.91625
1323 0.9167
1324 0.9172
1325 0.9182
1326 0.91835
1327 0.9184
1328 0.92005
1329 0.92065
1330 0.9214
1331 0.922
1332 0.9236
1333 0.9243
1334 0.9248
1335 0.92575
1336 0.9264
1337 0.9269
1338 0.9274
1339 0.9276
1340 0.9278
1341 0.92815
1342 0.9298
1343 0.92985
1344 0.9315
1345 0.9325
1346 0.93315
1347 0.9349
1348 0.93645
1349 0.93685
1350 0.9373
1351 0.9378
1352 0.93915
1353 0.93975
1354 0.94035
1355 0.94085
1356 0.9421
1357 0.9422
1358 0.94235
1359 0.94325
1360 0.9437
1361 0.94545
1362 0.94625
1363 0.9466
1364 0.94735
1365 0.9477
1366 0.94805
1367 0.94895
1368 0.94955
1369 0.9511
1370 0.95115
1371 0.9523
1372 0.95235
1373 0.9528
1374 0.95405
1375 0.95465
1376 0.9552
1377 0.95605
1378 0.9564
1379 0.95705
1380 0.958
1381 0.95895
1382 0.9592
1383 0.95955
1384 0.96045
1385 0.96115
1386 0.9616
1387 0.963
1388 0.9635
1389 0.964
1390 0.96485
1391 0.9654
1392 0.96645
1393 0.9667
1394 0.9669
1395 0.9677
1396 0.96805
1397 0.9689
1398 0.96965
1399 0.97045
1400 0.9706
1401 0.9708
1402 0.9715
1403 0.9725
1404 0.97355
1405 0.97475
1406 0.9755
1407 0.9766
1408 0.9771
1409 0.97785
1410 0.97925
1411 0.98005
1412 0.9803
1413 0.98055
1414 0.9814
1415 0.9817
1416 0.9822
1417 0.984
1418 0.98495
1419 0.98575
1420 0.98665
1421 0.9871
1422 0.98845
1423 0.98945
1424 0.99105
1425 0.9915
1426 0.992
1427 0.9922
1428 0.99225
1429 0.99295
1430 0.9935
1431 0.99365
1432 0.9941
1433 0.99445
1434 0.99535
1435 0.99585
1436 0.9966
1437 0.9972
1438 0.99835
1439 0.9992
1440 0.9994
1441 1.0
# Generated pool n. 14 for Umax = 57.78033447265625
# Generated a biased pool of 20000 with an acceptance of 0.032460298389196396
# Generated a pool of 20000 with an acceptance of 0.0006934812760055452
# Generation repeated 1442 times
# Average relative effective sample size: 0.0031230205204337835
# Generation efficiency: 0.0006934812760055479
