# Generation 40

0 0.0163
1 0.02445
2 0.0331
3 0.0394
4 0.051
5 0.0574
6 0.0669
7 0.077
8 0.08385
9 0.0891
10 0.0966
11 0.1039
12 0.1057
13 0.1143
14 0.1213
15 0.1233
16 0.1406
17 0.14665
18 0.15185
19 0.1572
20 0.1697
21 0.17545
22 0.18125
23 0.18925
24 0.19945
25 0.209
26 0.21715
27 0.2231
28 0.23155
29 0.23555
30 0.2441
31 0.25665
32 0.2723
33 0.2757
34 0.28545
35 0.294
36 0.2974
37 0.30715
38 0.30825
39 0.31855
40 0.32425
41 0.3303
42 0.33595
43 0.3435
44 0.35495
45 0.3608
46 0.36715
47 0.3748
48 0.3776
49 0.3861
50 0.3936
51 0.4052
52 0.4126
53 0.4202
54 0.4306
55 0.4379
56 0.4425
57 0.45025
58 0.45985
59 0.46495
60 0.472
61 0.48275
62 0.4927
63 0.50625
64 0.51045
65 0.5146
66 0.5214
67 0.5281
68 0.53585
69 0.53625
70 0.53905
71 0.5443
72 0.55645
73 0.5626
74 0.5782
75 0.5834
76 0.59185
77 0.6011
78 0.6048
79 0.6159
80 0.62785
81 0.63025
82 0.64085
83 0.64385
84 0.6513
85 0.6558
86 0.66235
87 0.67155
88 0.67425
89 0.68285
90 0.68535
91 0.6923
92 0.70585
93 0.71105
94 0.72065
95 0.7333
96 0.73565
97 0.7522
98 0.76005
99 0.76565
100 0.77315
101 0.7847
102 0.79405
103 0.80685
104 0.8144
105 0.8166
106 0.8312
107 0.8385
108 0.8453
109 0.8555
110 0.8607
111 0.86255
112 0.8665
113 0.87525
114 0.8776
115 0.88475
116 0.89965
117 0.90785
118 0.9131
119 0.9157
120 0.921
121 0.93125
122 0.9403
123 0.9449
124 0.94865
125 0.95755
126 0.9671
127 0.976
128 0.9826
129 0.99615
130 1.00725
# Generated pool n. 40 for Umax = -15.779043197631836
# Generated a biased pool of 20000 with an acceptance of 0.4607171416282654
# Generated a pool of 20000 with an acceptance of 0.007688931297709922
# Generation repeated 131 times
# Average relative effective sample size: 0.12141255289316177
# Generation efficiency: 0.007633587786259542
