# Generation 27

0 0.0037
1 0.0074
2 0.00985
3 0.01565
4 0.018
5 0.0195
6 0.0222
7 0.0254
8 0.0281
9 0.03065
10 0.03665
11 0.04145
12 0.04245
13 0.04715
14 0.0484
15 0.0513
16 0.05435
17 0.0591
18 0.06385
19 0.06825
20 0.07
21 0.07055
22 0.0724
23 0.08075
24 0.0865
25 0.09125
26 0.0956
27 0.10075
28 0.1057
29 0.10825
30 0.1136
31 0.11625
32 0.11935
33 0.1235
34 0.12605
35 0.1283
36 0.1299
37 0.13365
38 0.1393
39 0.14425
40 0.1448
41 0.14925
42 0.1553
43 0.15975
44 0.16105
45 0.1619
46 0.1656
47 0.16615
48 0.1683
49 0.1734
50 0.17395
51 0.18015
52 0.18275
53 0.18435
54 0.1862
55 0.19165
56 0.19465
57 0.19935
58 0.2019
59 0.2048
60 0.20695
61 0.20995
62 0.2131
63 0.218
64 0.2232
65 0.226
66 0.2272
67 0.2307
68 0.2345
69 0.2385
70 0.2447
71 0.2474
72 0.24995
73 0.25535
74 0.25915
75 0.26405
76 0.2668
77 0.26925
78 0.2718
79 0.27565
80 0.28075
81 0.28665
82 0.29015
83 0.29355
84 0.298
85 0.30265
86 0.3061
87 0.31025
88 0.3153
89 0.32225
90 0.32695
91 0.33485
92 0.33745
93 0.33935
94 0.34165
95 0.3503
96 0.3536
97 0.35565
98 0.35815
99 0.3623
100 0.36455
101 0.3654
102 0.3665
103 0.3716
104 0.3736
105 0.3806
106 0.38255
107 0.3861
108 0.38885
109 0.3903
110 0.3912
111 0.3933
112 0.39995
113 0.40245
114 0.40545
115 0.40755
116 0.41145
117 0.4185
118 0.4223
119 0.425
120 0.4289
121 0.4299
122 0.4327
123 0.4367
124 0.44115
125 0.4459
126 0.44855
127 0.45255
128 0.45355
129 0.45505
130 0.4587
131 0.4631
132 0.4661
133 0.46785
134 0.4758
135 0.4777
136 0.4814
137 0.483
138 0.48425
139 0.486
140 0.49055
141 0.49255
142 0.49625
143 0.49875
144 0.50075
145 0.50315
146 0.5045
147 0.5085
148 0.5104
149 0.5119
150 0.5138
151 0.51765
152 0.5218
153 0.5232
154 0.52875
155 0.53635
156 0.5404
157 0.54425
158 0.5498
159 0.55375
160 0.5577
161 0.5622
162 0.5694
163 0.57145
164 0.5734
165 0.5765
166 0.5793
167 0.58545
168 0.58845
169 0.5914
170 0.59495
171 0.5995
172 0.6003
173 0.6051
174 0.607
175 0.6093
176 0.61305
177 0.6146
178 0.6212
179 0.62345
180 0.62655
181 0.6316
182 0.63285
183 0.63645
184 0.63925
185 0.6415
186 0.6456
187 0.64945
188 0.65355
189 0.6597
190 0.6654
191 0.66865
192 0.6727
193 0.6766
194 0.6793
195 0.68595
196 0.6875
197 0.6882
198 0.68945
199 0.69065
200 0.69275
201 0.6979
202 0.6992
203 0.70045
204 0.70365
205 0.7083
206 0.7107
207 0.7138
208 0.71795
209 0.7225
210 0.7246
211 0.7271
212 0.73045
213 0.73195
214 0.7358
215 0.7404
216 0.74475
217 0.7476
218 0.75485
219 0.7563
220 0.75935
221 0.76265
222 0.76375
223 0.7678
224 0.7707
225 0.77565
226 0.7792
227 0.7847
228 0.78535
229 0.79225
230 0.79565
231 0.7978
232 0.8036
233 0.80745
234 0.8122
235 0.8186
236 0.82475
237 0.82805
238 0.83155
239 0.8324
240 0.83555
241 0.8395
242 0.84035
243 0.842
244 0.84295
245 0.84705
246 0.85145
247 0.85655
248 0.85855
249 0.86185
250 0.8678
251 0.8698
252 0.87265
253 0.8766
254 0.8814
255 0.88565
256 0.887
257 0.8912
258 0.8921
259 0.8946
260 0.89925
261 0.9018
262 0.90325
263 0.9045
264 0.9097
265 0.9147
266 0.91585
267 0.9188
268 0.92175
269 0.92735
270 0.93355
271 0.936
272 0.93895
273 0.94145
274 0.94445
275 0.9464
276 0.9473
277 0.9504
278 0.95635
279 0.9566
280 0.9585
281 0.95985
282 0.9655
283 0.96945
284 0.97665
285 0.97935
286 0.9816
287 0.98425
288 0.9862
289 0.9932
290 0.9945
291 0.99755
292 1.00135
# Generated pool n. 27 for Umax = -9.846531867980957
# Generated a biased pool of 20000 with an acceptance of 0.2999667227268219
# Generated a pool of 20000 with an acceptance of 0.0034175767918088735
# Generation repeated 293 times
# Average relative effective sample size: 0.04060090333223343
# Generation efficiency: 0.0034129692832764505
