# Generation 26

0 0.0045
1 0.00625
2 0.01055
3 0.01485
4 0.01855
5 0.02495
6 0.03025
7 0.03575
8 0.0388
9 0.0434
10 0.0457
11 0.0474
12 0.05135
13 0.0528
14 0.055
15 0.059
16 0.06365
17 0.06695
18 0.07025
19 0.076
20 0.08045
21 0.08345
22 0.0851
23 0.08895
24 0.0899
25 0.09495
26 0.09925
27 0.1025
28 0.10415
29 0.1114
30 0.11555
31 0.11975
32 0.1231
33 0.1251
34 0.1304
35 0.13355
36 0.13495
37 0.1423
38 0.1461
39 0.14925
40 0.1508
41 0.15515
42 0.15995
43 0.1631
44 0.16635
45 0.1698
46 0.1719
47 0.1797
48 0.18125
49 0.1839
50 0.18465
51 0.18935
52 0.1946
53 0.1968
54 0.1992
55 0.2058
56 0.2084
57 0.21135
58 0.21215
59 0.21475
60 0.2172
61 0.2221
62 0.2247
63 0.228
64 0.2329
65 0.2356
66 0.23915
67 0.24185
68 0.2451
69 0.24765
70 0.2508
71 0.25295
72 0.25615
73 0.26175
74 0.26345
75 0.2656
76 0.2696
77 0.2742
78 0.27565
79 0.28035
80 0.2806
81 0.2879
82 0.2899
83 0.29475
84 0.29855
85 0.30075
86 0.3031
87 0.3087
88 0.3135
89 0.32015
90 0.3232
91 0.3272
92 0.32895
93 0.33185
94 0.3342
95 0.33435
96 0.33595
97 0.33865
98 0.342
99 0.345
100 0.34855
101 0.3503
102 0.35425
103 0.3572
104 0.3613
105 0.3641
106 0.36945
107 0.3732
108 0.37625
109 0.3776
110 0.38045
111 0.38075
112 0.38175
113 0.3839
114 0.38525
115 0.38815
116 0.394
117 0.3981
118 0.40165
119 0.4028
120 0.4101
121 0.417
122 0.41885
123 0.4231
124 0.4236
125 0.42565
126 0.4269
127 0.4307
128 0.43465
129 0.43905
130 0.4429
131 0.44425
132 0.44915
133 0.45495
134 0.4554
135 0.45865
136 0.46305
137 0.46925
138 0.4732
139 0.48
140 0.4828
141 0.49055
142 0.4956
143 0.50115
144 0.5068
145 0.5079
146 0.5099
147 0.51385
148 0.51615
149 0.52225
150 0.5268
151 0.52795
152 0.5305
153 0.53665
154 0.5384
155 0.54205
156 0.5445
157 0.5496
158 0.55115
159 0.5551
160 0.5617
161 0.5663
162 0.56975
163 0.57555
164 0.5819
165 0.584
166 0.58585
167 0.59295
168 0.59895
169 0.6028
170 0.60695
171 0.612
172 0.6152
173 0.6169
174 0.6203
175 0.6214
176 0.62595
177 0.62705
178 0.63005
179 0.6323
180 0.6374
181 0.64535
182 0.6502
183 0.6541
184 0.65755
185 0.66075
186 0.66485
187 0.6656
188 0.6692
189 0.67575
190 0.67745
191 0.67825
192 0.68185
193 0.6871
194 0.6921
195 0.6938
196 0.70145
197 0.706
198 0.708
199 0.7094
200 0.7137
201 0.71685
202 0.7169
203 0.72235
204 0.72635
205 0.7296
206 0.73655
207 0.7391
208 0.74175
209 0.744
210 0.74815
211 0.75565
212 0.7609
213 0.76845
214 0.7736
215 0.77825
216 0.78055
217 0.7871
218 0.7929
219 0.79675
220 0.79775
221 0.80025
222 0.80365
223 0.8087
224 0.8105
225 0.8164
226 0.8174
227 0.8227
228 0.8232
229 0.82655
230 0.83
231 0.8328
232 0.83535
233 0.84165
234 0.8438
235 0.84555
236 0.85065
237 0.8532
238 0.8571
239 0.8606
240 0.86195
241 0.8643
242 0.8678
243 0.8729
244 0.87555
245 0.877
246 0.8806
247 0.88275
248 0.8865
249 0.8882
250 0.89105
251 0.8956
252 0.90255
253 0.90445
254 0.90635
255 0.90965
256 0.9125
257 0.9171
258 0.9208
259 0.92315
260 0.9243
261 0.92635
262 0.9313
263 0.93495
264 0.9359
265 0.93815
266 0.9431
267 0.9453
268 0.9489
269 0.9525
270 0.95755
271 0.96175
272 0.9654
273 0.9669
274 0.96885
275 0.9737
276 0.97385
277 0.97795
278 0.98075
279 0.9828
280 0.98765
281 0.9892
282 0.99165
283 0.99365
284 0.99405
285 0.99515
286 0.99835
287 1.0013
# Generated pool n. 26 for Umax = -8.704254150390625
# Generated a biased pool of 20000 with an acceptance of 0.2703837454319
# Generated a pool of 20000 with an acceptance of 0.0034767361111111123
# Generation repeated 288 times
# Average relative effective sample size: 0.038357947021722794
# Generation efficiency: 0.003472222222222222
