# Generation 29

0 0.0056
1 0.0087
2 0.01155
3 0.01735
4 0.0216
5 0.02385
6 0.0279
7 0.02845
8 0.0334
9 0.0399
10 0.04365
11 0.04755
12 0.0506
13 0.05555
14 0.0598
15 0.06685
16 0.0705
17 0.0743
18 0.07785
19 0.0827
20 0.08495
21 0.0876
22 0.09545
23 0.09945
24 0.1049
25 0.10845
26 0.1102
27 0.1146
28 0.1172
29 0.12095
30 0.12795
31 0.1317
32 0.13805
33 0.14235
34 0.14565
35 0.1471
36 0.1492
37 0.1537
38 0.1576
39 0.16175
40 0.16755
41 0.17475
42 0.1817
43 0.18305
44 0.1841
45 0.1884
46 0.19245
47 0.19675
48 0.2042
49 0.2085
50 0.2123
51 0.2137
52 0.2169
53 0.2231
54 0.227
55 0.2299
56 0.23495
57 0.23985
58 0.24685
59 0.24745
60 0.2506
61 0.25565
62 0.25645
63 0.26375
64 0.2695
65 0.27165
66 0.27545
67 0.28175
68 0.2892
69 0.2925
70 0.2964
71 0.2984
72 0.30765
73 0.31185
74 0.3158
75 0.3185
76 0.3241
77 0.3273
78 0.3293
79 0.33755
80 0.34215
81 0.3489
82 0.35195
83 0.3563
84 0.3582
85 0.3631
86 0.37095
87 0.3759
88 0.37975
89 0.3834
90 0.391
91 0.39365
92 0.39745
93 0.4022
94 0.40525
95 0.4134
96 0.42145
97 0.4295
98 0.4308
99 0.4367
100 0.44375
101 0.4497
102 0.4536
103 0.4542
104 0.4552
105 0.4611
106 0.4682
107 0.47145
108 0.47365
109 0.47925
110 0.48655
111 0.4889
112 0.4958
113 0.5
114 0.5053
115 0.5086
116 0.51175
117 0.5166
118 0.52075
119 0.5279
120 0.53315
121 0.5383
122 0.5459
123 0.5516
124 0.5534
125 0.5567
126 0.55765
127 0.55855
128 0.564
129 0.5692
130 0.57295
131 0.5757
132 0.5774
133 0.5817
134 0.58825
135 0.5938
136 0.59925
137 0.6046
138 0.61055
139 0.6169
140 0.62095
141 0.6235
142 0.62565
143 0.6295
144 0.63355
145 0.6353
146 0.638
147 0.64115
148 0.64275
149 0.64745
150 0.64805
151 0.6486
152 0.6522
153 0.6576
154 0.6624
155 0.66465
156 0.66705
157 0.6726
158 0.6737
159 0.68285
160 0.6886
161 0.6918
162 0.6957
163 0.69965
164 0.7046
165 0.7101
166 0.71515
167 0.71865
168 0.72605
169 0.73065
170 0.7383
171 0.73965
172 0.7418
173 0.74925
174 0.75025
175 0.756
176 0.76145
177 0.76255
178 0.76475
179 0.768
180 0.77335
181 0.77725
182 0.78165
183 0.78665
184 0.79045
185 0.7965
186 0.79995
187 0.80365
188 0.80495
189 0.8088
190 0.81485
191 0.821
192 0.82325
193 0.83435
194 0.8387
195 0.8427
196 0.8447
197 0.84635
198 0.85595
199 0.86155
200 0.8675
201 0.8695
202 0.8756
203 0.8793
204 0.88375
205 0.888
206 0.89185
207 0.8963
208 0.90115
209 0.90175
210 0.90385
211 0.91015
212 0.9136
213 0.92115
214 0.9218
215 0.9254
216 0.93435
217 0.9402
218 0.9409
219 0.9478
220 0.9514
221 0.96135
222 0.9651
223 0.9732
224 0.97875
225 0.9815
226 0.98455
227 0.98595
228 0.99275
229 0.9952
230 1.0035
# Generated pool n. 29 for Umax = -11.621500015258789
# Generated a biased pool of 20000 with an acceptance of 0.33785104751586914
# Generated a pool of 20000 with an acceptance of 0.004344155844155846
# Generation repeated 231 times
# Average relative effective sample size: 0.05601091682910919
# Generation efficiency: 0.004329004329004329
