# Generation 43

0 0.0067
1 0.0176
2 0.02785
3 0.0339
4 0.0386
5 0.0504
6 0.0575
7 0.069
8 0.0847
9 0.0915
10 0.0991
11 0.10325
12 0.1115
13 0.1212
14 0.1356
15 0.15125
16 0.16665
17 0.1783
18 0.18505
19 0.1855
20 0.20155
21 0.2189
22 0.2343
23 0.24635
24 0.25225
25 0.26875
26 0.285
27 0.29325
28 0.3114
29 0.3143
30 0.318
31 0.32665
32 0.3403
33 0.35215
34 0.35655
35 0.3615
36 0.36845
37 0.3783
38 0.38625
39 0.3907
40 0.40475
41 0.4079
42 0.41155
43 0.4209
44 0.4241
45 0.433
46 0.44985
47 0.46045
48 0.4679
49 0.47575
50 0.4905
51 0.49885
52 0.50775
53 0.52265
54 0.54115
55 0.55035
56 0.5607
57 0.56915
58 0.58065
59 0.5945
60 0.61915
61 0.63095
62 0.6434
63 0.66555
64 0.6765
65 0.683
66 0.69075
67 0.70295
68 0.7091
69 0.73145
70 0.7447
71 0.7655
72 0.7753
73 0.7936
74 0.79715
75 0.80245
76 0.812
77 0.82075
78 0.8292
79 0.8414
80 0.85125
81 0.8653
82 0.8755
83 0.8923
84 0.90555
85 0.9124
86 0.92545
87 0.9433
88 0.9468
89 0.9528
90 0.95675
91 0.96275
92 0.9831
93 0.99585
94 1.0117
# Generated pool n. 43 for Umax = -16.17534637451172
# Generated a biased pool of 20000 with an acceptance of 0.5238953828811646
# Generated a pool of 20000 with an acceptance of 0.010649473684210525
# Generation repeated 95 times
# Average relative effective sample size: 0.17230142652988434
# Generation efficiency: 0.010526315789473684
