# Generation 24

0 0.0019
1 0.00815
2 0.01305
3 0.0153
4 0.01875
5 0.02315
6 0.0238
7 0.0278
8 0.03155
9 0.0342
10 0.0357
11 0.03615
12 0.0389
13 0.04125
14 0.0437
15 0.04665
16 0.0484
17 0.05455
18 0.05695
19 0.0585
20 0.06205
21 0.06485
22 0.0661
23 0.0683
24 0.0725
25 0.0757
26 0.08
27 0.08265
28 0.08465
29 0.08695
30 0.09135
31 0.0932
32 0.0956
33 0.0989
34 0.1033
35 0.10685
36 0.1087
37 0.1092
38 0.10955
39 0.1106
40 0.1125
41 0.1193
42 0.1207
43 0.1211
44 0.12235
45 0.1242
46 0.12595
47 0.1299
48 0.13395
49 0.1351
50 0.14005
51 0.14595
52 0.14765
53 0.15235
54 0.1548
55 0.1555
56 0.15705
57 0.15865
58 0.1612
59 0.1669
60 0.16915
61 0.1737
62 0.17595
63 0.17845
64 0.18275
65 0.18385
66 0.1855
67 0.1878
68 0.18925
69 0.191
70 0.19435
71 0.1962
72 0.19745
73 0.2008
74 0.2034
75 0.209
76 0.2112
77 0.21325
78 0.21595
79 0.21995
80 0.22585
81 0.22645
82 0.2326
83 0.23695
84 0.241
85 0.2437
86 0.2458
87 0.2502
88 0.2504
89 0.2538
90 0.25815
91 0.26555
92 0.2673
93 0.2689
94 0.27105
95 0.27515
96 0.2803
97 0.28405
98 0.28625
99 0.28855
100 0.2922
101 0.29475
102 0.29625
103 0.2984
104 0.3009
105 0.30465
106 0.30935
107 0.31185
108 0.3129
109 0.31425
110 0.31915
111 0.32035
112 0.32385
113 0.3255
114 0.32835
115 0.33005
116 0.333
117 0.33425
118 0.3412
119 0.34735
120 0.3489
121 0.3519
122 0.3526
123 0.35435
124 0.3589
125 0.364
126 0.367
127 0.36765
128 0.37055
129 0.3756
130 0.3787
131 0.3818
132 0.38285
133 0.38405
134 0.38645
135 0.39015
136 0.39255
137 0.39515
138 0.39625
139 0.4003
140 0.4005
141 0.40185
142 0.4029
143 0.4052
144 0.40795
145 0.4093
146 0.41495
147 0.42135
148 0.4256
149 0.43145
150 0.43225
151 0.43375
152 0.43465
153 0.4354
154 0.43755
155 0.44115
156 0.44375
157 0.44475
158 0.44625
159 0.44665
160 0.4492
161 0.45005
162 0.4542
163 0.45905
164 0.46125
165 0.4657
166 0.4694
167 0.4728
168 0.4738
169 0.4779
170 0.48045
171 0.48585
172 0.48765
173 0.49185
174 0.4951
175 0.49945
176 0.50075
177 0.5029
178 0.5067
179 0.5089
180 0.5137
181 0.5142
182 0.51745
183 0.51965
184 0.5214
185 0.5217
186 0.52255
187 0.5261
188 0.5296
189 0.53175
190 0.5326
191 0.5368
192 0.5393
193 0.54275
194 0.5449
195 0.54645
196 0.5502
197 0.55975
198 0.56085
199 0.56565
200 0.5675
201 0.56865
202 0.5703
203 0.5748
204 0.57785
205 0.5854
206 0.5859
207 0.58875
208 0.5951
209 0.5967
210 0.5976
211 0.59915
212 0.6045
213 0.60795
214 0.6111
215 0.61385
216 0.6162
217 0.61665
218 0.61895
219 0.62175
220 0.6251
221 0.62595
222 0.62705
223 0.62875
224 0.63265
225 0.6354
226 0.6375
227 0.6396
228 0.64375
229 0.6464
230 0.64875
231 0.65075
232 0.65335
233 0.65845
234 0.66435
235 0.66715
236 0.66755
237 0.67135
238 0.6738
239 0.67625
240 0.67665
241 0.6788
242 0.67965
243 0.68195
244 0.6828
245 0.68475
246 0.687
247 0.6889
248 0.69115
249 0.6934
250 0.6974
251 0.6996
252 0.7018
253 0.705
254 0.7119
255 0.7129
256 0.71465
257 0.71865
258 0.72245
259 0.7269
260 0.73
261 0.73395
262 0.7344
263 0.7348
264 0.73675
265 0.73995
266 0.74115
267 0.74515
268 0.74805
269 0.7528
270 0.7539
271 0.7561
272 0.75935
273 0.7618
274 0.76415
275 0.7662
276 0.7686
277 0.7694
278 0.7711
279 0.77435
280 0.7762
281 0.77745
282 0.7785
283 0.78205
284 0.78515
285 0.78655
286 0.79085
287 0.7928
288 0.79505
289 0.7985
290 0.79875
291 0.80185
292 0.8044
293 0.8053
294 0.8076
295 0.80905
296 0.8114
297 0.8148
298 0.8183
299 0.8204
300 0.82185
301 0.8248
302 0.8258
303 0.82985
304 0.8339
305 0.83475
306 0.8379
307 0.8434
308 0.845
309 0.84715
310 0.84755
311 0.85225
312 0.854
313 0.86125
314 0.863
315 0.8676
316 0.8693
317 0.87035
318 0.8761
319 0.8772
320 0.8816
321 0.88735
322 0.8917
323 0.895
324 0.898
325 0.9007
326 0.90185
327 0.90475
328 0.9062
329 0.91265
330 0.9144
331 0.9154
332 0.9186
333 0.9201
334 0.9206
335 0.92325
336 0.9251
337 0.9256
338 0.9294
339 0.934
340 0.9358
341 0.93925
342 0.94425
343 0.94615
344 0.94865
345 0.9513
346 0.9521
347 0.9529
348 0.9556
349 0.95705
350 0.9603
351 0.9617
352 0.9645
353 0.97125
354 0.97505
355 0.9799
356 0.9814
357 0.9832
358 0.98565
359 0.98775
360 0.99265
361 0.99505
362 0.99975
363 1.00115
# Generated pool n. 24 for Umax = -5.736761093139648
# Generated a biased pool of 20000 with an acceptance of 0.2381739616394043
# Generated a pool of 20000 with an acceptance of 0.002750412087912084
# Generation repeated 364 times
# Average relative effective sample size: 0.028820713981986046
# Generation efficiency: 0.0027472527472527475
