# Generation 38

0 0.00735
1 0.00865
2 0.0174
3 0.0191
4 0.0321
5 0.04695
6 0.0605
7 0.06945
8 0.08425
9 0.0932
10 0.1061
11 0.11175
12 0.11465
13 0.1255
14 0.13495
15 0.14255
16 0.15645
17 0.1594
18 0.1638
19 0.17265
20 0.1758
21 0.1835
22 0.1899
23 0.19925
24 0.2032
25 0.2107
26 0.2198
27 0.23805
28 0.24365
29 0.2465
30 0.2557
31 0.26485
32 0.27515
33 0.28065
34 0.2874
35 0.2958
36 0.3034
37 0.31055
38 0.317
39 0.32495
40 0.33475
41 0.34205
42 0.3461
43 0.34825
44 0.3677
45 0.37965
46 0.39305
47 0.3949
48 0.41025
49 0.42225
50 0.4342
51 0.4375
52 0.44865
53 0.4591
54 0.4727
55 0.47835
56 0.48325
57 0.4927
58 0.49765
59 0.4988
60 0.5038
61 0.5132
62 0.52025
63 0.529
64 0.53485
65 0.5486
66 0.5536
67 0.5585
68 0.5724
69 0.5765
70 0.5884
71 0.60575
72 0.6125
73 0.6214
74 0.6344
75 0.64725
76 0.66355
77 0.6793
78 0.6894
79 0.6987
80 0.7113
81 0.71775
82 0.724
83 0.7441
84 0.74865
85 0.75325
86 0.75655
87 0.76465
88 0.77015
89 0.7796
90 0.78305
91 0.7925
92 0.80075
93 0.80855
94 0.8118
95 0.81745
96 0.82035
97 0.84025
98 0.8466
99 0.8537
100 0.85625
101 0.8645
102 0.878
103 0.88445
104 0.8894
105 0.89255
106 0.90665
107 0.9163
108 0.9349
109 0.9426
110 0.9469
111 0.95475
112 0.96175
113 0.96505
114 0.9715
115 0.9817
116 0.9818
117 0.99765
118 1.0035
# Generated pool n. 38 for Umax = -15.40826416015625
# Generated a biased pool of 20000 with an acceptance of 0.5054271817207336
# Generated a pool of 20000 with an acceptance of 0.008432773109243698
# Generation repeated 119 times
# Average relative effective sample size: 0.12859609723091125
# Generation efficiency: 0.008403361344537815
