# Generation 41

0 0.00745
1 0.00945
2 0.01305
3 0.02905
4 0.0339
5 0.03665
6 0.04425
7 0.04995
8 0.0546
9 0.0643
10 0.07975
11 0.085
12 0.09565
13 0.1004
14 0.1034
15 0.1141
16 0.12335
17 0.1288
18 0.1408
19 0.15155
20 0.163
21 0.16955
22 0.174
23 0.1803
24 0.1855
25 0.1873
26 0.18835
27 0.18935
28 0.201
29 0.20765
30 0.215
31 0.2208
32 0.22855
33 0.23265
34 0.23995
35 0.2461
36 0.2516
37 0.2555
38 0.2648
39 0.27595
40 0.2853
41 0.2889
42 0.29985
43 0.3105
44 0.31845
45 0.3295
46 0.3329
47 0.33765
48 0.3416
49 0.3486
50 0.3583
51 0.3669
52 0.3746
53 0.37725
54 0.38255
55 0.3946
56 0.3971
57 0.4077
58 0.41975
59 0.42865
60 0.4294
61 0.4372
62 0.44695
63 0.449
64 0.45225
65 0.45385
66 0.4578
67 0.4614
68 0.4658
69 0.4705
70 0.47955
71 0.48605
72 0.49645
73 0.50725
74 0.5126
75 0.5158
76 0.5289
77 0.53625
78 0.5425
79 0.5456
80 0.54965
81 0.5564
82 0.5689
83 0.5728
84 0.58145
85 0.58715
86 0.5959
87 0.604
88 0.6086
89 0.61585
90 0.6274
91 0.6374
92 0.6398
93 0.6469
94 0.6483
95 0.65545
96 0.65875
97 0.66305
98 0.67155
99 0.6809
100 0.6875
101 0.6968
102 0.7037
103 0.7151
104 0.7292
105 0.7391
106 0.74055
107 0.75895
108 0.76205
109 0.7709
110 0.7771
111 0.78285
112 0.7887
113 0.7919
114 0.7991
115 0.80625
116 0.81165
117 0.81895
118 0.8224
119 0.835
120 0.85005
121 0.85785
122 0.86355
123 0.86955
124 0.89005
125 0.89735
126 0.89925
127 0.90475
128 0.91395
129 0.92425
130 0.9302
131 0.93315
132 0.9365
133 0.94225
134 0.9548
135 0.9594
136 0.9641
137 0.9725
138 0.9805
139 0.99045
140 0.99675
141 1.0015
# Generated pool n. 41 for Umax = -15.93243408203125
# Generated a biased pool of 20000 with an acceptance of 0.502779483795166
# Generated a pool of 20000 with an acceptance of 0.007052816901408446
# Generation repeated 142 times
# Average relative effective sample size: 0.11999935656785965
# Generation efficiency: 0.007042253521126761
