# Generation 21

0 0.00055
1 0.00205
2 0.005
3 0.00615
4 0.00645
5 0.00775
6 0.0095
7 0.01045
8 0.012
9 0.013
10 0.0133
11 0.0156
12 0.01925
13 0.02005
14 0.02215
15 0.024
16 0.02475
17 0.02985
18 0.0329
19 0.0338
20 0.0348
21 0.03715
22 0.04025
23 0.04245
24 0.04425
25 0.04625
26 0.0479
27 0.0495
28 0.0509
29 0.05105
30 0.0538
31 0.0572
32 0.0585
33 0.0604
34 0.0611
35 0.0636
36 0.0637
37 0.06495
38 0.0682
39 0.06995
40 0.07135
41 0.07495
42 0.0773
43 0.0782
44 0.08105
45 0.08335
46 0.0847
47 0.0868
48 0.0891
49 0.091
50 0.09235
51 0.096
52 0.0979
53 0.0983
54 0.1026
55 0.10325
56 0.10385
57 0.10665
58 0.1071
59 0.1101
60 0.1146
61 0.11635
62 0.1173
63 0.1204
64 0.1216
65 0.1235
66 0.1265
67 0.1278
68 0.1307
69 0.13195
70 0.1327
71 0.13335
72 0.1352
73 0.13715
74 0.13815
75 0.13875
76 0.1423
77 0.14495
78 0.1486
79 0.1493
80 0.1512
81 0.15285
82 0.1542
83 0.15755
84 0.1593
85 0.1609
86 0.1625
87 0.16405
88 0.16515
89 0.16835
90 0.17095
91 0.17315
92 0.1748
93 0.17625
94 0.17945
95 0.1808
96 0.1835
97 0.18555
98 0.18595
99 0.18745
100 0.1883
101 0.1892
102 0.19085
103 0.1919
104 0.1932
105 0.19435
106 0.19565
107 0.19745
108 0.19815
109 0.19955
110 0.20145
111 0.2031
112 0.20405
113 0.20675
114 0.20725
115 0.20885
116 0.21185
117 0.21595
118 0.2205
119 0.22095
120 0.22395
121 0.2261
122 0.22885
123 0.2318
124 0.2331
125 0.23425
126 0.2345
127 0.2361
128 0.23905
129 0.24025
130 0.2444
131 0.24615
132 0.24685
133 0.24795
134 0.2492
135 0.2499
136 0.2545
137 0.25675
138 0.25985
139 0.261
140 0.26235
141 0.2673
142 0.271
143 0.2722
144 0.2757
145 0.2773
146 0.279
147 0.28205
148 0.28605
149 0.2884
150 0.29125
151 0.2929
152 0.29425
153 0.2951
154 0.2961
155 0.2979
156 0.3012
157 0.30535
158 0.30695
159 0.30915
160 0.3107
161 0.3125
162 0.31455
163 0.3161
164 0.3167
165 0.31965
166 0.3199
167 0.3207
168 0.3213
169 0.32275
170 0.3242
171 0.32635
172 0.32775
173 0.3299
174 0.33225
175 0.33415
176 0.33595
177 0.3362
178 0.33835
179 0.34035
180 0.3428
181 0.34445
182 0.34635
183 0.3482
184 0.3488
185 0.34965
186 0.3545
187 0.35695
188 0.35845
189 0.35965
190 0.36215
191 0.36455
192 0.3665
193 0.3677
194 0.3705
195 0.3738
196 0.376
197 0.3777
198 0.37795
199 0.379
200 0.37985
201 0.3838
202 0.3857
203 0.3895
204 0.3896
205 0.3904
206 0.3912
207 0.3947
208 0.39805
209 0.4011
210 0.4045
211 0.4068
212 0.409
213 0.41145
214 0.412
215 0.4123
216 0.41375
217 0.41675
218 0.4202
219 0.42105
220 0.42275
221 0.4243
222 0.42695
223 0.42755
224 0.4294
225 0.43125
226 0.4322
227 0.43395
228 0.43675
229 0.4386
230 0.4394
231 0.44105
232 0.44135
233 0.443
234 0.44565
235 0.44665
236 0.44715
237 0.4502
238 0.45095
239 0.45585
240 0.4578
241 0.45885
242 0.45935
243 0.46095
244 0.4631
245 0.4665
246 0.4683
247 0.46945
248 0.4704
249 0.47325
250 0.47435
251 0.47755
252 0.478
253 0.4794
254 0.48135
255 0.4826
256 0.48375
257 0.4861
258 0.4884
259 0.48985
260 0.49155
261 0.493
262 0.49375
263 0.4961
264 0.49685
265 0.4983
266 0.50005
267 0.5025
268 0.50505
269 0.50605
270 0.50735
271 0.51085
272 0.513
273 0.5164
274 0.51885
275 0.5196
276 0.5213
277 0.52725
278 0.52835
279 0.5305
280 0.53195
281 0.53465
282 0.5386
283 0.5395
284 0.54085
285 0.54375
286 0.54575
287 0.54735
288 0.55015
289 0.55065
290 0.5537
291 0.5557
292 0.5587
293 0.56005
294 0.56225
295 0.56505
296 0.5683
297 0.56885
298 0.5695
299 0.57115
300 0.57195
301 0.5756
302 0.5775
303 0.58195
304 0.58295
305 0.58675
306 0.5883
307 0.59045
308 0.5915
309 0.596
310 0.5974
311 0.5989
312 0.60215
313 0.6026
314 0.6069
315 0.60895
316 0.6103
317 0.6142
318 0.6151
319 0.6168
320 0.619
321 0.6201
322 0.6231
323 0.6252
324 0.6263
325 0.6279
326 0.6292
327 0.63205
328 0.6345
329 0.63785
330 0.6423
331 0.643
332 0.64435
333 0.6486
334 0.6506
335 0.6522
336 0.6548
337 0.65645
338 0.65775
339 0.65915
340 0.6634
341 0.6657
342 0.66785
343 0.6704
344 0.67415
345 0.677
346 0.6793
347 0.68045
348 0.6811
349 0.6814
350 0.6833
351 0.68485
352 0.68715
353 0.68945
354 0.69055
355 0.6921
356 0.6943
357 0.69965
358 0.7013
359 0.7017
360 0.70345
361 0.70445
362 0.70645
363 0.71095
364 0.7122
365 0.71475
366 0.7197
367 0.7214
368 0.7231
369 0.72625
370 0.7287
371 0.73115
372 0.7344
373 0.73525
374 0.73655
375 0.73675
376 0.73715
377 0.74
378 0.7412
379 0.7421
380 0.7459
381 0.74725
382 0.74845
383 0.7508
384 0.75285
385 0.7544
386 0.7572
387 0.7596
388 0.76185
389 0.76425
390 0.76695
391 0.7687
392 0.7708
393 0.7714
394 0.77275
395 0.7734
396 0.7752
397 0.7794
398 0.78215
399 0.7834
400 0.784
401 0.78665
402 0.78675
403 0.78765
404 0.78925
405 0.79065
406 0.7914
407 0.79305
408 0.7964
409 0.797
410 0.7983
411 0.7999
412 0.8036
413 0.8058
414 0.8084
415 0.80975
416 0.8119
417 0.81425
418 0.81555
419 0.8182
420 0.8187
421 0.81885
422 0.8203
423 0.8214
424 0.8228
425 0.8242
426 0.8269
427 0.8297
428 0.83145
429 0.83225
430 0.83355
431 0.8351
432 0.83575
433 0.83855
434 0.84165
435 0.8426
436 0.84315
437 0.8443
438 0.84615
439 0.849
440 0.85075
441 0.85265
442 0.85405
443 0.8567
444 0.85735
445 0.8591
446 0.8597
447 0.8617
448 0.86555
449 0.8668
450 0.86725
451 0.8696
452 0.8707
453 0.873
454 0.8738
455 0.87505
456 0.8774
457 0.8776
458 0.8799
459 0.88405
460 0.8858
461 0.8915
462 0.89265
463 0.8939
464 0.89615
465 0.90075
466 0.90265
467 0.90455
468 0.9048
469 0.90615
470 0.90835
471 0.9097
472 0.9117
473 0.91185
474 0.9136
475 0.91525
476 0.9172
477 0.92125
478 0.9218
479 0.9231
480 0.9243
481 0.92615
482 0.92655
483 0.92815
484 0.92915
485 0.93085
486 0.93135
487 0.9329
488 0.93325
489 0.93575
490 0.93795
491 0.93905
492 0.9415
493 0.94325
494 0.9459
495 0.9476
496 0.94935
497 0.954
498 0.9549
499 0.956
500 0.95755
501 0.96025
502 0.96205
503 0.9653
504 0.96675
505 0.96725
506 0.96935
507 0.9704
508 0.9741
509 0.9752
510 0.97665
511 0.97995
512 0.9821
513 0.9825
514 0.9863
515 0.9887
516 0.9905
517 0.9913
518 0.99345
519 0.995
520 0.9965
521 0.9991
522 1.0012
# Generated pool n. 21 for Umax = 1.4048810005187988
# Generated a biased pool of 20000 with an acceptance of 0.17831027507781982
# Generated a pool of 20000 with an acceptance of 0.0019143403441682601
# Generation repeated 523 times
# Average relative effective sample size: 0.016997691243886948
# Generation efficiency: 0.0019120458891013384
