# Generation 12

0 0.0005
1 0.00065
2 0.0011
3 0.00195
4 0.0031
5 0.00455
6 0.0056
7 0.0067
8 0.00695
9 0.00825
10 0.00925
11 0.01085
12 0.0112
13 0.0116
14 0.01265
15 0.0129
16 0.0136
17 0.0139
18 0.01435
19 0.01475
20 0.01515
21 0.0158
22 0.01605
23 0.01715
24 0.0174
25 0.0188
26 0.0191
27 0.0194
28 0.02075
29 0.02135
30 0.02225
31 0.0233
32 0.02395
33 0.0244
34 0.025
35 0.02535
36 0.026
37 0.02665
38 0.0273
39 0.0281
40 0.02845
41 0.0296
42 0.03045
43 0.0305
44 0.03075
45 0.0315
46 0.03225
47 0.0327
48 0.0331
49 0.034
50 0.03475
51 0.0356
52 0.0361
53 0.03655
54 0.038
55 0.0381
56 0.03915
57 0.0401
58 0.0409
59 0.0411
60 0.04185
61 0.0433
62 0.04395
63 0.045
64 0.04535
65 0.0456
66 0.0473
67 0.04895
68 0.0492
69 0.0499
70 0.0504
71 0.051
72 0.0514
73 0.05215
74 0.0533
75 0.0538
76 0.0541
77 0.05495
78 0.0553
79 0.05645
80 0.0571
81 0.05735
82 0.05815
83 0.05835
84 0.0587
85 0.0589
86 0.05965
87 0.06025
88 0.0607
89 0.0616
90 0.06275
91 0.063
92 0.0634
93 0.0639
94 0.0643
95 0.06515
96 0.0662
97 0.06735
98 0.06825
99 0.06885
100 0.06945
101 0.0699
102 0.07095
103 0.0717
104 0.07215
105 0.0731
106 0.0741
107 0.07505
108 0.07525
109 0.07595
110 0.07635
111 0.07665
112 0.07775
113 0.0778
114 0.078
115 0.07845
116 0.0788
117 0.07965
118 0.08
119 0.0803
120 0.081
121 0.0816
122 0.08235
123 0.0824
124 0.0835
125 0.085
126 0.08585
127 0.0866
128 0.08685
129 0.08815
130 0.0888
131 0.0894
132 0.09035
133 0.09045
134 0.0908
135 0.0913
136 0.0925
137 0.09305
138 0.0943
139 0.095
140 0.09565
141 0.0971
142 0.09765
143 0.0982
144 0.09935
145 0.1001
146 0.1012
147 0.1025
148 0.103
149 0.10505
150 0.106
151 0.10685
152 0.10825
153 0.10925
154 0.10995
155 0.1115
156 0.1123
157 0.1136
158 0.1137
159 0.11425
160 0.11475
161 0.1154
162 0.1164
163 0.11685
164 0.1174
165 0.11765
166 0.1183
167 0.11855
168 0.11915
169 0.12065
170 0.12105
171 0.122
172 0.12215
173 0.1223
174 0.123
175 0.12385
176 0.12545
177 0.12585
178 0.1262
179 0.127
180 0.12835
181 0.1294
182 0.13
183 0.13075
184 0.13105
185 0.13145
186 0.13225
187 0.1335
188 0.13445
189 0.1349
190 0.1353
191 0.1358
192 0.1366
193 0.1376
194 0.13835
195 0.13885
196 0.13975
197 0.14025
198 0.1404
199 0.1411
200 0.1413
201 0.14195
202 0.14365
203 0.14435
204 0.14465
205 0.1453
206 0.1462
207 0.1473
208 0.1478
209 0.14895
210 0.14995
211 0.1504
212 0.15095
213 0.1526
214 0.15275
215 0.1532
216 0.1538
217 0.1549
218 0.15575
219 0.15635
220 0.15745
221 0.15865
222 0.1599
223 0.16035
224 0.16055
225 0.1616
226 0.16195
227 0.16225
228 0.1627
229 0.16315
230 0.164
231 0.16495
232 0.1654
233 0.16645
234 0.1684
235 0.16845
236 0.1698
237 0.17025
238 0.172
239 0.1735
240 0.1741
241 0.17475
242 0.17505
243 0.17655
244 0.17675
245 0.1769
246 0.17725
247 0.1786
248 0.179
249 0.1793
250 0.17965
251 0.18
252 0.1801
253 0.1811
254 0.18205
255 0.18255
256 0.18285
257 0.18385
258 0.184
259 0.18435
260 0.18515
261 0.18555
262 0.18645
263 0.1869
264 0.18785
265 0.1889
266 0.1897
267 0.18995
268 0.1905
269 0.19105
270 0.19195
271 0.19255
272 0.19375
273 0.1944
274 0.19485
275 0.1955
276 0.1961
277 0.1968
278 0.1971
279 0.1975
280 0.19775
281 0.1987
282 0.199
283 0.19945
284 0.2
285 0.20025
286 0.20045
287 0.2015
288 0.20215
289 0.20345
290 0.20385
291 0.2047
292 0.2051
293 0.2055
294 0.2064
295 0.20705
296 0.20765
297 0.20835
298 0.2089
299 0.20895
300 0.20915
301 0.20965
302 0.2107
303 0.21245
304 0.2135
305 0.21445
306 0.2154
307 0.21585
308 0.2166
309 0.2171
310 0.21775
311 0.21875
312 0.2195
313 0.21985
314 0.2203
315 0.2213
316 0.2224
317 0.2229
318 0.2246
319 0.2252
320 0.22545
321 0.22675
322 0.22745
323 0.2279
324 0.2289
325 0.2294
326 0.22985
327 0.23125
328 0.23165
329 0.23235
330 0.2326
331 0.2336
332 0.23445
333 0.23465
334 0.2349
335 0.2355
336 0.23675
337 0.2374
338 0.23805
339 0.2389
340 0.24015
341 0.2406
342 0.2413
343 0.2419
344 0.2423
345 0.24315
346 0.2443
347 0.2452
348 0.2455
349 0.2467
350 0.2479
351 0.2493
352 0.24955
353 0.25075
354 0.2518
355 0.2519
356 0.25245
357 0.2527
358 0.253
359 0.2534
360 0.25345
361 0.2542
362 0.2544
363 0.25515
364 0.25665
365 0.25735
366 0.25815
367 0.2587
368 0.2597
369 0.26
370 0.26075
371 0.26085
372 0.26185
373 0.2631
374 0.26385
375 0.26485
376 0.26535
377 0.2656
378 0.26605
379 0.2664
380 0.2676
381 0.2687
382 0.2696
383 0.2701
384 0.2712
385 0.2719
386 0.27255
387 0.2733
388 0.27385
389 0.275
390 0.2751
391 0.27585
392 0.27625
393 0.27735
394 0.27775
395 0.2783
396 0.2791
397 0.27925
398 0.28
399 0.2808
400 0.2817
401 0.28205
402 0.28375
403 0.28405
404 0.2847
405 0.28475
406 0.2848
407 0.2851
408 0.28625
409 0.28735
410 0.2889
411 0.28915
412 0.2898
413 0.29085
414 0.29145
415 0.29185
416 0.2927
417 0.294
418 0.2941
419 0.2945
420 0.2952
421 0.29545
422 0.29655
423 0.2973
424 0.2989
425 0.30005
426 0.301
427 0.30115
428 0.3014
429 0.3024
430 0.30295
431 0.30325
432 0.304
433 0.3041
434 0.305
435 0.30555
436 0.3059
437 0.3078
438 0.30855
439 0.30905
440 0.3093
441 0.3101
442 0.3113
443 0.31195
444 0.31215
445 0.31305
446 0.31355
447 0.31435
448 0.31565
449 0.3167
450 0.31715
451 0.31815
452 0.31855
453 0.3194
454 0.3203
455 0.32075
456 0.3212
457 0.3224
458 0.3232
459 0.3243
460 0.32465
461 0.3255
462 0.32615
463 0.3269
464 0.3278
465 0.328
466 0.32875
467 0.32905
468 0.32955
469 0.3304
470 0.33165
471 0.33195
472 0.3323
473 0.3328
474 0.33385
475 0.33525
476 0.33585
477 0.33695
478 0.33735
479 0.33775
480 0.33825
481 0.3386
482 0.33915
483 0.3395
484 0.33985
485 0.34035
486 0.3408
487 0.34135
488 0.34205
489 0.3423
490 0.34375
491 0.34395
492 0.3447
493 0.34495
494 0.34615
495 0.3467
496 0.34705
497 0.348
498 0.34875
499 0.34915
500 0.35
501 0.35025
502 0.35055
503 0.35085
504 0.3516
505 0.3519
506 0.35275
507 0.3529
508 0.3539
509 0.35455
510 0.3553
511 0.35535
512 0.3559
513 0.3573
514 0.35745
515 0.3581
516 0.35875
517 0.3588
518 0.35895
519 0.35975
520 0.36035
521 0.3614
522 0.3622
523 0.3629
524 0.36395
525 0.36455
526 0.36585
527 0.36635
528 0.36655
529 0.36705
530 0.3672
531 0.3674
532 0.3677
533 0.3695
534 0.37
535 0.37045
536 0.37105
537 0.37125
538 0.372
539 0.373
540 0.37395
541 0.3749
542 0.3756
543 0.3762
544 0.37685
545 0.3775
546 0.37785
547 0.37875
548 0.3795
549 0.38
550 0.38005
551 0.38045
552 0.3812
553 0.38165
554 0.3825
555 0.38315
556 0.3835
557 0.3838
558 0.38475
559 0.3859
560 0.3864
561 0.38665
562 0.38695
563 0.3872
564 0.38775
565 0.3887
566 0.3893
567 0.38935
568 0.38995
569 0.3905
570 0.3912
571 0.3924
572 0.39295
573 0.3938
574 0.3947
575 0.39535
576 0.3968
577 0.3972
578 0.39825
579 0.3988
580 0.40015
581 0.4005
582 0.4011
583 0.40155
584 0.4022
585 0.4023
586 0.4026
587 0.404
588 0.40455
589 0.4049
590 0.40545
591 0.40585
592 0.4075
593 0.40795
594 0.4086
595 0.4089
596 0.4095
597 0.411
598 0.41135
599 0.41205
600 0.4127
601 0.41425
602 0.41515
603 0.41625
604 0.41645
605 0.4174
606 0.4182
607 0.41865
608 0.4191
609 0.4199
610 0.42075
611 0.42085
612 0.42175
613 0.4227
614 0.42315
615 0.4237
616 0.4247
617 0.4262
618 0.42655
619 0.4267
620 0.42735
621 0.42775
622 0.4287
623 0.42935
624 0.43015
625 0.4308
626 0.43145
627 0.4322
628 0.43355
629 0.43465
630 0.4354
631 0.4357
632 0.43595
633 0.43655
634 0.43715
635 0.43795
636 0.4381
637 0.43855
638 0.43935
639 0.43955
640 0.44035
641 0.44085
642 0.4415
643 0.44275
644 0.44335
645 0.444
646 0.445
647 0.4458
648 0.4463
649 0.4469
650 0.44735
651 0.4481
652 0.449
653 0.4498
654 0.4502
655 0.45035
656 0.45145
657 0.453
658 0.45365
659 0.45395
660 0.45435
661 0.4546
662 0.4559
663 0.4565
664 0.45695
665 0.4579
666 0.45915
667 0.4597
668 0.46005
669 0.4607
670 0.461
671 0.46185
672 0.46255
673 0.46325
674 0.46335
675 0.464
676 0.46505
677 0.46585
678 0.46735
679 0.46775
680 0.46815
681 0.46885
682 0.46935
683 0.4697
684 0.47075
685 0.4715
686 0.4725
687 0.4733
688 0.4736
689 0.4745
690 0.47475
691 0.4763
692 0.4768
693 0.47685
694 0.47745
695 0.4777
696 0.47855
697 0.4789
698 0.4791
699 0.47985
700 0.4808
701 0.482
702 0.48275
703 0.48405
704 0.48545
705 0.4865
706 0.48665
707 0.48685
708 0.48735
709 0.48795
710 0.48875
711 0.48925
712 0.4899
713 0.4902
714 0.4906
715 0.4914
716 0.49195
717 0.4931
718 0.494
719 0.49475
720 0.49625
721 0.4971
722 0.49735
723 0.49775
724 0.4984
725 0.49885
726 0.49905
727 0.49965
728 0.50105
729 0.5016
730 0.5027
731 0.5032
732 0.5038
733 0.5044
734 0.50495
735 0.50525
736 0.5061
737 0.5068
738 0.50725
739 0.50755
740 0.50845
741 0.5091
742 0.50975
743 0.51025
744 0.5112
745 0.51165
746 0.5121
747 0.51295
748 0.51375
749 0.5141
750 0.5149
751 0.5153
752 0.51615
753 0.51625
754 0.5169
755 0.51715
756 0.5177
757 0.51815
758 0.51865
759 0.51945
760 0.5198
761 0.52055
762 0.52115
763 0.52225
764 0.52235
765 0.5237
766 0.5244
767 0.52525
768 0.5257
769 0.52635
770 0.5271
771 0.52805
772 0.52845
773 0.52995
774 0.53085
775 0.5313
776 0.5317
777 0.53295
778 0.53335
779 0.5344
780 0.5349
781 0.53545
782 0.53585
783 0.5367
784 0.537
785 0.5376
786 0.5379
787 0.5382
788 0.53935
789 0.53985
790 0.54
791 0.54025
792 0.5417
793 0.54215
794 0.5434
795 0.54465
796 0.54495
797 0.54585
798 0.54645
799 0.54675
800 0.54755
801 0.5489
802 0.5496
803 0.55065
804 0.5517
805 0.55235
806 0.553
807 0.5538
808 0.55425
809 0.5547
810 0.55495
811 0.5555
812 0.5561
813 0.557
814 0.55735
815 0.5581
816 0.5586
817 0.5593
818 0.55995
819 0.5607
820 0.56145
821 0.5632
822 0.5641
823 0.56555
824 0.5663
825 0.56705
826 0.5673
827 0.5678
828 0.5687
829 0.5696
830 0.5709
831 0.57115
832 0.572
833 0.57265
834 0.5736
835 0.5744
836 0.5758
837 0.57645
838 0.57725
839 0.5783
840 0.5791
841 0.57975
842 0.5804
843 0.58085
844 0.5815
845 0.58175
846 0.582
847 0.5822
848 0.58295
849 0.58365
850 0.5843
851 0.5847
852 0.5857
853 0.58655
854 0.58685
855 0.5879
856 0.58835
857 0.58855
858 0.5893
859 0.5901
860 0.59095
861 0.5919
862 0.59225
863 0.59255
864 0.59285
865 0.594
866 0.5945
867 0.59555
868 0.59645
869 0.59755
870 0.5993
871 0.6003
872 0.6011
873 0.6019
874 0.6026
875 0.60375
876 0.60455
877 0.60575
878 0.60605
879 0.60685
880 0.60695
881 0.60755
882 0.6079
883 0.6081
884 0.6092
885 0.60965
886 0.6099
887 0.61085
888 0.6127
889 0.61295
890 0.61335
891 0.61435
892 0.6149
893 0.61595
894 0.6168
895 0.6171
896 0.6178
897 0.61825
898 0.61865
899 0.61895
900 0.6197
901 0.62075
902 0.622
903 0.6225
904 0.6238
905 0.62445
906 0.6249
907 0.62505
908 0.62595
909 0.62635
910 0.62765
911 0.62795
912 0.6287
913 0.6295
914 0.6301
915 0.63065
916 0.6312
917 0.6326
918 0.63355
919 0.63405
920 0.6344
921 0.63475
922 0.6353
923 0.6362
924 0.63675
925 0.63735
926 0.63855
927 0.63875
928 0.63935
929 0.6403
930 0.6408
931 0.64145
932 0.64215
933 0.64275
934 0.6434
935 0.6441
936 0.64445
937 0.6454
938 0.6457
939 0.6462
940 0.64675
941 0.6469
942 0.6471
943 0.64765
944 0.64815
945 0.6492
946 0.64985
947 0.65035
948 0.6517
949 0.65295
950 0.65415
951 0.656
952 0.6569
953 0.65815
954 0.65875
955 0.65915
956 0.65975
957 0.66035
958 0.66145
959 0.6623
960 0.66365
961 0.6641
962 0.66475
963 0.66505
964 0.666
965 0.66715
966 0.6677
967 0.66955
968 0.66965
969 0.6701
970 0.6708
971 0.6711
972 0.6721
973 0.67285
974 0.6742
975 0.6753
976 0.67565
977 0.6762
978 0.6771
979 0.67895
980 0.67915
981 0.67925
982 0.67995
983 0.6806
984 0.68125
985 0.68255
986 0.68335
987 0.68405
988 0.6844
989 0.68465
990 0.68515
991 0.6863
992 0.68715
993 0.6877
994 0.688
995 0.6888
996 0.6896
997 0.69035
998 0.69045
999 0.6906
1000 0.69095
1001 0.69195
1002 0.6934
1003 0.69405
1004 0.69435
1005 0.69515
1006 0.6964
1007 0.6975
1008 0.6981
1009 0.6987
1010 0.69985
1011 0.7008
1012 0.7022
1013 0.7026
1014 0.7037
1015 0.7044
1016 0.7046
1017 0.7054
1018 0.70595
1019 0.70685
1020 0.7076
1021 0.7078
1022 0.70865
1023 0.70875
1024 0.70885
1025 0.7099
1026 0.7116
1027 0.71185
1028 0.71215
1029 0.71265
1030 0.7129
1031 0.714
1032 0.7148
1033 0.71555
1034 0.7161
1035 0.71705
1036 0.71755
1037 0.7185
1038 0.7191
1039 0.7195
1040 0.71995
1041 0.7201
1042 0.7217
1043 0.72245
1044 0.7226
1045 0.72365
1046 0.72425
1047 0.7258
1048 0.726
1049 0.72715
1050 0.7281
1051 0.72825
1052 0.72885
1053 0.7291
1054 0.7303
1055 0.73165
1056 0.7326
1057 0.73325
1058 0.73335
1059 0.7342
1060 0.7349
1061 0.73545
1062 0.73585
1063 0.73695
1064 0.7376
1065 0.73815
1066 0.73865
1067 0.73885
1068 0.73985
1069 0.7407
1070 0.74115
1071 0.7417
1072 0.74335
1073 0.74365
1074 0.74435
1075 0.7447
1076 0.74545
1077 0.746
1078 0.74745
1079 0.7482
1080 0.74835
1081 0.7497
1082 0.7506
1083 0.75195
1084 0.7525
1085 0.7526
1086 0.75315
1087 0.7536
1088 0.7545
1089 0.7555
1090 0.7557
1091 0.7561
1092 0.7563
1093 0.75665
1094 0.75735
1095 0.75755
1096 0.758
1097 0.7582
1098 0.75895
1099 0.75975
1100 0.76085
1101 0.7615
1102 0.7619
1103 0.7624
1104 0.7627
1105 0.76295
1106 0.7634
1107 0.7646
1108 0.76475
1109 0.7651
1110 0.76565
1111 0.7659
1112 0.766
1113 0.7666
1114 0.7667
1115 0.7677
1116 0.7686
1117 0.7697
1118 0.7708
1119 0.7714
1120 0.7717
1121 0.7735
1122 0.77405
1123 0.7742
1124 0.775
1125 0.7757
1126 0.77645
1127 0.7774
1128 0.77745
1129 0.77815
1130 0.77875
1131 0.7798
1132 0.78065
1133 0.78105
1134 0.7813
1135 0.7819
1136 0.78285
1137 0.7838
1138 0.78495
1139 0.78545
1140 0.78625
1141 0.78645
1142 0.787
1143 0.78745
1144 0.7877
1145 0.7886
1146 0.7901
1147 0.7903
1148 0.7915
1149 0.7917
1150 0.7923
1151 0.79295
1152 0.7938
1153 0.79445
1154 0.7947
1155 0.7953
1156 0.79585
1157 0.79645
1158 0.79665
1159 0.79715
1160 0.79725
1161 0.7974
1162 0.7982
1163 0.79865
1164 0.7991
1165 0.79945
1166 0.8002
1167 0.80025
1168 0.80055
1169 0.80115
1170 0.80215
1171 0.8026
1172 0.80285
1173 0.8034
1174 0.80405
1175 0.8049
1176 0.80525
1177 0.80635
1178 0.8066
1179 0.80685
1180 0.80705
1181 0.80755
1182 0.8077
1183 0.80865
1184 0.8099
1185 0.8106
1186 0.8108
1187 0.81085
1188 0.8114
1189 0.8119
1190 0.81315
1191 0.8141
1192 0.81445
1193 0.8151
1194 0.8158
1195 0.8167
1196 0.8169
1197 0.8179
1198 0.8186
1199 0.81955
1200 0.82
1201 0.8208
1202 0.8221
1203 0.82325
1204 0.82405
1205 0.82475
1206 0.82625
1207 0.82695
1208 0.8278
1209 0.82795
1210 0.82865
1211 0.82895
1212 0.8291
1213 0.8301
1214 0.8306
1215 0.83145
1216 0.83195
1217 0.83225
1218 0.8335
1219 0.83455
1220 0.8352
1221 0.83605
1222 0.8367
1223 0.8377
1224 0.83785
1225 0.8381
1226 0.8384
1227 0.8389
1228 0.83925
1229 0.83945
1230 0.8399
1231 0.8408
1232 0.84135
1233 0.8415
1234 0.8416
1235 0.8419
1236 0.8427
1237 0.84295
1238 0.8435
1239 0.8449
1240 0.84575
1241 0.846
1242 0.8462
1243 0.84685
1244 0.84715
1245 0.8483
1246 0.84915
1247 0.84955
1248 0.85055
1249 0.85135
1250 0.8518
1251 0.8521
1252 0.8528
1253 0.8534
1254 0.85415
1255 0.85485
1256 0.85535
1257 0.85615
1258 0.8573
1259 0.8579
1260 0.85825
1261 0.85905
1262 0.85995
1263 0.8605
1264 0.8614
1265 0.8619
1266 0.8621
1267 0.863
1268 0.8636
1269 0.8642
1270 0.8646
1271 0.8647
1272 0.8661
1273 0.86705
1274 0.86785
1275 0.86815
1276 0.8687
1277 0.8701
1278 0.8702
1279 0.8709
1280 0.87155
1281 0.8717
1282 0.87255
1283 0.87305
1284 0.87485
1285 0.8755
1286 0.87635
1287 0.8767
1288 0.87775
1289 0.87835
1290 0.8785
1291 0.8788
1292 0.8794
1293 0.88035
1294 0.88055
1295 0.8812
1296 0.8818
1297 0.8823
1298 0.88265
1299 0.8835
1300 0.88435
1301 0.88475
1302 0.88555
1303 0.88625
1304 0.88665
1305 0.88715
1306 0.88765
1307 0.8887
1308 0.8896
1309 0.89055
1310 0.89125
1311 0.89165
1312 0.8921
1313 0.89295
1314 0.8936
1315 0.8945
1316 0.8949
1317 0.8955
1318 0.8964
1319 0.89645
1320 0.8968
1321 0.89815
1322 0.8985
1323 0.89915
1324 0.89945
1325 0.90015
1326 0.9008
1327 0.90145
1328 0.90175
1329 0.90325
1330 0.90445
1331 0.9053
1332 0.90635
1333 0.90715
1334 0.9078
1335 0.90865
1336 0.9093
1337 0.9097
1338 0.91025
1339 0.9106
1340 0.91095
1341 0.9114
1342 0.91165
1343 0.9125
1344 0.9132
1345 0.91405
1346 0.91435
1347 0.9153
1348 0.916
1349 0.91645
1350 0.91685
1351 0.91735
1352 0.9182
1353 0.91875
1354 0.91985
1355 0.92075
1356 0.92125
1357 0.92265
1358 0.92295
1359 0.92395
1360 0.925
1361 0.92555
1362 0.92585
1363 0.92615
1364 0.9264
1365 0.92695
1366 0.92765
1367 0.92805
1368 0.9293
1369 0.9301
1370 0.93015
1371 0.93085
1372 0.93125
1373 0.9322
1374 0.93245
1375 0.93255
1376 0.93335
1377 0.9342
1378 0.9345
1379 0.9356
1380 0.93595
1381 0.93695
1382 0.93795
1383 0.939
1384 0.9396
1385 0.9399
1386 0.94015
1387 0.94145
1388 0.9421
1389 0.94245
1390 0.9441
1391 0.94425
1392 0.946
1393 0.94625
1394 0.9465
1395 0.94735
1396 0.94805
1397 0.94935
1398 0.94985
1399 0.951
1400 0.95175
1401 0.952
1402 0.9528
1403 0.95335
1404 0.9546
1405 0.9556
1406 0.9558
1407 0.95675
1408 0.95745
1409 0.9578
1410 0.9589
1411 0.9593
1412 0.9597
1413 0.96045
1414 0.961
1415 0.96185
1416 0.96195
1417 0.96245
1418 0.96295
1419 0.96375
1420 0.9644
1421 0.96545
1422 0.9663
1423 0.9675
1424 0.96915
1425 0.9702
1426 0.97105
1427 0.97195
1428 0.9727
1429 0.97305
1430 0.9739
1431 0.9745
1432 0.97495
1433 0.9751
1434 0.97555
1435 0.9759
1436 0.97685
1437 0.9784
1438 0.97945
1439 0.98025
1440 0.98055
1441 0.9812
1442 0.98185
1443 0.9822
1444 0.9827
1445 0.9829
1446 0.98405
1447 0.9848
1448 0.98535
1449 0.98565
1450 0.98615
1451 0.98715
1452 0.98745
1453 0.98805
1454 0.9892
1455 0.9898
1456 0.99055
1457 0.9913
1458 0.99195
1459 0.9922
1460 0.9936
1461 0.99475
1462 0.9956
1463 0.9961
1464 0.99675
1465 0.99805
1466 0.9984
1467 0.99955
1468 0.99965
1469 1.0011
# Generated pool n. 12 for Umax = 107.11529541015625
# Generated a biased pool of 20000 with an acceptance of 0.026162156835198402
# Generated a pool of 20000 with an acceptance of 0.0006810204081632636
# Generation repeated 1470 times
# Average relative effective sample size: 0.0028461350593715906
# Generation efficiency: 0.0006802721088435374
