# Generation 8

0 0.0004
1 0.00095
2 0.00205
3 0.0032
4 0.0039
5 0.00455
6 0.00515
7 0.00615
8 0.0067
9 0.0086
10 0.01045
11 0.01085
12 0.0124
13 0.01425
14 0.0147
15 0.01545
16 0.016
17 0.017
18 0.0177
19 0.01885
20 0.0191
21 0.02005
22 0.0207
23 0.0213
24 0.0229
25 0.02375
26 0.02445
27 0.0265
28 0.0274
29 0.0283
30 0.029
31 0.0298
32 0.0311
33 0.0322
34 0.0329
35 0.03335
36 0.03415
37 0.0352
38 0.0362
39 0.0369
40 0.0386
41 0.03955
42 0.04075
43 0.04145
44 0.0418
45 0.04285
46 0.04405
47 0.0458
48 0.047
49 0.048
50 0.0486
51 0.04965
52 0.0506
53 0.0515
54 0.0526
55 0.0531
56 0.05355
57 0.05435
58 0.0553
59 0.05575
60 0.0561
61 0.0577
62 0.058
63 0.05865
64 0.0598
65 0.06035
66 0.0611
67 0.06215
68 0.06355
69 0.0644
70 0.0658
71 0.0668
72 0.067
73 0.068
74 0.0683
75 0.0691
76 0.0703
77 0.07135
78 0.07305
79 0.07325
80 0.0738
81 0.0743
82 0.075
83 0.07545
84 0.07665
85 0.07755
86 0.07895
87 0.0796
88 0.0805
89 0.0815
90 0.082
91 0.0835
92 0.0841
93 0.08475
94 0.0856
95 0.08695
96 0.08785
97 0.08885
98 0.0894
99 0.09015
100 0.09095
101 0.09195
102 0.09325
103 0.094
104 0.09465
105 0.09565
106 0.0961
107 0.0975
108 0.0985
109 0.09865
110 0.0992
111 0.0996
112 0.10025
113 0.10065
114 0.10175
115 0.10315
116 0.10405
117 0.10465
118 0.1061
119 0.10705
120 0.108
121 0.1095
122 0.10985
123 0.1108
124 0.1114
125 0.11205
126 0.113
127 0.1136
128 0.1139
129 0.1144
130 0.11585
131 0.1164
132 0.11835
133 0.119
134 0.1195
135 0.12025
136 0.12205
137 0.1228
138 0.1233
139 0.12465
140 0.12485
141 0.12605
142 0.1273
143 0.12815
144 0.1291
145 0.1297
146 0.1305
147 0.1317
148 0.13235
149 0.1329
150 0.1349
151 0.1351
152 0.13695
153 0.13735
154 0.1383
155 0.13915
156 0.14105
157 0.142
158 0.1429
159 0.14385
160 0.14415
161 0.1463
162 0.14715
163 0.1493
164 0.1497
165 0.1506
166 0.1511
167 0.1526
168 0.1543
169 0.1553
170 0.156
171 0.15665
172 0.15795
173 0.1584
174 0.1586
175 0.16015
176 0.16085
177 0.16245
178 0.1634
179 0.1641
180 0.16445
181 0.1648
182 0.16575
183 0.16635
184 0.16755
185 0.16815
186 0.1691
187 0.1707
188 0.1724
189 0.17305
190 0.17345
191 0.17425
192 0.17485
193 0.175
194 0.1756
195 0.17625
196 0.17655
197 0.17725
198 0.17865
199 0.17945
200 0.18
201 0.18125
202 0.18165
203 0.18275
204 0.18315
205 0.18425
206 0.18475
207 0.1859
208 0.18715
209 0.18795
210 0.1893
211 0.19025
212 0.19145
213 0.19235
214 0.1932
215 0.19375
216 0.19445
217 0.1955
218 0.1969
219 0.19735
220 0.19765
221 0.1991
222 0.1998
223 0.20145
224 0.20225
225 0.2043
226 0.20465
227 0.20495
228 0.2061
229 0.2068
230 0.20825
231 0.20895
232 0.2091
233 0.21025
234 0.21145
235 0.21255
236 0.21355
237 0.21405
238 0.21475
239 0.2153
240 0.2158
241 0.21735
242 0.21865
243 0.21935
244 0.22155
245 0.22255
246 0.22335
247 0.2236
248 0.22425
249 0.22565
250 0.2263
251 0.22685
252 0.227
253 0.22785
254 0.2292
255 0.23005
256 0.23115
257 0.23365
258 0.23405
259 0.235
260 0.2366
261 0.2372
262 0.238
263 0.2389
264 0.2399
265 0.24065
266 0.24205
267 0.2443
268 0.2449
269 0.2453
270 0.24635
271 0.24675
272 0.2484
273 0.24925
274 0.2504
275 0.2512
276 0.25155
277 0.2522
278 0.2533
279 0.2543
280 0.2548
281 0.2553
282 0.2563
283 0.2564
284 0.25695
285 0.25775
286 0.25865
287 0.25915
288 0.26015
289 0.26115
290 0.26255
291 0.26315
292 0.26375
293 0.2643
294 0.26485
295 0.2651
296 0.2666
297 0.2675
298 0.26845
299 0.2698
300 0.27025
301 0.27275
302 0.27335
303 0.27355
304 0.27505
305 0.2774
306 0.2794
307 0.2802
308 0.28055
309 0.28115
310 0.2815
311 0.2822
312 0.2826
313 0.2836
314 0.28435
315 0.2862
316 0.28745
317 0.28835
318 0.28935
319 0.2898
320 0.2907
321 0.2911
322 0.2918
323 0.2925
324 0.2931
325 0.29475
326 0.2958
327 0.29645
328 0.29745
329 0.29805
330 0.29905
331 0.29955
332 0.3004
333 0.30085
334 0.30165
335 0.30215
336 0.3031
337 0.30345
338 0.30395
339 0.3047
340 0.3059
341 0.30695
342 0.3076
343 0.3081
344 0.31
345 0.31115
346 0.312
347 0.31375
348 0.31505
349 0.31525
350 0.31655
351 0.31705
352 0.31825
353 0.32015
354 0.32205
355 0.32285
356 0.32395
357 0.3244
358 0.32545
359 0.3264
360 0.32685
361 0.32805
362 0.329
363 0.3295
364 0.33005
365 0.33075
366 0.3322
367 0.33345
368 0.33435
369 0.33525
370 0.3363
371 0.33685
372 0.33815
373 0.33895
374 0.3396
375 0.33995
376 0.34135
377 0.3429
378 0.3442
379 0.345
380 0.3467
381 0.34725
382 0.3481
383 0.3488
384 0.3502
385 0.35155
386 0.35255
387 0.3544
388 0.35615
389 0.35675
390 0.35785
391 0.3591
392 0.36015
393 0.36085
394 0.3619
395 0.3631
396 0.3641
397 0.3648
398 0.3664
399 0.3674
400 0.36805
401 0.36855
402 0.36915
403 0.37
404 0.37055
405 0.3723
406 0.37375
407 0.37515
408 0.3761
409 0.37635
410 0.3773
411 0.3788
412 0.37925
413 0.38015
414 0.3813
415 0.382
416 0.38335
417 0.38345
418 0.3847
419 0.3854
420 0.38645
421 0.3867
422 0.38705
423 0.3874
424 0.38885
425 0.3903
426 0.3916
427 0.39195
428 0.3935
429 0.39495
430 0.3959
431 0.3972
432 0.3981
433 0.3994
434 0.4009
435 0.4022
436 0.40345
437 0.4047
438 0.40675
439 0.4073
440 0.4079
441 0.4085
442 0.40935
443 0.41
444 0.4109
445 0.4112
446 0.41245
447 0.41265
448 0.41335
449 0.41425
450 0.41495
451 0.4158
452 0.416
453 0.4169
454 0.4182
455 0.41915
456 0.4202
457 0.4211
458 0.42205
459 0.4232
460 0.42405
461 0.425
462 0.4254
463 0.42615
464 0.4266
465 0.4267
466 0.4273
467 0.4289
468 0.4303
469 0.43165
470 0.43235
471 0.4336
472 0.4352
473 0.436
474 0.4371
475 0.4383
476 0.43955
477 0.4408
478 0.442
479 0.443
480 0.44415
481 0.44535
482 0.44585
483 0.44645
484 0.4478
485 0.4489
486 0.44905
487 0.4504
488 0.4512
489 0.4516
490 0.45245
491 0.45355
492 0.45425
493 0.45445
494 0.45555
495 0.4562
496 0.45675
497 0.45715
498 0.4584
499 0.4592
500 0.4604
501 0.46265
502 0.46325
503 0.46375
504 0.4643
505 0.46535
506 0.467
507 0.4689
508 0.47005
509 0.47135
510 0.4719
511 0.4724
512 0.4733
513 0.47385
514 0.47465
515 0.4762
516 0.4769
517 0.4784
518 0.4792
519 0.4796
520 0.4799
521 0.4808
522 0.4826
523 0.48345
524 0.4848
525 0.48535
526 0.4871
527 0.4882
528 0.4891
529 0.48965
530 0.4904
531 0.49135
532 0.4927
533 0.49375
534 0.4945
535 0.4957
536 0.49725
537 0.498
538 0.49875
539 0.49985
540 0.50035
541 0.50115
542 0.50235
543 0.50355
544 0.5041
545 0.5043
546 0.5056
547 0.5068
548 0.5078
549 0.50925
550 0.5105
551 0.51205
552 0.5128
553 0.5133
554 0.5143
555 0.51465
556 0.51575
557 0.51685
558 0.51765
559 0.5179
560 0.5195
561 0.52025
562 0.52065
563 0.52115
564 0.5224
565 0.52325
566 0.52405
567 0.52445
568 0.5254
569 0.526
570 0.5272
571 0.52855
572 0.5297
573 0.53035
574 0.53175
575 0.53315
576 0.53445
577 0.5353
578 0.53605
579 0.53685
580 0.53735
581 0.5395
582 0.5405
583 0.5415
584 0.5432
585 0.5435
586 0.5441
587 0.5453
588 0.5468
589 0.54885
590 0.5498
591 0.55125
592 0.5522
593 0.5533
594 0.5536
595 0.55415
596 0.5545
597 0.55565
598 0.556
599 0.5563
600 0.5583
601 0.5595
602 0.5605
603 0.5612
604 0.56165
605 0.5624
606 0.5636
607 0.56465
608 0.5649
609 0.5662
610 0.5668
611 0.56755
612 0.56855
613 0.57
614 0.57055
615 0.5711
616 0.57165
617 0.57265
618 0.57355
619 0.57495
620 0.57585
621 0.57705
622 0.5782
623 0.57875
624 0.57945
625 0.5799
626 0.58075
627 0.5816
628 0.5831
629 0.58415
630 0.58475
631 0.5853
632 0.5863
633 0.5874
634 0.5893
635 0.58955
636 0.58995
637 0.5914
638 0.5933
639 0.5937
640 0.59435
641 0.59475
642 0.59535
643 0.5961
644 0.59665
645 0.59725
646 0.59775
647 0.59845
648 0.5989
649 0.6003
650 0.6017
651 0.60205
652 0.6025
653 0.60425
654 0.60475
655 0.60615
656 0.6077
657 0.60865
658 0.6093
659 0.6102
660 0.61175
661 0.6126
662 0.61395
663 0.61455
664 0.6151
665 0.61585
666 0.6165
667 0.61815
668 0.61895
669 0.61955
670 0.62045
671 0.62165
672 0.62335
673 0.6251
674 0.6255
675 0.6258
676 0.6263
677 0.62755
678 0.62825
679 0.62865
680 0.63085
681 0.63215
682 0.6335
683 0.63465
684 0.63645
685 0.63765
686 0.6381
687 0.6387
688 0.64045
689 0.6412
690 0.64165
691 0.64265
692 0.6433
693 0.6448
694 0.6459
695 0.6473
696 0.64895
697 0.65065
698 0.6514
699 0.65255
700 0.65415
701 0.6551
702 0.656
703 0.6565
704 0.65795
705 0.65895
706 0.6597
707 0.66045
708 0.66165
709 0.66225
710 0.6627
711 0.6629
712 0.6638
713 0.66575
714 0.66635
715 0.66685
716 0.66845
717 0.6691
718 0.6704
719 0.6713
720 0.6723
721 0.6739
722 0.6749
723 0.6756
724 0.6759
725 0.67665
726 0.6777
727 0.67845
728 0.6791
729 0.68015
730 0.6813
731 0.68185
732 0.68265
733 0.68415
734 0.6854
735 0.6867
736 0.6872
737 0.68805
738 0.6886
739 0.68915
740 0.69145
741 0.69165
742 0.6927
743 0.69335
744 0.69505
745 0.69565
746 0.6963
747 0.6974
748 0.699
749 0.70005
750 0.70085
751 0.7019
752 0.70325
753 0.7046
754 0.7061
755 0.70675
756 0.70715
757 0.70895
758 0.70985
759 0.71045
760 0.7115
761 0.7126
762 0.71325
763 0.7138
764 0.71445
765 0.71605
766 0.71705
767 0.7181
768 0.71885
769 0.71955
770 0.72055
771 0.72125
772 0.722
773 0.72225
774 0.7231
775 0.7244
776 0.72635
777 0.7276
778 0.7285
779 0.7299
780 0.7308
781 0.7324
782 0.7337
783 0.73435
784 0.7354
785 0.73665
786 0.7374
787 0.73755
788 0.73795
789 0.74025
790 0.74215
791 0.74355
792 0.74465
793 0.74535
794 0.74595
795 0.74645
796 0.7471
797 0.74765
798 0.7485
799 0.74945
800 0.7511
801 0.75175
802 0.75245
803 0.7531
804 0.7547
805 0.7564
806 0.75715
807 0.75765
808 0.758
809 0.7606
810 0.7614
811 0.7624
812 0.76295
813 0.7633
814 0.76465
815 0.76645
816 0.76735
817 0.76815
818 0.76865
819 0.769
820 0.76975
821 0.772
822 0.773
823 0.77435
824 0.7747
825 0.77515
826 0.7764
827 0.77745
828 0.7778
829 0.77805
830 0.77955
831 0.78025
832 0.78135
833 0.78265
834 0.7836
835 0.78385
836 0.78495
837 0.786
838 0.78735
839 0.7883
840 0.7895
841 0.79045
842 0.7906
843 0.7919
844 0.7924
845 0.79385
846 0.7943
847 0.79485
848 0.7954
849 0.79635
850 0.7967
851 0.7973
852 0.79775
853 0.7989
854 0.7994
855 0.8001
856 0.8002
857 0.8009
858 0.8026
859 0.80275
860 0.80395
861 0.8044
862 0.80505
863 0.8053
864 0.8057
865 0.8067
866 0.8078
867 0.8082
868 0.80865
869 0.80985
870 0.81015
871 0.81085
872 0.8111
873 0.8119
874 0.812
875 0.8124
876 0.8126
877 0.81365
878 0.81605
879 0.8173
880 0.81805
881 0.8194
882 0.8199
883 0.8203
884 0.82125
885 0.8218
886 0.82255
887 0.8227
888 0.82355
889 0.8248
890 0.8256
891 0.82625
892 0.82685
893 0.8274
894 0.82765
895 0.8282
896 0.82985
897 0.83105
898 0.8323
899 0.83335
900 0.8343
901 0.835
902 0.8361
903 0.83725
904 0.8377
905 0.83895
906 0.84055
907 0.8407
908 0.84125
909 0.8428
910 0.84335
911 0.8443
912 0.8447
913 0.846
914 0.8462
915 0.847
916 0.8475
917 0.84815
918 0.849
919 0.84945
920 0.8505
921 0.85075
922 0.85225
923 0.8528
924 0.8531
925 0.8545
926 0.85525
927 0.85545
928 0.85755
929 0.85795
930 0.85945
931 0.8601
932 0.86115
933 0.86175
934 0.8626
935 0.8639
936 0.8661
937 0.8663
938 0.8675
939 0.8679
940 0.8686
941 0.86925
942 0.87035
943 0.8717
944 0.8731
945 0.87435
946 0.8754
947 0.876
948 0.8768
949 0.87825
950 0.88065
951 0.88235
952 0.88255
953 0.8831
954 0.8836
955 0.88395
956 0.88505
957 0.88595
958 0.88645
959 0.888
960 0.8886
961 0.88995
962 0.8907
963 0.8916
964 0.8921
965 0.8933
966 0.89525
967 0.89635
968 0.89745
969 0.89795
970 0.89965
971 0.8999
972 0.90045
973 0.90085
974 0.90155
975 0.90265
976 0.9032
977 0.90385
978 0.9045
979 0.90495
980 0.9061
981 0.90635
982 0.9075
983 0.9081
984 0.9095
985 0.9103
986 0.91145
987 0.91235
988 0.91335
989 0.9137
990 0.91395
991 0.91485
992 0.9153
993 0.9161
994 0.91715
995 0.9191
996 0.91965
997 0.9205
998 0.92175
999 0.92185
1000 0.92235
1001 0.92375
1002 0.9244
1003 0.92525
1004 0.92545
1005 0.9259
1006 0.92725
1007 0.9281
1008 0.9287
1009 0.9294
1010 0.93015
1011 0.93085
1012 0.9316
1013 0.9323
1014 0.93345
1015 0.9348
1016 0.9363
1017 0.93715
1018 0.93745
1019 0.938
1020 0.93895
1021 0.93995
1022 0.94075
1023 0.94155
1024 0.9427
1025 0.94385
1026 0.9447
1027 0.94515
1028 0.9458
1029 0.9464
1030 0.9468
1031 0.94695
1032 0.94805
1033 0.9488
1034 0.94895
1035 0.94945
1036 0.9502
1037 0.9519
1038 0.953
1039 0.95505
1040 0.9557
1041 0.9565
1042 0.9573
1043 0.9586
1044 0.959
1045 0.9593
1046 0.9595
1047 0.96035
1048 0.9615
1049 0.96225
1050 0.96375
1051 0.9651
1052 0.9654
1053 0.96665
1054 0.9673
1055 0.96805
1056 0.96915
1057 0.9696
1058 0.9711
1059 0.9715
1060 0.972
1061 0.9728
1062 0.97345
1063 0.97395
1064 0.9748
1065 0.97615
1066 0.9767
1067 0.978
1068 0.9789
1069 0.97965
1070 0.98005
1071 0.9812
1072 0.98205
1073 0.98335
1074 0.984
1075 0.9846
1076 0.98655
1077 0.98775
1078 0.98875
1079 0.9901
1080 0.9912
1081 0.99195
1082 0.99325
1083 0.99445
1084 0.99625
1085 0.9969
1086 0.99735
1087 0.99925
1088 1.00055
# Generated pool n. 8 for Umax = 305.9598693847656
# Generated a biased pool of 20000 with an acceptance of 0.02256275713443756
# Generated a pool of 20000 with an acceptance of 0.0009187786960514221
# Generation repeated 1089 times
# Average relative effective sample size: 0.004113589413464069
# Generation efficiency: 0.0009182736455463728
