# Generation 19

0 0.00325
1 0.0044
2 0.0055
3 0.00885
4 0.00925
5 0.01105
6 0.0117
7 0.01345
8 0.0147
9 0.01665
10 0.01865
11 0.0193
12 0.01985
13 0.0216
14 0.02345
15 0.0266
16 0.02785
17 0.0309
18 0.03335
19 0.03425
20 0.03525
21 0.0368
22 0.03755
23 0.03815
24 0.0392
25 0.04195
26 0.0423
27 0.0437
28 0.0439
29 0.044
30 0.04655
31 0.0475
32 0.05095
33 0.0515
34 0.0523
35 0.0538
36 0.05485
37 0.0556
38 0.05645
39 0.0572
40 0.05795
41 0.0604
42 0.06105
43 0.0641
44 0.0667
45 0.0683
46 0.06885
47 0.07025
48 0.0708
49 0.07375
50 0.0754
51 0.0775
52 0.0785
53 0.08035
54 0.08095
55 0.08195
56 0.0831
57 0.08675
58 0.0873
59 0.088
60 0.08865
61 0.08945
62 0.091
63 0.09385
64 0.0941
65 0.09655
66 0.09815
67 0.1001
68 0.10055
69 0.10255
70 0.10555
71 0.10735
72 0.10885
73 0.1104
74 0.11275
75 0.1133
76 0.11565
77 0.1161
78 0.11825
79 0.11995
80 0.12035
81 0.1211
82 0.1218
83 0.1234
84 0.12525
85 0.12605
86 0.1278
87 0.1291
88 0.13115
89 0.1357
90 0.13825
91 0.139
92 0.14075
93 0.1415
94 0.14405
95 0.1474
96 0.1485
97 0.14975
98 0.15005
99 0.1508
100 0.15125
101 0.1535
102 0.1536
103 0.15485
104 0.1559
105 0.15655
106 0.1577
107 0.1601
108 0.161
109 0.16185
110 0.16285
111 0.163
112 0.1676
113 0.1702
114 0.1728
115 0.17505
116 0.1764
117 0.17835
118 0.18055
119 0.1831
120 0.1841
121 0.1849
122 0.18615
123 0.1882
124 0.18885
125 0.1898
126 0.19215
127 0.19355
128 0.1952
129 0.1989
130 0.1996
131 0.20085
132 0.20155
133 0.202
134 0.2031
135 0.20675
136 0.2095
137 0.2104
138 0.21105
139 0.2121
140 0.2128
141 0.2136
142 0.21575
143 0.2158
144 0.2183
145 0.21975
146 0.2216
147 0.22335
148 0.2265
149 0.22775
150 0.2285
151 0.22945
152 0.23105
153 0.2326
154 0.23475
155 0.2359
156 0.23695
157 0.23825
158 0.23945
159 0.24175
160 0.24255
161 0.24355
162 0.24405
163 0.2459
164 0.24645
165 0.2476
166 0.24825
167 0.24905
168 0.25015
169 0.25175
170 0.2529
171 0.25365
172 0.25515
173 0.25635
174 0.2578
175 0.26095
176 0.26245
177 0.26455
178 0.26495
179 0.2654
180 0.2673
181 0.2687
182 0.2691
183 0.2719
184 0.27245
185 0.2732
186 0.27365
187 0.274
188 0.2752
189 0.27635
190 0.2778
191 0.279
192 0.2809
193 0.28275
194 0.28545
195 0.2878
196 0.2886
197 0.29
198 0.2916
199 0.29265
200 0.29455
201 0.2961
202 0.2969
203 0.2979
204 0.2987
205 0.3002
206 0.3007
207 0.3019
208 0.30365
209 0.30435
210 0.3053
211 0.30575
212 0.3061
213 0.3071
214 0.30885
215 0.3104
216 0.3116
217 0.31335
218 0.31385
219 0.3159
220 0.31685
221 0.319
222 0.323
223 0.3245
224 0.32585
225 0.3281
226 0.32945
227 0.33085
228 0.3318
229 0.3331
230 0.33335
231 0.3346
232 0.33555
233 0.33655
234 0.3381
235 0.33925
236 0.3401
237 0.3409
238 0.34145
239 0.34245
240 0.34285
241 0.34515
242 0.34615
243 0.34815
244 0.3502
245 0.3506
246 0.3515
247 0.35195
248 0.353
249 0.3534
250 0.3552
251 0.3563
252 0.35805
253 0.35905
254 0.3595
255 0.3621
256 0.36385
257 0.36545
258 0.36845
259 0.36895
260 0.371
261 0.3717
262 0.37385
263 0.37445
264 0.3762
265 0.37775
266 0.3787
267 0.3803
268 0.382
269 0.38285
270 0.38515
271 0.3869
272 0.38745
273 0.3894
274 0.39
275 0.39155
276 0.39305
277 0.394
278 0.39455
279 0.3952
280 0.3965
281 0.39795
282 0.3983
283 0.39975
284 0.4012
285 0.40225
286 0.40315
287 0.40445
288 0.4063
289 0.40725
290 0.4102
291 0.41115
292 0.4124
293 0.4125
294 0.41465
295 0.41725
296 0.41915
297 0.41975
298 0.42145
299 0.42215
300 0.42345
301 0.4254
302 0.4258
303 0.4269
304 0.42705
305 0.42775
306 0.42825
307 0.4291
308 0.42945
309 0.43125
310 0.43285
311 0.43315
312 0.43435
313 0.4359
314 0.43755
315 0.44005
316 0.4432
317 0.4452
318 0.44685
319 0.4481
320 0.4515
321 0.4525
322 0.4543
323 0.4549
324 0.45525
325 0.4559
326 0.45675
327 0.46035
328 0.4622
329 0.4639
330 0.46505
331 0.4662
332 0.46685
333 0.46785
334 0.46975
335 0.4702
336 0.4709
337 0.4724
338 0.4741
339 0.4764
340 0.477
341 0.47825
342 0.4796
343 0.481
344 0.4835
345 0.4851
346 0.4853
347 0.4866
348 0.4881
349 0.4895
350 0.4909
351 0.4936
352 0.4955
353 0.4976
354 0.499
355 0.5008
356 0.5036
357 0.5064
358 0.50645
359 0.50915
360 0.5109
361 0.5114
362 0.51185
363 0.5138
364 0.5143
365 0.51505
366 0.51595
367 0.51845
368 0.5198
369 0.52085
370 0.52365
371 0.5244
372 0.52575
373 0.52625
374 0.5267
375 0.52835
376 0.5292
377 0.52975
378 0.53115
379 0.53535
380 0.5364
381 0.53885
382 0.54125
383 0.543
384 0.54305
385 0.54375
386 0.5447
387 0.54575
388 0.54835
389 0.5491
390 0.54945
391 0.55095
392 0.55375
393 0.5547
394 0.55635
395 0.5579
396 0.56055
397 0.56175
398 0.56255
399 0.56485
400 0.56805
401 0.56905
402 0.5708
403 0.57235
404 0.5748
405 0.57665
406 0.57695
407 0.57825
408 0.58045
409 0.5823
410 0.5828
411 0.585
412 0.58715
413 0.58905
414 0.5892
415 0.5897
416 0.591
417 0.5932
418 0.5946
419 0.59555
420 0.5961
421 0.5966
422 0.59805
423 0.59975
424 0.60135
425 0.603
426 0.6055
427 0.6068
428 0.60775
429 0.6079
430 0.6104
431 0.6117
432 0.61405
433 0.6164
434 0.6211
435 0.62205
436 0.62375
437 0.62475
438 0.6263
439 0.62735
440 0.6291
441 0.6315
442 0.6322
443 0.6329
444 0.63495
445 0.63515
446 0.63635
447 0.63835
448 0.6394
449 0.63955
450 0.6406
451 0.64125
452 0.64145
453 0.64355
454 0.6437
455 0.64565
456 0.64635
457 0.64735
458 0.64965
459 0.65085
460 0.6519
461 0.65425
462 0.6553
463 0.65715
464 0.65925
465 0.66025
466 0.6611
467 0.6617
468 0.66335
469 0.6644
470 0.66605
471 0.66715
472 0.6689
473 0.66985
474 0.67255
475 0.6732
476 0.6743
477 0.6769
478 0.6776
479 0.67855
480 0.68065
481 0.68105
482 0.68255
483 0.6834
484 0.6845
485 0.6854
486 0.6872
487 0.68785
488 0.68855
489 0.6904
490 0.69155
491 0.6933
492 0.69715
493 0.6974
494 0.6979
495 0.69815
496 0.69935
497 0.70045
498 0.7007
499 0.7011
500 0.7023
501 0.70305
502 0.70445
503 0.7065
504 0.7077
505 0.7096
506 0.71095
507 0.71255
508 0.7132
509 0.71575
510 0.71585
511 0.71605
512 0.71735
513 0.71765
514 0.7193
515 0.71995
516 0.7207
517 0.7218
518 0.7225
519 0.7243
520 0.7265
521 0.72675
522 0.72815
523 0.7288
524 0.73045
525 0.7334
526 0.73585
527 0.73775
528 0.7392
529 0.7413
530 0.742
531 0.7427
532 0.746
533 0.74735
534 0.7498
535 0.75035
536 0.7504
537 0.75065
538 0.7517
539 0.75425
540 0.75455
541 0.75695
542 0.75775
543 0.7581
544 0.75945
545 0.76085
546 0.76185
547 0.7626
548 0.76435
549 0.76595
550 0.76635
551 0.7669
552 0.7679
553 0.77025
554 0.77185
555 0.7721
556 0.7752
557 0.7756
558 0.7757
559 0.78055
560 0.7822
561 0.78565
562 0.7872
563 0.7893
564 0.79065
565 0.7933
566 0.79435
567 0.7954
568 0.79695
569 0.7998
570 0.80215
571 0.80255
572 0.80355
573 0.8061
574 0.8075
575 0.8085
576 0.80955
577 0.811
578 0.81185
579 0.812
580 0.81335
581 0.8142
582 0.81495
583 0.81725
584 0.8189
585 0.81985
586 0.8219
587 0.82275
588 0.8234
589 0.824
590 0.82455
591 0.82595
592 0.8267
593 0.82855
594 0.8298
595 0.83
596 0.83365
597 0.8344
598 0.8353
599 0.83755
600 0.83875
601 0.84045
602 0.8416
603 0.8432
604 0.8446
605 0.84565
606 0.84675
607 0.84715
608 0.8487
609 0.84905
610 0.85025
611 0.8519
612 0.85415
613 0.85595
614 0.85755
615 0.8592
616 0.8595
617 0.86
618 0.86235
619 0.8648
620 0.866
621 0.86945
622 0.87005
623 0.87025
624 0.87105
625 0.87145
626 0.8721
627 0.8737
628 0.87525
629 0.8767
630 0.87795
631 0.8782
632 0.8795
633 0.88115
634 0.8828
635 0.88375
636 0.88485
637 0.88695
638 0.8884
639 0.8906
640 0.89155
641 0.89175
642 0.8925
643 0.89485
644 0.8968
645 0.89745
646 0.8987
647 0.8996
648 0.90055
649 0.9026
650 0.9044
651 0.9049
652 0.9052
653 0.9058
654 0.90705
655 0.9096
656 0.9106
657 0.9128
658 0.9145
659 0.91495
660 0.9164
661 0.91845
662 0.92145
663 0.92305
664 0.92455
665 0.9248
666 0.9259
667 0.92675
668 0.92925
669 0.9305
670 0.93235
671 0.93525
672 0.93605
673 0.9399
674 0.94185
675 0.94265
676 0.9435
677 0.94575
678 0.9478
679 0.94905
680 0.9511
681 0.9524
682 0.9541
683 0.9553
684 0.956
685 0.9589
686 0.96075
687 0.9622
688 0.964
689 0.9647
690 0.96525
691 0.9656
692 0.96675
693 0.9686
694 0.97045
695 0.97085
696 0.97205
697 0.97265
698 0.9732
699 0.97445
700 0.9768
701 0.97735
702 0.97845
703 0.9786
704 0.97905
705 0.97965
706 0.9812
707 0.984
708 0.98785
709 0.99005
710 0.99215
711 0.9952
712 0.99565
713 0.9963
714 0.9969
715 1.00095
# Generated pool n. 19 for Umax = 9.379030227661133
# Generated a biased pool of 20000 with an acceptance of 0.11784791946411133
# Generated a pool of 20000 with an acceptance of 0.001397974860335195
# Generation repeated 716 times
# Average relative effective sample size: 0.010186639614403248
# Generation efficiency: 0.0013966480446927375
