# Generation 17

0 0.0004
1 0.00175
2 0.00235
3 0.00495
4 0.0058
5 0.00635
6 0.0075
7 0.00785
8 0.0095
9 0.0104
10 0.01105
11 0.01155
12 0.0128
13 0.0149
14 0.01755
15 0.02005
16 0.02015
17 0.0216
18 0.0218
19 0.02245
20 0.0233
21 0.0262
22 0.02715
23 0.0285
24 0.0289
25 0.03115
26 0.03315
27 0.03445
28 0.03495
29 0.03615
30 0.0379
31 0.03835
32 0.04105
33 0.04175
34 0.0422
35 0.04345
36 0.04385
37 0.04535
38 0.04615
39 0.0476
40 0.04825
41 0.04975
42 0.05085
43 0.05225
44 0.05375
45 0.0545
46 0.0549
47 0.05495
48 0.05595
49 0.05735
50 0.05895
51 0.0598
52 0.06195
53 0.06345
54 0.0642
55 0.06515
56 0.0664
57 0.06735
58 0.06895
59 0.06995
60 0.0702
61 0.0714
62 0.0721
63 0.0733
64 0.0751
65 0.0763
66 0.0775
67 0.07865
68 0.0804
69 0.0813
70 0.0822
71 0.08315
72 0.08355
73 0.0845
74 0.0863
75 0.0869
76 0.0895
77 0.0922
78 0.09375
79 0.094
80 0.0941
81 0.0954
82 0.0978
83 0.09855
84 0.0993
85 0.09975
86 0.10125
87 0.1023
88 0.1029
89 0.10315
90 0.10405
91 0.10675
92 0.10785
93 0.10905
94 0.1106
95 0.11345
96 0.11475
97 0.1154
98 0.1159
99 0.1185
100 0.11965
101 0.1213
102 0.12345
103 0.12405
104 0.12445
105 0.1252
106 0.1263
107 0.1284
108 0.12955
109 0.1301
110 0.13155
111 0.1318
112 0.1333
113 0.13445
114 0.13515
115 0.1355
116 0.13775
117 0.1391
118 0.1399
119 0.1415
120 0.1422
121 0.1429
122 0.14365
123 0.14545
124 0.1473
125 0.1478
126 0.1499
127 0.1522
128 0.15385
129 0.15555
130 0.1561
131 0.15735
132 0.1578
133 0.15935
134 0.1603
135 0.16145
136 0.16215
137 0.1626
138 0.1627
139 0.16365
140 0.1638
141 0.1646
142 0.16475
143 0.165
144 0.16585
145 0.16665
146 0.16825
147 0.1696
148 0.17165
149 0.1719
150 0.1731
151 0.17415
152 0.1751
153 0.1778
154 0.1794
155 0.1809
156 0.18105
157 0.18125
158 0.18235
159 0.18325
160 0.1849
161 0.187
162 0.1883
163 0.19015
164 0.19075
165 0.1909
166 0.19145
167 0.1924
168 0.19285
169 0.19305
170 0.1947
171 0.19665
172 0.1988
173 0.20025
174 0.20095
175 0.20205
176 0.20275
177 0.20425
178 0.2057
179 0.2073
180 0.20865
181 0.21055
182 0.21145
183 0.2123
184 0.21275
185 0.213
186 0.2144
187 0.2166
188 0.2168
189 0.2184
190 0.2188
191 0.2191
192 0.22035
193 0.2213
194 0.22275
195 0.22305
196 0.22595
197 0.22625
198 0.2273
199 0.2277
200 0.2292
201 0.22925
202 0.23115
203 0.2318
204 0.23325
205 0.23405
206 0.2345
207 0.23575
208 0.2378
209 0.23985
210 0.2407
211 0.24145
212 0.2423
213 0.24355
214 0.24405
215 0.24485
216 0.2462
217 0.24655
218 0.24675
219 0.24775
220 0.24795
221 0.25095
222 0.2512
223 0.2537
224 0.2554
225 0.2563
226 0.258
227 0.25845
228 0.25985
229 0.26005
230 0.2604
231 0.2606
232 0.261
233 0.2628
234 0.263
235 0.26465
236 0.26495
237 0.26515
238 0.2667
239 0.26765
240 0.2678
241 0.2685
242 0.26975
243 0.27035
244 0.27155
245 0.27315
246 0.27515
247 0.27585
248 0.27625
249 0.2765
250 0.27705
251 0.2784
252 0.27925
253 0.2798
254 0.28065
255 0.2819
256 0.28255
257 0.2839
258 0.28445
259 0.286
260 0.2869
261 0.2875
262 0.2886
263 0.29
264 0.29035
265 0.2938
266 0.2956
267 0.29695
268 0.29725
269 0.2983
270 0.2998
271 0.3006
272 0.3013
273 0.30155
274 0.30285
275 0.30365
276 0.30425
277 0.30525
278 0.30605
279 0.30715
280 0.30925
281 0.3102
282 0.3105
283 0.3106
284 0.3109
285 0.3128
286 0.3135
287 0.3144
288 0.31565
289 0.31625
290 0.31665
291 0.317
292 0.3176
293 0.3186
294 0.32055
295 0.3225
296 0.32325
297 0.32425
298 0.32435
299 0.325
300 0.32645
301 0.32745
302 0.3283
303 0.32975
304 0.3303
305 0.33115
306 0.3315
307 0.3327
308 0.3336
309 0.3344
310 0.3356
311 0.33735
312 0.3383
313 0.3395
314 0.34075
315 0.3415
316 0.34225
317 0.3429
318 0.3455
319 0.34735
320 0.3497
321 0.3511
322 0.35185
323 0.35205
324 0.35295
325 0.35435
326 0.35585
327 0.3565
328 0.35885
329 0.35915
330 0.35955
331 0.36065
332 0.3629
333 0.36355
334 0.36435
335 0.3646
336 0.3658
337 0.36665
338 0.36725
339 0.3681
340 0.3699
341 0.3704
342 0.37045
343 0.3717
344 0.37285
345 0.37345
346 0.3747
347 0.37675
348 0.37705
349 0.3787
350 0.38055
351 0.3821
352 0.38285
353 0.3837
354 0.38395
355 0.38615
356 0.38795
357 0.3896
358 0.3906
359 0.3907
360 0.39215
361 0.3932
362 0.3943
363 0.3948
364 0.395
365 0.39595
366 0.39745
367 0.3979
368 0.3999
369 0.4005
370 0.40135
371 0.40295
372 0.40315
373 0.40355
374 0.4042
375 0.40515
376 0.4066
377 0.40815
378 0.4095
379 0.41035
380 0.41175
381 0.41205
382 0.4123
383 0.41305
384 0.4143
385 0.41445
386 0.41555
387 0.4162
388 0.41655
389 0.41755
390 0.41795
391 0.41825
392 0.4187
393 0.4204
394 0.4206
395 0.42115
396 0.4225
397 0.42305
398 0.42335
399 0.42515
400 0.42625
401 0.42695
402 0.4275
403 0.42795
404 0.4292
405 0.4297
406 0.43045
407 0.432
408 0.43215
409 0.4333
410 0.43355
411 0.43445
412 0.4354
413 0.4369
414 0.4378
415 0.43905
416 0.4401
417 0.44155
418 0.44235
419 0.4444
420 0.4453
421 0.4458
422 0.4472
423 0.4487
424 0.4497
425 0.4504
426 0.4512
427 0.45145
428 0.4537
429 0.454
430 0.4547
431 0.45585
432 0.4566
433 0.45705
434 0.45775
435 0.4591
436 0.4606
437 0.46135
438 0.46165
439 0.4624
440 0.46325
441 0.46515
442 0.4662
443 0.46675
444 0.46805
445 0.4691
446 0.47005
447 0.47115
448 0.47165
449 0.47215
450 0.47285
451 0.47425
452 0.47585
453 0.4759
454 0.4776
455 0.47925
456 0.48005
457 0.4801
458 0.4802
459 0.48025
460 0.48085
461 0.4837
462 0.4843
463 0.48465
464 0.4854
465 0.48605
466 0.48665
467 0.4879
468 0.4894
469 0.4905
470 0.4929
471 0.4938
472 0.494
473 0.4944
474 0.49565
475 0.4981
476 0.4997
477 0.5001
478 0.50045
479 0.50155
480 0.50245
481 0.5036
482 0.5049
483 0.50525
484 0.5057
485 0.5062
486 0.50725
487 0.5076
488 0.5081
489 0.51005
490 0.51175
491 0.51275
492 0.5136
493 0.514
494 0.51635
495 0.5183
496 0.519
497 0.5196
498 0.5199
499 0.52065
500 0.5222
501 0.5239
502 0.52525
503 0.5254
504 0.526
505 0.52615
506 0.52705
507 0.52795
508 0.5283
509 0.5287
510 0.5299
511 0.5312
512 0.5314
513 0.5319
514 0.5321
515 0.53265
516 0.5332
517 0.5336
518 0.5343
519 0.5346
520 0.5349
521 0.53635
522 0.53695
523 0.5371
524 0.53725
525 0.53815
526 0.53885
527 0.54
528 0.54075
529 0.5412
530 0.5419
531 0.54295
532 0.54355
533 0.54395
534 0.5444
535 0.5454
536 0.5458
537 0.54595
538 0.5464
539 0.54655
540 0.54725
541 0.5484
542 0.54905
543 0.5513
544 0.55165
545 0.5524
546 0.55385
547 0.55545
548 0.5567
549 0.55765
550 0.55815
551 0.55855
552 0.5608
553 0.56235
554 0.5648
555 0.5663
556 0.56675
557 0.5682
558 0.5707
559 0.5714
560 0.5722
561 0.57285
562 0.5737
563 0.5748
564 0.5757
565 0.57605
566 0.57755
567 0.5779
568 0.57865
569 0.5797
570 0.5801
571 0.58045
572 0.58175
573 0.5819
574 0.5831
575 0.58495
576 0.587
577 0.58805
578 0.589
579 0.5904
580 0.5923
581 0.59335
582 0.59425
583 0.5956
584 0.5973
585 0.59755
586 0.59865
587 0.5999
588 0.60095
589 0.6017
590 0.6026
591 0.6043
592 0.60535
593 0.6065
594 0.60795
595 0.6099
596 0.6104
597 0.61145
598 0.612
599 0.6139
600 0.61445
601 0.61485
602 0.6157
603 0.6163
604 0.6171
605 0.61815
606 0.62
607 0.62015
608 0.62115
609 0.62205
610 0.6235
611 0.62565
612 0.627
613 0.6287
614 0.62995
615 0.63095
616 0.63235
617 0.6326
618 0.63355
619 0.63515
620 0.6364
621 0.6378
622 0.6384
623 0.639
624 0.64
625 0.64255
626 0.6435
627 0.64565
628 0.6475
629 0.6481
630 0.6496
631 0.65195
632 0.65285
633 0.6537
634 0.6546
635 0.6555
636 0.65735
637 0.6584
638 0.6585
639 0.6588
640 0.65965
641 0.65975
642 0.66185
643 0.6622
644 0.6639
645 0.66465
646 0.6669
647 0.66915
648 0.67015
649 0.67035
650 0.6713
651 0.67245
652 0.6728
653 0.674
654 0.67435
655 0.675
656 0.67575
657 0.6767
658 0.6773
659 0.6776
660 0.67975
661 0.68265
662 0.6831
663 0.6849
664 0.6861
665 0.68775
666 0.68835
667 0.6884
668 0.69005
669 0.6906
670 0.69105
671 0.69135
672 0.6922
673 0.6936
674 0.69485
675 0.6957
676 0.69575
677 0.6964
678 0.6966
679 0.69695
680 0.6975
681 0.6978
682 0.6988
683 0.69955
684 0.69965
685 0.70005
686 0.70105
687 0.70155
688 0.70275
689 0.7037
690 0.7044
691 0.70515
692 0.7059
693 0.70695
694 0.70775
695 0.7085
696 0.7088
697 0.709
698 0.7101
699 0.71175
700 0.71375
701 0.71495
702 0.7157
703 0.71595
704 0.7173
705 0.7192
706 0.7194
707 0.72055
708 0.7231
709 0.7235
710 0.7242
711 0.72565
712 0.72605
713 0.72785
714 0.72875
715 0.72955
716 0.73005
717 0.73085
718 0.7324
719 0.7327
720 0.73375
721 0.735
722 0.73575
723 0.7374
724 0.7387
725 0.741
726 0.74295
727 0.7434
728 0.7447
729 0.7458
730 0.74705
731 0.7481
732 0.7491
733 0.7505
734 0.7517
735 0.75335
736 0.75385
737 0.7561
738 0.75625
739 0.7569
740 0.7578
741 0.7582
742 0.759
743 0.75995
744 0.76025
745 0.76165
746 0.76225
747 0.76295
748 0.7635
749 0.7651
750 0.7667
751 0.76695
752 0.7672
753 0.7683
754 0.7692
755 0.7699
756 0.7718
757 0.7725
758 0.7728
759 0.77435
760 0.7765
761 0.7777
762 0.778
763 0.7792
764 0.7799
765 0.78145
766 0.78205
767 0.78255
768 0.78315
769 0.7853
770 0.7863
771 0.7871
772 0.7898
773 0.7909
774 0.7919
775 0.7928
776 0.7944
777 0.79535
778 0.79565
779 0.79735
780 0.79775
781 0.7992
782 0.80065
783 0.80255
784 0.80365
785 0.8042
786 0.8048
787 0.805
788 0.80545
789 0.8057
790 0.80725
791 0.808
792 0.80915
793 0.8093
794 0.8098
795 0.81105
796 0.8116
797 0.81245
798 0.813
799 0.8141
800 0.81425
801 0.8149
802 0.81565
803 0.8171
804 0.8176
805 0.81915
806 0.8205
807 0.82095
808 0.8211
809 0.82165
810 0.82295
811 0.8233
812 0.82595
813 0.82795
814 0.82855
815 0.8294
816 0.8311
817 0.832
818 0.83265
819 0.83435
820 0.8361
821 0.83755
822 0.83935
823 0.84025
824 0.84235
825 0.8437
826 0.8439
827 0.8447
828 0.84555
829 0.84635
830 0.84765
831 0.8484
832 0.8494
833 0.8515
834 0.85255
835 0.85325
836 0.8545
837 0.8552
838 0.85615
839 0.8582
840 0.8591
841 0.8593
842 0.862
843 0.86365
844 0.8647
845 0.8661
846 0.86655
847 0.86735
848 0.8681
849 0.86885
850 0.86965
851 0.8703
852 0.87145
853 0.8719
854 0.87335
855 0.8749
856 0.8756
857 0.8762
858 0.87695
859 0.87845
860 0.8791
861 0.8798
862 0.88085
863 0.88245
864 0.88355
865 0.88525
866 0.8863
867 0.88775
868 0.88895
869 0.88935
870 0.88965
871 0.8908
872 0.89205
873 0.8924
874 0.8947
875 0.8957
876 0.897
877 0.89775
878 0.89905
879 0.90135
880 0.9029
881 0.90415
882 0.90495
883 0.90515
884 0.9071
885 0.90795
886 0.90885
887 0.9093
888 0.91015
889 0.9137
890 0.9148
891 0.9158
892 0.91625
893 0.9176
894 0.9183
895 0.9186
896 0.9201
897 0.92115
898 0.9229
899 0.9252
900 0.9253
901 0.92585
902 0.9271
903 0.928
904 0.92865
905 0.93055
906 0.93105
907 0.93145
908 0.93195
909 0.9337
910 0.9341
911 0.9347
912 0.93665
913 0.93675
914 0.9383
915 0.9405
916 0.94105
917 0.942
918 0.943
919 0.9438
920 0.94485
921 0.94535
922 0.94595
923 0.94635
924 0.94765
925 0.9492
926 0.94955
927 0.9519
928 0.95225
929 0.95245
930 0.95265
931 0.9538
932 0.9545
933 0.95555
934 0.9558
935 0.9566
936 0.9583
937 0.95915
938 0.95965
939 0.961
940 0.9611
941 0.96215
942 0.9627
943 0.96345
944 0.9643
945 0.9655
946 0.96585
947 0.967
948 0.9696
949 0.9697
950 0.97
951 0.97015
952 0.9706
953 0.9716
954 0.97195
955 0.97275
956 0.97505
957 0.9757
958 0.97685
959 0.9782
960 0.9785
961 0.97995
962 0.9805
963 0.9808
964 0.98265
965 0.98355
966 0.9854
967 0.98595
968 0.9868
969 0.9877
970 0.98835
971 0.98915
972 0.9909
973 0.99105
974 0.9915
975 0.99205
976 0.99405
977 0.9941
978 0.995
979 0.99515
980 0.9961
981 0.99695
982 0.99775
983 0.9984
984 0.99855
985 0.99945
986 1.00025
# Generated pool n. 17 for Umax = 21.69432258605957
# Generated a biased pool of 20000 with an acceptance of 0.06886610388755798
# Generated a pool of 20000 with an acceptance of 0.0010134245187436658
# Generation repeated 987 times
# Average relative effective sample size: 0.005933260545134544
# Generation efficiency: 0.0010131712259371835
