# Generation 39

0 0.01805
1 0.02575
2 0.0335
3 0.04215
4 0.0541
5 0.06155
6 0.0766
7 0.08585
8 0.0885
9 0.1101
10 0.1156
11 0.1182
12 0.123
13 0.1311
14 0.147
15 0.158
16 0.16965
17 0.18285
18 0.18545
19 0.20285
20 0.2141
21 0.2319
22 0.23925
23 0.2501
24 0.25995
25 0.27655
26 0.29145
27 0.2966
28 0.30985
29 0.31675
30 0.33235
31 0.34475
32 0.3475
33 0.3518
34 0.36475
35 0.37485
36 0.38575
37 0.3966
38 0.3995
39 0.4074
40 0.4234
41 0.4255
42 0.4445
43 0.4538
44 0.4568
45 0.47015
46 0.48145
47 0.48375
48 0.4862
49 0.49995
50 0.51085
51 0.51535
52 0.5338
53 0.54145
54 0.5515
55 0.5557
56 0.5609
57 0.57945
58 0.59165
59 0.5966
60 0.6045
61 0.61455
62 0.6247
63 0.6361
64 0.6491
65 0.65645
66 0.6653
67 0.6743
68 0.6803
69 0.6916
70 0.6945
71 0.69885
72 0.7132
73 0.7228
74 0.73525
75 0.74075
76 0.75245
77 0.75855
78 0.7663
79 0.7701
80 0.7816
81 0.787
82 0.7885
83 0.79235
84 0.8072
85 0.82595
86 0.8351
87 0.83875
88 0.84805
89 0.86565
90 0.86755
91 0.88695
92 0.89645
93 0.90845
94 0.9248
95 0.9344
96 0.94275
97 0.9611
98 0.97655
99 0.98595
100 0.99945
101 1.0154
# Generated pool n. 39 for Umax = -15.606657028198242
# Generated a biased pool of 20000 with an acceptance of 0.5177578330039978
# Generated a pool of 20000 with an acceptance of 0.00995490196078431
# Generation repeated 102 times
# Average relative effective sample size: 0.1548774689435959
# Generation efficiency: 0.00980392156862745
