# Generation 18

0 0.00025
1 0.0013
2 0.0026
3 0.0052
4 0.0055
5 0.00695
6 0.00725
7 0.0078
8 0.00885
9 0.0092
10 0.01
11 0.01065
12 0.0117
13 0.012
14 0.0147
15 0.01605
16 0.01615
17 0.0171
18 0.01815
19 0.01845
20 0.02035
21 0.02155
22 0.022
23 0.0232
24 0.0243
25 0.02565
26 0.0272
27 0.02755
28 0.0284
29 0.02865
30 0.0302
31 0.0309
32 0.03175
33 0.03355
34 0.03425
35 0.03465
36 0.03605
37 0.0364
38 0.03795
39 0.0383
40 0.0386
41 0.0392
42 0.03995
43 0.0402
44 0.04195
45 0.0432
46 0.04405
47 0.0443
48 0.04555
49 0.04655
50 0.0472
51 0.0489
52 0.0495
53 0.05
54 0.05055
55 0.05285
56 0.0539
57 0.05475
58 0.05525
59 0.0562
60 0.0572
61 0.05815
62 0.0589
63 0.06055
64 0.0613
65 0.0616
66 0.0622
67 0.06365
68 0.0648
69 0.0654
70 0.06575
71 0.0664
72 0.0669
73 0.06735
74 0.06825
75 0.0687
76 0.06975
77 0.07115
78 0.0734
79 0.0745
80 0.07545
81 0.07605
82 0.0767
83 0.07865
84 0.0795
85 0.08115
86 0.08175
87 0.08375
88 0.0846
89 0.0852
90 0.0861
91 0.08695
92 0.08845
93 0.09045
94 0.0912
95 0.09265
96 0.09365
97 0.0943
98 0.0952
99 0.09605
100 0.0967
101 0.09835
102 0.1008
103 0.10255
104 0.10285
105 0.1031
106 0.1034
107 0.1038
108 0.10465
109 0.1065
110 0.10675
111 0.10805
112 0.10935
113 0.10995
114 0.1109
115 0.1122
116 0.1126
117 0.1146
118 0.1149
119 0.1165
120 0.11665
121 0.11765
122 0.118
123 0.11865
124 0.12045
125 0.122
126 0.1228
127 0.124
128 0.1246
129 0.12495
130 0.12605
131 0.1264
132 0.12765
133 0.12795
134 0.128
135 0.1305
136 0.1315
137 0.13275
138 0.13325
139 0.13375
140 0.1352
141 0.13735
142 0.1375
143 0.138
144 0.1385
145 0.13935
146 0.1421
147 0.14465
148 0.14545
149 0.14645
150 0.1475
151 0.14935
152 0.15055
153 0.15065
154 0.15115
155 0.15155
156 0.15195
157 0.15335
158 0.154
159 0.15505
160 0.156
161 0.15655
162 0.15795
163 0.15905
164 0.1615
165 0.162
166 0.1629
167 0.16365
168 0.1645
169 0.16555
170 0.1669
171 0.16815
172 0.16865
173 0.16925
174 0.1695
175 0.17005
176 0.171
177 0.17125
178 0.17245
179 0.1729
180 0.17395
181 0.175
182 0.17655
183 0.1769
184 0.17965
185 0.1814
186 0.1834
187 0.1838
188 0.18525
189 0.1858
190 0.1866
191 0.1874
192 0.1897
193 0.19165
194 0.19325
195 0.1941
196 0.19505
197 0.1956
198 0.19645
199 0.1982
200 0.19875
201 0.19915
202 0.20155
203 0.20205
204 0.2037
205 0.2041
206 0.2044
207 0.20515
208 0.2076
209 0.2081
210 0.20885
211 0.20915
212 0.20925
213 0.2107
214 0.21135
215 0.21355
216 0.21445
217 0.2148
218 0.21655
219 0.21765
220 0.21915
221 0.2202
222 0.2211
223 0.2214
224 0.22265
225 0.22415
226 0.22485
227 0.2262
228 0.22755
229 0.22795
230 0.22875
231 0.2298
232 0.2314
233 0.2315
234 0.2323
235 0.2331
236 0.2337
237 0.23435
238 0.2358
239 0.237
240 0.23815
241 0.2401
242 0.2415
243 0.2429
244 0.2437
245 0.2455
246 0.24585
247 0.2462
248 0.2472
249 0.2477
250 0.24865
251 0.249
252 0.2512
253 0.25235
254 0.2525
255 0.25335
256 0.2554
257 0.256
258 0.25675
259 0.2573
260 0.259
261 0.25935
262 0.26015
263 0.2623
264 0.26325
265 0.2643
266 0.26485
267 0.2674
268 0.26775
269 0.26835
270 0.269
271 0.27055
272 0.27165
273 0.27355
274 0.27545
275 0.27655
276 0.2775
277 0.27775
278 0.27835
279 0.27905
280 0.2811
281 0.2817
282 0.28225
283 0.2841
284 0.28475
285 0.2864
286 0.2884
287 0.2891
288 0.29115
289 0.2919
290 0.2938
291 0.29515
292 0.29625
293 0.2973
294 0.2995
295 0.29975
296 0.30135
297 0.30185
298 0.30255
299 0.3028
300 0.303
301 0.3037
302 0.3054
303 0.30645
304 0.30655
305 0.30755
306 0.3084
307 0.30905
308 0.31065
309 0.3117
310 0.3121
311 0.31255
312 0.3146
313 0.31665
314 0.3171
315 0.318
316 0.3192
317 0.32055
318 0.3207
319 0.32135
320 0.3217
321 0.322
322 0.32255
323 0.323
324 0.32405
325 0.3252
326 0.3255
327 0.3257
328 0.3265
329 0.32745
330 0.3286
331 0.32935
332 0.3296
333 0.3301
334 0.3312
335 0.33185
336 0.33365
337 0.3348
338 0.33635
339 0.3374
340 0.3385
341 0.33875
342 0.3396
343 0.3403
344 0.3411
345 0.3428
346 0.343
347 0.3438
348 0.34675
349 0.3471
350 0.34885
351 0.3509
352 0.3532
353 0.35415
354 0.3546
355 0.3552
356 0.35635
357 0.3575
358 0.35845
359 0.3596
360 0.3618
361 0.3625
362 0.36315
363 0.36445
364 0.3654
365 0.366
366 0.36655
367 0.36715
368 0.36755
369 0.36845
370 0.36905
371 0.3701
372 0.3717
373 0.3721
374 0.3734
375 0.37485
376 0.3763
377 0.37725
378 0.37815
379 0.37925
380 0.38035
381 0.3814
382 0.38295
383 0.3835
384 0.38475
385 0.3865
386 0.38875
387 0.3901
388 0.3911
389 0.39125
390 0.3914
391 0.3927
392 0.3938
393 0.39495
394 0.39565
395 0.39755
396 0.39835
397 0.3999
398 0.40085
399 0.401
400 0.40115
401 0.4032
402 0.4035
403 0.4041
404 0.40425
405 0.4047
406 0.405
407 0.40595
408 0.4064
409 0.4069
410 0.40745
411 0.40775
412 0.4093
413 0.41075
414 0.4114
415 0.41295
416 0.4132
417 0.41375
418 0.4154
419 0.4159
420 0.41725
421 0.418
422 0.41875
423 0.42025
424 0.4209
425 0.421
426 0.42145
427 0.4229
428 0.42345
429 0.42385
430 0.4249
431 0.4263
432 0.42795
433 0.42855
434 0.4288
435 0.42905
436 0.4316
437 0.4337
438 0.43605
439 0.43905
440 0.4411
441 0.44355
442 0.445
443 0.44555
444 0.4461
445 0.44685
446 0.44735
447 0.4487
448 0.4493
449 0.45035
450 0.4516
451 0.45235
452 0.45315
453 0.4554
454 0.45795
455 0.4598
456 0.461
457 0.462
458 0.4631
459 0.46525
460 0.4661
461 0.46705
462 0.468
463 0.4681
464 0.4682
465 0.4691
466 0.471
467 0.4723
468 0.4731
469 0.47465
470 0.47565
471 0.47845
472 0.47905
473 0.4796
474 0.48105
475 0.4817
476 0.48265
477 0.4829
478 0.48315
479 0.48455
480 0.48525
481 0.4862
482 0.48735
483 0.48905
484 0.4907
485 0.4926
486 0.49275
487 0.49385
488 0.49435
489 0.4957
490 0.49675
491 0.49795
492 0.49865
493 0.4998
494 0.50025
495 0.5011
496 0.5028
497 0.504
498 0.5045
499 0.50675
500 0.5087
501 0.50955
502 0.5117
503 0.5119
504 0.5139
505 0.5152
506 0.5154
507 0.5164
508 0.51875
509 0.5197
510 0.52085
511 0.5214
512 0.52255
513 0.52275
514 0.524
515 0.52605
516 0.5263
517 0.52645
518 0.52735
519 0.52845
520 0.5294
521 0.53035
522 0.53075
523 0.53165
524 0.5329
525 0.5339
526 0.5349
527 0.5355
528 0.53735
529 0.53935
530 0.54
531 0.5406
532 0.54215
533 0.54405
534 0.5445
535 0.54575
536 0.54735
537 0.5477
538 0.5494
539 0.54955
540 0.55135
541 0.55405
542 0.55505
543 0.55565
544 0.55585
545 0.55705
546 0.5583
547 0.55895
548 0.5596
549 0.5618
550 0.562
551 0.56225
552 0.56355
553 0.56495
554 0.56625
555 0.56685
556 0.56755
557 0.5686
558 0.56955
559 0.57
560 0.5703
561 0.57105
562 0.5731
563 0.575
564 0.577
565 0.5778
566 0.5791
567 0.5809
568 0.5813
569 0.58305
570 0.58445
571 0.58655
572 0.5884
573 0.589
574 0.58965
575 0.5903
576 0.5906
577 0.59175
578 0.5923
579 0.5927
580 0.59335
581 0.5948
582 0.59575
583 0.59585
584 0.5963
585 0.59635
586 0.5968
587 0.59955
588 0.5998
589 0.6022
590 0.6039
591 0.60455
592 0.6066
593 0.6074
594 0.60875
595 0.6106
596 0.61195
597 0.61425
598 0.61665
599 0.61795
600 0.6182
601 0.6195
602 0.61995
603 0.6216
604 0.62345
605 0.62495
606 0.62615
607 0.627
608 0.6274
609 0.62775
610 0.62825
611 0.62995
612 0.63215
613 0.63235
614 0.63295
615 0.63365
616 0.63475
617 0.63625
618 0.6372
619 0.6382
620 0.63885
621 0.6397
622 0.6413
623 0.64155
624 0.6419
625 0.64195
626 0.64275
627 0.6433
628 0.64525
629 0.6459
630 0.6464
631 0.64775
632 0.64945
633 0.6509
634 0.652
635 0.6526
636 0.6528
637 0.6546
638 0.6548
639 0.65575
640 0.6565
641 0.6578
642 0.65805
643 0.65985
644 0.6603
645 0.66065
646 0.66245
647 0.66345
648 0.66425
649 0.66515
650 0.66605
651 0.66765
652 0.6683
653 0.6696
654 0.66975
655 0.67095
656 0.6717
657 0.67245
658 0.6734
659 0.67365
660 0.6747
661 0.6759
662 0.67635
663 0.67855
664 0.6793
665 0.68045
666 0.6811
667 0.68195
668 0.6845
669 0.6851
670 0.6858
671 0.68685
672 0.6898
673 0.6921
674 0.69245
675 0.6925
676 0.69415
677 0.6945
678 0.6951
679 0.6966
680 0.69705
681 0.69715
682 0.6991
683 0.69995
684 0.7016
685 0.70225
686 0.70295
687 0.7034
688 0.70455
689 0.70645
690 0.70865
691 0.7093
692 0.7108
693 0.71165
694 0.7122
695 0.7134
696 0.71445
697 0.7149
698 0.7153
699 0.7165
700 0.7175
701 0.71815
702 0.71925
703 0.71955
704 0.72055
705 0.72165
706 0.72205
707 0.7232
708 0.7234
709 0.7236
710 0.72415
711 0.725
712 0.72575
713 0.7269
714 0.72885
715 0.7297
716 0.7307
717 0.73155
718 0.7322
719 0.73295
720 0.735
721 0.7358
722 0.7379
723 0.7393
724 0.74045
725 0.74275
726 0.7444
727 0.7449
728 0.7459
729 0.7476
730 0.7484
731 0.7496
732 0.75
733 0.7504
734 0.75245
735 0.75315
736 0.7541
737 0.75615
738 0.75845
739 0.75885
740 0.75985
741 0.7605
742 0.7616
743 0.7624
744 0.7627
745 0.76305
746 0.76405
747 0.7646
748 0.76585
749 0.76685
750 0.7676
751 0.76825
752 0.76835
753 0.7693
754 0.76975
755 0.77095
756 0.7716
757 0.77245
758 0.77275
759 0.7747
760 0.77665
761 0.77695
762 0.77745
763 0.779
764 0.7799
765 0.7802
766 0.78125
767 0.7828
768 0.78435
769 0.78475
770 0.78545
771 0.7856
772 0.7863
773 0.78775
774 0.78855
775 0.78985
776 0.7911
777 0.79115
778 0.7923
779 0.79355
780 0.7942
781 0.7954
782 0.7973
783 0.7987
784 0.79935
785 0.8008
786 0.8021
787 0.8029
788 0.8037
789 0.8039
790 0.80455
791 0.80495
792 0.80635
793 0.8065
794 0.808
795 0.80865
796 0.8095
797 0.812
798 0.813
799 0.8141
800 0.81545
801 0.81595
802 0.8175
803 0.8184
804 0.8185
805 0.81975
806 0.8218
807 0.8231
808 0.82375
809 0.82475
810 0.8252
811 0.82575
812 0.8267
813 0.82785
814 0.8282
815 0.8297
816 0.8319
817 0.8333
818 0.8341
819 0.8355
820 0.8374
821 0.8395
822 0.84095
823 0.8421
824 0.8434
825 0.8435
826 0.84435
827 0.847
828 0.8491
829 0.8521
830 0.8531
831 0.85415
832 0.8563
833 0.85795
834 0.8587
835 0.8598
836 0.86025
837 0.86255
838 0.8637
839 0.8648
840 0.86545
841 0.8667
842 0.86835
843 0.8686
844 0.86915
845 0.87085
846 0.8735
847 0.8752
848 0.8765
849 0.8767
850 0.8775
851 0.878
852 0.87905
853 0.88195
854 0.88385
855 0.88475
856 0.8864
857 0.8889
858 0.88995
859 0.89015
860 0.891
861 0.89225
862 0.89565
863 0.89665
864 0.8976
865 0.8989
866 0.89945
867 0.90085
868 0.90315
869 0.9045
870 0.9052
871 0.90585
872 0.9071
873 0.9088
874 0.9094
875 0.90985
876 0.91075
877 0.9123
878 0.9134
879 0.9143
880 0.91525
881 0.9159
882 0.91745
883 0.91865
884 0.9196
885 0.92075
886 0.9224
887 0.92295
888 0.92335
889 0.9241
890 0.92475
891 0.92485
892 0.92715
893 0.9284
894 0.92895
895 0.92905
896 0.93185
897 0.9333
898 0.9349
899 0.936
900 0.9381
901 0.93895
902 0.94035
903 0.941
904 0.9432
905 0.94385
906 0.94435
907 0.94505
908 0.9463
909 0.9465
910 0.9468
911 0.9478
912 0.9489
913 0.9498
914 0.95135
915 0.95185
916 0.9529
917 0.9538
918 0.9552
919 0.95645
920 0.9583
921 0.95885
922 0.9591
923 0.96115
924 0.9619
925 0.965
926 0.96705
927 0.96945
928 0.9695
929 0.9699
930 0.97105
931 0.9732
932 0.97375
933 0.97455
934 0.9769
935 0.9776
936 0.9786
937 0.9804
938 0.981
939 0.982
940 0.983
941 0.9835
942 0.9859
943 0.98605
944 0.98665
945 0.9889
946 0.99005
947 0.9912
948 0.99215
949 0.9928
950 0.9931
951 0.9937
952 0.9957
953 0.9958
954 0.997
955 0.9981
956 0.99865
957 0.999
958 0.9998
959 1.00075
# Generated pool n. 18 for Umax = 14.766664505004883
# Generated a biased pool of 20000 with an acceptance of 0.08490650355815887
# Generated a pool of 20000 with an acceptance of 0.0010424479166666646
# Generation repeated 960 times
# Average relative effective sample size: 0.006404200568795204
# Generation efficiency: 0.0010416666666666667
