# Generation 36

0 0.00445
1 0.01265
2 0.0235
3 0.03455
4 0.04235
5 0.0535
6 0.05935
7 0.0688
8 0.0824
9 0.08905
10 0.1072
11 0.11885
12 0.1297
13 0.14005
14 0.1409
15 0.1521
16 0.163
17 0.16705
18 0.1766
19 0.1811
20 0.19305
21 0.2096
22 0.21835
23 0.22805
24 0.2377
25 0.24725
26 0.25545
27 0.2619
28 0.2637
29 0.27555
30 0.28165
31 0.2841
32 0.2866
33 0.299
34 0.30125
35 0.3196
36 0.3346
37 0.34155
38 0.349
39 0.3526
40 0.3618
41 0.36375
42 0.37795
43 0.3807
44 0.38805
45 0.40195
46 0.42095
47 0.4283
48 0.4365
49 0.4399
50 0.4489
51 0.458
52 0.46435
53 0.4694
54 0.47205
55 0.4883
56 0.4932
57 0.49895
58 0.51205
59 0.51365
60 0.52235
61 0.5294
62 0.53475
63 0.5411
64 0.5496
65 0.5584
66 0.56525
67 0.5752
68 0.58785
69 0.6021
70 0.61235
71 0.61935
72 0.62655
73 0.6344
74 0.64745
75 0.6544
76 0.65715
77 0.6662
78 0.67195
79 0.6816
80 0.68815
81 0.6982
82 0.7027
83 0.7195
84 0.7359
85 0.74335
86 0.7444
87 0.7513
88 0.7604
89 0.76835
90 0.7705
91 0.7728
92 0.77415
93 0.7855
94 0.791
95 0.8051
96 0.81135
97 0.8194
98 0.82475
99 0.8325
100 0.83855
101 0.8489
102 0.84945
103 0.85285
104 0.86815
105 0.88385
106 0.8899
107 0.89625
108 0.9145
109 0.9247
110 0.9408
111 0.95535
112 0.9633
113 0.9659
114 0.98255
115 0.99085
116 0.9995
117 1.01075
# Generated pool n. 36 for Umax = -14.918373107910156
# Generated a biased pool of 20000 with an acceptance of 0.4746171236038208
# Generated a pool of 20000 with an acceptance of 0.008565677966101696
# Generation repeated 118 times
# Average relative effective sample size: 0.128230482339859
# Generation efficiency: 0.00847457627118644
