# Generation 37

0 0.00485
1 0.009
2 0.01435
3 0.02175
4 0.03145
5 0.033
6 0.04085
7 0.0523
8 0.0545
9 0.06395
10 0.07245
11 0.08255
12 0.08765
13 0.09465
14 0.1025
15 0.10745
16 0.1132
17 0.1164
18 0.12125
19 0.13025
20 0.14345
21 0.15715
22 0.1581
23 0.16395
24 0.17345
25 0.1783
26 0.1883
27 0.1949
28 0.2066
29 0.21305
30 0.2203
31 0.22575
32 0.2354
33 0.2388
34 0.2417
35 0.25165
36 0.2565
37 0.262
38 0.2688
39 0.27645
40 0.2853
41 0.2897
42 0.30055
43 0.3044
44 0.31585
45 0.32065
46 0.32755
47 0.33055
48 0.34095
49 0.3509
50 0.3562
51 0.365
52 0.36955
53 0.3749
54 0.382
55 0.38885
56 0.40295
57 0.4077
58 0.4103
59 0.4244
60 0.4331
61 0.4388
62 0.44295
63 0.45495
64 0.4643
65 0.4669
66 0.47745
67 0.4855
68 0.49295
69 0.50565
70 0.5091
71 0.51145
72 0.5192
73 0.52665
74 0.53075
75 0.53165
76 0.53605
77 0.53705
78 0.54555
79 0.54915
80 0.55835
81 0.5644
82 0.5734
83 0.577
84 0.58015
85 0.58925
86 0.59125
87 0.602
88 0.61035
89 0.61665
90 0.6239
91 0.63255
92 0.63935
93 0.6488
94 0.6595
95 0.66435
96 0.66845
97 0.67285
98 0.6837
99 0.6951
100 0.7028
101 0.7073
102 0.71235
103 0.7154
104 0.7208
105 0.7265
106 0.74395
107 0.75
108 0.75875
109 0.76665
110 0.7723
111 0.77645
112 0.7801
113 0.79145
114 0.80595
115 0.8165
116 0.8297
117 0.8424
118 0.852
119 0.8595
120 0.8655
121 0.8757
122 0.88505
123 0.8868
124 0.89105
125 0.89575
126 0.90435
127 0.9117
128 0.9227
129 0.92615
130 0.9359
131 0.9444
132 0.9532
133 0.9556
134 0.9669
135 0.9713
136 0.98115
137 0.99705
138 1.0036
# Generated pool n. 37 for Umax = -15.179727554321289
# Generated a biased pool of 20000 with an acceptance of 0.4374831020832062
# Generated a pool of 20000 with an acceptance of 0.007220143884892087
# Generation repeated 139 times
# Average relative effective sample size: 0.10395432263612747
# Generation efficiency: 0.007194244604316547
