# Generation 32

0 0.0021
1 0.00455
2 0.00905
3 0.0161
4 0.0174
5 0.0202
6 0.02355
7 0.0269
8 0.0301
9 0.03945
10 0.0466
11 0.05225
12 0.055
13 0.0603
14 0.0685
15 0.0703
16 0.0737
17 0.0774
18 0.0806
19 0.08415
20 0.0888
21 0.09515
22 0.103
23 0.1049
24 0.11
25 0.1136
26 0.1217
27 0.13285
28 0.14
29 0.14875
30 0.15415
31 0.16195
32 0.1654
33 0.17115
34 0.1784
35 0.18365
36 0.18575
37 0.1894
38 0.192
39 0.19305
40 0.1968
41 0.20305
42 0.20465
43 0.2101
44 0.2161
45 0.21715
46 0.2222
47 0.2223
48 0.2287
49 0.2378
50 0.2476
51 0.2553
52 0.25985
53 0.26595
54 0.2704
55 0.2753
56 0.27865
57 0.2795
58 0.28525
59 0.2907
60 0.2979
61 0.30315
62 0.3107
63 0.315
64 0.325
65 0.33215
66 0.3375
67 0.34435
68 0.34755
69 0.35375
70 0.3587
71 0.3654
72 0.3664
73 0.3685
74 0.36975
75 0.3732
76 0.3788
77 0.3851
78 0.38645
79 0.39525
80 0.40295
81 0.40415
82 0.40725
83 0.4116
84 0.4191
85 0.4268
86 0.43395
87 0.43975
88 0.4512
89 0.4552
90 0.4581
91 0.46605
92 0.4767
93 0.47915
94 0.48115
95 0.48515
96 0.4906
97 0.49405
98 0.49695
99 0.5007
100 0.50555
101 0.51155
102 0.5141
103 0.51605
104 0.51925
105 0.52465
106 0.53165
107 0.5374
108 0.5436
109 0.5472
110 0.5507
111 0.5516
112 0.5543
113 0.5643
114 0.56705
115 0.5726
116 0.57765
117 0.5861
118 0.5915
119 0.59595
120 0.598
121 0.59965
122 0.60345
123 0.6066
124 0.60875
125 0.611
126 0.61545
127 0.62005
128 0.62405
129 0.63155
130 0.638
131 0.64075
132 0.64575
133 0.65435
134 0.659
135 0.66045
136 0.66505
137 0.67385
138 0.6805
139 0.6877
140 0.69265
141 0.69845
142 0.7034
143 0.7069
144 0.71045
145 0.7118
146 0.7164
147 0.72135
148 0.7243
149 0.72505
150 0.73555
151 0.7391
152 0.74315
153 0.7485
154 0.7544
155 0.76175
156 0.76885
157 0.7769
158 0.7821
159 0.78775
160 0.78885
161 0.7907
162 0.7996
163 0.80585
164 0.8078
165 0.81135
166 0.81225
167 0.81345
168 0.8263
169 0.8319
170 0.8375
171 0.8484
172 0.8491
173 0.8526
174 0.85695
175 0.85935
176 0.86675
177 0.87215
178 0.87765
179 0.88625
180 0.89165
181 0.89735
182 0.9009
183 0.90905
184 0.9112
185 0.91725
186 0.9206
187 0.9301
188 0.93595
189 0.9381
190 0.94065
191 0.9436
192 0.94565
193 0.95545
194 0.9577
195 0.96065
196 0.964
197 0.96475
198 0.9696
199 0.9783
200 0.98185
201 0.98845
202 0.9918
203 0.9993
204 1.0063
# Generated pool n. 32 for Umax = -13.433649063110352
# Generated a biased pool of 20000 with an acceptance of 0.3583858907222748
# Generated a pool of 20000 with an acceptance of 0.00490878048780488
# Generation repeated 205 times
# Average relative effective sample size: 0.06556320190429688
# Generation efficiency: 0.004878048780487805
