# Generation 7

0 0.00015
1 0.0012
2 0.00185
3 0.0037
4 0.00475
5 0.00655
6 0.0073
7 0.00895
8 0.00955
9 0.01095
10 0.0119
11 0.01305
12 0.0135
13 0.0148
14 0.01585
15 0.0178
16 0.01935
17 0.02015
18 0.0209
19 0.02165
20 0.02285
21 0.0237
22 0.02445
23 0.02605
24 0.0269
25 0.02795
26 0.0298
27 0.0304
28 0.0321
29 0.03305
30 0.0337
31 0.03435
32 0.0348
33 0.0351
34 0.03665
35 0.03855
36 0.03965
37 0.04075
38 0.04125
39 0.0415
40 0.042
41 0.0426
42 0.0429
43 0.0435
44 0.0446
45 0.04625
46 0.04685
47 0.0483
48 0.0493
49 0.0509
50 0.0521
51 0.05355
52 0.05525
53 0.0567
54 0.05695
55 0.0581
56 0.0589
57 0.05995
58 0.06125
59 0.06315
60 0.06425
61 0.0651
62 0.06655
63 0.06825
64 0.0696
65 0.0713
66 0.0721
67 0.07255
68 0.0732
69 0.07415
70 0.0746
71 0.07625
72 0.0783
73 0.07865
74 0.07935
75 0.08
76 0.08155
77 0.0832
78 0.0849
79 0.0866
80 0.0879
81 0.0891
82 0.0913
83 0.09215
84 0.09285
85 0.0943
86 0.09505
87 0.09575
88 0.0975
89 0.09795
90 0.099
91 0.10005
92 0.1003
93 0.10205
94 0.10265
95 0.1033
96 0.10385
97 0.10505
98 0.10575
99 0.10765
100 0.1089
101 0.11055
102 0.11125
103 0.1125
104 0.1131
105 0.1135
106 0.1142
107 0.1153
108 0.11625
109 0.1168
110 0.11725
111 0.1177
112 0.1196
113 0.12005
114 0.1211
115 0.12145
116 0.1218
117 0.12275
118 0.12335
119 0.12415
120 0.1248
121 0.12555
122 0.12705
123 0.12795
124 0.1292
125 0.13035
126 0.1309
127 0.13205
128 0.13275
129 0.13435
130 0.13605
131 0.13745
132 0.13775
133 0.1385
134 0.1389
135 0.13965
136 0.1406
137 0.14105
138 0.14215
139 0.14265
140 0.14315
141 0.14485
142 0.14595
143 0.1475
144 0.1494
145 0.15035
146 0.15115
147 0.15165
148 0.15365
149 0.1548
150 0.15595
151 0.1566
152 0.1578
153 0.15825
154 0.15975
155 0.16
156 0.1617
157 0.1626
158 0.16405
159 0.16475
160 0.1659
161 0.16645
162 0.1679
163 0.17035
164 0.1706
165 0.17125
166 0.1728
167 0.1746
168 0.17525
169 0.17655
170 0.1783
171 0.1793
172 0.1801
173 0.18135
174 0.18175
175 0.1824
176 0.18395
177 0.18555
178 0.1872
179 0.18785
180 0.1891
181 0.19
182 0.1914
183 0.19235
184 0.1938
185 0.1944
186 0.1953
187 0.1957
188 0.19665
189 0.1975
190 0.1983
191 0.19965
192 0.2008
193 0.2016
194 0.2026
195 0.2035
196 0.20385
197 0.2055
198 0.20655
199 0.20745
200 0.20835
201 0.2103
202 0.21145
203 0.21265
204 0.21495
205 0.21565
206 0.2159
207 0.217
208 0.21815
209 0.2195
210 0.22
211 0.22235
212 0.2228
213 0.22335
214 0.2255
215 0.2268
216 0.2282
217 0.22895
218 0.2298
219 0.2312
220 0.2314
221 0.23195
222 0.23285
223 0.2338
224 0.23485
225 0.235
226 0.23615
227 0.23735
228 0.2382
229 0.23845
230 0.2397
231 0.2409
232 0.2417
233 0.24265
234 0.2443
235 0.2447
236 0.24525
237 0.2472
238 0.24795
239 0.24885
240 0.2492
241 0.2501
242 0.25135
243 0.2525
244 0.25315
245 0.25485
246 0.256
247 0.2578
248 0.25825
249 0.26005
250 0.26035
251 0.2608
252 0.2616
253 0.26285
254 0.263
255 0.2643
256 0.2653
257 0.26575
258 0.2675
259 0.26895
260 0.26935
261 0.2696
262 0.271
263 0.2729
264 0.274
265 0.27455
266 0.2752
267 0.2766
268 0.2774
269 0.27945
270 0.28025
271 0.2813
272 0.28215
273 0.2839
274 0.2851
275 0.286
276 0.28825
277 0.2888
278 0.29015
279 0.29135
280 0.2917
281 0.29315
282 0.2945
283 0.29575
284 0.29755
285 0.301
286 0.3017
287 0.30285
288 0.30575
289 0.3068
290 0.3081
291 0.3088
292 0.3099
293 0.31035
294 0.3115
295 0.31315
296 0.3146
297 0.31565
298 0.3164
299 0.3169
300 0.317
301 0.31785
302 0.3183
303 0.3193
304 0.3205
305 0.3212
306 0.3223
307 0.323
308 0.3245
309 0.32505
310 0.3255
311 0.32645
312 0.3267
313 0.32855
314 0.32885
315 0.32995
316 0.33095
317 0.3319
318 0.33265
319 0.3337
320 0.33615
321 0.3376
322 0.3385
323 0.33935
324 0.34175
325 0.34305
326 0.34425
327 0.34465
328 0.34485
329 0.34585
330 0.3474
331 0.3488
332 0.3493
333 0.35035
334 0.35205
335 0.35325
336 0.3536
337 0.35405
338 0.355
339 0.35645
340 0.3575
341 0.3593
342 0.3609
343 0.36185
344 0.3626
345 0.3638
346 0.3649
347 0.3662
348 0.36775
349 0.3686
350 0.36965
351 0.37075
352 0.37275
353 0.37385
354 0.37495
355 0.37595
356 0.3768
357 0.37705
358 0.3788
359 0.3793
360 0.3807
361 0.38195
362 0.38295
363 0.38425
364 0.3859
365 0.38625
366 0.3871
367 0.38965
368 0.39005
369 0.3912
370 0.39225
371 0.39315
372 0.39425
373 0.39615
374 0.39635
375 0.39695
376 0.39845
377 0.40005
378 0.4011
379 0.40145
380 0.40165
381 0.40265
382 0.40365
383 0.40515
384 0.40595
385 0.40715
386 0.40755
387 0.40845
388 0.40915
389 0.4099
390 0.4115
391 0.4127
392 0.41355
393 0.41455
394 0.41585
395 0.41615
396 0.41715
397 0.4189
398 0.4199
399 0.4219
400 0.4237
401 0.42515
402 0.42535
403 0.4274
404 0.42795
405 0.4287
406 0.42965
407 0.4316
408 0.4329
409 0.4331
410 0.43455
411 0.4351
412 0.4358
413 0.4365
414 0.43715
415 0.43855
416 0.43925
417 0.43965
418 0.4406
419 0.44085
420 0.4411
421 0.44225
422 0.4427
423 0.4431
424 0.4442
425 0.44505
426 0.4461
427 0.44765
428 0.449
429 0.45015
430 0.45165
431 0.4529
432 0.4553
433 0.45745
434 0.45885
435 0.4593
436 0.4604
437 0.4609
438 0.46185
439 0.46235
440 0.464
441 0.46515
442 0.46605
443 0.46745
444 0.468
445 0.4693
446 0.47035
447 0.4713
448 0.4726
449 0.4729
450 0.4741
451 0.47485
452 0.4751
453 0.4756
454 0.47605
455 0.47815
456 0.47955
457 0.48045
458 0.48115
459 0.4833
460 0.48455
461 0.4856
462 0.48675
463 0.48785
464 0.4894
465 0.49085
466 0.4921
467 0.4923
468 0.4934
469 0.49435
470 0.4958
471 0.4966
472 0.4973
473 0.4984
474 0.499
475 0.50025
476 0.501
477 0.50175
478 0.5022
479 0.50355
480 0.50445
481 0.50615
482 0.50695
483 0.50735
484 0.508
485 0.5097
486 0.5106
487 0.51155
488 0.5118
489 0.51275
490 0.51405
491 0.51515
492 0.516
493 0.5166
494 0.5176
495 0.51775
496 0.51895
497 0.51945
498 0.52135
499 0.52215
500 0.5237
501 0.5256
502 0.52665
503 0.52715
504 0.528
505 0.5284
506 0.5291
507 0.53095
508 0.5319
509 0.5332
510 0.534
511 0.5355
512 0.53745
513 0.53885
514 0.5403
515 0.54185
516 0.5425
517 0.5439
518 0.54475
519 0.546
520 0.54655
521 0.5478
522 0.54925
523 0.5505
524 0.55185
525 0.55315
526 0.55415
527 0.5552
528 0.55625
529 0.5582
530 0.55885
531 0.55995
532 0.5612
533 0.5623
534 0.56265
535 0.5639
536 0.5651
537 0.5662
538 0.5672
539 0.56935
540 0.5701
541 0.5711
542 0.5718
543 0.5725
544 0.5743
545 0.57445
546 0.57475
547 0.5758
548 0.5759
549 0.57695
550 0.5775
551 0.578
552 0.57905
553 0.58005
554 0.5814
555 0.5823
556 0.5828
557 0.5834
558 0.5847
559 0.5854
560 0.5866
561 0.588
562 0.58855
563 0.58955
564 0.5914
565 0.59225
566 0.59395
567 0.5955
568 0.5958
569 0.5969
570 0.59825
571 0.59965
572 0.6002
573 0.6008
574 0.60205
575 0.6035
576 0.6039
577 0.60585
578 0.60715
579 0.6074
580 0.6085
581 0.6098
582 0.61035
583 0.61085
584 0.61235
585 0.61415
586 0.61565
587 0.617
588 0.6178
589 0.6186
590 0.6191
591 0.62145
592 0.6224
593 0.62445
594 0.6257
595 0.62685
596 0.6273
597 0.62745
598 0.62875
599 0.6299
600 0.6314
601 0.6323
602 0.63445
603 0.63535
604 0.63645
605 0.63715
606 0.63815
607 0.6397
608 0.6404
609 0.6416
610 0.6431
611 0.644
612 0.6456
613 0.6469
614 0.64775
615 0.64845
616 0.6489
617 0.65135
618 0.65245
619 0.6531
620 0.65345
621 0.65525
622 0.65665
623 0.65775
624 0.6584
625 0.65885
626 0.6603
627 0.6612
628 0.66175
629 0.6629
630 0.6642
631 0.6655
632 0.6663
633 0.66675
634 0.6671
635 0.6686
636 0.66885
637 0.67105
638 0.6724
639 0.6732
640 0.6746
641 0.67655
642 0.6773
643 0.67905
644 0.6791
645 0.68075
646 0.6822
647 0.68335
648 0.68395
649 0.685
650 0.68595
651 0.6871
652 0.68875
653 0.6911
654 0.6917
655 0.6927
656 0.69395
657 0.69585
658 0.69685
659 0.69835
660 0.69925
661 0.7003
662 0.70145
663 0.7029
664 0.7043
665 0.7049
666 0.7066
667 0.7081
668 0.7093
669 0.70975
670 0.71135
671 0.71235
672 0.71445
673 0.71565
674 0.7166
675 0.7172
676 0.7182
677 0.71885
678 0.71955
679 0.7202
680 0.72085
681 0.7221
682 0.72325
683 0.72405
684 0.725
685 0.72575
686 0.72685
687 0.72745
688 0.7284
689 0.7299
690 0.73135
691 0.73195
692 0.73425
693 0.73555
694 0.736
695 0.7372
696 0.7389
697 0.74005
698 0.7414
699 0.7424
700 0.74315
701 0.7438
702 0.745
703 0.74565
704 0.74635
705 0.74705
706 0.7475
707 0.74805
708 0.7492
709 0.7501
710 0.751
711 0.75255
712 0.75315
713 0.75375
714 0.75535
715 0.7558
716 0.7561
717 0.75725
718 0.75825
719 0.75915
720 0.7604
721 0.7608
722 0.76175
723 0.76265
724 0.76385
725 0.7646
726 0.7653
727 0.7667
728 0.7678
729 0.7702
730 0.7716
731 0.77225
732 0.77285
733 0.77335
734 0.77445
735 0.77625
736 0.7766
737 0.77715
738 0.77795
739 0.77865
740 0.7794
741 0.78
742 0.7814
743 0.7826
744 0.7831
745 0.7836
746 0.7848
747 0.7861
748 0.7874
749 0.7893
750 0.7906
751 0.7919
752 0.7937
753 0.7944
754 0.79505
755 0.79685
756 0.7977
757 0.79815
758 0.79985
759 0.8006
760 0.8016
761 0.8026
762 0.80315
763 0.80385
764 0.80415
765 0.8054
766 0.80585
767 0.80695
768 0.80805
769 0.80895
770 0.8099
771 0.8117
772 0.81325
773 0.81435
774 0.816
775 0.81675
776 0.81775
777 0.8185
778 0.82055
779 0.8216
780 0.82265
781 0.82355
782 0.82425
783 0.8258
784 0.82665
785 0.82895
786 0.829
787 0.82995
788 0.8311
789 0.83145
790 0.83215
791 0.83295
792 0.83415
793 0.8365
794 0.837
795 0.838
796 0.8391
797 0.83955
798 0.8406
799 0.8416
800 0.8423
801 0.84435
802 0.8459
803 0.8465
804 0.8486
805 0.84945
806 0.84995
807 0.85065
808 0.85115
809 0.8537
810 0.8546
811 0.8552
812 0.8568
813 0.85745
814 0.85835
815 0.85945
816 0.8609
817 0.86115
818 0.8622
819 0.86285
820 0.8643
821 0.8654
822 0.86625
823 0.86765
824 0.86825
825 0.8696
826 0.87015
827 0.87225
828 0.87385
829 0.8751
830 0.87655
831 0.87735
832 0.87775
833 0.8791
834 0.88125
835 0.88255
836 0.8833
837 0.88385
838 0.88615
839 0.88705
840 0.8881
841 0.88915
842 0.88975
843 0.891
844 0.89195
845 0.89375
846 0.89435
847 0.8949
848 0.89525
849 0.89605
850 0.8971
851 0.8981
852 0.8992
853 0.89965
854 0.901
855 0.90175
856 0.90235
857 0.9041
858 0.9053
859 0.9077
860 0.90875
861 0.9098
862 0.9103
863 0.9113
864 0.9123
865 0.9132
866 0.9143
867 0.9147
868 0.9156
869 0.91675
870 0.9176
871 0.91895
872 0.91965
873 0.9215
874 0.9225
875 0.9236
876 0.9245
877 0.9251
878 0.9265
879 0.9278
880 0.928
881 0.92925
882 0.93035
883 0.93085
884 0.9313
885 0.9326
886 0.93365
887 0.9345
888 0.93615
889 0.9368
890 0.9386
891 0.9391
892 0.9414
893 0.9429
894 0.9435
895 0.9447
896 0.9456
897 0.94635
898 0.94835
899 0.9485
900 0.9503
901 0.95095
902 0.9527
903 0.95375
904 0.9541
905 0.95495
906 0.95645
907 0.95705
908 0.95755
909 0.9582
910 0.95905
911 0.9599
912 0.961
913 0.9624
914 0.96275
915 0.9635
916 0.9649
917 0.9663
918 0.96645
919 0.967
920 0.9676
921 0.9685
922 0.96955
923 0.9705
924 0.97195
925 0.9728
926 0.97475
927 0.975
928 0.9757
929 0.97655
930 0.97855
931 0.98025
932 0.98125
933 0.98175
934 0.98225
935 0.9837
936 0.984
937 0.98515
938 0.98675
939 0.9869
940 0.988
941 0.9886
942 0.9911
943 0.9923
944 0.99365
945 0.9949
946 0.99635
947 0.9983
948 0.99955
949 1.00095
# Generated pool n. 7 for Umax = 382.9927062988281
# Generated a biased pool of 20000 with an acceptance of 0.022175002843141556
# Generated a pool of 20000 with an acceptance of 0.001053631578947367
# Generation repeated 950 times
# Average relative effective sample size: 0.0047080134972929955
# Generation efficiency: 0.0010526315789473684
