# Run started: 2026-09-27 20:13:43.849161
# 
# STD_NS	NF_NS	TRAIN	GENER
9.075367999999999213e+00 0.000000000000000000e+00 2.503734839999999906e+02 3.488983000000000168e+00
9.019590000000000884e+00 1.882047899999999885e+01 2.462414760000000058e+02 1.489776600000000073e+01
8.850827999999999918e+00 1.830385899999999921e+01 2.639213540000000080e+02 4.921894100000000094e+01
8.866478999999999999e+00 1.820484000000000080e+01 2.632961310000000026e+02 1.682128549999999905e+02
8.878201000000000676e+00 1.853137500000000060e+01 2.621815320000000042e+02 3.909120469999999727e+02
8.846396000000000370e+00 1.824137400000000042e+01 2.617788059999999746e+02 5.696360979999999472e+02
8.792194999999999538e+00 1.824417299999999997e+01 2.630868820000000028e+02 8.640996989999999869e+02
8.846066999999999680e+00 1.823631200000000163e+01 2.608616149999999720e+02 1.084821030000000064e+03
8.805453999999999226e+00 1.821183600000000169e+01 2.607892309999999725e+02 1.245639625000000024e+03
8.881394999999999484e+00 1.820800200000000046e+01 2.607492460000000278e+02 1.636303298000000041e+03
8.882296000000000191e+00 1.898103300000000004e+01 2.617689100000000053e+02 1.511963893000000098e+03
8.826966999999999786e+00 1.857644099999999909e+01 2.610830090000000041e+02 1.701717204999999922e+03
8.828974999999999795e+00 1.851374200000000059e+01 2.624134129999999914e+02 1.681178104000000076e+03
8.914873999999999299e+00 1.824604300000000023e+01 2.612789210000000253e+02 1.860303000999999995e+03
8.861249000000000819e+00 1.844367899999999949e+01 2.617352349999999888e+02 1.648140720000000101e+03
8.852912999999999144e+00 1.824106000000000094e+01 2.619181619999999953e+02 1.443966327000000092e+03
8.897662999999999656e+00 1.839991699999999852e+01 2.623782449999999926e+02 1.298697820999999976e+03
8.853849000000000302e+00 1.851598100000000002e+01 2.632884310000000028e+02 1.129102667000000110e+03
8.886986000000000274e+00 1.839129900000000006e+01 2.619876259999999775e+02 1.096811159999999973e+03
8.781943000000000055e+00 1.852805400000000091e+01 2.595876069999999913e+02 8.190673060000000305e+02
8.815212999999999965e+00 1.839159099999999825e+01 2.619349900000000275e+02 6.737156340000000228e+02
8.842109000000000663e+00 1.833407800000000165e+01 2.637404960000000074e+02 5.983152900000000045e+02
8.829800000000000537e+00 1.824553099999999972e+01 2.619049860000000081e+02 4.426390289999999936e+02
8.888398999999999717e+00 1.796640999999999977e+01 2.629642939999999953e+02 5.967436470000000099e+02
8.808659000000000461e+00 1.790950000000000131e+01 2.621683820000000082e+02 4.160946900000000142e+02
8.783072999999999908e+00 1.832993499999999898e+01 2.630301499999999919e+02 4.098806260000000066e+02
8.849769000000000219e+00 1.799784800000000118e+01 2.604154399999999896e+02 3.291791160000000218e+02
8.835419999999999163e+00 1.811763300000000143e+01 2.619565210000000093e+02 3.348155469999999809e+02
8.775584999999999525e+00 1.786534400000000034e+01 2.616848519999999780e+02 2.605946559999999863e+02
8.870172999999999419e+00 1.845665299999999931e+01 2.614679770000000190e+02 2.639524880000000167e+02
8.853101999999999805e+00 1.809559799999999896e+01 2.616218840000000228e+02 2.262436329999999884e+02
8.854637999999999565e+00 1.802634199999999964e+01 2.616745129999999904e+02 2.124376520000000141e+02
8.809148000000000422e+00 1.806136599999999959e+01 2.606387930000000210e+02 2.339480210000000113e+02
8.773806000000000438e+00 1.814435699999999940e+01 2.615281190000000038e+02 1.873633749999999907e+02
8.830019000000000062e+00 1.803083799999999925e+01 2.619775359999999864e+02 1.588670439999999928e+02
8.860936000000000590e+00 1.820880500000000168e+01 2.625584769999999821e+02 1.452783880000000067e+02
8.886952000000000851e+00 1.797102200000000138e+01 2.622740699999999947e+02 1.348111989999999878e+02
8.858772999999999342e+00 1.802268199999999965e+01 2.615654959999999960e+02 1.588598430000000121e+02
8.886995000000000644e+00 1.783552200000000099e+01 2.622301469999999881e+02 1.356670389999999884e+02
8.827375999999999223e+00 1.785640599999999978e+01 2.597990490000000250e+02 1.162460650000000015e+02
8.816952999999999818e+00 1.797225699999999904e+01 2.616962480000000255e+02 1.496969990000000053e+02
8.825068999999999164e+00 1.800253899999999874e+01 2.629911979999999971e+02 1.623979549999999961e+02
8.914191000000000642e+00 1.816261099999999828e+01 2.624724990000000275e+02 1.234393519999999995e+02
8.798035000000000494e+00 1.805793999999999855e+01 2.617483050000000162e+02 1.085416460000000001e+02
8.834974000000000771e+00 1.816876399999999947e+01 2.633346210000000269e+02 1.109400320000000022e+02
# Run ended: 2026-09-28 07:18:28.999846
# Elapsed time: 11:04:45.150685
