# epoch	step	nll	ecut	ecut_viol	grad_norm	val_nll	val_ecut	val_ecut_viol	val_ress_zx	LR
1	27	-12.64533519744873	0.0	0.0	43.76799011230469	-12.710670471191406	412.4464111328125	400.4039306640625	0.006531240418553352	9.757729755661011e-05
2	54	-12.996076583862305	0.0	0.0	53.4161376953125	-12.900591850280762	387.59844970703125	375.234375	0.009852055460214615	9.05463412215599e-05
3	81	-12.93846321105957	0.0	0.0	65.48521423339844	-12.955374717712402	371.70257568359375	359.2225036621094	0.009919355623424053	7.959536998847742e-05
4	108	-13.216192245483398	0.0	0.0	71.46366119384766	-13.314308166503906	362.08892822265625	349.5712890625	0.013228259980678558	6.57963412215599e-05
5	135	-13.356840133666992	0.0	0.0	69.61336517333984	-13.438005447387695	348.1392517089844	335.2414245605469	0.015642523765563965	5.05e-05
6	162	-13.596525192260742	0.0	0.0	47.65096664428711	-13.597047805786133	350.3621520996094	337.48297119140625	0.009251588955521584	3.5203658778440106e-05
7	189	-13.6762113571167	0.0	0.0	59.45220184326172	-13.638313293457031	342.49700927734375	329.225830078125	0.012198473326861858	2.1404630011522586e-05
8	216	-13.864944458007812	0.0	0.0	62.935821533203125	-13.807477951049805	335.6060791015625	322.4905700683594	0.013987883925437927	1.0453658778440107e-05
9	243	-13.977957725524902	0.0	0.0	171.7832794189453	-13.915956497192383	328.1194763183594	314.82354736328125	0.015936583280563354	3.4227024433899e-06
10	270	-13.929069519042969	0.0	0.0	57.80949401855469	-13.978582382202148	327.2554931640625	313.9351501464844	0.01702788844704628	1e-06
# Best epoch: 10
