# epoch	step	nll	ecut	ecut_viol	grad_norm	val_nll	val_ecut	val_ecut_viol	val_ress_zx	LR
1	27	-19.851367950439453	0.0	0.0	172.6513214111328	-20.474939346313477	242.7185516357422	222.12176513671875	0.012989811599254608	9.757729755661011e-05
2	54	-21.515859603881836	0.0	0.0	83.85719299316406	-21.309616088867188	218.00621032714844	197.11473083496094	0.014940723776817322	9.05463412215599e-05
3	81	-21.154325485229492	0.0	0.0	141.5597686767578	-21.363719940185547	203.35513305664062	182.12889099121094	0.022178834304213524	7.959536998847742e-05
4	108	-21.801687240600586	0.0	0.0	81.3812026977539	-21.801359176635742	199.37017822265625	177.8257293701172	0.03705587983131409	6.57963412215599e-05
5	135	-21.635940551757812	0.0	0.0	125.83457946777344	-21.855932235717773	181.73016357421875	160.08590698242188	0.015082660131156445	5.05e-05
6	162	-22.046009063720703	0.0	0.0	87.52344512939453	-21.99782371520996	154.0679931640625	131.81539916992188	0.05290693789720535	3.5203658778440106e-05
7	189	-22.228099822998047	0.0	0.0	69.06486511230469	-22.19952964782715	164.0906982421875	141.91148376464844	0.03408662974834442	2.1404630011522586e-05
8	216	-22.26886558532715	0.0	0.0	160.66419982910156	-22.300395965576172	158.03126525878906	135.70681762695312	0.05170336365699768	1.0453658778440107e-05
9	243	-22.44641876220703	0.0	0.0	90.09732055664062	-22.427448272705078	151.52850341796875	129.04177856445312	0.024349208921194077	3.4227024433899e-06
10	270	-22.487417221069336	0.0	0.0	58.85980987548828	-22.494468688964844	149.6545867919922	127.13339233398438	0.04434391111135483	1e-06
# Best epoch: 6
