# epoch	step	nll	ecut	ecut_viol	grad_norm	val_nll	val_ecut	val_ecut_viol	val_ress_zx	LR
1	27	-23.5024471282959	0.0	0.0	122.33946990966797	-23.637100219726562	216.37136840820312	193.0474090576172	0.02515741065144539	9.757729755661011e-05
2	54	-23.61876678466797	0.0	0.0	143.05995178222656	-23.493568420410156	194.93231201171875	171.32806396484375	0.023078283295035362	9.05463412215599e-05
3	81	-23.91285514831543	0.0	0.0	85.52558135986328	-23.64777374267578	200.56793212890625	176.73110961914062	0.03328657150268555	7.959536998847742e-05
4	108	-24.128482818603516	0.0	0.0	85.2929916381836	-23.95397186279297	190.21173095703125	166.26583862304688	0.012543528340756893	6.57963412215599e-05
5	135	-23.92902946472168	0.0	0.0	99.19416809082031	-24.05763053894043	174.50460815429688	150.47909545898438	0.044382743537425995	5.05e-05
6	162	-24.379392623901367	0.0	0.0	71.98345947265625	-24.308391571044922	164.56698608398438	140.17095947265625	0.0444844588637352	3.5203658778440106e-05
7	189	-24.58517074584961	0.0	0.0	58.91334915161133	-24.5660400390625	160.6061248779297	136.29661560058594	0.049043647944927216	2.1404630011522586e-05
8	216	-24.735294342041016	0.0	0.0	83.16638946533203	-24.70196533203125	158.9996337890625	134.29507446289062	0.06813359260559082	1.0453658778440107e-05
9	243	-24.981502532958984	0.0	0.0	45.43695831298828	-24.84994888305664	149.0987548828125	124.21324920654297	0.03796541318297386	3.4227024433899e-06
10	270	-24.913288116455078	0.0	0.0	292.6640930175781	-24.855697631835938	146.22488403320312	121.27012634277344	0.05785291641950607	1e-06
# Best epoch: 8
