# epoch	step	nll	ecut	ecut_viol	grad_norm	val_nll	val_ecut	val_ecut_viol	val_ress_zx	LR
1	27	-10.106161117553711	0.0	0.0	43.975242614746094	-10.23292064666748	491.099365234375	481.48681640625	0.0038174621295183897	9.757729755661011e-05
2	54	-10.440441131591797	0.0	0.0	47.267852783203125	-10.56000804901123	467.9053955078125	457.948486328125	0.005387198179960251	9.05463412215599e-05
3	81	-10.559218406677246	0.0	0.0	60.97684097290039	-10.59815502166748	451.47100830078125	441.45556640625	0.006530918180942535	7.959536998847742e-05
4	108	-10.593236923217773	0.0	0.0	47.86576461791992	-10.637805938720703	437.2569274902344	427.06103515625	0.007041029166430235	6.57963412215599e-05
5	135	-10.77522087097168	0.0	0.0	36.5274543762207	-10.785364151000977	431.91107177734375	421.80804443359375	0.009462295100092888	5.05e-05
6	162	-10.845571517944336	0.0	0.0	53.548133850097656	-10.890029907226562	424.0880126953125	413.69989013671875	0.007720283232629299	3.5203658778440106e-05
7	189	-10.996500968933105	0.0	0.0	51.81477737426758	-11.092723846435547	414.73272705078125	404.21917724609375	0.00658417260274291	2.1404630011522586e-05
8	216	-11.285268783569336	0.0	0.0	33.7529182434082	-11.217825889587402	400.359130859375	389.80316162109375	0.010851522907614708	1.0453658778440107e-05
9	243	-11.290910720825195	0.0	0.0	36.73125457763672	-11.3243408203125	397.23529052734375	386.66668701171875	0.011189091019332409	3.4227024433899e-06
10	270	-11.329741477966309	0.0	0.0	36.369197845458984	-11.362417221069336	393.2654724121094	382.5994567871094	0.007699625566601753	1e-06
# Best epoch: 9
