# epoch	step	nll	ecut	ecut_viol	grad_norm	val_nll	val_ecut	val_ecut_viol	val_ress_zx	LR
1	27	-4.896668910980225	0.0	0.0	17.652860641479492	-4.893287658691406	710.8212280273438	705.7936401367188	0.005269012413918972	9.757729755661011e-05
2	54	-4.987536907196045	0.0	0.0	15.479155540466309	-5.004023551940918	693.8720092773438	688.73681640625	0.00391255272552371	9.05463412215599e-05
3	81	-5.109164714813232	0.0	0.0	19.5197696685791	-5.087460517883301	674.1577758789062	668.9775390625	0.004760057665407658	7.959536998847742e-05
4	108	-5.138169288635254	0.0	0.0	23.637367248535156	-5.201963901519775	655.8472900390625	650.5504150390625	0.004946919158101082	6.57963412215599e-05
5	135	-5.2883219718933105	0.0	0.0	22.742433547973633	-5.254610061645508	643.2505493164062	637.9591064453125	0.0048708803951740265	5.05e-05
6	162	-5.3496222496032715	0.0	0.0	19.21147918701172	-5.377379417419434	632.03271484375	626.6825561523438	0.0074196672067046165	3.5203658778440106e-05
7	189	-5.526381492614746	0.0	0.0	19.45595359802246	-5.4660139083862305	616.667724609375	611.2919921875	0.006516539957374334	2.1404630011522586e-05
8	216	-5.654223442077637	0.0	0.0	19.725627899169922	-5.537193298339844	607.4384765625	601.9901123046875	0.006894957274198532	1.0453658778440107e-05
9	243	-5.619466304779053	0.0	0.0	20.253000259399414	-5.582853317260742	601.9838256835938	596.483154296875	0.00897425040602684	3.4227024433899e-06
10	270	-5.71674108505249	0.0	0.0	16.643173217773438	-5.607203960418701	598.0365600585938	592.5551147460938	0.009234059602022171	1e-06
# Best epoch: 10
