# epoch	step	nll	ecut	ecut_viol	grad_norm	val_nll	val_ecut	val_ecut_viol	val_ress_zx	LR
1	18	0.007454831153154373	0.0	0.0	3.559370994567871	0.002947920933365822	452.32470703125	452.18084716796875	0.29838699102401733	9.875893165300026e-05
2	36	-0.023990148678421974	0.0	0.0	2.585766077041626	-0.0076157948933541775	446.299072265625	446.1314697265625	0.28377988934516907	9.509795896116975e-05
3	54	-0.041146356612443924	0.0	0.0	2.658121347427368	-0.009479764848947525	435.58538818359375	435.3887939453125	0.2989395260810852	8.920065838216748e-05
4	72	-0.0338350310921669	0.0	0.0	2.6212234497070312	-0.020731214433908463	435.202880859375	435.01422119140625	0.29319244623184204	8.136274519200731e-05
5	90	-0.024606922641396523	0.0	0.0	2.693089008331299	-0.020930936560034752	434.15203857421875	433.98358154296875	0.3067520260810852	7.197724508631912e-05
6	108	-0.05157995969057083	0.0	0.0	2.3179280757904053	-0.023041486740112305	434.6427001953125	434.4747314453125	0.3045640289783478	6.151478623083756e-05
7	126	-0.03851913660764694	0.0	0.0	2.4547297954559326	-0.03226742148399353	432.2843322753906	432.1125793457031	0.3116428852081299	5.05e-05
8	144	-0.03572562709450722	0.0	0.0	2.4095325469970703	-0.034635383635759354	432.763427734375	432.5893249511719	0.307550311088562	3.948521376916244e-05
9	162	-0.08684432506561279	0.0	0.0	2.00988507270813	-0.0437835156917572	429.71112060546875	429.5307922363281	0.3048804998397827	2.9022754913680878e-05
10	180	-0.05916716903448105	0.0	0.0	2.1964309215545654	-0.050038471817970276	429.5998229980469	429.42706298828125	0.30643337965011597	1.9637254807992694e-05
11	198	-0.07109120488166809	0.0	0.0	2.333223819732666	-0.048826493322849274	431.00994873046875	430.8476257324219	0.3166070580482483	1.1799341617832541e-05
12	216	-0.06760792434215546	0.0	0.0	2.0678789615631104	-0.05139325559139252	431.56201171875	431.4083557128906	0.32018691301345825	5.902041038830257e-06
13	234	-0.07009226828813553	0.0	0.0	1.6838804483413696	-0.05633973330259323	430.8021240234375	430.64764404296875	0.3209196925163269	2.241068346999725e-06
14	252	-0.07964339852333069	0.0	0.0	1.9398776292800903	-0.05652735382318497	430.38970947265625	430.2347412109375	0.31895264983177185	1e-06
# Best epoch: 13
