# epoch	step	nll	ecut	ecut_viol	grad_norm	val_nll	val_ecut	val_ecut_viol	val_ress_zx	LR
1	27	-2.998084545135498	0.0	0.0	12.273380279541016	-3.1466901302337646	787.0341186523438	783.6278686523438	0.0031215730123221874	9.757729755661011e-05
2	54	-3.2145087718963623	0.0	0.0	10.260915756225586	-3.186614513397217	763.9949951171875	760.4996948242188	0.006011262536048889	9.05463412215599e-05
3	81	-3.3330020904541016	0.0	0.0	14.892178535461426	-3.290666341781616	754.915771484375	751.4264526367188	0.002347308676689863	7.959536998847742e-05
4	108	-3.3921875953674316	0.0	0.0	12.930327415466309	-3.3731040954589844	731.3134765625	727.6536865234375	0.005983780603855848	6.57963412215599e-05
5	135	-3.502974510192871	0.0	0.0	11.408653259277344	-3.4363017082214355	716.3175659179688	712.697509765625	0.006567598786205053	5.05e-05
6	162	-3.6088881492614746	0.0	0.0	11.788278579711914	-3.542187452316284	709.0511474609375	705.3978271484375	0.006196759641170502	3.5203658778440106e-05
7	189	-3.499408483505249	0.0	0.0	11.738365173339844	-3.569662570953369	690.836669921875	687.0684814453125	0.006178408861160278	2.1404630011522586e-05
8	216	-3.62705659866333	0.0	0.0	10.559967041015625	-3.6346404552459717	687.3717651367188	683.63623046875	0.007274804636836052	1.0453658778440107e-05
9	243	-3.635369062423706	0.0	0.0	12.933127403259277	-3.663311004638672	678.8270263671875	675.0525512695312	0.006611131131649017	3.4227024433899e-06
10	270	-3.738199234008789	0.0	0.0	11.04716682434082	-3.6796646118164062	676.8084716796875	673.0499877929688	0.00768041517585516	1e-06
# Best epoch: 10
