# epoch	step	nll	ecut	ecut_viol	grad_norm	val_nll	val_ecut	val_ecut_viol	val_ress_zx	LR
1	27	-2.3351399898529053	0.0	0.0	7.900731563568115	-2.4130656719207764	794.278564453125	791.567138671875	0.007162268273532391	9.757729755661011e-05
2	54	-2.404393196105957	0.0	0.0	7.67595911026001	-2.4272964000701904	788.2658081054688	785.5368041992188	0.008650805801153183	9.05463412215599e-05
3	81	-2.44674015045166	0.0	0.0	9.197366714477539	-2.508885383605957	781.2022705078125	778.4212646484375	0.008390270173549652	7.959536998847742e-05
4	108	-2.602139472961426	0.0	0.0	9.808635711669922	-2.599365234375	758.5187377929688	755.694091796875	0.008806618861854076	6.57963412215599e-05
5	135	-2.630370616912842	0.0	0.0	10.387838363647461	-2.6482365131378174	743.597412109375	740.65380859375	0.005622630473226309	5.05e-05
6	162	-2.6808955669403076	0.0	0.0	9.21293830871582	-2.732710361480713	730.4715576171875	727.4765625	0.011194705963134766	3.5203658778440106e-05
7	189	-2.7383296489715576	0.0	0.0	8.783246994018555	-2.785068988800049	723.167236328125	720.1554565429688	0.009016651660203934	2.1404630011522586e-05
8	216	-2.8292415142059326	0.0	0.0	8.91579818725586	-2.8062970638275146	716.2365112304688	713.23974609375	0.010310380719602108	1.0453658778440107e-05
9	243	-2.8442180156707764	0.0	0.0	8.340635299682617	-2.8415677547454834	713.4444580078125	710.4310913085938	0.010577629320323467	3.4227024433899e-06
10	270	-2.968905210494995	0.0	0.0	8.971903800964355	-2.8521392345428467	709.3910522460938	706.3759765625	0.009857861325144768	1e-06
# Best epoch: 6
