# epoch	step	nll	ecut	ecut_viol	grad_norm	val_nll	val_ecut	val_ecut_viol	val_ress_zx	LR
1	27	-0.9715985059738159	0.0	0.0	3.764874219894409	-1.0353015661239624	871.3192138671875	869.8873901367188	0.015368856489658356	9.757729755661011e-05
2	54	-1.1103785037994385	0.0	0.0	3.6852169036865234	-1.0975106954574585	848.6911010742188	847.2272338867188	0.016031712293624878	9.05463412215599e-05
3	81	-1.1559689044952393	0.0	0.0	4.186614036560059	-1.1316101551055908	825.5018310546875	823.9666748046875	0.01437443122267723	7.959536998847742e-05
4	108	-1.2371478080749512	0.0	0.0	4.496591567993164	-1.1927708387374878	808.661865234375	807.0880126953125	0.02027672901749611	6.57963412215599e-05
5	135	-1.263925313949585	0.0	0.0	5.152212619781494	-1.2498245239257812	794.4281005859375	792.8580322265625	0.018757887184619904	5.05e-05
6	162	-1.335629940032959	0.0	0.0	4.219027996063232	-1.28944993019104	782.1251220703125	780.499267578125	0.021038835868239403	3.5203658778440106e-05
7	189	-1.3220205307006836	0.0	0.0	4.675018787384033	-1.3228108882904053	779.2189331054688	777.6224365234375	0.02080056071281433	2.1404630011522586e-05
8	216	-1.3308724164962769	0.0	0.0	4.609402656555176	-1.3489773273468018	768.7199096679688	767.064208984375	0.021660372614860535	1.0453658778440107e-05
9	243	-1.4325556755065918	0.0	0.0	3.834700584411621	-1.3580682277679443	765.1305541992188	763.4876708984375	0.01771751418709755	3.4227024433899e-06
10	270	-1.4313254356384277	0.0	0.0	4.570508003234863	-1.3647499084472656	762.826171875	761.1725463867188	0.015802644193172455	1e-06
# Best epoch: 8
