# epoch	step	nll	ecut	ecut_viol	grad_norm	val_nll	val_ecut	val_ecut_viol	val_ress_zx	LR
1	27	-41.46385955810547	0.0	0.0	68.63922882080078	-41.38193893432617	173.92428588867188	133.08023071289062	0.04200968146324158	9.757729755661011e-05
2	54	-42.007606506347656	0.0	0.0	110.8783187866211	-41.98622131347656	135.4737548828125	92.7267074584961	0.096941739320755	9.05463412215599e-05
3	81	-42.24037170410156	0.0	0.0	69.92794799804688	-42.16448211669922	126.27207946777344	83.45028686523438	0.08484124392271042	7.959536998847742e-05
4	108	-42.176605224609375	0.0	0.0	108.54634094238281	-42.1099739074707	127.48860168457031	84.50181579589844	0.09935414791107178	6.57963412215599e-05
5	135	-41.99554443359375	0.0	0.0	118.04682159423828	-42.198570251464844	127.11580657958984	84.30642700195312	0.11698978394269943	5.05e-05
6	162	-42.4334716796875	0.0	0.0	84.7000503540039	-42.41631317138672	120.57981872558594	77.54597473144531	0.15669965744018555	3.5203658778440106e-05
7	189	-42.59031677246094	0.0	0.0	99.25960540771484	-42.50647735595703	110.8532943725586	67.44689178466797	0.15649250149726868	2.1404630011522586e-05
8	216	-42.61351013183594	0.0	0.0	73.98194122314453	-42.59965896606445	112.54759216308594	69.3438491821289	0.2277923822402954	1.0453658778440107e-05
9	243	-42.69393539428711	0.0	0.0	102.44181060791016	-42.69575500488281	108.47227478027344	65.0531005859375	0.17611491680145264	3.4227024433899e-06
10	270	-42.836334228515625	0.0	0.0	42.85592269897461	-42.736289978027344	110.4405746459961	67.00337219238281	0.16916143894195557	1e-06
# Best epoch: 8
