# epoch	step	nll	ecut	ecut_viol	grad_norm	val_nll	val_ecut	val_ecut_viol	val_ress_zx	LR
1	27	-0.7383502721786499	0.0	0.0	3.478633403778076	-0.7088667154312134	780.8050537109375	779.7160034179688	0.03484385460615158	9.757729755661011e-05
2	54	-0.7918777465820312	0.0	0.0	3.725557804107666	-0.7474362254142761	773.162353515625	772.06494140625	0.02357916161417961	9.05463412215599e-05
3	81	-0.8315709829330444	0.0	0.0	3.2479934692382812	-0.7840017080307007	745.1932373046875	744.0140380859375	0.024778252467513084	7.959536998847742e-05
4	108	-0.806681752204895	0.0	0.0	3.928863763809204	-0.8164474368095398	735.0068359375	733.8134765625	0.02178794890642166	6.57963412215599e-05
5	135	-0.8700140714645386	0.0	0.0	4.590075492858887	-0.845716655254364	714.5887451171875	713.3253173828125	0.027094898745417595	5.05e-05
6	162	-0.9270305037498474	0.0	0.0	3.6048412322998047	-0.8830465078353882	704.1552734375	702.9081420898438	0.02372628077864647	3.5203658778440106e-05
7	189	-0.9255017638206482	0.0	0.0	4.026862144470215	-0.9109535217285156	695.8265380859375	694.5282592773438	0.020558901131153107	2.1404630011522586e-05
8	216	-1.0149250030517578	0.0	0.0	3.535553216934204	-0.9238502383232117	691.4767456054688	690.1998901367188	0.02866673842072487	1.0453658778440107e-05
9	243	-0.9522777795791626	0.0	0.0	3.8604941368103027	-0.9398962259292603	686.4970092773438	685.1944580078125	0.02665536105632782	3.4227024433899e-06
10	270	-0.9776932001113892	0.0	0.0	3.313187837600708	-0.9444279074668884	686.0980834960938	684.8097534179688	0.028323452919721603	1e-06
# Best epoch: 1
