# epoch	step	nll	ecut	ecut_viol	grad_norm	val_nll	val_ecut	val_ecut_viol	val_ress_zx	LR
1	27	-32.971435546875	0.0	0.0	78.99393463134766	-32.979705810546875	215.5009765625	183.7515869140625	0.024558305740356445	9.757729755661011e-05
2	54	-33.374813079833984	0.0	0.0	137.17457580566406	-33.72245407104492	172.05322265625	138.33682250976562	0.04435199126601219	9.05463412215599e-05
3	81	-33.551551818847656	0.0	0.0	94.3113021850586	-33.678672790527344	166.3787078857422	132.63702392578125	0.06120508164167404	7.959536998847742e-05
4	108	-33.887855529785156	0.0	0.0	100.54908752441406	-33.72343826293945	140.6650848388672	106.3076400756836	0.03743038699030876	6.57963412215599e-05
5	135	-34.00904846191406	0.0	0.0	97.25419616699219	-34.131195068359375	140.7958221435547	106.55619812011719	0.0806090459227562	5.05e-05
6	162	-34.15288162231445	0.0	0.0	59.79430389404297	-34.16411590576172	127.44163513183594	93.06658172607422	0.0928901955485344	3.5203658778440106e-05
7	189	-34.29634094238281	0.0	0.0	61.99365997314453	-34.312294006347656	124.8511962890625	90.08502197265625	0.05866300314664841	2.1404630011522586e-05
8	216	-34.354896545410156	0.0	0.0	65.53018188476562	-34.462974548339844	119.00325775146484	84.20733642578125	0.08114033192396164	1.0453658778440107e-05
9	243	-34.5101432800293	0.0	0.0	152.8870086669922	-34.508724212646484	120.49923706054688	85.60293579101562	0.11496501415967941	3.4227024433899e-06
10	270	-34.573883056640625	0.0	0.0	504.0478210449219	-34.56356430053711	120.3987045288086	85.4322509765625	0.11346735805273056	1e-06
# Best epoch: 9
