# epoch	step	nll	ecut	ecut_viol	grad_norm	val_nll	val_ecut	val_ecut_viol	val_ress_zx	LR
1	27	-44.826045989990234	0.0	0.0	87.2813720703125	-44.75033187866211	203.0718231201172	159.65255737304688	0.06215054541826248	9.757729755661011e-05
2	54	-45.4998779296875	0.0	0.0	93.13967895507812	-45.422119140625	141.31382751464844	95.53179168701172	0.059950392693281174	9.05463412215599e-05
3	81	-45.6845703125	0.0	0.0	89.79039001464844	-45.665000915527344	129.87059020996094	83.57737731933594	0.10067924112081528	7.959536998847742e-05
4	108	-45.648216247558594	0.0	0.0	105.23670959472656	-45.774574279785156	121.43614196777344	74.99552154541016	0.12350735068321228	6.57963412215599e-05
5	135	-45.70615768432617	0.0	0.0	110.18359375	-45.75829315185547	115.3701400756836	68.72470092773438	0.14738760888576508	5.05e-05
6	162	-45.83551025390625	0.0	0.0	93.44400787353516	-45.865928649902344	111.45162963867188	64.76203918457031	0.1409427523612976	3.5203658778440106e-05
7	189	-46.083038330078125	0.0	0.0	58.42999267578125	-45.959434509277344	112.00704193115234	65.06172180175781	0.1619163602590561	2.1404630011522586e-05
8	216	-46.10392761230469	0.0	0.0	88.64298248291016	-46.09434509277344	108.47893524169922	61.65966796875	0.18427368998527527	1.0453658778440107e-05
9	243	-46.1403923034668	0.0	0.0	40.73371124267578	-46.13859176635742	107.31776428222656	60.43796920776367	0.22760926187038422	3.4227024433899e-06
10	270	-46.222164154052734	0.0	0.0	96.74419403076172	-46.203941345214844	108.470458984375	61.50919723510742	0.16697737574577332	1e-06
# Best epoch: 9
