# epoch	step	nll	ecut	ecut_viol	grad_norm	val_nll	val_ecut	val_ecut_viol	val_ress_zx	LR
1	27	-43.593605041503906	0.0	0.0	93.18103790283203	-43.684261322021484	212.6624755859375	170.41212463378906	0.038231585174798965	9.757729755661011e-05
2	54	-44.22941207885742	0.0	0.0	116.45944213867188	-44.257015228271484	151.4059600830078	106.9207763671875	0.041582390666007996	9.05463412215599e-05
3	81	-44.424896240234375	0.0	0.0	110.47364807128906	-44.4836540222168	134.87054443359375	89.95626068115234	0.101378433406353	7.959536998847742e-05
4	108	-44.53235626220703	0.0	0.0	92.29000091552734	-44.5985107421875	121.00608825683594	75.94216918945312	0.13023854792118073	6.57963412215599e-05
5	135	-44.63906478881836	0.0	0.0	59.580318450927734	-44.435699462890625	134.28538513183594	88.9305419921875	0.11942394077777863	5.05e-05
6	162	-44.67283248901367	0.0	0.0	91.81476593017578	-44.73204040527344	119.79345703125	74.46426391601562	0.15019381046295166	3.5203658778440106e-05
7	189	-44.79559326171875	0.0	0.0	86.32447814941406	-44.85274887084961	118.20938110351562	72.61080932617188	0.1523512452840805	2.1404630011522586e-05
8	216	-44.970176696777344	0.0	0.0	95.20867156982422	-44.85242462158203	114.23271179199219	68.53799438476562	0.18472936749458313	1.0453658778440107e-05
9	243	-45.03988265991211	0.0	0.0	82.62895965576172	-44.989097595214844	112.42137145996094	66.6590576171875	0.19811926782131195	3.4227024433899e-06
10	270	-45.065208435058594	0.0	0.0	39.95051956176758	-45.04337692260742	112.92327117919922	67.14582824707031	0.15329107642173767	1e-06
# Best epoch: 9
