# epoch	step	nll	ecut	ecut_viol	grad_norm	val_nll	val_ecut	val_ecut_viol	val_ress_zx	LR
1	27	-0.38870424032211304	0.0	0.0	2.297088384628296	-0.37287673354148865	740.0758666992188	739.3599853515625	0.05716567486524582	9.757729755661011e-05
2	54	-0.36697137355804443	0.0	0.0	2.475107431411743	-0.39501866698265076	724.2936401367188	723.5709228515625	0.05496297404170036	9.05463412215599e-05
3	81	-0.44315358996391296	0.0	0.0	2.8914473056793213	-0.4008365571498871	712.8654174804688	712.16650390625	0.05722026526927948	7.959536998847742e-05
4	108	-0.4394892454147339	0.0	0.0	2.9532432556152344	-0.41870319843292236	694.1447143554688	693.375	0.056892987340688705	6.57963412215599e-05
5	135	-0.44750604033470154	0.0	0.0	3.188467502593994	-0.43253183364868164	692.4432373046875	691.6857299804688	0.05722784996032715	5.05e-05
6	162	-0.4500259757041931	0.0	0.0	2.7288899421691895	-0.45999106764793396	673.9598999023438	673.1510620117188	0.05756659433245659	3.5203658778440106e-05
7	189	-0.5143858790397644	0.0	0.0	2.6700820922851562	-0.4789620637893677	671.089111328125	670.2933959960938	0.05655989795923233	2.1404630011522586e-05
8	216	-0.45672282576560974	0.0	0.0	2.8450582027435303	-0.4883105158805847	665.575927734375	664.7869873046875	0.052671339362859726	1.0453658778440107e-05
9	243	-0.481246680021286	0.0	0.0	2.603905439376831	-0.4950920045375824	661.9619140625	661.16064453125	0.05248751863837242	3.4227024433899e-06
10	270	-0.5062851905822754	0.0	0.0	2.436140775680542	-0.4981580376625061	660.2872314453125	659.48095703125	0.0524410717189312	1e-06
# Best epoch: 6
