# epoch	step	nll	ecut	ecut_viol	grad_norm	val_nll	val_ecut	val_ecut_viol	val_ress_zx	LR
1	27	-1.6731431484222412	0.0	0.0	5.881139755249023	-1.6345751285552979	811.8532104492188	809.79931640625	0.009488224983215332	9.757729755661011e-05
2	54	-1.7301914691925049	0.0	0.0	5.495013236999512	-1.6892712116241455	803.2550659179688	801.12060546875	0.01172407902777195	9.05463412215599e-05
3	81	-1.788311243057251	0.0	0.0	5.989500999450684	-1.7671265602111816	775.1681518554688	772.9459838867188	0.008041522465646267	7.959536998847742e-05
4	108	-1.8183830976486206	0.0	0.0	6.732873916625977	-1.8477482795715332	767.4139404296875	765.1300659179688	0.007250349037349224	6.57963412215599e-05
5	135	-1.9378288984298706	0.0	0.0	7.357824325561523	-1.881627082824707	754.9456787109375	752.7167358398438	0.010634532198309898	5.05e-05
6	162	-1.907247543334961	0.0	0.0	7.566872596740723	-1.9298228025436401	738.367431640625	736.0260009765625	0.012083938345313072	3.5203658778440106e-05
7	189	-1.9937467575073242	0.0	0.0	7.370660781860352	-1.9838260412216187	725.1116943359375	722.7601318359375	0.011042425408959389	2.1404630011522586e-05
8	216	-2.0396440029144287	0.0	0.0	8.65709114074707	-2.0186190605163574	715.78466796875	713.4012451171875	0.008543627336621284	1.0453658778440107e-05
9	243	-2.1272993087768555	0.0	0.0	6.941320419311523	-2.042785167694092	714.3395385742188	711.9655151367188	0.00882840808480978	3.4227024433899e-06
10	270	-2.0386178493499756	0.0	0.0	6.530624866485596	-2.042656898498535	714.4821166992188	712.1076049804688	0.00993050541728735	1e-06
# Best epoch: 6
