# epoch	step	nll	ecut	ecut_viol	grad_norm	val_nll	val_ecut	val_ecut_viol	val_ress_zx	LR
1	27	-45.79092025756836	0.0	0.0	115.5897216796875	-45.76214599609375	228.5398406982422	184.03172302246094	0.06457912921905518	9.757729755661011e-05
2	54	-46.571128845214844	0.0	0.0	96.39838409423828	-46.55632781982422	140.77435302734375	94.01264953613281	0.07332136482000351	9.05463412215599e-05
3	81	-46.59709930419922	0.0	0.0	113.06612396240234	-46.72123336791992	129.50619506835938	82.55481719970703	0.1234559416770935	7.959536998847742e-05
4	108	-46.831642150878906	0.0	0.0	139.3064422607422	-46.920284271240234	124.77041625976562	77.45767211914062	0.10015641152858734	6.57963412215599e-05
5	135	-46.975276947021484	0.0	0.0	71.3238754272461	-46.866485595703125	126.26803588867188	78.58030700683594	0.14983266592025757	5.05e-05
6	162	-47.01789474487305	0.0	0.0	89.76081085205078	-46.934837341308594	121.1250228881836	73.43492889404297	0.1355741024017334	3.5203658778440106e-05
7	189	-47.160240173339844	0.0	0.0	79.25153350830078	-47.137245178222656	118.1681137084961	70.31169128417969	0.17080837488174438	2.1404630011522586e-05
8	216	-47.194358825683594	0.0	0.0	78.16436004638672	-47.22283172607422	118.49462890625	70.57262420654297	0.15981557965278625	1.0453658778440107e-05
9	243	-47.24119186401367	0.0	0.0	75.05702209472656	-47.27635955810547	113.00834655761719	65.10176086425781	0.19324684143066406	3.4227024433899e-06
10	270	-47.334800720214844	0.0	0.0	67.28754425048828	-47.31651306152344	113.70843505859375	65.71650695800781	0.20322184264659882	1e-06
# Best epoch: 10
