# epoch	step	nll	ecut	ecut_viol	grad_norm	val_nll	val_ecut	val_ecut_viol	val_ress_zx	LR
1	27	-36.969322204589844	0.0	0.0	60.12834167480469	-37.060054779052734	168.02810668945312	131.73654174804688	0.026292666792869568	9.757729755661011e-05
2	54	-37.293914794921875	0.0	0.0	100.2957992553711	-37.226829528808594	135.42356872558594	97.56112670898438	0.10394283384084702	9.05463412215599e-05
3	81	-37.40308380126953	0.0	0.0	92.40653991699219	-37.35529327392578	121.57879638671875	83.33610534667969	0.05787857994437218	7.959536998847742e-05
4	108	-37.71965026855469	0.0	0.0	95.8747329711914	-37.62788391113281	116.87826538085938	78.5769271850586	0.04074016585946083	6.57963412215599e-05
5	135	-37.70536804199219	0.0	0.0	74.12690734863281	-37.77372360229492	114.68258666992188	76.0910873413086	0.1251477599143982	5.05e-05
6	162	-37.8371696472168	0.0	0.0	74.13127899169922	-37.849639892578125	106.69774627685547	68.07357788085938	0.1443149596452713	3.5203658778440106e-05
7	189	-37.76451873779297	0.0	0.0	83.37581634521484	-37.848567962646484	106.47010803222656	67.84504699707031	0.12719368934631348	2.1404630011522586e-05
8	216	-37.94682312011719	0.0	0.0	63.45625686645508	-37.99574279785156	106.85332489013672	68.19876098632812	0.14940783381462097	1.0453658778440107e-05
9	243	-38.14997863769531	0.0	0.0	37.718448638916016	-38.112648010253906	105.39006805419922	66.53446197509766	0.1622076779603958	3.4227024433899e-06
10	270	-38.10643768310547	0.0	0.0	35.15261459350586	-38.14903259277344	104.96126556396484	66.05957794189453	0.19090193510055542	1e-06
# Best epoch: 10
