# epoch	step	nll	ecut	ecut_viol	grad_norm	val_nll	val_ecut	val_ecut_viol	val_ress_zx	LR
1	27	-42.28371810913086	0.0	0.0	81.65265655517578	-42.085960388183594	209.739013671875	168.71060180664062	0.036735888570547104	9.757729755661011e-05
2	54	-43.08889389038086	0.0	0.0	109.77115631103516	-43.02045440673828	148.56968688964844	105.41917419433594	0.10537973046302795	9.05463412215599e-05
3	81	-43.4117431640625	0.0	0.0	76.01237487792969	-43.371315002441406	133.1873016357422	89.47625732421875	0.1302293837070465	7.959536998847742e-05
4	108	-43.453163146972656	0.0	0.0	105.76941680908203	-43.497833251953125	118.22721862792969	74.00838470458984	0.12406019866466522	6.57963412215599e-05
5	135	-43.35552978515625	0.0	0.0	106.58296966552734	-43.40862274169922	115.18011474609375	71.13641357421875	0.14320717751979828	5.05e-05
6	162	-43.63663864135742	0.0	0.0	80.16585540771484	-43.62346649169922	116.1968994140625	71.83843994140625	0.13473978638648987	3.5203658778440106e-05
7	189	-43.72343063354492	0.0	0.0	72.33583068847656	-43.7048454284668	108.66521453857422	64.18377685546875	0.14546415209770203	2.1404630011522586e-05
8	216	-43.86262130737305	0.0	0.0	53.28810119628906	-43.74188232421875	104.89677429199219	60.244163513183594	0.18555442988872528	1.0453658778440107e-05
9	243	-43.91120147705078	0.0	0.0	43.007484436035156	-43.853057861328125	104.43621826171875	59.720455169677734	0.1737026870250702	3.4227024433899e-06
10	270	-43.89287567138672	0.0	0.0	28.56463623046875	-43.88488006591797	108.21135711669922	63.475643157958984	0.15835259854793549	1e-06
# Best epoch: 8
