# epoch	step	nll	ecut	ecut_viol	grad_norm	val_nll	val_ecut	val_ecut_viol	val_ress_zx	LR
1	27	-35.873191833496094	0.0	0.0	81.37715148925781	-35.77356719970703	175.72520446777344	140.3880615234375	0.03339444845914841	9.757729755661011e-05
2	54	-35.78904724121094	0.0	0.0	156.5067138671875	-35.997291564941406	149.91949462890625	113.8446044921875	0.07015407830476761	9.05463412215599e-05
3	81	-36.162109375	0.0	0.0	85.51824188232422	-36.41054916381836	139.296630859375	102.54927825927734	0.07581135630607605	7.959536998847742e-05
4	108	-36.29689025878906	0.0	0.0	121.43353271484375	-36.273826599121094	142.37857055664062	105.66754150390625	0.05490278825163841	6.57963412215599e-05
5	135	-36.497718811035156	0.0	0.0	86.8818359375	-36.46995162963867	133.46047973632812	96.55511474609375	0.06178755685687065	5.05e-05
6	162	-36.70995330810547	0.0	0.0	102.89924621582031	-36.6235466003418	123.79251098632812	86.67143249511719	0.07298111915588379	3.5203658778440106e-05
7	189	-36.741851806640625	0.0	0.0	65.59672546386719	-36.76524353027344	120.09639739990234	82.7100830078125	0.11936387419700623	2.1404630011522586e-05
8	216	-36.91595458984375	0.0	0.0	47.639320373535156	-36.829471588134766	117.53163146972656	80.09843444824219	0.11313578486442566	1.0453658778440107e-05
9	243	-36.93756103515625	0.0	0.0	58.85306930541992	-36.92374801635742	114.62718200683594	77.19273376464844	0.09456902742385864	3.4227024433899e-06
10	270	-37.043418884277344	0.0	0.0	39.301448822021484	-36.9692497253418	114.77284240722656	77.2103271484375	0.16580061614513397	1e-06
# Best epoch: 10
