# epoch	step	nll	ecut	ecut_viol	grad_norm	val_nll	val_ecut	val_ecut_viol	val_ress_zx	LR
1	27	-11.574416160583496	0.0	0.0	42.89080810546875	-11.512592315673828	462.5310974121094	451.7666015625	0.007540225982666016	9.757729755661011e-05
2	54	-11.923925399780273	0.0	0.0	57.98456573486328	-11.725382804870605	435.26885986328125	424.1206970214844	0.005228119902312756	9.05463412215599e-05
3	81	-11.610209465026855	0.0	0.0	49.50758361816406	-11.663726806640625	437.5215759277344	426.4314880371094	0.005407280754297972	7.959536998847742e-05
4	108	-11.862421989440918	0.0	0.0	66.10721588134766	-11.782072067260742	409.3621826171875	398.0801696777344	0.003969782497733831	6.57963412215599e-05
5	135	-11.999343872070312	0.0	0.0	48.48822784423828	-11.946205139160156	398.25537109375	386.782470703125	0.012072918936610222	5.05e-05
6	162	-12.211761474609375	0.0	0.0	44.206111907958984	-12.233610153198242	383.2012939453125	371.600341796875	0.008252529427409172	3.5203658778440106e-05
7	189	-12.411727905273438	0.0	0.0	48.77203369140625	-12.371936798095703	376.9288024902344	365.21630859375	0.008915212005376816	2.1404630011522586e-05
8	216	-12.502634048461914	0.0	0.0	46.579776763916016	-12.477994918823242	366.6706237792969	354.8367919921875	0.01570742204785347	1.0453658778440107e-05
9	243	-12.497102737426758	0.0	0.0	44.15852355957031	-12.534952163696289	365.37908935546875	353.4847412109375	0.015349569730460644	3.4227024433899e-06
10	270	-12.639204978942871	0.0	0.0	39.615455627441406	-12.60456371307373	358.2886657714844	346.35638427734375	0.017187681049108505	1e-06
# Best epoch: 10
