# epoch	step	nll	ecut	ecut_viol	grad_norm	val_nll	val_ecut	val_ecut_viol	val_ress_zx	LR
1	27	-28.156673431396484	0.0	0.0	93.9980697631836	-28.217647552490234	243.31809997558594	215.68316650390625	0.03301389887928963	9.757729755661011e-05
2	54	-29.045459747314453	0.0	0.0	79.46259307861328	-29.02205467224121	173.70114135742188	144.63929748535156	0.027701720595359802	9.05463412215599e-05
3	81	-29.134185791015625	0.0	0.0	102.59017944335938	-29.186994552612305	163.48239135742188	134.2268524169922	0.06609370559453964	7.959536998847742e-05
4	108	-29.333404541015625	0.0	0.0	188.56129455566406	-29.24256134033203	159.40524291992188	130.0498046875	0.0540618859231472	6.57963412215599e-05
5	135	-29.1838436126709	0.0	0.0	98.19310760498047	-29.326061248779297	141.3810272216797	111.79512786865234	0.04672680050134659	5.05e-05
6	162	-29.565998077392578	0.0	0.0	75.69149017333984	-29.530126571655273	133.45114135742188	103.64318084716797	0.06523609161376953	3.5203658778440106e-05
7	189	-29.641887664794922	0.0	0.0	63.793949127197266	-29.664487838745117	144.6455078125	114.75299072265625	0.07409939169883728	2.1404630011522586e-05
8	216	-29.714481353759766	0.0	0.0	61.94889831542969	-29.838674545288086	122.17723083496094	92.0377426147461	0.08844316005706787	1.0453658778440107e-05
9	243	-29.832767486572266	0.0	0.0	215.146728515625	-29.886062622070312	121.14385223388672	90.92757415771484	0.08551361411809921	3.4227024433899e-06
10	270	-29.914127349853516	0.0	0.0	49.015472412109375	-29.94270896911621	120.30340576171875	90.09547424316406	0.06976355612277985	1e-06
# Best epoch: 8
