# epoch	step	nll	ecut	ecut_viol	grad_norm	val_nll	val_ecut	val_ecut_viol	val_ress_zx	LR
1	27	-4.043346881866455	0.0	0.0	15.348814010620117	-4.01512336730957	729.2030029296875	725.0091552734375	0.0041089169681072235	9.757729755661011e-05
2	54	-4.087115287780762	0.0	0.0	19.152074813842773	-4.06801176071167	720.21044921875	716.0119018554688	0.0037665634881705046	9.05463412215599e-05
3	81	-4.262576103210449	0.0	0.0	16.658859252929688	-4.14003324508667	700.3170776367188	695.99169921875	0.005835480988025665	7.959536998847742e-05
4	108	-4.220832347869873	0.0	0.0	16.058595657348633	-4.271413803100586	689.2952880859375	684.9657592773438	0.005463929381221533	6.57963412215599e-05
5	135	-4.351897239685059	0.0	0.0	14.693270683288574	-4.318723201751709	675.46435546875	671.0543823242188	0.004673107992857695	5.05e-05
6	162	-4.325222015380859	0.0	0.0	15.6419095993042	-4.404375076293945	657.3405151367188	652.7435302734375	0.0078108529560267925	3.5203658778440106e-05
7	189	-4.616525173187256	0.0	0.0	15.750537872314453	-4.488266944885254	646.198974609375	641.7633666992188	0.006850662641227245	2.1404630011522586e-05
8	216	-4.682823657989502	0.0	0.0	14.734625816345215	-4.557482719421387	639.3339233398438	634.7566528320312	0.00513274222612381	1.0453658778440107e-05
9	243	-4.7230024337768555	0.0	0.0	15.6795015335083	-4.598487854003906	636.659423828125	632.12060546875	0.004498633556067944	3.4227024433899e-06
10	270	-4.708845615386963	0.0	0.0	14.34903335571289	-4.627317428588867	631.6443481445312	627.083251953125	0.005548771470785141	1e-06
# Best epoch: 6
