# epoch	step	nll	ecut	ecut_viol	grad_norm	val_nll	val_ecut	val_ecut_viol	val_ress_zx	LR
1	27	-6.0113935470581055	0.0	0.0	19.185909271240234	-5.851309776306152	670.6771850585938	664.904296875	0.004145044833421707	9.757729755661011e-05
2	54	-5.96333122253418	0.0	0.0	25.316564559936523	-5.97576904296875	647.2039794921875	641.2733154296875	0.0026750927790999413	9.05463412215599e-05
3	81	-6.029693126678467	0.0	0.0	28.195789337158203	-6.116109371185303	628.29736328125	622.3070678710938	0.0060385363176465034	7.959536998847742e-05
4	108	-6.2916998863220215	0.0	0.0	28.446001052856445	-6.180009365081787	604.2899780273438	598.002197265625	0.003425213973969221	6.57963412215599e-05
5	135	-6.38778829574585	0.0	0.0	25.51480484008789	-6.337202072143555	586.79736328125	580.4263916015625	0.006108721252530813	5.05e-05
6	162	-6.493730545043945	0.0	0.0	27.08271598815918	-6.434920787811279	581.2589111328125	574.9342651367188	0.004878902342170477	3.5203658778440106e-05
7	189	-6.663748741149902	0.0	0.0	21.343368530273438	-6.570024013519287	565.8905029296875	559.5208740234375	0.009920991025865078	2.1404630011522586e-05
8	216	-6.596198081970215	0.0	0.0	22.65574073791504	-6.628504753112793	557.8441162109375	551.4076538085938	0.009565573185682297	1.0453658778440107e-05
9	243	-6.765542030334473	0.0	0.0	19.224227905273438	-6.68675422668457	559.1121826171875	552.6580810546875	0.008272923529148102	3.4227024433899e-06
10	270	-6.795119762420654	0.0	0.0	21.22810173034668	-6.7052106857299805	554.7933959960938	548.3743896484375	0.009312092326581478	1e-06
# Best epoch: 7
