# epoch	step	nll	ecut	ecut_viol	grad_norm	val_nll	val_ecut	val_ecut_viol	val_ress_zx	LR
1	27	-7.002208232879639	0.0	0.0	27.358551025390625	-6.985452651977539	589.26123046875	582.3611450195312	0.006124671082943678	9.757729755661011e-05
2	54	-7.035201072692871	0.0	0.0	25.666187286376953	-6.977721214294434	583.78271484375	576.8828735351562	0.0030039940029382706	9.05463412215599e-05
3	81	-7.055322170257568	0.0	0.0	33.52727127075195	-6.9583024978637695	566.8529052734375	559.880615234375	0.0027683291118592024	7.959536998847742e-05
4	108	-7.2886152267456055	0.0	0.0	26.504018783569336	-7.209211349487305	556.888671875	549.9091796875	0.00534210167825222	6.57963412215599e-05
5	135	-7.404715538024902	0.0	0.0	24.004995346069336	-7.35992956161499	556.19873046875	549.129150390625	0.0059907035902142525	5.05e-05
6	162	-7.441566467285156	0.0	0.0	32.912899017333984	-7.4573493003845215	530.9107666015625	523.6143798828125	0.006405818276107311	3.5203658778440106e-05
7	189	-7.6550140380859375	0.0	0.0	27.545394897460938	-7.579996109008789	506.124267578125	498.73089599609375	0.004928275477141142	2.1404630011522586e-05
8	216	-7.696384429931641	0.0	0.0	22.37287139892578	-7.673762798309326	511.08001708984375	503.6746826171875	0.006755118723958731	1.0453658778440107e-05
9	243	-7.766134262084961	0.0	0.0	24.188440322875977	-7.748330116271973	494.8504333496094	487.384521484375	0.005326300859451294	3.4227024433899e-06
10	270	-7.741558074951172	0.0	0.0	31.26881217956543	-7.770318984985352	491.94744873046875	484.4776611328125	0.004173486493527889	1e-06
# Best epoch: 8
