# epoch	step	nll	ecut	ecut_viol	grad_norm	val_nll	val_ecut	val_ecut_viol	val_ress_zx	LR
1	27	-13.930967330932617	0.0	0.0	72.95941162109375	-14.13440227508545	391.0218200683594	378.03887939453125	0.010099544189870358	9.757729755661011e-05
2	54	-14.497299194335938	0.0	0.0	73.25619506835938	-14.467266082763672	368.107177734375	354.523193359375	0.012458929792046547	9.05463412215599e-05
3	81	-14.334506034851074	0.0	0.0	82.88821411132812	-14.451278686523438	343.71038818359375	329.6727294921875	0.013834266923367977	7.959536998847742e-05
4	108	-14.506078720092773	0.0	0.0	80.65120697021484	-14.484477996826172	339.8084411621094	325.78216552734375	0.013567547313869	6.57963412215599e-05
5	135	-14.729528427124023	0.0	0.0	73.302978515625	-14.601314544677734	324.8720397949219	310.75421142578125	0.011875802651047707	5.05e-05
6	162	-15.051360130310059	0.0	0.0	46.95835876464844	-15.034872055053711	313.31915283203125	299.08795166015625	0.010054703801870346	3.5203658778440106e-05
7	189	-15.17440414428711	0.0	0.0	82.30487823486328	-15.180411338806152	300.3002624511719	285.8288879394531	0.013131164014339447	2.1404630011522586e-05
8	216	-15.236932754516602	0.0	0.0	62.074703216552734	-15.2730712890625	299.2786865234375	284.65325927734375	0.02062949724495411	1.0453658778440107e-05
9	243	-15.231115341186523	0.0	0.0	49.64241409301758	-15.338000297546387	293.45159912109375	278.8720703125	0.018910933285951614	3.4227024433899e-06
10	270	-15.354557037353516	0.0	0.0	145.5189971923828	-15.395248413085938	292.84417724609375	278.1949157714844	0.02002720907330513	1e-06
# Best epoch: 8
