# epoch	step	nll	ecut	ecut_viol	grad_norm	val_nll	val_ecut	val_ecut_viol	val_ress_zx	LR
1	27	-19.568988800048828	0.0	0.0	101.75862121582031	-19.649290084838867	253.361572265625	234.25537109375	0.013260717503726482	9.757729755661011e-05
2	54	-20.17221450805664	0.0	0.0	69.01622772216797	-20.193836212158203	218.2561492919922	198.58718872070312	0.023007318377494812	9.05463412215599e-05
3	81	-20.27594757080078	0.0	0.0	95.7179946899414	-20.044532775878906	217.15509033203125	197.131591796875	0.01566411554813385	7.959536998847742e-05
4	108	-20.356517791748047	0.0	0.0	101.83943176269531	-20.395044326782227	206.25381469726562	186.2490234375	0.0262320414185524	6.57963412215599e-05
5	135	-20.654979705810547	0.0	0.0	88.85559844970703	-20.61240005493164	191.59304809570312	171.04452514648438	0.024783361703157425	5.05e-05
6	162	-20.874404907226562	0.0	0.0	55.65093231201172	-20.769601821899414	194.6764373779297	174.105224609375	0.03395983576774597	3.5203658778440106e-05
7	189	-20.91499900817871	0.0	0.0	53.72719955444336	-20.959951400756836	185.67735290527344	164.88058471679688	0.043462034314870834	2.1404630011522586e-05
8	216	-20.987503051757812	0.0	0.0	50.7307243347168	-21.021459579467773	180.2482147216797	159.4418182373047	0.024326279759407043	1.0453658778440107e-05
9	243	-21.0939884185791	0.0	0.0	65.3315200805664	-21.154014587402344	170.06491088867188	148.9942169189453	0.036704860627651215	3.4227024433899e-06
10	270	-21.26038932800293	0.0	0.0	167.0219268798828	-21.199146270751953	173.8751220703125	152.78948974609375	0.05193238705396652	1e-06
# Best epoch: 10
