# epoch	step	nll	ecut	ecut_viol	grad_norm	val_nll	val_ecut	val_ecut_viol	val_ress_zx	LR
1	27	-33.987571716308594	0.0	0.0	109.45704650878906	-33.75325012207031	214.5994873046875	181.9068603515625	0.02889367565512657	9.757729755661011e-05
2	54	-34.869869232177734	0.0	0.0	96.043701171875	-34.619422912597656	153.3735809326172	118.75041198730469	0.04793005436658859	9.05463412215599e-05
3	81	-34.96079635620117	0.0	0.0	106.99430847167969	-34.95880889892578	130.61972045898438	95.43069458007812	0.03491276130080223	7.959536998847742e-05
4	108	-34.984127044677734	0.0	0.0	138.91983032226562	-35.01887893676758	126.5819091796875	91.23291015625	0.024656984955072403	6.57963412215599e-05
5	135	-35.110443115234375	0.0	0.0	106.51812744140625	-35.22185516357422	122.84593200683594	87.16712951660156	0.0679558515548706	5.05e-05
6	162	-35.264801025390625	0.0	0.0	89.36797332763672	-35.21458053588867	115.761474609375	79.95008850097656	0.08219142258167267	3.5203658778440106e-05
7	189	-35.56623458862305	0.0	0.0	66.95294189453125	-35.478004455566406	111.76976013183594	75.6273422241211	0.11516188085079193	2.1404630011522586e-05
8	216	-35.60593795776367	0.0	0.0	71.3102798461914	-35.53706741333008	114.78216552734375	78.75753021240234	0.1169707328081131	1.0453658778440107e-05
9	243	-35.78532409667969	0.0	0.0	85.84651184082031	-35.67864990234375	107.42694091796875	71.22161865234375	0.13816338777542114	3.4227024433899e-06
10	270	-35.813865661621094	0.0	0.0	46.221954345703125	-35.702903747558594	108.02316284179688	71.70433807373047	0.1686147302389145	1e-06
# Best epoch: 10
