# epoch	step	nll	ecut	ecut_viol	grad_norm	val_nll	val_ecut	val_ecut_viol	val_ress_zx	LR
1	27	-24.615652084350586	0.0	0.0	73.34918212890625	-24.572265625	232.63552856445312	209.0327606201172	0.01836804300546646	9.757729755661011e-05
2	54	-25.047500610351562	0.0	0.0	85.21265411376953	-25.081579208374023	213.15164184570312	188.60752868652344	0.020631272345781326	9.05463412215599e-05
3	81	-25.248027801513672	0.0	0.0	103.1228256225586	-25.104246139526367	199.2469940185547	174.6795654296875	0.015003925189375877	7.959536998847742e-05
4	108	-25.541797637939453	0.0	0.0	123.38970947265625	-25.48634910583496	167.5049285888672	142.3485565185547	0.026260316371917725	6.57963412215599e-05
5	135	-25.394329071044922	0.0	0.0	92.97769165039062	-25.52870750427246	159.648681640625	134.129638671875	0.03742426633834839	5.05e-05
6	162	-25.760717391967773	0.0	0.0	874.1569213867188	-25.508581161499023	144.71859741210938	119.1560287475586	0.02101253531873226	3.5203658778440106e-05
7	189	-25.865230560302734	0.0	0.0	240.89739990234375	-25.871623992919922	135.78953552246094	109.6791000366211	0.061254262924194336	2.1404630011522586e-05
8	216	-26.038427352905273	0.0	0.0	59.899314880371094	-26.1024227142334	140.448486328125	114.32121276855469	0.08007662743330002	1.0453658778440107e-05
9	243	-26.144695281982422	0.0	0.0	42.138816833496094	-26.203109741210938	132.3475341796875	106.06013488769531	0.0722329169511795	3.4227024433899e-06
10	270	-26.22610092163086	0.0	0.0	91.43468475341797	-26.23975372314453	133.41574096679688	107.08428955078125	0.06770791858434677	1e-06
# Best epoch: 8
