# epoch	step	nll	ecut	ecut_viol	grad_norm	val_nll	val_ecut	val_ecut_viol	val_ress_zx	LR
1	27	-27.263099670410156	0.0	0.0	103.3738021850586	-27.17165756225586	196.33746337890625	169.06338500976562	0.03937394171953201	9.757729755661011e-05
2	54	-27.5939998626709	0.0	0.0	104.9639663696289	-27.593503952026367	173.60801696777344	146.02272033691406	0.046328768134117126	9.05463412215599e-05
3	81	-27.8719539642334	0.0	0.0	101.6955795288086	-27.62269401550293	163.24606323242188	135.25035095214844	0.036275796592235565	7.959536998847742e-05
4	108	-27.56163787841797	0.0	0.0	147.46499633789062	-27.851058959960938	150.56011962890625	122.65623474121094	0.0358637198805809	6.57963412215599e-05
5	135	-28.06777572631836	0.0	0.0	103.43697357177734	-28.156232833862305	142.97393798828125	114.8779296875	0.08273608982563019	5.05e-05
6	162	-28.311809539794922	0.0	0.0	70.0643081665039	-28.354778289794922	134.08544921875	105.63179779052734	0.04613674804568291	3.5203658778440106e-05
7	189	-28.422719955444336	0.0	0.0	143.0786590576172	-28.457021713256836	136.60545349121094	107.93917846679688	0.08646096289157867	2.1404630011522586e-05
8	216	-28.583484649658203	0.0	0.0	47.095924377441406	-28.515029907226562	136.3322296142578	107.65299987792969	0.07647626847028732	1.0453658778440107e-05
9	243	-28.63134765625	0.0	0.0	132.7962646484375	-28.606979370117188	136.7423553466797	107.97129821777344	0.08784833550453186	3.4227024433899e-06
10	270	-28.76318359375	0.0	0.0	40.8443489074707	-28.691116333007812	135.81002807617188	106.93057250976562	0.09360601007938385	1e-06
# Best epoch: 10
