# epoch	step	nll	ecut	ecut_viol	grad_norm	val_nll	val_ecut	val_ecut_viol	val_ress_zx	LR
1	9	0.10241879522800446	0.0	0.0	4.050095558166504	0.0793064758181572	45.39556121826172	45.33170700073242	0.7834126949310303	9.968875438971552e-05
2	18	0.07017022371292114	0.0	0.0	3.280322551727295	0.0839795470237732	44.93898010253906	44.86212921142578	0.7637102603912354	9.875893165300026e-05
3	27	0.06914430856704712	0.0	0.0	3.1908698081970215	0.06266815960407257	47.9846076965332	47.933292388916016	0.7946926355361938	9.722222485026419e-05
4	36	0.05106762796640396	0.0	0.0	2.670670509338379	0.04392806813120842	46.3663330078125	46.31461715698242	0.7979224324226379	9.509795896116974e-05
5	45	0.012301968410611153	0.0	0.0	1.9987001419067383	0.05906536057591438	45.72829055786133	45.66236114501953	0.7985244393348694	9.241284786180005e-05
6	54	0.05589689314365387	0.0	0.0	3.2675485610961914	0.045233987271785736	47.11812210083008	47.061737060546875	0.8115218877792358	8.920065838216747e-05
7	63	0.054577283561229706	0.0	0.0	2.4289917945861816	0.05089781433343887	42.54931640625	42.47290802001953	0.8037609457969666	8.550178566873408e-05
8	72	0.06292177736759186	0.0	0.0	3.2589733600616455	0.0452839732170105	42.900150299072266	42.85532760620117	0.8119582533836365	8.13627451920073e-05
9	81	0.017176920548081398	0.0	0.0	2.855175733566284	0.04709010198712349	44.317909240722656	44.27711868286133	0.8135930299758911	7.683558778750915e-05
10	90	0.036942895501852036	0.0	0.0	2.831372022628784	0.03878399729728699	41.809532165527344	41.73902893066406	0.7841010689735413	7.197724508631912e-05
11	99	0.019558046013116837	0.0	0.0	2.5361850261688232	0.02604697458446026	43.867156982421875	43.81568145751953	0.8316852450370789	6.684881356678078e-05
12	108	0.006858606822788715	0.0	0.0	1.7499895095825195	0.02164793200790882	42.81245422363281	42.77030563354492	0.8370009660720825	6.151478623083756e-05
13	117	0.013369525782763958	0.0	0.0	2.3544414043426514	0.01880209520459175	43.64327621459961	43.608158111572266	0.8384113311767578	5.604224156711373e-05
14	126	0.012359458021819592	0.0	0.0	2.3172607421875	0.01476634107530117	43.776649475097656	43.746986389160156	0.8407060503959656	5.05e-05
15	135	0.0015780134126543999	0.0	0.0	2.3375296592712402	0.019795700907707214	42.189674377441406	42.165550231933594	0.8381869196891785	4.4957758432886274e-05
16	144	0.01350404229015112	0.0	0.0	2.3742783069610596	0.030778609216213226	41.906307220458984	41.871063232421875	0.8456704616546631	3.948521376916244e-05
17	153	-0.00028854896663688123	0.0	0.0	2.407762289047241	0.02279304340481758	43.0935173034668	43.066856384277344	0.8505762219429016	3.4151186433219223e-05
18	162	-0.009442746639251709	0.0	0.0	2.1031291484832764	0.006551546510308981	43.63594055175781	43.62115478515625	0.8569469451904297	2.9022754913680878e-05
19	171	-0.004336023703217506	0.0	0.0	2.3205373287200928	0.012401971966028214	43.0473747253418	43.02164840698242	0.8534933924674988	2.4164412212490847e-05
20	180	-0.0033281317446380854	0.0	0.0	2.160067558288574	0.007401494309306145	42.78388595581055	42.76412582397461	0.863843560218811	1.9637254807992694e-05
21	189	-0.01149080041795969	0.0	0.0	1.8861397504806519	0.007739250082522631	43.321292877197266	43.30118179321289	0.8655064702033997	1.54982143312659e-05
22	198	-0.0029165286105126143	0.0	0.0	2.1416831016540527	0.009134910069406033	43.26433181762695	43.24205780029297	0.8707097172737122	1.1799341617832541e-05
23	207	-0.0171077661216259	0.0	0.0	2.159452438354492	0.008699554018676281	43.54963302612305	43.53266525268555	0.8736674785614014	8.587152138199936e-06
24	216	-0.023131078109145164	0.0	0.0	2.1824982166290283	0.00543098384514451	43.238258361816406	43.22346115112305	0.8747024536132812	5.902041038830258e-06
25	225	-0.02663937397301197	0.0	0.0	1.9851422309875488	0.002944562816992402	42.515525817871094	42.50008010864258	0.8743717670440674	3.777775149735805e-06
26	234	-0.02162220887839794	0.0	0.0	2.3005356788635254	0.0022788424976170063	42.283573150634766	42.268795013427734	0.8729344010353088	2.2410683469997256e-06
27	243	-0.027888506650924683	0.0	0.0	1.960464596748352	0.0018957711290568113	42.32429122924805	42.31125259399414	0.8743980526924133	1.3112456102844912e-06
28	252	-0.010924460366368294	0.0	0.0	1.8399605751037598	0.0015108836814761162	42.44281005859375	42.430912017822266	0.8756113052368164	1e-06
# Best epoch: 28
