# Generation 4

0 0.00013
1 0.00033
2 0.00073
3 0.00095
4 0.00114
5 0.00128
6 0.00146
7 0.00158
8 0.00171
9 0.00172
10 0.00216
11 0.00265
12 0.00303
13 0.00324
14 0.00342
15 0.00385
16 0.00415
17 0.00428
18 0.00431
19 0.00439
20 0.00459
21 0.00471
22 0.00514
23 0.00526
24 0.00554
25 0.00567
26 0.00619
27 0.00636
28 0.00663
29 0.00688
30 0.00718
31 0.00744
32 0.0075
33 0.00769
34 0.00789
35 0.00818
36 0.00838
37 0.00855
38 0.00859
39 0.00873
40 0.00885
41 0.00924
42 0.00938
43 0.00967
44 0.00996
45 0.01054
46 0.01092
47 0.01121
48 0.01142
49 0.01152
50 0.01173
51 0.01193
52 0.01221
53 0.01253
54 0.01291
55 0.01309
56 0.0133
57 0.0135
58 0.01369
59 0.01377
60 0.01399
61 0.01427
62 0.01443
63 0.01459
64 0.01474
65 0.01491
66 0.01525
67 0.01547
68 0.01564
69 0.01573
70 0.01589
71 0.0163
72 0.0165
73 0.01682
74 0.01701
75 0.01715
76 0.01742
77 0.01764
78 0.01782
79 0.01793
80 0.01822
81 0.01853
82 0.01897
83 0.0192
84 0.01936
85 0.0197
86 0.02
87 0.02016
88 0.02046
89 0.02071
90 0.021
91 0.02103
92 0.02153
93 0.02193
94 0.022
95 0.02217
96 0.02245
97 0.02261
98 0.02275
99 0.02298
100 0.02311
101 0.02324
102 0.02363
103 0.02382
104 0.024
105 0.02412
106 0.02452
107 0.02487
108 0.0251
109 0.02571
110 0.02588
111 0.02617
112 0.02639
113 0.0265
114 0.0266
115 0.0268
116 0.02686
117 0.0271
118 0.02733
119 0.02769
120 0.02784
121 0.02808
122 0.02839
123 0.02868
124 0.02905
125 0.02955
126 0.02987
127 0.02997
128 0.03002
129 0.0301
130 0.03047
131 0.03067
132 0.03085
133 0.03115
134 0.03158
135 0.03199
136 0.03211
137 0.03222
138 0.03235
139 0.03262
140 0.03275
141 0.03286
142 0.0332
143 0.03347
144 0.03368
145 0.03395
146 0.03408
147 0.03434
148 0.03459
149 0.03496
150 0.03518
151 0.03539
152 0.03572
153 0.03588
154 0.03617
155 0.03639
156 0.03681
157 0.03701
158 0.03748
159 0.03775
160 0.03808
161 0.03845
162 0.0388
163 0.03891
164 0.03906
165 0.03925
166 0.03943
167 0.03954
168 0.03968
169 0.03996
170 0.04014
171 0.04018
172 0.04048
173 0.04073
174 0.04112
175 0.04116
176 0.04133
177 0.04153
178 0.04171
179 0.04185
180 0.04203
181 0.04225
182 0.04244
183 0.04267
184 0.04294
185 0.04319
186 0.04344
187 0.04367
188 0.04391
189 0.0441
190 0.04439
191 0.04444
192 0.04475
193 0.04495
194 0.0451
195 0.04541
196 0.04563
197 0.04574
198 0.0459
199 0.04615
200 0.04637
201 0.04655
202 0.04668
203 0.04691
204 0.04708
205 0.04734
206 0.04745
207 0.04772
208 0.04795
209 0.04828
210 0.0485
211 0.04883
212 0.04889
213 0.04937
214 0.04949
215 0.04974
216 0.05
217 0.05014
218 0.05033
219 0.05045
220 0.05071
221 0.05092
222 0.05123
223 0.0515
224 0.05176
225 0.05189
226 0.05205
227 0.05216
228 0.05234
229 0.0526
230 0.05285
231 0.05298
232 0.05303
233 0.05329
234 0.05356
235 0.0538
236 0.05391
237 0.05417
238 0.05445
239 0.05476
240 0.05519
241 0.05554
242 0.05588
243 0.05614
244 0.05616
245 0.05629
246 0.05645
247 0.05668
248 0.05704
249 0.0574
250 0.05752
251 0.0578
252 0.05794
253 0.05834
254 0.05878
255 0.05916
256 0.05951
257 0.05994
258 0.06015
259 0.06023
260 0.06036
261 0.06064
262 0.06067
263 0.0609
264 0.06111
265 0.06131
266 0.06185
267 0.06198
268 0.06212
269 0.06225
270 0.06251
271 0.06271
272 0.06307
273 0.06316
274 0.06333
275 0.06345
276 0.06365
277 0.06382
278 0.06388
279 0.06408
280 0.06428
281 0.06451
282 0.06461
283 0.06488
284 0.06512
285 0.06519
286 0.06535
287 0.06566
288 0.06584
289 0.06604
290 0.06636
291 0.06653
292 0.06671
293 0.06702
294 0.06719
295 0.06737
296 0.06753
297 0.06771
298 0.068
299 0.06836
300 0.0686
301 0.06878
302 0.06892
303 0.06918
304 0.06925
305 0.06949
306 0.06954
307 0.06957
308 0.06989
309 0.07009
310 0.07024
311 0.07054
312 0.0706
313 0.07069
314 0.07078
315 0.07092
316 0.07101
317 0.07111
318 0.07133
319 0.07166
320 0.07171
321 0.07214
322 0.07229
323 0.07234
324 0.07251
325 0.07274
326 0.07298
327 0.07337
328 0.07341
329 0.07352
330 0.07373
331 0.07387
332 0.07407
333 0.07431
334 0.07458
335 0.07464
336 0.07489
337 0.07523
338 0.07575
339 0.07609
340 0.07636
341 0.07655
342 0.07699
343 0.0774
344 0.07771
345 0.07806
346 0.07844
347 0.0786
348 0.07884
349 0.07919
350 0.07949
351 0.07977
352 0.07996
353 0.08017
354 0.0805
355 0.0807
356 0.0809
357 0.08102
358 0.08119
359 0.08136
360 0.08158
361 0.08181
362 0.08197
363 0.08204
364 0.08231
365 0.08252
366 0.08288
367 0.08308
368 0.0834
369 0.08361
370 0.08397
371 0.08427
372 0.08448
373 0.08454
374 0.08475
375 0.08489
376 0.08501
377 0.08529
378 0.08549
379 0.08581
380 0.08606
381 0.08627
382 0.08656
383 0.08664
384 0.08673
385 0.08708
386 0.08745
387 0.0878
388 0.08791
389 0.08805
390 0.08846
391 0.08871
392 0.08898
393 0.08925
394 0.08947
395 0.08959
396 0.08995
397 0.0901
398 0.09033
399 0.09041
400 0.09083
401 0.09111
402 0.0916
403 0.09172
404 0.09194
405 0.09228
406 0.09253
407 0.09268
408 0.09284
409 0.09313
410 0.09336
411 0.09359
412 0.09401
413 0.09436
414 0.09455
415 0.09468
416 0.09479
417 0.09497
418 0.09506
419 0.09517
420 0.09534
421 0.09556
422 0.09559
423 0.09578
424 0.0959
425 0.09614
426 0.09676
427 0.09684
428 0.09715
429 0.09725
430 0.09736
431 0.09758
432 0.09774
433 0.09788
434 0.09832
435 0.09854
436 0.0988
437 0.09903
438 0.09921
439 0.09938
440 0.09983
441 0.0999
442 0.1002
443 0.1005
444 0.10067
445 0.10117
446 0.10151
447 0.10193
448 0.10219
449 0.10245
450 0.10266
451 0.10292
452 0.10312
453 0.10329
454 0.1036
455 0.10385
456 0.10407
457 0.10444
458 0.10464
459 0.10487
460 0.10524
461 0.10529
462 0.10573
463 0.10601
464 0.10614
465 0.10628
466 0.10632
467 0.10648
468 0.10657
469 0.10663
470 0.10698
471 0.10711
472 0.10752
473 0.10759
474 0.10799
475 0.10823
476 0.10845
477 0.10894
478 0.10905
479 0.10929
480 0.10934
481 0.10962
482 0.10984
483 0.10997
484 0.11023
485 0.11053
486 0.11096
487 0.11128
488 0.11167
489 0.11198
490 0.1125
491 0.11279
492 0.1128
493 0.11304
494 0.11332
495 0.11342
496 0.11384
497 0.11395
498 0.11429
499 0.11455
500 0.11477
501 0.11487
502 0.11514
503 0.11537
504 0.11553
505 0.1158
506 0.11613
507 0.11628
508 0.11654
509 0.11696
510 0.1173
511 0.11754
512 0.11764
513 0.11783
514 0.1181
515 0.11845
516 0.11878
517 0.11906
518 0.11909
519 0.11925
520 0.1194
521 0.11967
522 0.11984
523 0.11989
524 0.12014
525 0.12035
526 0.1205
527 0.1207
528 0.12097
529 0.12108
530 0.12135
531 0.12166
532 0.12175
533 0.12201
534 0.1223
535 0.12259
536 0.12263
537 0.12281
538 0.12326
539 0.12366
540 0.12398
541 0.12413
542 0.12428
543 0.12451
544 0.12491
545 0.12541
546 0.12574
547 0.12592
548 0.12611
549 0.12621
550 0.12663
551 0.12695
552 0.12717
553 0.12738
554 0.12769
555 0.12801
556 0.1282
557 0.12836
558 0.12845
559 0.12861
560 0.12883
561 0.12905
562 0.12938
563 0.12965
564 0.12978
565 0.12988
566 0.13005
567 0.13021
568 0.13033
569 0.13064
570 0.13069
571 0.13104
572 0.1313
573 0.13166
574 0.13186
575 0.13201
576 0.13238
577 0.1325
578 0.13279
579 0.13312
580 0.13348
581 0.13368
582 0.134
583 0.13434
584 0.1347
585 0.13489
586 0.13505
587 0.1351
588 0.13537
589 0.13555
590 0.13591
591 0.13599
592 0.13646
593 0.13666
594 0.13698
595 0.13704
596 0.13731
597 0.13764
598 0.13782
599 0.13828
600 0.13846
601 0.13856
602 0.1387
603 0.13884
604 0.13911
605 0.13918
606 0.13954
607 0.13969
608 0.13994
609 0.14023
610 0.14053
611 0.14068
612 0.14076
613 0.14111
614 0.14132
615 0.14148
616 0.14167
617 0.14188
618 0.14221
619 0.14242
620 0.14264
621 0.14275
622 0.14298
623 0.1431
624 0.14389
625 0.14415
626 0.14442
627 0.14474
628 0.14491
629 0.14493
630 0.14542
631 0.14582
632 0.14584
633 0.14611
634 0.14649
635 0.14661
636 0.14688
637 0.14708
638 0.14726
639 0.14747
640 0.14775
641 0.14789
642 0.14804
643 0.14839
644 0.14847
645 0.14858
646 0.14889
647 0.14898
648 0.14909
649 0.14933
650 0.14958
651 0.14969
652 0.14987
653 0.15023
654 0.15041
655 0.15069
656 0.15085
657 0.15101
658 0.15121
659 0.15147
660 0.15165
661 0.1517
662 0.15176
663 0.15208
664 0.15243
665 0.15285
666 0.1532
667 0.15338
668 0.15351
669 0.15386
670 0.15423
671 0.15465
672 0.15482
673 0.15517
674 0.15529
675 0.15543
676 0.15572
677 0.15591
678 0.15598
679 0.15635
680 0.15653
681 0.1568
682 0.15714
683 0.1575
684 0.15778
685 0.15795
686 0.15819
687 0.15851
688 0.1586
689 0.15879
690 0.15907
691 0.15923
692 0.15957
693 0.15964
694 0.15986
695 0.1601
696 0.16057
697 0.16092
698 0.16106
699 0.16137
700 0.16169
701 0.16188
702 0.1621
703 0.16219
704 0.16243
705 0.16279
706 0.16295
707 0.16317
708 0.16342
709 0.16353
710 0.16375
711 0.16407
712 0.16455
713 0.1648
714 0.16488
715 0.1651
716 0.16534
717 0.16568
718 0.16596
719 0.16622
720 0.16635
721 0.16651
722 0.16676
723 0.16718
724 0.16731
725 0.16753
726 0.16791
727 0.16806
728 0.16836
729 0.16843
730 0.16864
731 0.1687
732 0.16907
733 0.16928
734 0.16952
735 0.16985
736 0.17001
737 0.17027
738 0.17058
739 0.17089
740 0.17098
741 0.17118
742 0.17139
743 0.17154
744 0.17176
745 0.172
746 0.17219
747 0.17243
748 0.17267
749 0.17282
750 0.17331
751 0.17359
752 0.17371
753 0.17389
754 0.17402
755 0.17417
756 0.17423
757 0.17434
758 0.17452
759 0.17493
760 0.17524
761 0.17548
762 0.17576
763 0.17586
764 0.17598
765 0.17632
766 0.17649
767 0.17677
768 0.17686
769 0.17701
770 0.17717
771 0.17732
772 0.17738
773 0.17809
774 0.17834
775 0.17866
776 0.17885
777 0.17894
778 0.17942
779 0.17973
780 0.17994
781 0.18023
782 0.18045
783 0.18065
784 0.18081
785 0.18106
786 0.18129
787 0.18157
788 0.18186
789 0.18251
790 0.18277
791 0.18305
792 0.1833
793 0.18339
794 0.18376
795 0.18403
796 0.18424
797 0.18463
798 0.18467
799 0.18492
800 0.18512
801 0.18521
802 0.18546
803 0.18564
804 0.18582
805 0.18599
806 0.18634
807 0.18643
808 0.18653
809 0.18671
810 0.18695
811 0.18715
812 0.18725
813 0.18735
814 0.1874
815 0.18752
816 0.18765
817 0.18802
818 0.18821
819 0.18855
820 0.18896
821 0.18931
822 0.1898
823 0.18998
824 0.19004
825 0.19049
826 0.19067
827 0.19075
828 0.19087
829 0.19105
830 0.19129
831 0.19158
832 0.1919
833 0.19224
834 0.19234
835 0.19251
836 0.19259
837 0.19279
838 0.19321
839 0.19341
840 0.19371
841 0.19393
842 0.19407
843 0.19429
844 0.19463
845 0.19473
846 0.19538
847 0.19558
848 0.1958
849 0.19599
850 0.1965
851 0.19662
852 0.19674
853 0.19702
854 0.19725
855 0.19752
856 0.19778
857 0.19802
858 0.19825
859 0.19848
860 0.19866
861 0.19894
862 0.19919
863 0.19943
864 0.19968
865 0.19984
866 0.2
867 0.20019
868 0.20045
869 0.20049
870 0.2007
871 0.20095
872 0.20106
873 0.20134
874 0.20146
875 0.20163
876 0.20195
877 0.20236
878 0.20259
879 0.20283
880 0.20291
881 0.20323
882 0.20331
883 0.20362
884 0.20401
885 0.20406
886 0.20431
887 0.20451
888 0.20486
889 0.20523
890 0.20535
891 0.20557
892 0.20572
893 0.20589
894 0.20597
895 0.20625
896 0.20643
897 0.20666
898 0.20688
899 0.2072
900 0.20744
901 0.20746
902 0.20752
903 0.20757
904 0.20793
905 0.20817
906 0.20825
907 0.20868
908 0.20908
909 0.20935
910 0.20951
911 0.2096
912 0.20992
913 0.20999
914 0.21051
915 0.21069
916 0.21103
917 0.21118
918 0.21146
919 0.21165
920 0.21181
921 0.21207
922 0.21233
923 0.21245
924 0.21263
925 0.21282
926 0.21293
927 0.21322
928 0.21338
929 0.21374
930 0.21386
931 0.21407
932 0.21446
933 0.21477
934 0.21493
935 0.21509
936 0.21529
937 0.21561
938 0.21581
939 0.21602
940 0.21623
941 0.21633
942 0.21683
943 0.21699
944 0.21721
945 0.2175
946 0.21783
947 0.2181
948 0.21862
949 0.21864
950 0.21903
951 0.21932
952 0.21958
953 0.21999
954 0.22008
955 0.22012
956 0.22028
957 0.22057
958 0.22079
959 0.22096
960 0.22116
961 0.22156
962 0.22181
963 0.22223
964 0.2224
965 0.22278
966 0.22332
967 0.22347
968 0.22359
969 0.22395
970 0.22404
971 0.22443
972 0.22465
973 0.22498
974 0.22512
975 0.22559
976 0.22573
977 0.22608
978 0.22629
979 0.22634
980 0.2265
981 0.22693
982 0.22714
983 0.22751
984 0.22781
985 0.22799
986 0.22815
987 0.22838
988 0.22865
989 0.22891
990 0.22923
991 0.22929
992 0.22958
993 0.22989
994 0.23002
995 0.23044
996 0.23089
997 0.23111
998 0.23135
999 0.23149
1000 0.23165
1001 0.23175
1002 0.23186
1003 0.23202
1004 0.23237
1005 0.23245
1006 0.23257
1007 0.23276
1008 0.233
1009 0.23325
1010 0.2335
1011 0.2336
1012 0.23372
1013 0.23396
1014 0.23447
1015 0.23467
1016 0.2348
1017 0.23517
1018 0.23533
1019 0.23571
1020 0.23581
1021 0.23598
1022 0.23641
1023 0.23671
1024 0.23682
1025 0.23724
1026 0.23748
1027 0.23784
1028 0.238
1029 0.23823
1030 0.2387
1031 0.23877
1032 0.23898
1033 0.23925
1034 0.23949
1035 0.24009
1036 0.24017
1037 0.24043
1038 0.24063
1039 0.24113
1040 0.24156
1041 0.24202
1042 0.24234
1043 0.24264
1044 0.24299
1045 0.24316
1046 0.24355
1047 0.24384
1048 0.24399
1049 0.24425
1050 0.2445
1051 0.24466
1052 0.24482
1053 0.245
1054 0.24509
1055 0.24543
1056 0.24557
1057 0.24578
1058 0.24593
1059 0.24613
1060 0.24628
1061 0.24646
1062 0.2466
1063 0.24677
1064 0.24726
1065 0.24732
1066 0.24757
1067 0.24771
1068 0.24788
1069 0.24808
1070 0.24816
1071 0.24834
1072 0.24869
1073 0.24896
1074 0.24911
1075 0.24923
1076 0.24946
1077 0.24966
1078 0.2497
1079 0.25001
1080 0.25043
1081 0.25049
1082 0.25073
1083 0.2509
1084 0.25105
1085 0.25125
1086 0.2515
1087 0.25183
1088 0.25209
1089 0.25213
1090 0.25235
1091 0.25246
1092 0.25268
1093 0.25272
1094 0.25301
1095 0.25315
1096 0.25328
1097 0.25353
1098 0.25378
1099 0.25397
1100 0.25434
1101 0.25446
1102 0.25485
1103 0.2549
1104 0.25511
1105 0.25529
1106 0.25535
1107 0.2555
1108 0.25558
1109 0.25577
1110 0.25629
1111 0.25638
1112 0.25651
1113 0.25659
1114 0.25683
1115 0.25718
1116 0.25729
1117 0.25766
1118 0.25801
1119 0.25831
1120 0.25837
1121 0.25864
1122 0.25907
1123 0.25944
1124 0.25974
1125 0.25982
1126 0.25994
1127 0.26007
1128 0.26023
1129 0.2605
1130 0.26057
1131 0.26084
1132 0.2611
1133 0.26145
1134 0.26169
1135 0.26181
1136 0.26205
1137 0.26249
1138 0.26268
1139 0.2629
1140 0.26315
1141 0.26351
1142 0.26394
1143 0.26448
1144 0.26464
1145 0.26506
1146 0.2653
1147 0.26562
1148 0.26586
1149 0.26605
1150 0.26629
1151 0.26642
1152 0.26659
1153 0.26675
1154 0.26701
1155 0.26714
1156 0.2675
1157 0.26752
1158 0.26779
1159 0.26806
1160 0.26832
1161 0.26884
1162 0.26907
1163 0.26922
1164 0.26937
1165 0.26951
1166 0.26975
1167 0.26991
1168 0.27004
1169 0.27014
1170 0.27034
1171 0.27051
1172 0.27084
1173 0.27114
1174 0.27133
1175 0.27143
1176 0.27161
1177 0.27175
1178 0.27201
1179 0.27223
1180 0.27259
1181 0.27304
1182 0.27324
1183 0.27364
1184 0.27408
1185 0.27444
1186 0.2747
1187 0.27484
1188 0.27511
1189 0.27542
1190 0.2759
1191 0.27617
1192 0.27634
1193 0.27653
1194 0.27686
1195 0.27719
1196 0.27734
1197 0.27749
1198 0.27762
1199 0.27772
1200 0.27785
1201 0.2781
1202 0.2782
1203 0.27831
1204 0.27868
1205 0.27888
1206 0.27896
1207 0.27914
1208 0.27934
1209 0.27954
1210 0.27971
1211 0.27993
1212 0.28023
1213 0.28038
1214 0.28055
1215 0.28089
1216 0.28117
1217 0.28143
1218 0.2817
1219 0.28183
1220 0.28217
1221 0.28253
1222 0.28266
1223 0.28278
1224 0.28303
1225 0.28332
1226 0.28346
1227 0.28359
1228 0.28377
1229 0.28407
1230 0.28447
1231 0.28459
1232 0.28464
1233 0.28487
1234 0.28515
1235 0.28528
1236 0.28536
1237 0.28575
1238 0.28594
1239 0.28635
1240 0.2865
1241 0.28679
1242 0.28714
1243 0.28729
1244 0.28734
1245 0.28743
1246 0.28759
1247 0.28773
1248 0.28781
1249 0.28799
1250 0.2884
1251 0.28873
1252 0.28896
1253 0.28905
1254 0.28965
1255 0.2899
1256 0.29009
1257 0.2906
1258 0.29077
1259 0.29098
1260 0.29127
1261 0.29143
1262 0.2918
1263 0.29199
1264 0.29218
1265 0.29233
1266 0.29253
1267 0.29285
1268 0.29302
1269 0.29315
1270 0.29341
1271 0.29354
1272 0.29383
1273 0.29395
1274 0.29427
1275 0.29441
1276 0.29465
1277 0.29508
1278 0.29528
1279 0.29558
1280 0.29571
1281 0.2959
1282 0.2963
1283 0.29644
1284 0.29657
1285 0.29673
1286 0.29681
1287 0.29688
1288 0.29721
1289 0.2973
1290 0.29749
1291 0.29756
1292 0.29812
1293 0.29822
1294 0.29855
1295 0.29879
1296 0.29901
1297 0.29906
1298 0.29944
1299 0.29968
1300 0.29988
1301 0.30008
1302 0.30035
1303 0.30064
1304 0.30094
1305 0.30123
1306 0.30161
1307 0.30171
1308 0.30194
1309 0.30225
1310 0.30256
1311 0.30285
1312 0.30311
1313 0.30318
1314 0.30334
1315 0.30361
1316 0.30384
1317 0.30405
1318 0.30452
1319 0.30462
1320 0.30485
1321 0.30505
1322 0.30547
1323 0.3057
1324 0.30598
1325 0.30609
1326 0.30615
1327 0.30627
1328 0.30645
1329 0.30673
1330 0.30684
1331 0.30729
1332 0.30772
1333 0.30788
1334 0.30806
1335 0.30833
1336 0.30855
1337 0.3087
1338 0.30877
1339 0.30913
1340 0.30926
1341 0.30938
1342 0.30953
1343 0.30969
1344 0.31018
1345 0.31044
1346 0.31066
1347 0.31091
1348 0.31109
1349 0.31136
1350 0.31188
1351 0.31217
1352 0.31245
1353 0.31291
1354 0.31301
1355 0.31325
1356 0.31331
1357 0.31365
1358 0.31394
1359 0.31406
1360 0.31435
1361 0.31471
1362 0.3153
1363 0.31559
1364 0.31588
1365 0.31602
1366 0.31624
1367 0.31631
1368 0.31642
1369 0.31646
1370 0.31659
1371 0.31674
1372 0.31688
1373 0.31711
1374 0.31733
1375 0.31756
1376 0.31773
1377 0.31798
1378 0.31808
1379 0.3181
1380 0.31849
1381 0.31887
1382 0.31904
1383 0.31948
1384 0.3197
1385 0.31987
1386 0.32003
1387 0.32049
1388 0.32066
1389 0.32088
1390 0.32132
1391 0.32139
1392 0.32144
1393 0.32159
1394 0.32184
1395 0.32195
1396 0.3222
1397 0.3224
1398 0.32257
1399 0.32285
1400 0.32301
1401 0.32316
1402 0.3233
1403 0.32339
1404 0.32345
1405 0.32401
1406 0.32431
1407 0.32445
1408 0.32451
1409 0.32464
1410 0.32493
1411 0.32528
1412 0.32547
1413 0.32564
1414 0.32586
1415 0.32615
1416 0.32633
1417 0.3268
1418 0.32697
1419 0.3272
1420 0.32749
1421 0.32762
1422 0.3281
1423 0.32826
1424 0.32864
1425 0.32893
1426 0.32909
1427 0.32934
1428 0.32972
1429 0.33005
1430 0.3302
1431 0.33034
1432 0.33046
1433 0.3306
1434 0.33087
1435 0.33102
1436 0.3312
1437 0.33129
1438 0.33137
1439 0.33158
1440 0.33191
1441 0.33204
1442 0.33233
1443 0.33242
1444 0.33251
1445 0.33291
1446 0.33305
1447 0.33318
1448 0.33348
1449 0.33397
1450 0.33424
1451 0.33455
1452 0.3348
1453 0.33499
1454 0.33527
1455 0.3355
1456 0.33574
1457 0.33601
1458 0.33627
1459 0.33641
1460 0.33695
1461 0.33702
1462 0.33728
1463 0.33746
1464 0.33762
1465 0.33793
1466 0.33825
1467 0.33859
1468 0.33887
1469 0.33915
1470 0.33969
1471 0.3398
1472 0.34025
1473 0.34031
1474 0.34057
1475 0.34075
1476 0.34105
1477 0.34127
1478 0.3415
1479 0.34169
1480 0.34194
1481 0.34207
1482 0.34244
1483 0.34257
1484 0.34272
1485 0.34298
1486 0.34341
1487 0.34376
1488 0.34391
1489 0.34424
1490 0.34441
1491 0.34479
1492 0.34494
1493 0.34522
1494 0.34541
1495 0.34581
1496 0.34592
1497 0.34604
1498 0.34627
1499 0.34657
1500 0.34691
1501 0.34741
1502 0.34776
1503 0.34787
1504 0.34831
1505 0.34869
1506 0.34892
1507 0.34942
1508 0.34976
1509 0.34996
1510 0.35025
1511 0.35033
1512 0.35057
1513 0.3508
1514 0.35094
1515 0.35125
1516 0.35146
1517 0.35182
1518 0.3519
1519 0.352
1520 0.35224
1521 0.35244
1522 0.35266
1523 0.35293
1524 0.35322
1525 0.3536
1526 0.35387
1527 0.35397
1528 0.35419
1529 0.35431
1530 0.35442
1531 0.35451
1532 0.35464
1533 0.35496
1534 0.35511
1535 0.35552
1536 0.35565
1537 0.35581
1538 0.35601
1539 0.35608
1540 0.35648
1541 0.35667
1542 0.35691
1543 0.35708
1544 0.35754
1545 0.35765
1546 0.35785
1547 0.35788
1548 0.35808
1549 0.35832
1550 0.35858
1551 0.35862
1552 0.35883
1553 0.35925
1554 0.35939
1555 0.3596
1556 0.35969
1557 0.36006
1558 0.36037
1559 0.36058
1560 0.36081
1561 0.36099
1562 0.36125
1563 0.36155
1564 0.36172
1565 0.36179
1566 0.362
1567 0.36226
1568 0.36253
1569 0.36287
1570 0.36326
1571 0.36364
1572 0.36406
1573 0.36428
1574 0.3646
1575 0.36471
1576 0.36494
1577 0.36533
1578 0.3656
1579 0.36581
1580 0.36619
1581 0.36654
1582 0.36666
1583 0.36705
1584 0.36715
1585 0.36749
1586 0.36775
1587 0.36777
1588 0.368
1589 0.36824
1590 0.36874
1591 0.36895
1592 0.36934
1593 0.36954
1594 0.36981
1595 0.37008
1596 0.37025
1597 0.37048
1598 0.37063
1599 0.37095
1600 0.37115
1601 0.37141
1602 0.37174
1603 0.37191
1604 0.37218
1605 0.37248
1606 0.37268
1607 0.37296
1608 0.37317
1609 0.37342
1610 0.37354
1611 0.37364
1612 0.374
1613 0.37444
1614 0.37459
1615 0.37511
1616 0.37536
1617 0.3757
1618 0.37604
1619 0.37625
1620 0.37648
1621 0.37685
1622 0.37699
1623 0.3772
1624 0.37738
1625 0.37755
1626 0.37791
1627 0.37805
1628 0.37844
1629 0.37848
1630 0.37867
1631 0.37897
1632 0.37918
1633 0.37967
1634 0.37971
1635 0.37997
1636 0.38016
1637 0.38035
1638 0.38067
1639 0.38086
1640 0.38113
1641 0.38144
1642 0.38173
1643 0.38192
1644 0.38208
1645 0.38212
1646 0.3822
1647 0.38254
1648 0.3826
1649 0.38271
1650 0.38281
1651 0.38292
1652 0.38305
1653 0.38319
1654 0.38361
1655 0.38405
1656 0.38419
1657 0.38461
1658 0.38477
1659 0.38485
1660 0.38515
1661 0.38554
1662 0.3858
1663 0.38588
1664 0.38608
1665 0.38635
1666 0.38662
1667 0.38685
1668 0.38708
1669 0.38755
1670 0.38776
1671 0.38787
1672 0.38802
1673 0.38827
1674 0.38859
1675 0.38872
1676 0.38881
1677 0.389
1678 0.38909
1679 0.38926
1680 0.38955
1681 0.38962
1682 0.38986
1683 0.39018
1684 0.3904
1685 0.39049
1686 0.39057
1687 0.39068
1688 0.39076
1689 0.39097
1690 0.39126
1691 0.39164
1692 0.39199
1693 0.39226
1694 0.3927
1695 0.3928
1696 0.39309
1697 0.39325
1698 0.39347
1699 0.39368
1700 0.39402
1701 0.39433
1702 0.39446
1703 0.39457
1704 0.39481
1705 0.39505
1706 0.39546
1707 0.39566
1708 0.39599
1709 0.39621
1710 0.39651
1711 0.39662
1712 0.3968
1713 0.39686
1714 0.39699
1715 0.39725
1716 0.39735
1717 0.39754
1718 0.39802
1719 0.39818
1720 0.39822
1721 0.3986
1722 0.39883
1723 0.39935
1724 0.3997
1725 0.39999
1726 0.40031
1727 0.40091
1728 0.40118
1729 0.40136
1730 0.40171
1731 0.40193
1732 0.40224
1733 0.40231
1734 0.4024
1735 0.40261
1736 0.40274
1737 0.40292
1738 0.40319
1739 0.40344
1740 0.4036
1741 0.40411
1742 0.40422
1743 0.40438
1744 0.40467
1745 0.40469
1746 0.40486
1747 0.4052
1748 0.40535
1749 0.40583
1750 0.40603
1751 0.40648
1752 0.40664
1753 0.40704
1754 0.40723
1755 0.40741
1756 0.40761
1757 0.40793
1758 0.40843
1759 0.40849
1760 0.40874
1761 0.40907
1762 0.40922
1763 0.40951
1764 0.40978
1765 0.41011
1766 0.41031
1767 0.41056
1768 0.41088
1769 0.4112
1770 0.41144
1771 0.41177
1772 0.41198
1773 0.41215
1774 0.41236
1775 0.41266
1776 0.41296
1777 0.41312
1778 0.41354
1779 0.41382
1780 0.41419
1781 0.41456
1782 0.41494
1783 0.41511
1784 0.41531
1785 0.41552
1786 0.41567
1787 0.41592
1788 0.41618
1789 0.41626
1790 0.41656
1791 0.4168
1792 0.41698
1793 0.41708
1794 0.4174
1795 0.41764
1796 0.41773
1797 0.4178
1798 0.41809
1799 0.41835
1800 0.4186
1801 0.41872
1802 0.41922
1803 0.41946
1804 0.41966
1805 0.41987
1806 0.42001
1807 0.42031
1808 0.42052
1809 0.42069
1810 0.42088
1811 0.42108
1812 0.42132
1813 0.42153
1814 0.42171
1815 0.42211
1816 0.4225
1817 0.42276
1818 0.42291
1819 0.42304
1820 0.42309
1821 0.42327
1822 0.42342
1823 0.42356
1824 0.42386
1825 0.42407
1826 0.42428
1827 0.42437
1828 0.42449
1829 0.42457
1830 0.42503
1831 0.42557
1832 0.42595
1833 0.42633
1834 0.42665
1835 0.42686
1836 0.42714
1837 0.42759
1838 0.42794
1839 0.42822
1840 0.42841
1841 0.42852
1842 0.42887
1843 0.42912
1844 0.42932
1845 0.42967
1846 0.43029
1847 0.43055
1848 0.43069
1849 0.43108
1850 0.43122
1851 0.4314
1852 0.4317
1853 0.43189
1854 0.43206
1855 0.43223
1856 0.43263
1857 0.43285
1858 0.43295
1859 0.43331
1860 0.43361
1861 0.43383
1862 0.43401
1863 0.43407
1864 0.43423
1865 0.43449
1866 0.43473
1867 0.43485
1868 0.43499
1869 0.43518
1870 0.43535
1871 0.43552
1872 0.43564
1873 0.43583
1874 0.436
1875 0.43618
1876 0.43632
1877 0.43654
1878 0.43682
1879 0.43709
1880 0.43721
1881 0.43766
1882 0.43768
1883 0.43778
1884 0.43805
1885 0.43821
1886 0.43857
1887 0.43874
1888 0.43881
1889 0.43912
1890 0.43938
1891 0.43944
1892 0.43966
1893 0.43972
1894 0.43979
1895 0.44004
1896 0.4402
1897 0.44038
1898 0.44063
1899 0.4408
1900 0.44083
1901 0.44096
1902 0.44145
1903 0.44173
1904 0.44188
1905 0.44194
1906 0.44206
1907 0.44231
1908 0.44257
1909 0.44283
1910 0.44304
1911 0.44309
1912 0.44329
1913 0.44369
1914 0.44381
1915 0.44401
1916 0.44427
1917 0.44455
1918 0.44485
1919 0.44527
1920 0.44546
1921 0.44568
1922 0.44594
1923 0.44601
1924 0.4463
1925 0.44651
1926 0.44671
1927 0.44699
1928 0.4471
1929 0.44729
1930 0.44743
1931 0.44789
1932 0.44803
1933 0.44833
1934 0.4485
1935 0.44889
1936 0.44918
1937 0.44924
1938 0.44958
1939 0.44978
1940 0.45022
1941 0.45038
1942 0.45077
1943 0.45092
1944 0.45114
1945 0.45135
1946 0.45178
1947 0.45198
1948 0.4521
1949 0.45243
1950 0.45248
1951 0.45275
1952 0.45297
1953 0.45312
1954 0.45335
1955 0.45371
1956 0.45426
1957 0.4544
1958 0.45446
1959 0.45473
1960 0.45502
1961 0.45529
1962 0.45553
1963 0.45582
1964 0.45632
1965 0.45648
1966 0.4568
1967 0.45689
1968 0.45693
1969 0.45698
1970 0.45708
1971 0.4572
1972 0.45754
1973 0.45761
1974 0.45767
1975 0.4579
1976 0.45818
1977 0.45856
1978 0.4587
1979 0.45894
1980 0.45913
1981 0.4594
1982 0.4596
1983 0.45973
1984 0.46017
1985 0.46051
1986 0.46059
1987 0.46084
1988 0.46106
1989 0.46129
1990 0.46143
1991 0.46195
1992 0.46215
1993 0.46225
1994 0.46252
1995 0.46256
1996 0.46286
1997 0.46311
1998 0.46341
1999 0.4638
2000 0.46389
2001 0.46406
2002 0.46411
2003 0.46418
2004 0.4644
2005 0.4648
2006 0.46514
2007 0.4655
2008 0.46611
2009 0.46631
2010 0.46656
2011 0.46685
2012 0.46699
2013 0.46732
2014 0.4675
2015 0.46774
2016 0.46793
2017 0.46814
2018 0.46824
2019 0.46833
2020 0.46858
2021 0.46894
2022 0.46944
2023 0.46956
2024 0.46976
2025 0.46995
2026 0.47019
2027 0.4705
2028 0.4707
2029 0.4709
2030 0.47095
2031 0.4712
2032 0.47129
2033 0.47161
2034 0.47172
2035 0.47179
2036 0.47198
2037 0.47221
2038 0.47261
2039 0.47282
2040 0.47316
2041 0.47323
2042 0.47343
2043 0.47369
2044 0.47395
2045 0.47406
2046 0.47435
2047 0.47461
2048 0.47479
2049 0.4749
2050 0.47541
2051 0.47558
2052 0.47581
2053 0.47606
2054 0.47624
2055 0.4764
2056 0.4766
2057 0.47677
2058 0.47702
2059 0.47742
2060 0.47753
2061 0.47807
2062 0.47849
2063 0.47865
2064 0.47886
2065 0.47906
2066 0.47921
2067 0.4795
2068 0.47974
2069 0.47981
2070 0.47987
2071 0.48028
2072 0.48051
2073 0.48081
2074 0.48111
2075 0.48128
2076 0.48135
2077 0.48154
2078 0.48195
2079 0.48215
2080 0.48263
2081 0.48291
2082 0.48308
2083 0.48315
2084 0.48345
2085 0.48365
2086 0.48373
2087 0.4839
2088 0.48432
2089 0.48438
2090 0.48497
2091 0.48536
2092 0.48553
2093 0.48557
2094 0.48583
2095 0.48621
2096 0.48653
2097 0.48674
2098 0.48686
2099 0.48704
2100 0.48731
2101 0.48741
2102 0.48767
2103 0.48779
2104 0.48842
2105 0.48854
2106 0.48865
2107 0.48901
2108 0.48936
2109 0.48942
2110 0.48962
2111 0.48976
2112 0.49001
2113 0.49009
2114 0.49014
2115 0.49037
2116 0.49053
2117 0.49097
2118 0.49117
2119 0.49146
2120 0.4917
2121 0.49201
2122 0.49231
2123 0.49256
2124 0.49266
2125 0.49275
2126 0.49305
2127 0.49323
2128 0.49341
2129 0.4936
2130 0.49396
2131 0.49413
2132 0.49432
2133 0.49437
2134 0.49477
2135 0.49495
2136 0.49507
2137 0.49525
2138 0.49531
2139 0.49555
2140 0.49582
2141 0.49597
2142 0.49606
2143 0.49613
2144 0.49642
2145 0.49651
2146 0.49673
2147 0.49708
2148 0.4974
2149 0.49775
2150 0.49803
2151 0.49841
2152 0.49877
2153 0.49881
2154 0.49884
2155 0.49928
2156 0.49955
2157 0.49972
2158 0.49976
2159 0.50003
2160 0.50036
2161 0.50042
2162 0.50067
2163 0.50092
2164 0.50122
2165 0.50146
2166 0.50176
2167 0.50216
2168 0.50232
2169 0.50262
2170 0.50296
2171 0.5033
2172 0.50353
2173 0.50359
2174 0.50368
2175 0.50393
2176 0.5041
2177 0.5043
2178 0.50451
2179 0.50471
2180 0.5049
2181 0.505
2182 0.5053
2183 0.50548
2184 0.50573
2185 0.50593
2186 0.50624
2187 0.50651
2188 0.50668
2189 0.50706
2190 0.50721
2191 0.50732
2192 0.50749
2193 0.50771
2194 0.50789
2195 0.50814
2196 0.50831
2197 0.50882
2198 0.50886
2199 0.5092
2200 0.50953
2201 0.5099
2202 0.51
2203 0.51006
2204 0.51031
2205 0.51055
2206 0.51084
2207 0.51101
2208 0.5115
2209 0.51163
2210 0.51172
2211 0.51175
2212 0.51183
2213 0.51215
2214 0.51259
2215 0.51281
2216 0.5129
2217 0.51303
2218 0.51317
2219 0.51365
2220 0.51381
2221 0.51382
2222 0.51395
2223 0.5142
2224 0.51444
2225 0.51462
2226 0.51499
2227 0.51509
2228 0.51528
2229 0.51565
2230 0.51593
2231 0.51623
2232 0.51649
2233 0.51679
2234 0.51688
2235 0.51696
2236 0.5172
2237 0.51733
2238 0.51766
2239 0.51795
2240 0.51818
2241 0.51845
2242 0.51856
2243 0.51862
2244 0.5189
2245 0.51899
2246 0.51922
2247 0.5193
2248 0.51943
2249 0.51972
2250 0.51982
2251 0.52
2252 0.52022
2253 0.52066
2254 0.52103
2255 0.52123
2256 0.52137
2257 0.52157
2258 0.52186
2259 0.52197
2260 0.52234
2261 0.52257
2262 0.52261
2263 0.52271
2264 0.52293
2265 0.52304
2266 0.52343
2267 0.52375
2268 0.52401
2269 0.5241
2270 0.5245
2271 0.52468
2272 0.52482
2273 0.52501
2274 0.52517
2275 0.52552
2276 0.52568
2277 0.52592
2278 0.52619
2279 0.5267
2280 0.5268
2281 0.52726
2282 0.52785
2283 0.528
2284 0.52827
2285 0.52864
2286 0.52876
2287 0.52901
2288 0.52919
2289 0.52956
2290 0.5297
2291 0.52992
2292 0.53027
2293 0.53049
2294 0.53078
2295 0.53124
2296 0.53163
2297 0.53182
2298 0.53218
2299 0.53228
2300 0.53266
2301 0.53299
2302 0.53318
2303 0.53331
2304 0.53348
2305 0.53373
2306 0.53396
2307 0.53421
2308 0.53436
2309 0.53466
2310 0.53482
2311 0.5351
2312 0.53533
2313 0.53545
2314 0.53567
2315 0.53583
2316 0.53603
2317 0.53624
2318 0.53655
2319 0.53679
2320 0.5371
2321 0.53729
2322 0.53735
2323 0.53764
2324 0.53782
2325 0.53805
2326 0.53817
2327 0.53836
2328 0.53881
2329 0.53905
2330 0.53918
2331 0.53928
2332 0.53957
2333 0.53989
2334 0.54013
2335 0.54024
2336 0.54055
2337 0.5407
2338 0.54086
2339 0.54135
2340 0.54154
2341 0.54199
2342 0.54214
2343 0.54222
2344 0.54236
2345 0.54267
2346 0.5428
2347 0.54281
2348 0.54292
2349 0.54327
2350 0.54369
2351 0.54394
2352 0.54423
2353 0.54445
2354 0.54452
2355 0.54469
2356 0.54496
2357 0.54525
2358 0.54531
2359 0.54566
2360 0.54591
2361 0.54596
2362 0.54618
2363 0.54633
2364 0.54638
2365 0.54643
2366 0.54682
2367 0.54701
2368 0.54727
2369 0.54752
2370 0.54773
2371 0.5478
2372 0.54823
2373 0.54835
2374 0.54856
2375 0.54887
2376 0.54896
2377 0.54917
2378 0.54934
2379 0.54938
2380 0.54948
2381 0.54958
2382 0.54998
2383 0.5503
2384 0.55073
2385 0.55078
2386 0.55111
2387 0.55128
2388 0.55151
2389 0.55166
2390 0.55191
2391 0.55215
2392 0.55222
2393 0.5524
2394 0.55242
2395 0.55276
2396 0.55296
2397 0.55319
2398 0.55335
2399 0.55349
2400 0.55354
2401 0.55373
2402 0.55396
2403 0.55422
2404 0.55457
2405 0.55467
2406 0.55495
2407 0.55516
2408 0.55541
2409 0.55575
2410 0.55594
2411 0.55616
2412 0.55644
2413 0.55705
2414 0.55728
2415 0.55745
2416 0.55775
2417 0.55787
2418 0.55808
2419 0.55812
2420 0.55842
2421 0.55872
2422 0.5589
2423 0.55898
2424 0.55911
2425 0.55925
2426 0.55929
2427 0.55946
2428 0.55949
2429 0.55963
2430 0.5599
2431 0.56015
2432 0.56046
2433 0.56048
2434 0.56058
2435 0.56073
2436 0.56117
2437 0.56133
2438 0.56141
2439 0.56155
2440 0.56177
2441 0.56198
2442 0.56229
2443 0.56247
2444 0.56263
2445 0.56291
2446 0.56317
2447 0.56353
2448 0.56366
2449 0.56381
2450 0.56399
2451 0.56417
2452 0.56437
2453 0.56469
2454 0.56484
2455 0.56489
2456 0.56518
2457 0.5653
2458 0.56563
2459 0.56576
2460 0.56626
2461 0.56632
2462 0.56677
2463 0.56707
2464 0.56726
2465 0.56746
2466 0.56763
2467 0.5678
2468 0.5681
2469 0.56837
2470 0.56855
2471 0.56882
2472 0.56915
2473 0.56946
2474 0.56957
2475 0.56993
2476 0.57022
2477 0.57034
2478 0.57051
2479 0.57061
2480 0.57089
2481 0.57105
2482 0.57134
2483 0.57148
2484 0.57174
2485 0.57196
2486 0.5721
2487 0.5724
2488 0.57252
2489 0.57269
2490 0.57308
2491 0.57331
2492 0.57363
2493 0.5737
2494 0.5738
2495 0.57416
2496 0.57423
2497 0.57441
2498 0.57473
2499 0.57511
2500 0.57528
2501 0.57573
2502 0.57615
2503 0.57635
2504 0.57652
2505 0.57691
2506 0.57705
2507 0.57716
2508 0.57753
2509 0.57786
2510 0.57798
2511 0.57812
2512 0.57832
2513 0.57833
2514 0.57856
2515 0.57895
2516 0.57931
2517 0.57966
2518 0.57996
2519 0.5803
2520 0.58056
2521 0.58071
2522 0.58084
2523 0.58096
2524 0.58145
2525 0.58184
2526 0.58211
2527 0.58234
2528 0.58243
2529 0.58255
2530 0.58271
2531 0.58297
2532 0.58306
2533 0.58331
2534 0.58336
2535 0.58372
2536 0.58391
2537 0.58407
2538 0.58437
2539 0.58474
2540 0.58505
2541 0.58523
2542 0.58546
2543 0.58565
2544 0.58592
2545 0.58616
2546 0.58646
2547 0.58676
2548 0.58701
2549 0.58716
2550 0.58728
2551 0.58746
2552 0.5881
2553 0.58828
2554 0.5887
2555 0.58897
2556 0.5891
2557 0.58944
2558 0.58986
2559 0.58995
2560 0.59011
2561 0.59025
2562 0.5905
2563 0.59059
2564 0.59067
2565 0.59116
2566 0.59136
2567 0.59161
2568 0.5921
2569 0.5922
2570 0.59238
2571 0.59243
2572 0.59259
2573 0.59278
2574 0.59287
2575 0.59307
2576 0.59331
2577 0.59356
2578 0.59385
2579 0.59407
2580 0.59441
2581 0.59472
2582 0.59495
2583 0.59531
2584 0.59546
2585 0.59559
2586 0.5958
2587 0.59625
2588 0.59646
2589 0.59671
2590 0.59702
2591 0.59711
2592 0.59731
2593 0.59742
2594 0.5976
2595 0.59791
2596 0.59801
2597 0.59812
2598 0.59847
2599 0.59893
2600 0.59916
2601 0.59934
2602 0.59954
2603 0.59971
2604 0.59993
2605 0.60017
2606 0.60077
2607 0.60101
2608 0.60111
2609 0.60123
2610 0.60161
2611 0.60199
2612 0.60212
2613 0.60254
2614 0.60297
2615 0.60303
2616 0.60326
2617 0.6034
2618 0.6036
2619 0.6038
2620 0.60397
2621 0.60413
2622 0.60455
2623 0.60476
2624 0.60527
2625 0.60531
2626 0.60562
2627 0.60588
2628 0.60627
2629 0.60669
2630 0.60687
2631 0.60728
2632 0.60742
2633 0.60762
2634 0.60794
2635 0.60807
2636 0.6083
2637 0.60867
2638 0.60889
2639 0.60896
2640 0.60908
2641 0.60928
2642 0.60959
2643 0.60992
2644 0.61006
2645 0.61022
2646 0.61056
2647 0.6106
2648 0.61074
2649 0.61084
2650 0.61096
2651 0.61129
2652 0.61161
2653 0.61205
2654 0.61211
2655 0.61255
2656 0.61303
2657 0.61321
2658 0.61349
2659 0.61376
2660 0.61394
2661 0.61415
2662 0.61426
2663 0.6145
2664 0.61461
2665 0.61486
2666 0.6151
2667 0.61542
2668 0.61549
2669 0.61576
2670 0.61611
2671 0.61638
2672 0.61666
2673 0.6169
2674 0.61707
2675 0.61734
2676 0.61748
2677 0.61771
2678 0.61785
2679 0.61797
2680 0.61818
2681 0.61845
2682 0.61878
2683 0.61903
2684 0.61915
2685 0.61936
2686 0.61945
2687 0.61971
2688 0.61986
2689 0.62002
2690 0.62025
2691 0.62032
2692 0.62043
2693 0.62049
2694 0.6207
2695 0.62106
2696 0.62124
2697 0.62175
2698 0.62185
2699 0.62204
2700 0.62234
2701 0.62251
2702 0.62267
2703 0.62289
2704 0.62336
2705 0.62363
2706 0.6238
2707 0.624
2708 0.62418
2709 0.62451
2710 0.62474
2711 0.625
2712 0.62511
2713 0.62534
2714 0.62554
2715 0.62577
2716 0.62583
2717 0.62624
2718 0.62661
2719 0.62678
2720 0.62694
2721 0.62718
2722 0.62749
2723 0.6276
2724 0.62768
2725 0.62783
2726 0.62807
2727 0.62832
2728 0.6285
2729 0.62862
2730 0.62866
2731 0.62915
2732 0.62947
2733 0.62965
2734 0.62988
2735 0.63015
2736 0.63031
2737 0.63039
2738 0.63057
2739 0.63085
2740 0.63108
2741 0.63127
2742 0.63142
2743 0.63163
2744 0.63184
2745 0.63202
2746 0.63213
2747 0.63229
2748 0.63242
2749 0.63256
2750 0.63277
2751 0.63309
2752 0.6332
2753 0.63342
2754 0.63365
2755 0.63391
2756 0.63445
2757 0.63469
2758 0.6349
2759 0.63507
2760 0.63526
2761 0.63561
2762 0.63584
2763 0.63593
2764 0.63604
2765 0.63636
2766 0.63676
2767 0.63702
2768 0.63742
2769 0.63791
2770 0.63804
2771 0.63829
2772 0.63858
2773 0.63864
2774 0.63875
2775 0.63878
2776 0.63901
2777 0.63908
2778 0.63963
2779 0.64007
2780 0.64021
2781 0.64061
2782 0.64097
2783 0.64113
2784 0.64127
2785 0.64154
2786 0.64175
2787 0.64202
2788 0.64251
2789 0.64261
2790 0.64262
2791 0.6427
2792 0.64296
2793 0.64312
2794 0.64321
2795 0.64336
2796 0.64387
2797 0.6439
2798 0.64417
2799 0.64444
2800 0.64475
2801 0.64491
2802 0.64499
2803 0.64524
2804 0.64544
2805 0.64556
2806 0.64584
2807 0.64615
2808 0.64646
2809 0.64675
2810 0.64708
2811 0.64721
2812 0.64726
2813 0.64746
2814 0.64771
2815 0.64795
2816 0.64808
2817 0.64818
2818 0.64832
2819 0.64855
2820 0.64883
2821 0.64919
2822 0.64952
2823 0.64978
2824 0.6501
2825 0.65025
2826 0.65041
2827 0.65049
2828 0.65077
2829 0.65114
2830 0.6513
2831 0.65156
2832 0.65165
2833 0.65195
2834 0.65214
2835 0.65256
2836 0.6527
2837 0.65303
2838 0.65312
2839 0.65335
2840 0.6537
2841 0.65383
2842 0.65395
2843 0.6542
2844 0.65435
2845 0.65467
2846 0.65499
2847 0.65514
2848 0.65528
2849 0.65551
2850 0.65579
2851 0.65607
2852 0.6563
2853 0.65651
2854 0.65683
2855 0.65695
2856 0.65708
2857 0.65732
2858 0.65775
2859 0.65799
2860 0.65825
2861 0.65846
2862 0.65857
2863 0.659
2864 0.65918
2865 0.65931
2866 0.65976
2867 0.66015
2868 0.66029
2869 0.66048
2870 0.6606
2871 0.66088
2872 0.66098
2873 0.6613
2874 0.66168
2875 0.66195
2876 0.66228
2877 0.66263
2878 0.6627
2879 0.66288
2880 0.66295
2881 0.66314
2882 0.66349
2883 0.66393
2884 0.66409
2885 0.66419
2886 0.66448
2887 0.66482
2888 0.66512
2889 0.66537
2890 0.66554
2891 0.66589
2892 0.66598
2893 0.66619
2894 0.66661
2895 0.66701
2896 0.66713
2897 0.66729
2898 0.66745
2899 0.66793
2900 0.66825
2901 0.66863
2902 0.66889
2903 0.66923
2904 0.66932
2905 0.6694
2906 0.66962
2907 0.66976
2908 0.67003
2909 0.67013
2910 0.6706
2911 0.67069
2912 0.67121
2913 0.67148
2914 0.67154
2915 0.67168
2916 0.67178
2917 0.67214
2918 0.67228
2919 0.67248
2920 0.67275
2921 0.67299
2922 0.67314
2923 0.67331
2924 0.67356
2925 0.67366
2926 0.674
2927 0.67418
2928 0.67447
2929 0.67471
2930 0.67492
2931 0.67522
2932 0.67556
2933 0.67569
2934 0.67588
2935 0.67604
2936 0.67623
2937 0.67655
2938 0.67666
2939 0.67684
2940 0.67695
2941 0.67726
2942 0.67737
2943 0.67763
2944 0.67789
2945 0.67809
2946 0.67858
2947 0.67897
2948 0.67913
2949 0.67938
2950 0.67957
2951 0.67981
2952 0.67991
2953 0.68031
2954 0.68035
2955 0.68064
2956 0.68075
2957 0.68113
2958 0.68139
2959 0.68165
2960 0.68182
2961 0.68187
2962 0.68219
2963 0.68244
2964 0.6827
2965 0.68295
2966 0.68333
2967 0.6835
2968 0.68369
2969 0.68402
2970 0.68426
2971 0.68455
2972 0.68472
2973 0.68506
2974 0.68552
2975 0.68573
2976 0.68584
2977 0.68594
2978 0.68626
2979 0.68644
2980 0.68655
2981 0.68702
2982 0.68711
2983 0.68735
2984 0.68802
2985 0.68832
2986 0.68877
2987 0.68882
2988 0.68892
2989 0.689
2990 0.68936
2991 0.68973
2992 0.69011
2993 0.69018
2994 0.69056
2995 0.6908
2996 0.69093
2997 0.69111
2998 0.69128
2999 0.6915
3000 0.69195
3001 0.69214
3002 0.69231
3003 0.69247
3004 0.69272
3005 0.69306
3006 0.69337
3007 0.69363
3008 0.69373
3009 0.69405
3010 0.69444
3011 0.69475
3012 0.69491
3013 0.69499
3014 0.69516
3015 0.69547
3016 0.69573
3017 0.69577
3018 0.6959
3019 0.69598
3020 0.69631
3021 0.69651
3022 0.69662
3023 0.69686
3024 0.69709
3025 0.69725
3026 0.69784
3027 0.69816
3028 0.69858
3029 0.69871
3030 0.699
3031 0.69917
3032 0.69947
3033 0.69963
3034 0.69974
3035 0.7001
3036 0.70035
3037 0.7004
3038 0.70058
3039 0.70109
3040 0.70129
3041 0.70141
3042 0.70149
3043 0.70173
3044 0.70179
3045 0.70191
3046 0.70205
3047 0.70216
3048 0.70227
3049 0.70247
3050 0.70266
3051 0.70294
3052 0.70303
3053 0.70324
3054 0.70356
3055 0.7038
3056 0.70413
3057 0.70453
3058 0.70481
3059 0.70497
3060 0.70524
3061 0.70538
3062 0.70551
3063 0.70582
3064 0.70597
3065 0.706
3066 0.7062
3067 0.7064
3068 0.70647
3069 0.70668
3070 0.70684
3071 0.70704
3072 0.70725
3073 0.70761
3074 0.7079
3075 0.70847
3076 0.70878
3077 0.70897
3078 0.70922
3079 0.70951
3080 0.70961
3081 0.70998
3082 0.71026
3083 0.7105
3084 0.71059
3085 0.71091
3086 0.71118
3087 0.71144
3088 0.71184
3089 0.71205
3090 0.71235
3091 0.71258
3092 0.71264
3093 0.71287
3094 0.71301
3095 0.71325
3096 0.71337
3097 0.71343
3098 0.71374
3099 0.71393
3100 0.71418
3101 0.71448
3102 0.71478
3103 0.71503
3104 0.71515
3105 0.71535
3106 0.71579
3107 0.71608
3108 0.71622
3109 0.71651
3110 0.71675
3111 0.71701
3112 0.71717
3113 0.7174
3114 0.71785
3115 0.71805
3116 0.71821
3117 0.71846
3118 0.71861
3119 0.71867
3120 0.71904
3121 0.71935
3122 0.71963
3123 0.72015
3124 0.7202
3125 0.72046
3126 0.72062
3127 0.7208
3128 0.72087
3129 0.72114
3130 0.72132
3131 0.72143
3132 0.72206
3133 0.7223
3134 0.72237
3135 0.72263
3136 0.72276
3137 0.72324
3138 0.72336
3139 0.72348
3140 0.72372
3141 0.72383
3142 0.72397
3143 0.72409
3144 0.72431
3145 0.72454
3146 0.72471
3147 0.72499
3148 0.72559
3149 0.72588
3150 0.72632
3151 0.72655
3152 0.72692
3153 0.72721
3154 0.72726
3155 0.72742
3156 0.72761
3157 0.72769
3158 0.72803
3159 0.72811
3160 0.72861
3161 0.72881
3162 0.72909
3163 0.72944
3164 0.72971
3165 0.72985
3166 0.73003
3167 0.7302
3168 0.73049
3169 0.73096
3170 0.73117
3171 0.73137
3172 0.7317
3173 0.73182
3174 0.73215
3175 0.73228
3176 0.7325
3177 0.73257
3178 0.73276
3179 0.73293
3180 0.73307
3181 0.73346
3182 0.73397
3183 0.73455
3184 0.73474
3185 0.73495
3186 0.73503
3187 0.73545
3188 0.73569
3189 0.7361
3190 0.73617
3191 0.7367
3192 0.73691
3193 0.73715
3194 0.73736
3195 0.73764
3196 0.73778
3197 0.73809
3198 0.7384
3199 0.73845
3200 0.73851
3201 0.7387
3202 0.73893
3203 0.73904
3204 0.73914
3205 0.73947
3206 0.73996
3207 0.74021
3208 0.74048
3209 0.74075
3210 0.74088
3211 0.74108
3212 0.74124
3213 0.74157
3214 0.74178
3215 0.74207
3216 0.74234
3217 0.74254
3218 0.74265
3219 0.74281
3220 0.74317
3221 0.74363
3222 0.74372
3223 0.74392
3224 0.74399
3225 0.74436
3226 0.7448
3227 0.74513
3228 0.74533
3229 0.74558
3230 0.74576
3231 0.74603
3232 0.74625
3233 0.74639
3234 0.74655
3235 0.74664
3236 0.74694
3237 0.74713
3238 0.7473
3239 0.74739
3240 0.74759
3241 0.74775
3242 0.74794
3243 0.74812
3244 0.74835
3245 0.74845
3246 0.7487
3247 0.7489
3248 0.74922
3249 0.74938
3250 0.74956
3251 0.75001
3252 0.75012
3253 0.7504
3254 0.75057
3255 0.75064
3256 0.75098
3257 0.75105
3258 0.75122
3259 0.75145
3260 0.75161
3261 0.75188
3262 0.75223
3263 0.75267
3264 0.7529
3265 0.75317
3266 0.75327
3267 0.75366
3268 0.7539
3269 0.75405
3270 0.75426
3271 0.75438
3272 0.75457
3273 0.75477
3274 0.75483
3275 0.75497
3276 0.75542
3277 0.75576
3278 0.75617
3279 0.75639
3280 0.75659
3281 0.7568
3282 0.75721
3283 0.75744
3284 0.75781
3285 0.75803
3286 0.75829
3287 0.75845
3288 0.75855
3289 0.75874
3290 0.75907
3291 0.75948
3292 0.75999
3293 0.76008
3294 0.76044
3295 0.76085
3296 0.76094
3297 0.76122
3298 0.76145
3299 0.76161
3300 0.76207
3301 0.76215
3302 0.76234
3303 0.7624
3304 0.76268
3305 0.76283
3306 0.76324
3307 0.76335
3308 0.76353
3309 0.76386
3310 0.76395
3311 0.76427
3312 0.76434
3313 0.76454
3314 0.76462
3315 0.76477
3316 0.76506
3317 0.76529
3318 0.76538
3319 0.76546
3320 0.76574
3321 0.76582
3322 0.76596
3323 0.76599
3324 0.76649
3325 0.76698
3326 0.76717
3327 0.76739
3328 0.76761
3329 0.7681
3330 0.7686
3331 0.76871
3332 0.76894
3333 0.76909
3334 0.76927
3335 0.76938
3336 0.76962
3337 0.76993
3338 0.77006
3339 0.77017
3340 0.7704
3341 0.77074
3342 0.77102
3343 0.77121
3344 0.77143
3345 0.77209
3346 0.77244
3347 0.77276
3348 0.77289
3349 0.77318
3350 0.77353
3351 0.77375
3352 0.77418
3353 0.77433
3354 0.77465
3355 0.77468
3356 0.77489
3357 0.77544
3358 0.7756
3359 0.77578
3360 0.77608
3361 0.77637
3362 0.77661
3363 0.77689
3364 0.77723
3365 0.77764
3366 0.77784
3367 0.77788
3368 0.77823
3369 0.77834
3370 0.77881
3371 0.77913
3372 0.77929
3373 0.77955
3374 0.7797
3375 0.78001
3376 0.78029
3377 0.78048
3378 0.78077
3379 0.78117
3380 0.78132
3381 0.78168
3382 0.78182
3383 0.78203
3384 0.78246
3385 0.78255
3386 0.78259
3387 0.78271
3388 0.78287
3389 0.783
3390 0.78331
3391 0.78361
3392 0.78378
3393 0.78411
3394 0.78438
3395 0.78445
3396 0.78457
3397 0.78471
3398 0.78475
3399 0.78487
3400 0.78529
3401 0.78553
3402 0.78586
3403 0.7861
3404 0.78632
3405 0.78648
3406 0.78658
3407 0.78673
3408 0.78688
3409 0.78723
3410 0.78727
3411 0.78746
3412 0.78767
3413 0.7882
3414 0.78845
3415 0.78872
3416 0.78885
3417 0.78915
3418 0.78924
3419 0.78948
3420 0.78976
3421 0.78989
3422 0.79015
3423 0.7903
3424 0.79052
3425 0.79057
3426 0.79084
3427 0.79135
3428 0.79169
3429 0.79192
3430 0.79211
3431 0.7925
3432 0.79268
3433 0.79289
3434 0.79321
3435 0.79349
3436 0.79373
3437 0.79408
3438 0.79421
3439 0.79429
3440 0.79444
3441 0.79457
3442 0.79468
3443 0.79481
3444 0.79489
3445 0.79505
3446 0.79534
3447 0.79548
3448 0.79595
3449 0.79628
3450 0.79642
3451 0.79688
3452 0.7972
3453 0.79747
3454 0.79754
3455 0.79791
3456 0.79808
3457 0.79837
3458 0.79846
3459 0.79901
3460 0.79926
3461 0.79951
3462 0.80018
3463 0.80033
3464 0.80055
3465 0.80088
3466 0.80123
3467 0.80134
3468 0.80163
3469 0.80213
3470 0.80236
3471 0.80248
3472 0.80269
3473 0.80278
3474 0.80289
3475 0.80303
3476 0.80309
3477 0.80342
3478 0.80356
3479 0.80376
3480 0.80397
3481 0.80415
3482 0.80434
3483 0.80451
3484 0.80483
3485 0.80523
3486 0.80543
3487 0.80565
3488 0.80595
3489 0.80603
3490 0.80639
3491 0.80669
3492 0.80688
3493 0.80731
3494 0.80762
3495 0.80776
3496 0.808
3497 0.80811
3498 0.80841
3499 0.80859
3500 0.80889
3501 0.80902
3502 0.80912
3503 0.80924
3504 0.80941
3505 0.80988
3506 0.81012
3507 0.81026
3508 0.81068
3509 0.81091
3510 0.8111
3511 0.81138
3512 0.81157
3513 0.81182
3514 0.81216
3515 0.81226
3516 0.81233
3517 0.81272
3518 0.81292
3519 0.81334
3520 0.81349
3521 0.81381
3522 0.81405
3523 0.8142
3524 0.81437
3525 0.81464
3526 0.81497
3527 0.81503
3528 0.81527
3529 0.81531
3530 0.81569
3531 0.8159
3532 0.8161
3533 0.81642
3534 0.81653
3535 0.81665
3536 0.81682
3537 0.81713
3538 0.81725
3539 0.81753
3540 0.81785
3541 0.81789
3542 0.81802
3543 0.81833
3544 0.8185
3545 0.81877
3546 0.81903
3547 0.8192
3548 0.81937
3549 0.81962
3550 0.81999
3551 0.82007
3552 0.82033
3553 0.82052
3554 0.82075
3555 0.82118
3556 0.8213
3557 0.82152
3558 0.82158
3559 0.82191
3560 0.82199
3561 0.82247
3562 0.82268
3563 0.82283
3564 0.82287
3565 0.82318
3566 0.82331
3567 0.82361
3568 0.82373
3569 0.82387
3570 0.82433
3571 0.82454
3572 0.82466
3573 0.82491
3574 0.82515
3575 0.82539
3576 0.82574
3577 0.8259
3578 0.82629
3579 0.82636
3580 0.82652
3581 0.82676
3582 0.82696
3583 0.82729
3584 0.82751
3585 0.82769
3586 0.82781
3587 0.8282
3588 0.82833
3589 0.82848
3590 0.82876
3591 0.82901
3592 0.82932
3593 0.82961
3594 0.83001
3595 0.83014
3596 0.83039
3597 0.8305
3598 0.83068
3599 0.8309
3600 0.83115
3601 0.83131
3602 0.83144
3603 0.83165
3604 0.83173
3605 0.83218
3606 0.83226
3607 0.83257
3608 0.83268
3609 0.83271
3610 0.83305
3611 0.83353
3612 0.83366
3613 0.83371
3614 0.83404
3615 0.83435
3616 0.83461
3617 0.83486
3618 0.83506
3619 0.83516
3620 0.83536
3621 0.83546
3622 0.83564
3623 0.83594
3624 0.83629
3625 0.83657
3626 0.8369
3627 0.83703
3628 0.83724
3629 0.83743
3630 0.83765
3631 0.83788
3632 0.83793
3633 0.83807
3634 0.83825
3635 0.83847
3636 0.8386
3637 0.83869
3638 0.83892
3639 0.83907
3640 0.83927
3641 0.83956
3642 0.83985
3643 0.84
3644 0.84019
3645 0.84065
3646 0.84074
3647 0.84083
3648 0.84108
3649 0.84125
3650 0.8415
3651 0.84168
3652 0.84193
3653 0.84228
3654 0.84251
3655 0.84277
3656 0.84284
3657 0.84293
3658 0.84323
3659 0.8433
3660 0.84346
3661 0.84362
3662 0.84404
3663 0.84428
3664 0.84467
3665 0.8448
3666 0.84513
3667 0.84531
3668 0.84561
3669 0.84597
3670 0.84625
3671 0.84661
3672 0.84685
3673 0.84739
3674 0.84755
3675 0.84781
3676 0.84817
3677 0.8487
3678 0.84886
3679 0.84916
3680 0.84928
3681 0.84953
3682 0.84966
3683 0.84979
3684 0.84998
3685 0.85004
3686 0.85026
3687 0.85062
3688 0.85077
3689 0.85098
3690 0.85104
3691 0.85132
3692 0.85139
3693 0.85182
3694 0.85196
3695 0.85206
3696 0.85223
3697 0.85241
3698 0.85268
3699 0.85281
3700 0.85294
3701 0.85325
3702 0.85346
3703 0.85356
3704 0.85392
3705 0.85432
3706 0.85458
3707 0.85493
3708 0.85509
3709 0.85528
3710 0.85551
3711 0.85571
3712 0.85581
3713 0.85588
3714 0.85605
3715 0.85638
3716 0.85663
3717 0.85683
3718 0.85705
3719 0.85734
3720 0.85751
3721 0.85775
3722 0.8581
3723 0.85829
3724 0.85837
3725 0.85873
3726 0.85895
3727 0.85918
3728 0.85963
3729 0.86016
3730 0.86036
3731 0.86069
3732 0.8609
3733 0.86102
3734 0.86118
3735 0.86139
3736 0.86161
3737 0.86182
3738 0.86207
3739 0.86216
3740 0.8622
3741 0.86257
3742 0.86296
3743 0.86305
3744 0.86311
3745 0.86349
3746 0.86395
3747 0.86403
3748 0.86417
3749 0.86424
3750 0.86459
3751 0.86473
3752 0.86492
3753 0.86524
3754 0.86535
3755 0.86571
3756 0.86592
3757 0.86627
3758 0.86637
3759 0.86685
3760 0.8672
3761 0.86729
3762 0.86765
3763 0.86792
3764 0.86809
3765 0.86836
3766 0.86887
3767 0.86907
3768 0.86937
3769 0.86951
3770 0.8697
3771 0.8699
3772 0.87013
3773 0.87032
3774 0.87045
3775 0.87077
3776 0.871
3777 0.87145
3778 0.87158
3779 0.87181
3780 0.87215
3781 0.87246
3782 0.87286
3783 0.87307
3784 0.87324
3785 0.87334
3786 0.87366
3787 0.87376
3788 0.87403
3789 0.87413
3790 0.87456
3791 0.87465
3792 0.8749
3793 0.87511
3794 0.87516
3795 0.87532
3796 0.87541
3797 0.87558
3798 0.87576
3799 0.8759
3800 0.87623
3801 0.87632
3802 0.87641
3803 0.87676
3804 0.87688
3805 0.87724
3806 0.87766
3807 0.87793
3808 0.87836
3809 0.87859
3810 0.87884
3811 0.87905
3812 0.87951
3813 0.87963
3814 0.87989
3815 0.87999
3816 0.88025
3817 0.88041
3818 0.88075
3819 0.88109
3820 0.88126
3821 0.88149
3822 0.8817
3823 0.88195
3824 0.88202
3825 0.88223
3826 0.88262
3827 0.88291
3828 0.88326
3829 0.88343
3830 0.88363
3831 0.8839
3832 0.88408
3833 0.88428
3834 0.88464
3835 0.8849
3836 0.88502
3837 0.88525
3838 0.88545
3839 0.88552
3840 0.8858
3841 0.88634
3842 0.88649
3843 0.88668
3844 0.88693
3845 0.88718
3846 0.88737
3847 0.8877
3848 0.88788
3849 0.88814
3850 0.88815
3851 0.88857
3852 0.88873
3853 0.88881
3854 0.88924
3855 0.88933
3856 0.88968
3857 0.88977
3858 0.89005
3859 0.89012
3860 0.89027
3861 0.89047
3862 0.89081
3863 0.89102
3864 0.89113
3865 0.89141
3866 0.8916
3867 0.89184
3868 0.89204
3869 0.89209
3870 0.89227
3871 0.89249
3872 0.8928
3873 0.89327
3874 0.89336
3875 0.8937
3876 0.89377
3877 0.89393
3878 0.89415
3879 0.8946
3880 0.89476
3881 0.89499
3882 0.89516
3883 0.89541
3884 0.89565
3885 0.896
3886 0.89615
3887 0.89628
3888 0.89648
3889 0.89687
3890 0.89715
3891 0.89736
3892 0.8976
3893 0.89774
3894 0.89809
3895 0.89824
3896 0.89856
3897 0.89884
3898 0.89897
3899 0.89914
3900 0.8995
3901 0.89974
3902 0.90008
3903 0.90027
3904 0.90062
3905 0.90074
3906 0.90089
3907 0.90104
3908 0.90114
3909 0.90144
3910 0.90159
3911 0.90164
3912 0.90197
3913 0.9021
3914 0.90247
3915 0.90265
3916 0.9028
3917 0.90292
3918 0.90302
3919 0.90329
3920 0.90338
3921 0.90364
3922 0.90394
3923 0.90411
3924 0.90434
3925 0.90459
3926 0.90492
3927 0.90494
3928 0.90504
3929 0.90505
3930 0.90516
3931 0.90538
3932 0.90541
3933 0.90551
3934 0.90575
3935 0.90599
3936 0.9061
3937 0.90635
3938 0.90639
3939 0.90644
3940 0.90661
3941 0.90692
3942 0.90732
3943 0.90744
3944 0.90749
3945 0.9078
3946 0.90793
3947 0.90822
3948 0.90852
3949 0.90876
3950 0.9089
3951 0.9093
3952 0.90937
3953 0.90944
3954 0.90959
3955 0.9098
3956 0.91018
3957 0.91034
3958 0.91056
3959 0.91073
3960 0.91075
3961 0.91081
3962 0.91112
3963 0.91129
3964 0.91142
3965 0.91157
3966 0.91173
3967 0.91218
3968 0.91242
3969 0.91251
3970 0.91274
3971 0.91314
3972 0.91325
3973 0.91364
3974 0.91377
3975 0.91406
3976 0.91426
3977 0.91483
3978 0.91498
3979 0.91512
3980 0.91541
3981 0.91583
3982 0.91594
3983 0.91655
3984 0.91673
3985 0.91709
3986 0.91713
3987 0.91725
3988 0.91734
3989 0.91741
3990 0.91773
3991 0.91794
3992 0.9182
3993 0.91876
3994 0.91892
3995 0.91915
3996 0.91959
3997 0.91974
3998 0.91996
3999 0.92035
4000 0.92071
4001 0.92089
4002 0.92126
4003 0.92148
4004 0.92174
4005 0.92225
4006 0.92241
4007 0.92258
4008 0.92269
4009 0.92291
4010 0.92312
4011 0.9233
4012 0.9236
4013 0.9239
4014 0.92423
4015 0.92433
4016 0.92464
4017 0.92492
4018 0.92502
4019 0.92507
4020 0.92516
4021 0.92537
4022 0.92574
4023 0.92582
4024 0.92612
4025 0.92657
4026 0.92698
4027 0.9273
4028 0.92743
4029 0.92783
4030 0.92795
4031 0.92802
4032 0.92827
4033 0.92845
4034 0.92876
4035 0.92894
4036 0.92914
4037 0.92932
4038 0.92946
4039 0.92977
4040 0.92992
4041 0.9303
4042 0.93054
4043 0.93076
4044 0.93088
4045 0.93106
4046 0.93134
4047 0.93181
4048 0.93226
4049 0.93247
4050 0.93261
4051 0.93269
4052 0.93292
4053 0.93303
4054 0.9331
4055 0.93318
4056 0.93337
4057 0.93369
4058 0.934
4059 0.93414
4060 0.93418
4061 0.93431
4062 0.93474
4063 0.93485
4064 0.93495
4065 0.93511
4066 0.9353
4067 0.93547
4068 0.93567
4069 0.93577
4070 0.93612
4071 0.93629
4072 0.93649
4073 0.93672
4074 0.93686
4075 0.93703
4076 0.93718
4077 0.93727
4078 0.93756
4079 0.93786
4080 0.93805
4081 0.93811
4082 0.9382
4083 0.93857
4084 0.9388
4085 0.93897
4086 0.93923
4087 0.93941
4088 0.93957
4089 0.9398
4090 0.93993
4091 0.94022
4092 0.94028
4093 0.94055
4094 0.94059
4095 0.94067
4096 0.94069
4097 0.94117
4098 0.94152
4099 0.94166
4100 0.94177
4101 0.94183
4102 0.94219
4103 0.9424
4104 0.94257
4105 0.94291
4106 0.94316
4107 0.94341
4108 0.94366
4109 0.9439
4110 0.94425
4111 0.9444
4112 0.94473
4113 0.94496
4114 0.94525
4115 0.94538
4116 0.94549
4117 0.94568
4118 0.9459
4119 0.94604
4120 0.94622
4121 0.94661
4122 0.94678
4123 0.94719
4124 0.94742
4125 0.94767
4126 0.94782
4127 0.94824
4128 0.94851
4129 0.94868
4130 0.94892
4131 0.94909
4132 0.94926
4133 0.9494
4134 0.9495
4135 0.9499
4136 0.95028
4137 0.95037
4138 0.95058
4139 0.95067
4140 0.95082
4141 0.95105
4142 0.95122
4143 0.9515
4144 0.9516
4145 0.95178
4146 0.95201
4147 0.9522
4148 0.95243
4149 0.95284
4150 0.95307
4151 0.95345
4152 0.95364
4153 0.95395
4154 0.95425
4155 0.95435
4156 0.95445
4157 0.95465
4158 0.95479
4159 0.95492
4160 0.95528
4161 0.95556
4162 0.95576
4163 0.95602
4164 0.95626
4165 0.95643
4166 0.95663
4167 0.95677
4168 0.95708
4169 0.95726
4170 0.95757
4171 0.95777
4172 0.95789
4173 0.95796
4174 0.95805
4175 0.95816
4176 0.95841
4177 0.95848
4178 0.95868
4179 0.95885
4180 0.95896
4181 0.95917
4182 0.95943
4183 0.9597
4184 0.96008
4185 0.96012
4186 0.96031
4187 0.96037
4188 0.96058
4189 0.96096
4190 0.96108
4191 0.96128
4192 0.96144
4193 0.96164
4194 0.96184
4195 0.96193
4196 0.96221
4197 0.96249
4198 0.96289
4199 0.96328
4200 0.96362
4201 0.96379
4202 0.96387
4203 0.96416
4204 0.96446
4205 0.96467
4206 0.9648
4207 0.96505
4208 0.96542
4209 0.96562
4210 0.96581
4211 0.96593
4212 0.96625
4213 0.96641
4214 0.96667
4215 0.96713
4216 0.96748
4217 0.96751
4218 0.96759
4219 0.96778
4220 0.96799
4221 0.96836
4222 0.96852
4223 0.96886
4224 0.96913
4225 0.96931
4226 0.9694
4227 0.96952
4228 0.97003
4229 0.97017
4230 0.97024
4231 0.97041
4232 0.97075
4233 0.97082
4234 0.97142
4235 0.9717
4236 0.97186
4237 0.97223
4238 0.97237
4239 0.97253
4240 0.97311
4241 0.97328
4242 0.97363
4243 0.97381
4244 0.97412
4245 0.97439
4246 0.97457
4247 0.97489
4248 0.97496
4249 0.97518
4250 0.9753
4251 0.97554
4252 0.97575
4253 0.97587
4254 0.97618
4255 0.97645
4256 0.97652
4257 0.97662
4258 0.97705
4259 0.97732
4260 0.97756
4261 0.97759
4262 0.97784
4263 0.9781
4264 0.9784
4265 0.97847
4266 0.97872
4267 0.97898
4268 0.97917
4269 0.97971
4270 0.97991
4271 0.98033
4272 0.98053
4273 0.98069
4274 0.98086
4275 0.98109
4276 0.98126
4277 0.98151
4278 0.98186
4279 0.98199
4280 0.98225
4281 0.98253
4282 0.98298
4283 0.98309
4284 0.98341
4285 0.98362
4286 0.98391
4287 0.98414
4288 0.98443
4289 0.98471
4290 0.98492
4291 0.98524
4292 0.98538
4293 0.9857
4294 0.98595
4295 0.98615
4296 0.98627
4297 0.98658
4298 0.98683
4299 0.98699
4300 0.9872
4301 0.9873
4302 0.98752
4303 0.98769
4304 0.98799
4305 0.98821
4306 0.98839
4307 0.9886
4308 0.98889
4309 0.98908
4310 0.98922
4311 0.98944
4312 0.98956
4313 0.98984
4314 0.99005
4315 0.99016
4316 0.99045
4317 0.99064
4318 0.99109
4319 0.99124
4320 0.99143
4321 0.99159
4322 0.99165
4323 0.99181
4324 0.99191
4325 0.99201
4326 0.9922
4327 0.99229
4328 0.99236
4329 0.99269
4330 0.99292
4331 0.99319
4332 0.99349
4333 0.99388
4334 0.9943
4335 0.99449
4336 0.99497
4337 0.9952
4338 0.99568
4339 0.99586
4340 0.99598
4341 0.99608
4342 0.99651
4343 0.99674
4344 0.99695
4345 0.99732
4346 0.99742
4347 0.9978
4348 0.99782
4349 0.99797
4350 0.99829
4351 0.99858
4352 0.99876
4353 0.99917
4354 0.99961
4355 0.99982
4356 0.99985
4357 0.99993
4358 1.00017
# Generated pool n. 4 for Umax = 175.79226684570312
# Generated a biased pool of 100000 with an acceptance of 0.03432285413146019
# Generated a pool of 100000 with an acceptance of 0.0011472470750172035
# Generation repeated 4359 times
# Average relative effective sample size: 0.005928496364504099
# Generation efficiency: 0.00022941041523285156
