# Generation 1

0 0.00326
1 0.00668
2 0.0091
3 0.01191
4 0.01484
5 0.01853
6 0.02119
7 0.02441
8 0.02817
9 0.03099
10 0.03431
11 0.03696
12 0.04023
13 0.04302
14 0.04518
15 0.04845
16 0.05111
17 0.05421
18 0.05758
19 0.06083
20 0.06368
21 0.06704
22 0.07016
23 0.07364
24 0.07708
25 0.08077
26 0.08332
27 0.08651
28 0.08921
29 0.09142
30 0.0944
31 0.09702
32 0.0994
33 0.1027
34 0.10512
35 0.1085
36 0.11146
37 0.11321
38 0.11718
39 0.12028
40 0.12285
41 0.12493
42 0.12904
43 0.1319
44 0.13491
45 0.13808
46 0.14083
47 0.1438
48 0.14639
49 0.14933
50 0.15219
51 0.15523
52 0.15788
53 0.16132
54 0.16442
55 0.16791
56 0.1711
57 0.17464
58 0.17744
59 0.18015
60 0.1821
61 0.18522
62 0.18845
63 0.19122
64 0.19563
65 0.19773
66 0.20153
67 0.20482
68 0.20748
69 0.21098
70 0.21499
71 0.21779
72 0.21984
73 0.22314
74 0.2261
75 0.22912
76 0.23132
77 0.23413
78 0.23714
79 0.24042
80 0.24279
81 0.2457
82 0.24836
83 0.25146
84 0.25346
85 0.25692
86 0.26041
87 0.26286
88 0.26597
89 0.26977
90 0.27346
91 0.27723
92 0.28091
93 0.28325
94 0.28517
95 0.28966
96 0.29417
97 0.29773
98 0.3005
99 0.30287
100 0.30465
101 0.30826
102 0.31066
103 0.3137
104 0.3162
105 0.31943
106 0.32297
107 0.32665
108 0.32875
109 0.33092
110 0.33394
111 0.33701
112 0.34052
113 0.34246
114 0.34529
115 0.34864
116 0.35236
117 0.35539
118 0.35822
119 0.36183
120 0.36497
121 0.36729
122 0.37029
123 0.37444
124 0.37775
125 0.38193
126 0.38495
127 0.38866
128 0.39123
129 0.39337
130 0.39508
131 0.39774
132 0.40031
133 0.40331
134 0.40573
135 0.40869
136 0.41143
137 0.41438
138 0.41673
139 0.41963
140 0.4237
141 0.42614
142 0.42878
143 0.43262
144 0.43597
145 0.43837
146 0.44232
147 0.44551
148 0.44884
149 0.45153
150 0.45498
151 0.4584
152 0.4613
153 0.46534
154 0.46919
155 0.47189
156 0.47422
157 0.4774
158 0.48012
159 0.48393
160 0.48776
161 0.49164
162 0.49462
163 0.49741
164 0.50038
165 0.50276
166 0.50567
167 0.50835
168 0.51086
169 0.51347
170 0.51729
171 0.52014
172 0.52199
173 0.52521
174 0.52823
175 0.5313
176 0.53377
177 0.53732
178 0.54087
179 0.54392
180 0.54635
181 0.54994
182 0.55248
183 0.55595
184 0.55743
185 0.56008
186 0.56288
187 0.56563
188 0.56831
189 0.57109
190 0.57538
191 0.57793
192 0.58124
193 0.58507
194 0.58731
195 0.58982
196 0.5919
197 0.59447
198 0.59894
199 0.60279
200 0.6062
201 0.60768
202 0.61096
203 0.61414
204 0.61723
205 0.62054
206 0.62471
207 0.6276
208 0.63139
209 0.63359
210 0.63602
211 0.63798
212 0.64117
213 0.64428
214 0.64662
215 0.64946
216 0.65266
217 0.65541
218 0.6581
219 0.6615
220 0.66544
221 0.66841
222 0.6714
223 0.67396
224 0.67667
225 0.67949
226 0.68271
227 0.68551
228 0.68743
229 0.69002
230 0.69278
231 0.69687
232 0.70091
233 0.70325
234 0.70662
235 0.70936
236 0.71245
237 0.71438
238 0.71746
239 0.71941
240 0.72269
241 0.72571
242 0.72921
243 0.7321
244 0.73536
245 0.73794
246 0.74072
247 0.74491
248 0.74707
249 0.74946
250 0.75308
251 0.75518
252 0.75824
253 0.76074
254 0.76315
255 0.76784
256 0.77101
257 0.77352
258 0.77653
259 0.77908
260 0.78235
261 0.78562
262 0.7891
263 0.79193
264 0.79515
265 0.79815
266 0.80115
267 0.80373
268 0.80642
269 0.80877
270 0.81145
271 0.81454
272 0.81733
273 0.82032
274 0.8227
275 0.82532
276 0.82868
277 0.83135
278 0.8345
279 0.8369
280 0.83921
281 0.84199
282 0.84537
283 0.84789
284 0.85006
285 0.85269
286 0.85544
287 0.85841
288 0.86118
289 0.86416
290 0.86851
291 0.8722
292 0.87587
293 0.88003
294 0.88354
295 0.8875
296 0.89047
297 0.89332
298 0.89566
299 0.89808
300 0.90148
301 0.90457
302 0.90694
303 0.91065
304 0.91385
305 0.91709
306 0.92059
307 0.92432
308 0.92801
309 0.93175
310 0.93487
311 0.93671
312 0.93954
313 0.94229
314 0.9448
315 0.94814
316 0.95072
317 0.95426
318 0.95686
319 0.95934
320 0.96219
321 0.96511
322 0.96784
323 0.97199
324 0.97471
325 0.97828
326 0.98016
327 0.98265
328 0.98574
329 0.98884
330 0.99136
331 0.99352
332 0.99737
333 1.00116
# Generated pool n. 1 for Umax = 895.5294799804688
# Generated a biased pool of 100000 with an acceptance of 0.1568421870470047
# Generated a pool of 100000 with an acceptance of 0.014987425149700596
# Generation repeated 334 times
# Average relative effective sample size: 0.09947483986616135
# Generation efficiency: 0.0029940119760479044
