# Generation 12

0 0.00236
1 0.00511
2 0.00549
3 0.0066
4 0.00931
5 0.01104
6 0.01391
7 0.01549
8 0.01711
9 0.02122
10 0.02423
11 0.02882
12 0.03034
13 0.03257
14 0.03511
15 0.0381
16 0.03868
17 0.04014
18 0.04136
19 0.04165
20 0.04327
21 0.04494
22 0.04569
23 0.04667
24 0.04726
25 0.05024
26 0.05138
27 0.05491
28 0.05871
29 0.06108
30 0.06619
31 0.06944
32 0.07078
33 0.07133
34 0.07231
35 0.07283
36 0.07502
37 0.07744
38 0.07961
39 0.08041
40 0.08253
41 0.08597
42 0.08692
43 0.08756
44 0.0883
45 0.09139
46 0.09371
47 0.09426
48 0.09441
49 0.09696
50 0.09746
51 0.09922
52 0.10203
53 0.10506
54 0.1073
55 0.10915
56 0.11147
57 0.11386
58 0.11501
59 0.11728
60 0.11963
61 0.12082
62 0.12332
63 0.12726
64 0.12855
65 0.12952
66 0.13095
67 0.13154
68 0.13268
69 0.13429
70 0.13773
71 0.14036
72 0.14314
73 0.1436
74 0.14514
75 0.14719
76 0.14732
77 0.14804
78 0.15014
79 0.15077
80 0.15378
81 0.15626
82 0.15961
83 0.16108
84 0.16178
85 0.16454
86 0.16696
87 0.17042
88 0.17106
89 0.17323
90 0.17526
91 0.17805
92 0.17996
93 0.18284
94 0.18473
95 0.18905
96 0.19133
97 0.1925
98 0.19368
99 0.19757
100 0.19931
101 0.20068
102 0.20362
103 0.20684
104 0.20927
105 0.21048
106 0.21161
107 0.21469
108 0.21698
109 0.21721
110 0.21933
111 0.22226
112 0.22335
113 0.22517
114 0.226
115 0.22837
116 0.23066
117 0.23219
118 0.23432
119 0.23816
120 0.24227
121 0.24556
122 0.24835
123 0.25006
124 0.25099
125 0.25267
126 0.25402
127 0.25467
128 0.25901
129 0.26115
130 0.26275
131 0.26584
132 0.26814
133 0.27069
134 0.2731
135 0.27405
136 0.27559
137 0.27647
138 0.27945
139 0.28099
140 0.28194
141 0.28441
142 0.28559
143 0.28843
144 0.28959
145 0.29168
146 0.2938
147 0.29647
148 0.29901
149 0.30085
150 0.30304
151 0.30614
152 0.30868
153 0.3113
154 0.31282
155 0.31378
156 0.31518
157 0.31629
158 0.31863
159 0.32028
160 0.32332
161 0.32563
162 0.32705
163 0.32889
164 0.32993
165 0.33132
166 0.33243
167 0.33352
168 0.33664
169 0.33763
170 0.34003
171 0.34179
172 0.34362
173 0.34461
174 0.34521
175 0.34625
176 0.34893
177 0.34902
178 0.34997
179 0.35158
180 0.35316
181 0.35417
182 0.35578
183 0.35996
184 0.36168
185 0.36269
186 0.36386
187 0.36626
188 0.36715
189 0.36871
190 0.37093
191 0.3729
192 0.37333
193 0.3749
194 0.37637
195 0.37742
196 0.38057
197 0.38269
198 0.38392
199 0.38744
200 0.39102
201 0.39465
202 0.39702
203 0.39824
204 0.40021
205 0.40398
206 0.40495
207 0.4079
208 0.40831
209 0.40908
210 0.40986
211 0.41313
212 0.41588
213 0.41748
214 0.41895
215 0.42035
216 0.4247
217 0.42675
218 0.42872
219 0.43203
220 0.43459
221 0.43642
222 0.43906
223 0.44073
224 0.44322
225 0.44683
226 0.44819
227 0.45159
228 0.45361
229 0.45709
230 0.45813
231 0.45984
232 0.46093
233 0.46418
234 0.46815
235 0.47007
236 0.47104
237 0.47453
238 0.47664
239 0.47763
240 0.47898
241 0.48188
242 0.4826
243 0.48362
244 0.48596
245 0.48608
246 0.48717
247 0.48868
248 0.49242
249 0.49377
250 0.49502
251 0.4969
252 0.49759
253 0.49978
254 0.50095
255 0.50161
256 0.50276
257 0.50506
258 0.50851
259 0.50984
260 0.5115
261 0.51452
262 0.51574
263 0.51797
264 0.51934
265 0.51992
266 0.52177
267 0.5256
268 0.52738
269 0.52997
270 0.53147
271 0.5328
272 0.53664
273 0.53938
274 0.54065
275 0.54185
276 0.54244
277 0.54421
278 0.54543
279 0.54748
280 0.54838
281 0.55076
282 0.55363
283 0.55398
284 0.55699
285 0.55785
286 0.5595
287 0.56278
288 0.56458
289 0.56784
290 0.57104
291 0.57233
292 0.5745
293 0.57528
294 0.57593
295 0.57813
296 0.57927
297 0.5825
298 0.58338
299 0.58482
300 0.58651
301 0.58862
302 0.59062
303 0.59141
304 0.59185
305 0.59472
306 0.59654
307 0.59887
308 0.59961
309 0.60245
310 0.60499
311 0.60644
312 0.61093
313 0.6139
314 0.61711
315 0.62132
316 0.62343
317 0.62649
318 0.62803
319 0.62864
320 0.62938
321 0.63288
322 0.63493
323 0.63741
324 0.6385
325 0.64001
326 0.64179
327 0.64365
328 0.64593
329 0.64785
330 0.64896
331 0.64991
332 0.65274
333 0.6552
334 0.65836
335 0.66014
336 0.66265
337 0.6656
338 0.66712
339 0.66872
340 0.67113
341 0.67464
342 0.67608
343 0.67855
344 0.68052
345 0.68454
346 0.68684
347 0.68726
348 0.68898
349 0.69066
350 0.6925
351 0.69386
352 0.69538
353 0.69739
354 0.6995
355 0.70044
356 0.70206
357 0.70565
358 0.70902
359 0.71082
360 0.71375
361 0.71594
362 0.71771
363 0.71864
364 0.71989
365 0.72111
366 0.72335
367 0.72568
368 0.72656
369 0.72858
370 0.73049
371 0.732
372 0.73365
373 0.73651
374 0.73873
375 0.74036
376 0.74155
377 0.7426
378 0.7448
379 0.74531
380 0.74717
381 0.7502
382 0.75093
383 0.75131
384 0.75312
385 0.75648
386 0.75721
387 0.75933
388 0.7643
389 0.76755
390 0.77031
391 0.77392
392 0.77593
393 0.77823
394 0.7799
395 0.78192
396 0.78478
397 0.7857
398 0.78831
399 0.78981
400 0.79125
401 0.7922
402 0.79384
403 0.79445
404 0.79514
405 0.79603
406 0.79843
407 0.79885
408 0.80118
409 0.80174
410 0.80298
411 0.80631
412 0.80797
413 0.81041
414 0.81466
415 0.81507
416 0.81612
417 0.82041
418 0.82143
419 0.8225
420 0.82473
421 0.82611
422 0.82712
423 0.82905
424 0.83106
425 0.8329
426 0.83583
427 0.83883
428 0.83946
429 0.84121
430 0.84178
431 0.84358
432 0.84599
433 0.84802
434 0.8499
435 0.85282
436 0.85476
437 0.85717
438 0.85882
439 0.86025
440 0.86086
441 0.86277
442 0.86554
443 0.87039
444 0.87181
445 0.87361
446 0.87521
447 0.87877
448 0.87952
449 0.88165
450 0.88205
451 0.88469
452 0.88727
453 0.89064
454 0.89345
455 0.89579
456 0.89778
457 0.90081
458 0.90358
459 0.90613
460 0.90928
461 0.91125
462 0.91221
463 0.91473
464 0.91631
465 0.91766
466 0.91939
467 0.92189
468 0.924
469 0.92548
470 0.92657
471 0.92745
472 0.92885
473 0.93072
474 0.93188
475 0.93241
476 0.93443
477 0.93733
478 0.93796
479 0.94067
480 0.94398
481 0.94574
482 0.94961
483 0.95084
484 0.9534
485 0.95577
486 0.95766
487 0.9596
488 0.96096
489 0.96381
490 0.96621
491 0.96815
492 0.96951
493 0.97138
494 0.97351
495 0.97609
496 0.97775
497 0.97935
498 0.98132
499 0.98403
500 0.98649
501 0.98691
502 0.98767
503 0.99097
504 0.99237
505 0.99514
506 0.99705
507 0.99974
508 1.00076
# Generated pool n. 12 for Umax = -11.37646770477295
# Generated a biased pool of 100000 with an acceptance of 0.4774918556213379
# Generated a pool of 100000 with an acceptance of 0.009830648330058932
# Generation repeated 509 times
# Average relative effective sample size: 0.15750642120838165
# Generation efficiency: 0.0019646365422396855
