# Generation 13

0 0.00161
1 0.00481
2 0.00527
3 0.00889
4 0.01157
5 0.01207
6 0.014
7 0.01573
8 0.01836
9 0.0208
10 0.02179
11 0.02339
12 0.02712
13 0.02876
14 0.03063
15 0.03427
16 0.03622
17 0.04008
18 0.04206
19 0.04432
20 0.04697
21 0.04825
22 0.04901
23 0.05106
24 0.0523
25 0.05399
26 0.05683
27 0.05995
28 0.06448
29 0.06509
30 0.06743
31 0.07097
32 0.07449
33 0.07655
34 0.07843
35 0.07957
36 0.08214
37 0.08396
38 0.08758
39 0.09039
40 0.09376
41 0.09558
42 0.0994
43 0.10274
44 0.10418
45 0.10632
46 0.10962
47 0.11242
48 0.11341
49 0.11479
50 0.11675
51 0.12016
52 0.1215
53 0.12266
54 0.1248
55 0.12671
56 0.12905
57 0.13056
58 0.13361
59 0.13503
60 0.13691
61 0.13799
62 0.14037
63 0.14327
64 0.14536
65 0.14655
66 0.14729
67 0.14944
68 0.15259
69 0.1541
70 0.15628
71 0.15861
72 0.16009
73 0.1619
74 0.16503
75 0.16644
76 0.1678
77 0.17
78 0.17168
79 0.17308
80 0.17592
81 0.17813
82 0.18213
83 0.1839
84 0.18603
85 0.18629
86 0.18781
87 0.18895
88 0.19192
89 0.19263
90 0.1972
91 0.19889
92 0.20008
93 0.20336
94 0.20474
95 0.20708
96 0.20892
97 0.21072
98 0.2128
99 0.21598
100 0.21847
101 0.21878
102 0.21939
103 0.2219
104 0.2258
105 0.22718
106 0.22992
107 0.23305
108 0.23589
109 0.23818
110 0.23979
111 0.24247
112 0.24291
113 0.24635
114 0.24748
115 0.25033
116 0.25331
117 0.25474
118 0.25707
119 0.25936
120 0.26286
121 0.2646
122 0.26621
123 0.26861
124 0.2693
125 0.2721
126 0.27393
127 0.27549
128 0.27974
129 0.2841
130 0.28464
131 0.28588
132 0.28643
133 0.2871
134 0.28747
135 0.2905
136 0.29101
137 0.29227
138 0.29413
139 0.29577
140 0.29819
141 0.29983
142 0.30187
143 0.30418
144 0.30511
145 0.30615
146 0.3073
147 0.31013
148 0.3123
149 0.31348
150 0.31471
151 0.31804
152 0.32027
153 0.32212
154 0.32519
155 0.32784
156 0.32992
157 0.33273
158 0.33525
159 0.33632
160 0.33839
161 0.34145
162 0.34701
163 0.34807
164 0.35035
165 0.35119
166 0.35353
167 0.35691
168 0.35888
169 0.36076
170 0.36206
171 0.36285
172 0.36473
173 0.3666
174 0.37018
175 0.37414
176 0.37597
177 0.37789
178 0.37957
179 0.38317
180 0.38386
181 0.38697
182 0.39054
183 0.39342
184 0.39573
185 0.39789
186 0.39911
187 0.4018
188 0.40572
189 0.40687
190 0.40859
191 0.41056
192 0.41449
193 0.41843
194 0.42005
195 0.42268
196 0.42379
197 0.42801
198 0.42918
199 0.43247
200 0.43491
201 0.43554
202 0.43848
203 0.44109
204 0.44188
205 0.4431
206 0.44406
207 0.44457
208 0.44701
209 0.44984
210 0.45232
211 0.45632
212 0.45894
213 0.46258
214 0.46484
215 0.46588
216 0.46693
217 0.46918
218 0.47055
219 0.47269
220 0.47542
221 0.47868
222 0.47981
223 0.48229
224 0.48324
225 0.48582
226 0.48685
227 0.4878
228 0.48858
229 0.49101
230 0.49254
231 0.49277
232 0.49626
233 0.49797
234 0.50098
235 0.50423
236 0.50611
237 0.50743
238 0.51013
239 0.51243
240 0.5166
241 0.51946
242 0.52232
243 0.52553
244 0.52765
245 0.53128
246 0.53397
247 0.53507
248 0.53926
249 0.54202
250 0.54432
251 0.54554
252 0.54879
253 0.54952
254 0.55159
255 0.5556
256 0.55921
257 0.56251
258 0.56518
259 0.56709
260 0.56898
261 0.57109
262 0.57446
263 0.5766
264 0.58076
265 0.58289
266 0.58517
267 0.58725
268 0.59098
269 0.59197
270 0.59411
271 0.5961
272 0.59763
273 0.59891
274 0.60186
275 0.60559
276 0.60739
277 0.60835
278 0.61127
279 0.61228
280 0.61432
281 0.61809
282 0.6195
283 0.62134
284 0.62664
285 0.62901
286 0.63158
287 0.63244
288 0.63411
289 0.63603
290 0.63721
291 0.63984
292 0.6424
293 0.64348
294 0.6439
295 0.64558
296 0.64805
297 0.65187
298 0.65372
299 0.6547
300 0.65681
301 0.65888
302 0.66112
303 0.66499
304 0.66736
305 0.66919
306 0.6703
307 0.6725
308 0.67485
309 0.67947
310 0.67999
311 0.68468
312 0.68634
313 0.68759
314 0.68922
315 0.6907
316 0.69265
317 0.69524
318 0.69875
319 0.70039
320 0.7028
321 0.7043
322 0.70533
323 0.7095
324 0.71179
325 0.71523
326 0.71808
327 0.71886
328 0.72268
329 0.7264
330 0.7286
331 0.72978
332 0.73042
333 0.73255
334 0.73313
335 0.73455
336 0.73706
337 0.74191
338 0.74368
339 0.74561
340 0.74668
341 0.74879
342 0.74996
343 0.75051
344 0.75233
345 0.75406
346 0.75689
347 0.75947
348 0.76315
349 0.76466
350 0.76725
351 0.77011
352 0.7725
353 0.77396
354 0.77574
355 0.77716
356 0.77888
357 0.77996
358 0.78187
359 0.78431
360 0.78576
361 0.78629
362 0.78684
363 0.78983
364 0.79202
365 0.79309
366 0.79634
367 0.79819
368 0.79944
369 0.79995
370 0.80105
371 0.80334
372 0.80382
373 0.80764
374 0.80924
375 0.81092
376 0.81487
377 0.81609
378 0.81787
379 0.82124
380 0.82265
381 0.82648
382 0.8302
383 0.8326
384 0.8361
385 0.83714
386 0.83926
387 0.84194
388 0.8459
389 0.84666
390 0.84946
391 0.85232
392 0.85344
393 0.85669
394 0.85857
395 0.85993
396 0.8611
397 0.86244
398 0.86588
399 0.86943
400 0.87288
401 0.87626
402 0.87753
403 0.87771
404 0.88215
405 0.88458
406 0.88584
407 0.88772
408 0.88986
409 0.89199
410 0.89289
411 0.89602
412 0.90044
413 0.90251
414 0.90299
415 0.90557
416 0.9095
417 0.91135
418 0.91292
419 0.9135
420 0.91671
421 0.9182
422 0.92136
423 0.92242
424 0.92374
425 0.92817
426 0.93009
427 0.93137
428 0.93224
429 0.93441
430 0.9363
431 0.93805
432 0.94114
433 0.94287
434 0.9454
435 0.94674
436 0.9481
437 0.95236
438 0.95558
439 0.95841
440 0.96184
441 0.96492
442 0.96618
443 0.9674
444 0.96927
445 0.97172
446 0.97314
447 0.97507
448 0.9755
449 0.97741
450 0.98272
451 0.98545
452 0.9882
453 0.98966
454 0.99051
455 0.99283
456 0.99627
457 0.99896
458 1.00128
# Generated pool n. 13 for Umax = -12.512628555297852
# Generated a biased pool of 100000 with an acceptance of 0.5088118314743042
# Generated a pool of 100000 with an acceptance of 0.010907189542483658
# Generation repeated 459 times
# Average relative effective sample size: 0.1807747483253479
# Generation efficiency: 0.002178649237472767
