# Generation 14

0 0.00094
1 0.00241
2 0.00562
3 0.00737
4 0.01054
5 0.01116
6 0.01329
7 0.01519
8 0.01669
9 0.01763
10 0.02012
11 0.02347
12 0.02726
13 0.02923
14 0.03053
15 0.03508
16 0.03705
17 0.03933
18 0.0426
19 0.04493
20 0.04554
21 0.04964
22 0.05259
23 0.05375
24 0.0564
25 0.05877
26 0.06183
27 0.06411
28 0.0667
29 0.06921
30 0.07252
31 0.07348
32 0.07728
33 0.08021
34 0.08289
35 0.0833
36 0.08398
37 0.08429
38 0.08511
39 0.08833
40 0.09109
41 0.09345
42 0.09584
43 0.09766
44 0.10137
45 0.10431
46 0.10803
47 0.11091
48 0.11468
49 0.11631
50 0.11898
51 0.12142
52 0.12257
53 0.12473
54 0.12636
55 0.12714
56 0.13104
57 0.13143
58 0.13309
59 0.13591
60 0.13701
61 0.13864
62 0.14103
63 0.14389
64 0.1455
65 0.14705
66 0.1501
67 0.1504
68 0.15378
69 0.15598
70 0.15901
71 0.16061
72 0.16329
73 0.16885
74 0.17492
75 0.17564
76 0.1787
77 0.18172
78 0.18257
79 0.18359
80 0.1857
81 0.18921
82 0.19389
83 0.19723
84 0.1994
85 0.20186
86 0.20337
87 0.20496
88 0.20652
89 0.20825
90 0.21139
91 0.21403
92 0.21677
93 0.21737
94 0.21967
95 0.22462
96 0.22478
97 0.22599
98 0.22754
99 0.23019
100 0.2325
101 0.23432
102 0.23615
103 0.23917
104 0.24141
105 0.24534
106 0.24571
107 0.24852
108 0.25111
109 0.25551
110 0.25837
111 0.26087
112 0.26375
113 0.26485
114 0.26622
115 0.26827
116 0.27051
117 0.27256
118 0.27766
119 0.27911
120 0.28192
121 0.28562
122 0.28727
123 0.29028
124 0.29346
125 0.29553
126 0.29613
127 0.29854
128 0.30229
129 0.30374
130 0.30621
131 0.30896
132 0.31043
133 0.31284
134 0.31565
135 0.31782
136 0.32269
137 0.32307
138 0.32508
139 0.32829
140 0.33167
141 0.33349
142 0.33541
143 0.3377
144 0.33839
145 0.34336
146 0.34726
147 0.34914
148 0.35131
149 0.3549
150 0.35657
151 0.35739
152 0.35851
153 0.36169
154 0.36393
155 0.365
156 0.36667
157 0.36836
158 0.36992
159 0.37101
160 0.37321
161 0.37601
162 0.37816
163 0.38046
164 0.38205
165 0.3842
166 0.38577
167 0.3866
168 0.38861
169 0.39284
170 0.39408
171 0.39475
172 0.39784
173 0.40133
174 0.40244
175 0.40319
176 0.40602
177 0.40925
178 0.41126
179 0.41513
180 0.41894
181 0.42121
182 0.42474
183 0.42562
184 0.42891
185 0.43213
186 0.43512
187 0.44079
188 0.44314
189 0.44479
190 0.44655
191 0.44902
192 0.45164
193 0.45492
194 0.45621
195 0.4588
196 0.45922
197 0.46137
198 0.466
199 0.46775
200 0.46916
201 0.47298
202 0.47695
203 0.47798
204 0.48157
205 0.48204
206 0.48483
207 0.48737
208 0.49134
209 0.4922
210 0.49329
211 0.4963
212 0.49751
213 0.50004
214 0.50122
215 0.50311
216 0.50571
217 0.50703
218 0.5083
219 0.50943
220 0.51136
221 0.51545
222 0.51742
223 0.5196
224 0.52185
225 0.52474
226 0.52587
227 0.52693
228 0.52749
229 0.52954
230 0.53259
231 0.53635
232 0.54116
233 0.5453
234 0.54691
235 0.54811
236 0.55029
237 0.55324
238 0.55745
239 0.56067
240 0.56278
241 0.56578
242 0.56929
243 0.57076
244 0.5723
245 0.57526
246 0.57936
247 0.58172
248 0.58347
249 0.58511
250 0.58819
251 0.59123
252 0.59518
253 0.59895
254 0.60217
255 0.60513
256 0.60891
257 0.61303
258 0.61519
259 0.61734
260 0.61925
261 0.62032
262 0.62124
263 0.62286
264 0.62499
265 0.62525
266 0.62666
267 0.63059
268 0.63479
269 0.63796
270 0.63917
271 0.64173
272 0.64262
273 0.64485
274 0.64706
275 0.64892
276 0.65247
277 0.65481
278 0.65573
279 0.65749
280 0.65756
281 0.65986
282 0.6606
283 0.66251
284 0.6656
285 0.66778
286 0.67102
287 0.6745
288 0.67498
289 0.67738
290 0.68035
291 0.6825
292 0.68439
293 0.68624
294 0.68848
295 0.6895
296 0.6905
297 0.69154
298 0.69351
299 0.69691
300 0.69814
301 0.70053
302 0.70346
303 0.70805
304 0.70936
305 0.71188
306 0.71377
307 0.71677
308 0.71784
309 0.72268
310 0.72597
311 0.72902
312 0.73101
313 0.73267
314 0.73348
315 0.73631
316 0.73677
317 0.73809
318 0.74033
319 0.74242
320 0.74412
321 0.74762
322 0.74933
323 0.75089
324 0.75186
325 0.75445
326 0.75764
327 0.75826
328 0.76036
329 0.76436
330 0.76535
331 0.7694
332 0.77229
333 0.77418
334 0.77505
335 0.77671
336 0.77998
337 0.78074
338 0.7822
339 0.78498
340 0.78577
341 0.78833
342 0.79023
343 0.79519
344 0.79802
345 0.80234
346 0.8075
347 0.81136
348 0.81306
349 0.81518
350 0.8177
351 0.81842
352 0.82074
353 0.8222
354 0.82331
355 0.82623
356 0.83068
357 0.83347
358 0.83723
359 0.83946
360 0.8432
361 0.84471
362 0.84627
363 0.84884
364 0.85099
365 0.85189
366 0.85352
367 0.85462
368 0.85559
369 0.85718
370 0.85959
371 0.86322
372 0.8674
373 0.87174
374 0.87488
375 0.87595
376 0.8764
377 0.87708
378 0.87784
379 0.88154
380 0.88286
381 0.88331
382 0.88486
383 0.89057
384 0.89145
385 0.89173
386 0.8929
387 0.8952
388 0.89597
389 0.89842
390 0.90208
391 0.90279
392 0.90484
393 0.90773
394 0.90804
395 0.90887
396 0.91051
397 0.91159
398 0.91253
399 0.9137
400 0.91536
401 0.91841
402 0.91933
403 0.91983
404 0.92084
405 0.92248
406 0.92372
407 0.92523
408 0.92814
409 0.92914
410 0.93058
411 0.93239
412 0.93311
413 0.93524
414 0.93711
415 0.94014
416 0.94218
417 0.94582
418 0.94999
419 0.95105
420 0.95315
421 0.95461
422 0.95855
423 0.96199
424 0.96441
425 0.96521
426 0.96745
427 0.96836
428 0.97146
429 0.97403
430 0.97577
431 0.97856
432 0.98018
433 0.98222
434 0.98352
435 0.98539
436 0.98789
437 0.99135
438 0.99253
439 0.99341
440 0.99424
441 0.99582
442 0.9992
443 1.00027
# Generated pool n. 14 for Umax = -13.275840759277344
# Generated a biased pool of 100000 with an acceptance of 0.5592032670974731
# Generated a pool of 100000 with an acceptance of 0.011264301801801806
# Generation repeated 444 times
# Average relative effective sample size: 0.19438283145427704
# Generation efficiency: 0.0022522522522522522
