# Generation 17

0 0.0029
1 0.00462
2 0.00891
3 0.01271
4 0.01518
5 0.01655
6 0.02056
7 0.02464
8 0.02799
9 0.02946
10 0.03249
11 0.03688
12 0.03969
13 0.04302
14 0.04565
15 0.04749
16 0.05027
17 0.05222
18 0.05735
19 0.05872
20 0.05949
21 0.06339
22 0.06608
23 0.0697
24 0.07029
25 0.07198
26 0.07276
27 0.07496
28 0.07791
29 0.08237
30 0.08431
31 0.08616
32 0.08745
33 0.09104
34 0.09577
35 0.09826
36 0.10178
37 0.10482
38 0.10685
39 0.10799
40 0.11051
41 0.11579
42 0.11675
43 0.11724
44 0.12386
45 0.12457
46 0.13039
47 0.13567
48 0.14139
49 0.14608
50 0.14799
51 0.15084
52 0.15096
53 0.15376
54 0.15456
55 0.15802
56 0.16054
57 0.16361
58 0.16789
59 0.1729
60 0.17758
61 0.17913
62 0.17968
63 0.18239
64 0.184
65 0.18679
66 0.18801
67 0.19241
68 0.19709
69 0.20206
70 0.20865
71 0.21064
72 0.21479
73 0.21916
74 0.22149
75 0.22656
76 0.22746
77 0.2294
78 0.23455
79 0.23601
80 0.23907
81 0.23986
82 0.24082
83 0.24253
84 0.24473
85 0.2472
86 0.2496
87 0.25312
88 0.25707
89 0.25991
90 0.26193
91 0.26399
92 0.26781
93 0.27186
94 0.27388
95 0.27544
96 0.27898
97 0.28042
98 0.28354
99 0.28931
100 0.29476
101 0.29936
102 0.30304
103 0.30593
104 0.30861
105 0.3122
106 0.31386
107 0.31634
108 0.31805
109 0.32192
110 0.32354
111 0.32623
112 0.33021
113 0.3335
114 0.33787
115 0.34137
116 0.34231
117 0.34525
118 0.34811
119 0.35086
120 0.35395
121 0.3596
122 0.36129
123 0.36565
124 0.36803
125 0.37209
126 0.37436
127 0.37784
128 0.37827
129 0.38078
130 0.38294
131 0.3862
132 0.3891
133 0.38984
134 0.39365
135 0.39754
136 0.40297
137 0.40481
138 0.40816
139 0.41099
140 0.41341
141 0.41844
142 0.42157
143 0.4252
144 0.42884
145 0.43215
146 0.43394
147 0.43465
148 0.43576
149 0.43895
150 0.4415
151 0.44374
152 0.44809
153 0.45167
154 0.45454
155 0.45809
156 0.46184
157 0.46501
158 0.46575
159 0.46781
160 0.47009
161 0.47199
162 0.4738
163 0.47659
164 0.48243
165 0.48759
166 0.49158
167 0.49307
168 0.49395
169 0.49586
170 0.49777
171 0.5019
172 0.50602
173 0.50715
174 0.51157
175 0.51322
176 0.51517
177 0.51926
178 0.52168
179 0.52278
180 0.52539
181 0.52719
182 0.52844
183 0.52938
184 0.53286
185 0.53757
186 0.54008
187 0.54218
188 0.5459
189 0.54783
190 0.55374
191 0.55561
192 0.55872
193 0.56054
194 0.56219
195 0.56675
196 0.56873
197 0.56979
198 0.57147
199 0.57368
200 0.57639
201 0.57951
202 0.58454
203 0.58472
204 0.58947
205 0.59243
206 0.59589
207 0.59938
208 0.60244
209 0.60474
210 0.60616
211 0.61307
212 0.61645
213 0.61832
214 0.62109
215 0.62401
216 0.62679
217 0.63192
218 0.63482
219 0.6363
220 0.63731
221 0.64349
222 0.64529
223 0.65034
224 0.65317
225 0.6575
226 0.65928
227 0.66371
228 0.66487
229 0.66642
230 0.66866
231 0.67077
232 0.67299
233 0.67622
234 0.67977
235 0.68274
236 0.68726
237 0.69015
238 0.69377
239 0.69654
240 0.70079
241 0.70288
242 0.70435
243 0.70531
244 0.71144
245 0.71413
246 0.71713
247 0.71848
248 0.72278
249 0.72912
250 0.73061
251 0.73306
252 0.7345
253 0.7391
254 0.74165
255 0.74238
256 0.74575
257 0.75252
258 0.75696
259 0.7619
260 0.76282
261 0.76565
262 0.76677
263 0.77098
264 0.77305
265 0.77748
266 0.78394
267 0.78704
268 0.78973
269 0.79089
270 0.7939
271 0.79702
272 0.79842
273 0.8018
274 0.80382
275 0.80591
276 0.80944
277 0.81002
278 0.81403
279 0.81616
280 0.81853
281 0.82299
282 0.82552
283 0.82769
284 0.83235
285 0.83802
286 0.84021
287 0.84554
288 0.85049
289 0.85101
290 0.85291
291 0.85751
292 0.86368
293 0.86503
294 0.8677
295 0.87028
296 0.87696
297 0.87955
298 0.8808
299 0.88471
300 0.88816
301 0.89273
302 0.89356
303 0.89851
304 0.90231
305 0.90786
306 0.91204
307 0.91516
308 0.91809
309 0.92031
310 0.92383
311 0.92909
312 0.9317
313 0.93448
314 0.9369
315 0.94001
316 0.94157
317 0.94681
318 0.95257
319 0.95619
320 0.95672
321 0.96161
322 0.96406
323 0.96736
324 0.97299
325 0.97354
326 0.97481
327 0.97629
328 0.98016
329 0.98326
330 0.98365
331 0.98559
332 0.9875
333 0.98944
334 0.99365
335 0.99778
336 1.00083
# Generated pool n. 17 for Umax = -14.382275581359863
# Generated a biased pool of 100000 with an acceptance of 0.6551429629325867
# Generated a pool of 100000 with an acceptance of 0.014849109792284864
# Generation repeated 337 times
# Average relative effective sample size: 0.266701340675354
# Generation efficiency: 0.002967359050445104
