# Generation 8

0 0.00069
1 0.0011
2 0.00135
3 0.00191
4 0.00221
5 0.00289
6 0.00344
7 0.00389
8 0.00443
9 0.00493
10 0.00528
11 0.00562
12 0.00609
13 0.00647
14 0.00693
15 0.0075
16 0.00784
17 0.00798
18 0.00853
19 0.00891
20 0.00917
21 0.00941
22 0.00944
23 0.00958
24 0.01034
25 0.01102
26 0.01122
27 0.01145
28 0.01232
29 0.01245
30 0.01254
31 0.01331
32 0.01375
33 0.01412
34 0.01428
35 0.0148
36 0.01524
37 0.01545
38 0.01559
39 0.01618
40 0.01675
41 0.0176
42 0.01788
43 0.0181
44 0.01834
45 0.01896
46 0.01919
47 0.01939
48 0.02015
49 0.02048
50 0.02059
51 0.02072
52 0.02148
53 0.02228
54 0.02266
55 0.02356
56 0.02395
57 0.02418
58 0.02459
59 0.02493
60 0.02532
61 0.02553
62 0.0258
63 0.02683
64 0.02712
65 0.02734
66 0.02782
67 0.02818
68 0.0287
69 0.02909
70 0.02931
71 0.02949
72 0.02963
73 0.02992
74 0.03028
75 0.03115
76 0.03152
77 0.03177
78 0.03197
79 0.0325
80 0.03307
81 0.03367
82 0.03399
83 0.03422
84 0.03473
85 0.03495
86 0.03537
87 0.03543
88 0.03557
89 0.03559
90 0.03599
91 0.03615
92 0.03651
93 0.0368
94 0.03711
95 0.03739
96 0.03767
97 0.03864
98 0.03899
99 0.03974
100 0.0399
101 0.04027
102 0.04047
103 0.04072
104 0.04127
105 0.04171
106 0.04248
107 0.04252
108 0.04314
109 0.04392
110 0.0444
111 0.04479
112 0.04547
113 0.04582
114 0.04626
115 0.04649
116 0.04698
117 0.04771
118 0.04777
119 0.04786
120 0.04831
121 0.04866
122 0.0488
123 0.04883
124 0.04982
125 0.05015
126 0.05076
127 0.05125
128 0.05163
129 0.05184
130 0.05248
131 0.05275
132 0.0531
133 0.0535
134 0.05384
135 0.05413
136 0.05423
137 0.05467
138 0.05489
139 0.05509
140 0.05521
141 0.05574
142 0.05605
143 0.05674
144 0.05692
145 0.05748
146 0.05809
147 0.05884
148 0.05916
149 0.05923
150 0.06
151 0.06099
152 0.06152
153 0.06175
154 0.06191
155 0.0623
156 0.06266
157 0.06356
158 0.06391
159 0.06404
160 0.06488
161 0.06533
162 0.06585
163 0.06659
164 0.06676
165 0.06707
166 0.06809
167 0.06827
168 0.06841
169 0.06866
170 0.06921
171 0.06967
172 0.07048
173 0.0708
174 0.07117
175 0.07156
176 0.07186
177 0.07198
178 0.07232
179 0.07324
180 0.07363
181 0.07403
182 0.07431
183 0.07477
184 0.07488
185 0.07514
186 0.07554
187 0.07562
188 0.07607
189 0.07617
190 0.07662
191 0.07693
192 0.07704
193 0.07805
194 0.07854
195 0.07922
196 0.07963
197 0.08017
198 0.08099
199 0.08157
200 0.08184
201 0.08196
202 0.08287
203 0.08311
204 0.08319
205 0.08362
206 0.08397
207 0.08503
208 0.08585
209 0.08672
210 0.08727
211 0.08745
212 0.08779
213 0.08906
214 0.0894
215 0.08982
216 0.08993
217 0.09046
218 0.09078
219 0.09142
220 0.09183
221 0.0923
222 0.09266
223 0.09293
224 0.09362
225 0.09399
226 0.09424
227 0.09429
228 0.09496
229 0.09531
230 0.09551
231 0.09559
232 0.09654
233 0.09674
234 0.09724
235 0.0976
236 0.09786
237 0.09799
238 0.09888
239 0.09993
240 0.10007
241 0.1004
242 0.10084
243 0.10098
244 0.10117
245 0.10145
246 0.10149
247 0.10212
248 0.10258
249 0.10271
250 0.10328
251 0.10392
252 0.10422
253 0.10467
254 0.10537
255 0.10592
256 0.10673
257 0.10705
258 0.10719
259 0.10813
260 0.10891
261 0.10934
262 0.10974
263 0.10987
264 0.11047
265 0.11061
266 0.11083
267 0.11096
268 0.11155
269 0.11172
270 0.11237
271 0.11281
272 0.11302
273 0.11312
274 0.11325
275 0.11348
276 0.11443
277 0.11456
278 0.11558
279 0.11603
280 0.11697
281 0.11726
282 0.11783
283 0.11847
284 0.11872
285 0.11878
286 0.11939
287 0.12001
288 0.12006
289 0.1201
290 0.12071
291 0.1211
292 0.12125
293 0.12198
294 0.12238
295 0.12277
296 0.12298
297 0.12365
298 0.12445
299 0.12464
300 0.12489
301 0.12532
302 0.12601
303 0.12617
304 0.12635
305 0.12662
306 0.12666
307 0.12699
308 0.12747
309 0.12821
310 0.12828
311 0.12878
312 0.12912
313 0.12971
314 0.12977
315 0.13004
316 0.13089
317 0.13129
318 0.13182
319 0.13201
320 0.13251
321 0.13295
322 0.13347
323 0.13408
324 0.1342
325 0.135
326 0.13506
327 0.13529
328 0.13574
329 0.13611
330 0.13639
331 0.13669
332 0.13704
333 0.13732
334 0.13778
335 0.13784
336 0.13801
337 0.13847
338 0.13941
339 0.14017
340 0.14076
341 0.14087
342 0.14096
343 0.14102
344 0.1418
345 0.14248
346 0.14266
347 0.14362
348 0.14383
349 0.14423
350 0.14428
351 0.1447
352 0.14504
353 0.1451
354 0.14545
355 0.14589
356 0.14617
357 0.14641
358 0.14658
359 0.14709
360 0.14726
361 0.14771
362 0.14836
363 0.14883
364 0.14902
365 0.14932
366 0.14974
367 0.15003
368 0.15051
369 0.15118
370 0.15139
371 0.1515
372 0.15235
373 0.15238
374 0.15268
375 0.1529
376 0.15327
377 0.15344
378 0.15429
379 0.15532
380 0.15594
381 0.15664
382 0.15705
383 0.15713
384 0.15751
385 0.15767
386 0.15813
387 0.15838
388 0.15854
389 0.159
390 0.16029
391 0.16088
392 0.16121
393 0.16178
394 0.16217
395 0.16282
396 0.16313
397 0.16358
398 0.16399
399 0.16443
400 0.16519
401 0.16548
402 0.16586
403 0.16672
404 0.16723
405 0.16826
406 0.16831
407 0.16909
408 0.1696
409 0.17048
410 0.17093
411 0.17127
412 0.17143
413 0.17178
414 0.17217
415 0.17335
416 0.17357
417 0.17405
418 0.17418
419 0.17471
420 0.17475
421 0.17508
422 0.1757
423 0.17639
424 0.1765
425 0.17701
426 0.17753
427 0.17761
428 0.1777
429 0.17781
430 0.17835
431 0.17867
432 0.17904
433 0.17934
434 0.17971
435 0.18029
436 0.18094
437 0.18108
438 0.18147
439 0.18202
440 0.18231
441 0.18248
442 0.18276
443 0.18306
444 0.18335
445 0.18377
446 0.18427
447 0.18459
448 0.18518
449 0.18568
450 0.18593
451 0.18633
452 0.18701
453 0.18731
454 0.18743
455 0.18779
456 0.18825
457 0.18864
458 0.18963
459 0.18996
460 0.19034
461 0.19074
462 0.19104
463 0.19129
464 0.19153
465 0.19195
466 0.19226
467 0.19269
468 0.19283
469 0.19357
470 0.194
471 0.19441
472 0.19456
473 0.19484
474 0.19501
475 0.19549
476 0.19611
477 0.19638
478 0.19646
479 0.1968
480 0.19699
481 0.19747
482 0.19809
483 0.19865
484 0.19902
485 0.19915
486 0.19958
487 0.19965
488 0.20032
489 0.20049
490 0.20068
491 0.20127
492 0.20191
493 0.20202
494 0.20264
495 0.20315
496 0.20375
497 0.20404
498 0.20463
499 0.20492
500 0.20561
501 0.20589
502 0.20593
503 0.20691
504 0.20802
505 0.20835
506 0.209
507 0.20913
508 0.20943
509 0.20978
510 0.20989
511 0.21036
512 0.21068
513 0.21122
514 0.21164
515 0.21234
516 0.21265
517 0.21308
518 0.21382
519 0.21394
520 0.21422
521 0.21466
522 0.21516
523 0.21558
524 0.2163
525 0.21635
526 0.21681
527 0.21787
528 0.21799
529 0.21878
530 0.21907
531 0.21958
532 0.22003
533 0.22066
534 0.22112
535 0.22135
536 0.22157
537 0.22186
538 0.22224
539 0.22272
540 0.22283
541 0.223
542 0.22349
543 0.22413
544 0.22421
545 0.22493
546 0.2252
547 0.22558
548 0.22592
549 0.22619
550 0.22642
551 0.22689
552 0.22709
553 0.22743
554 0.22799
555 0.22828
556 0.22883
557 0.22886
558 0.22942
559 0.22977
560 0.23045
561 0.23078
562 0.23103
563 0.23145
564 0.23149
565 0.23192
566 0.23202
567 0.23273
568 0.23289
569 0.23308
570 0.2334
571 0.2336
572 0.234
573 0.23428
574 0.235
575 0.23516
576 0.23543
577 0.23571
578 0.23648
579 0.23656
580 0.23683
581 0.23706
582 0.23748
583 0.23816
584 0.23843
585 0.23867
586 0.23897
587 0.2395
588 0.23963
589 0.23994
590 0.23998
591 0.24034
592 0.24066
593 0.24146
594 0.2415
595 0.24179
596 0.24232
597 0.2426
598 0.24271
599 0.24301
600 0.24307
601 0.24346
602 0.24377
603 0.24399
604 0.2442
605 0.24455
606 0.24471
607 0.24521
608 0.24552
609 0.24563
610 0.24615
611 0.24636
612 0.2467
613 0.24722
614 0.2483
615 0.24867
616 0.2494
617 0.24982
618 0.25038
619 0.2506
620 0.25097
621 0.25112
622 0.25201
623 0.25224
624 0.25264
625 0.25281
626 0.25335
627 0.25352
628 0.25414
629 0.25445
630 0.25497
631 0.25578
632 0.25635
633 0.25656
634 0.25679
635 0.25705
636 0.25728
637 0.25761
638 0.25792
639 0.25831
640 0.25841
641 0.259
642 0.25992
643 0.26036
644 0.26113
645 0.26137
646 0.26247
647 0.26266
648 0.26297
649 0.26367
650 0.26426
651 0.26459
652 0.26472
653 0.26518
654 0.2654
655 0.26549
656 0.26576
657 0.26675
658 0.26707
659 0.26721
660 0.26772
661 0.26842
662 0.26905
663 0.26927
664 0.26964
665 0.2704
666 0.27092
667 0.27119
668 0.27165
669 0.27195
670 0.27237
671 0.27306
672 0.27332
673 0.27402
674 0.27436
675 0.27472
676 0.27492
677 0.27516
678 0.276
679 0.27675
680 0.2769
681 0.27695
682 0.27751
683 0.27804
684 0.27826
685 0.27846
686 0.2792
687 0.27931
688 0.27958
689 0.27964
690 0.27994
691 0.2801
692 0.28099
693 0.28164
694 0.28188
695 0.28195
696 0.28268
697 0.28326
698 0.28354
699 0.28385
700 0.28406
701 0.28418
702 0.28438
703 0.28463
704 0.28525
705 0.2856
706 0.28606
707 0.28648
708 0.28687
709 0.28701
710 0.28705
711 0.28726
712 0.28816
713 0.28903
714 0.28909
715 0.28917
716 0.28977
717 0.29035
718 0.29142
719 0.29188
720 0.29248
721 0.29313
722 0.2933
723 0.29397
724 0.29412
725 0.29519
726 0.29536
727 0.29542
728 0.29584
729 0.29631
730 0.2968
731 0.29713
732 0.29747
733 0.29801
734 0.29867
735 0.29881
736 0.29925
737 0.29952
738 0.29968
739 0.30029
740 0.30112
741 0.30137
742 0.30163
743 0.3019
744 0.3024
745 0.30269
746 0.30351
747 0.30434
748 0.30452
749 0.30496
750 0.30544
751 0.30575
752 0.30596
753 0.30614
754 0.30663
755 0.3069
756 0.30718
757 0.30785
758 0.30829
759 0.30884
760 0.30955
761 0.30975
762 0.30991
763 0.3104
764 0.31062
765 0.3108
766 0.31122
767 0.31137
768 0.31173
769 0.31209
770 0.31268
771 0.31278
772 0.31365
773 0.31377
774 0.31398
775 0.31488
776 0.31514
777 0.31543
778 0.31564
779 0.31612
780 0.31638
781 0.31667
782 0.31718
783 0.31724
784 0.3175
785 0.31816
786 0.31842
787 0.31853
788 0.31872
789 0.31884
790 0.31931
791 0.31962
792 0.31988
793 0.32008
794 0.3204
795 0.32071
796 0.32203
797 0.32244
798 0.32332
799 0.32393
800 0.32419
801 0.32475
802 0.32536
803 0.32594
804 0.32613
805 0.32676
806 0.32686
807 0.32718
808 0.3276
809 0.32803
810 0.32827
811 0.32867
812 0.32892
813 0.32919
814 0.32953
815 0.33011
816 0.33014
817 0.33063
818 0.33069
819 0.3309
820 0.33094
821 0.33103
822 0.33187
823 0.33208
824 0.33246
825 0.33267
826 0.33288
827 0.33347
828 0.33425
829 0.33457
830 0.33475
831 0.33541
832 0.33604
833 0.33663
834 0.33689
835 0.33806
836 0.33824
837 0.33842
838 0.33922
839 0.33947
840 0.33975
841 0.34042
842 0.34084
843 0.34159
844 0.34182
845 0.34223
846 0.34299
847 0.34317
848 0.34353
849 0.34358
850 0.3442
851 0.34427
852 0.34484
853 0.34533
854 0.34587
855 0.34617
856 0.34627
857 0.34727
858 0.34805
859 0.34809
860 0.3486
861 0.34879
862 0.34889
863 0.349
864 0.34931
865 0.35004
866 0.3505
867 0.35122
868 0.35217
869 0.35224
870 0.3524
871 0.35308
872 0.35353
873 0.35389
874 0.35409
875 0.35422
876 0.3543
877 0.3545
878 0.355
879 0.35532
880 0.35562
881 0.35599
882 0.35616
883 0.35679
884 0.3572
885 0.35748
886 0.35773
887 0.35847
888 0.35888
889 0.3597
890 0.35971
891 0.36011
892 0.36039
893 0.36085
894 0.36135
895 0.36228
896 0.36257
897 0.36295
898 0.36342
899 0.36354
900 0.36403
901 0.36472
902 0.36513
903 0.36569
904 0.36638
905 0.36702
906 0.36768
907 0.36816
908 0.36851
909 0.36856
910 0.36898
911 0.36949
912 0.37038
913 0.37149
914 0.37184
915 0.37253
916 0.37305
917 0.37315
918 0.37384
919 0.37438
920 0.37453
921 0.3751
922 0.37539
923 0.37548
924 0.37554
925 0.37601
926 0.37651
927 0.37688
928 0.3773
929 0.37762
930 0.37834
931 0.37849
932 0.37875
933 0.37892
934 0.37925
935 0.37945
936 0.38026
937 0.38051
938 0.38086
939 0.38168
940 0.38179
941 0.38196
942 0.38272
943 0.38344
944 0.38385
945 0.38423
946 0.38434
947 0.38438
948 0.38488
949 0.38566
950 0.3864
951 0.38661
952 0.38688
953 0.38707
954 0.38771
955 0.38806
956 0.38865
957 0.38945
958 0.38989
959 0.3909
960 0.39199
961 0.39239
962 0.39308
963 0.39357
964 0.39433
965 0.39481
966 0.39488
967 0.39523
968 0.39541
969 0.39599
970 0.39611
971 0.39625
972 0.39644
973 0.3968
974 0.39699
975 0.3972
976 0.39808
977 0.39813
978 0.39821
979 0.39891
980 0.39912
981 0.39956
982 0.40006
983 0.4002
984 0.40069
985 0.4014
986 0.40149
987 0.40163
988 0.40187
989 0.4023
990 0.40263
991 0.40266
992 0.40306
993 0.40328
994 0.40371
995 0.40441
996 0.40446
997 0.40499
998 0.40595
999 0.40631
1000 0.40642
1001 0.40669
1002 0.40748
1003 0.40791
1004 0.40804
1005 0.40828
1006 0.4085
1007 0.40933
1008 0.40946
1009 0.40968
1010 0.41026
1011 0.41036
1012 0.41085
1013 0.41107
1014 0.41153
1015 0.412
1016 0.4122
1017 0.41308
1018 0.41335
1019 0.41362
1020 0.41423
1021 0.41468
1022 0.4148
1023 0.41523
1024 0.41606
1025 0.41639
1026 0.41723
1027 0.41772
1028 0.41799
1029 0.41872
1030 0.41902
1031 0.41909
1032 0.41912
1033 0.41978
1034 0.42037
1035 0.42053
1036 0.4206
1037 0.42118
1038 0.42143
1039 0.4221
1040 0.42239
1041 0.42264
1042 0.42313
1043 0.42347
1044 0.42361
1045 0.42401
1046 0.42484
1047 0.42495
1048 0.4252
1049 0.42532
1050 0.42574
1051 0.426
1052 0.42611
1053 0.42669
1054 0.42683
1055 0.42704
1056 0.42772
1057 0.4281
1058 0.42845
1059 0.42864
1060 0.42919
1061 0.42949
1062 0.42962
1063 0.43005
1064 0.43091
1065 0.43113
1066 0.43122
1067 0.43136
1068 0.43183
1069 0.43218
1070 0.43252
1071 0.43297
1072 0.43308
1073 0.43387
1074 0.43396
1075 0.43412
1076 0.4349
1077 0.43511
1078 0.43569
1079 0.43585
1080 0.43628
1081 0.43667
1082 0.43699
1083 0.43798
1084 0.43831
1085 0.43848
1086 0.4389
1087 0.43941
1088 0.43964
1089 0.44001
1090 0.44023
1091 0.44032
1092 0.44116
1093 0.44133
1094 0.44189
1095 0.44238
1096 0.44267
1097 0.44324
1098 0.44364
1099 0.44405
1100 0.44427
1101 0.44432
1102 0.44443
1103 0.44446
1104 0.44468
1105 0.44489
1106 0.44518
1107 0.44547
1108 0.44572
1109 0.44643
1110 0.44722
1111 0.44863
1112 0.4491
1113 0.44986
1114 0.44996
1115 0.45057
1116 0.4508
1117 0.4512
1118 0.45126
1119 0.45141
1120 0.45192
1121 0.45229
1122 0.45269
1123 0.45303
1124 0.45325
1125 0.45333
1126 0.45426
1127 0.45469
1128 0.455
1129 0.45512
1130 0.45579
1131 0.45653
1132 0.45734
1133 0.4579
1134 0.45802
1135 0.45858
1136 0.45882
1137 0.45981
1138 0.45988
1139 0.46006
1140 0.46042
1141 0.46082
1142 0.4614
1143 0.46174
1144 0.46266
1145 0.46294
1146 0.46305
1147 0.46342
1148 0.46402
1149 0.46439
1150 0.46467
1151 0.46554
1152 0.46595
1153 0.46678
1154 0.46741
1155 0.46764
1156 0.46828
1157 0.46882
1158 0.46963
1159 0.47033
1160 0.47156
1161 0.47186
1162 0.47269
1163 0.47317
1164 0.47395
1165 0.47418
1166 0.47436
1167 0.47484
1168 0.47544
1169 0.47571
1170 0.47616
1171 0.47661
1172 0.4769
1173 0.47706
1174 0.47725
1175 0.47811
1176 0.47851
1177 0.47887
1178 0.47906
1179 0.47969
1180 0.47997
1181 0.48044
1182 0.48089
1183 0.48153
1184 0.48188
1185 0.48253
1186 0.48341
1187 0.48344
1188 0.48372
1189 0.48433
1190 0.48476
1191 0.48526
1192 0.48585
1193 0.48598
1194 0.48617
1195 0.48626
1196 0.48699
1197 0.48714
1198 0.48795
1199 0.48813
1200 0.4885
1201 0.48902
1202 0.4896
1203 0.49012
1204 0.4904
1205 0.49088
1206 0.4909
1207 0.49105
1208 0.49116
1209 0.49122
1210 0.4918
1211 0.49207
1212 0.49236
1213 0.49272
1214 0.49327
1215 0.49367
1216 0.49379
1217 0.49437
1218 0.49455
1219 0.49467
1220 0.49503
1221 0.49553
1222 0.49603
1223 0.49651
1224 0.49692
1225 0.49709
1226 0.49713
1227 0.49763
1228 0.49787
1229 0.49812
1230 0.4992
1231 0.49961
1232 0.50004
1233 0.50025
1234 0.50034
1235 0.50045
1236 0.50052
1237 0.50057
1238 0.50111
1239 0.50129
1240 0.50135
1241 0.50188
1242 0.50231
1243 0.50303
1244 0.50385
1245 0.50422
1246 0.50465
1247 0.50498
1248 0.50512
1249 0.50519
1250 0.50563
1251 0.50578
1252 0.50629
1253 0.50676
1254 0.50737
1255 0.50741
1256 0.50784
1257 0.50851
1258 0.50894
1259 0.50912
1260 0.50958
1261 0.51027
1262 0.51076
1263 0.51082
1264 0.5115
1265 0.51213
1266 0.51303
1267 0.51318
1268 0.51347
1269 0.51355
1270 0.51386
1271 0.5144
1272 0.51473
1273 0.51507
1274 0.51528
1275 0.51551
1276 0.51558
1277 0.51591
1278 0.51666
1279 0.51708
1280 0.51742
1281 0.51795
1282 0.51845
1283 0.51862
1284 0.51917
1285 0.51957
1286 0.52015
1287 0.52067
1288 0.52115
1289 0.52163
1290 0.52233
1291 0.5225
1292 0.52284
1293 0.52308
1294 0.52332
1295 0.52453
1296 0.52479
1297 0.52498
1298 0.52499
1299 0.52564
1300 0.52616
1301 0.52702
1302 0.52747
1303 0.52818
1304 0.5289
1305 0.52959
1306 0.52968
1307 0.53061
1308 0.53138
1309 0.53158
1310 0.53206
1311 0.5323
1312 0.53265
1313 0.53324
1314 0.53366
1315 0.53389
1316 0.53405
1317 0.53462
1318 0.53502
1319 0.53553
1320 0.53647
1321 0.53687
1322 0.53728
1323 0.53801
1324 0.53865
1325 0.53912
1326 0.53977
1327 0.54009
1328 0.54047
1329 0.54068
1330 0.54134
1331 0.54187
1332 0.5423
1333 0.54349
1334 0.54373
1335 0.54405
1336 0.54424
1337 0.54451
1338 0.545
1339 0.54555
1340 0.54627
1341 0.54645
1342 0.54662
1343 0.54718
1344 0.5473
1345 0.54813
1346 0.54849
1347 0.54859
1348 0.5491
1349 0.54944
1350 0.5505
1351 0.55053
1352 0.55069
1353 0.55094
1354 0.55126
1355 0.55245
1356 0.55266
1357 0.55308
1358 0.55338
1359 0.55379
1360 0.55423
1361 0.55449
1362 0.55494
1363 0.55551
1364 0.55584
1365 0.55636
1366 0.55693
1367 0.55714
1368 0.5582
1369 0.55847
1370 0.5595
1371 0.56041
1372 0.56076
1373 0.56193
1374 0.5631
1375 0.56363
1376 0.56399
1377 0.56466
1378 0.56492
1379 0.56521
1380 0.56576
1381 0.56583
1382 0.5659
1383 0.56635
1384 0.56672
1385 0.56708
1386 0.56754
1387 0.56791
1388 0.56842
1389 0.56892
1390 0.56919
1391 0.56964
1392 0.56984
1393 0.5701
1394 0.57042
1395 0.57092
1396 0.57118
1397 0.57137
1398 0.57186
1399 0.5725
1400 0.57284
1401 0.57316
1402 0.57351
1403 0.5739
1404 0.57488
1405 0.57545
1406 0.57585
1407 0.57661
1408 0.5769
1409 0.57729
1410 0.57754
1411 0.57768
1412 0.57808
1413 0.57833
1414 0.57851
1415 0.57921
1416 0.58015
1417 0.58024
1418 0.58063
1419 0.58094
1420 0.58183
1421 0.58214
1422 0.58266
1423 0.5831
1424 0.58331
1425 0.58334
1426 0.58387
1427 0.58414
1428 0.58473
1429 0.58569
1430 0.58669
1431 0.58722
1432 0.58737
1433 0.58774
1434 0.58806
1435 0.58835
1436 0.58855
1437 0.58894
1438 0.58951
1439 0.59012
1440 0.59026
1441 0.59041
1442 0.59087
1443 0.59112
1444 0.59144
1445 0.592
1446 0.59261
1447 0.59296
1448 0.59335
1449 0.59407
1450 0.59481
1451 0.59561
1452 0.59568
1453 0.59607
1454 0.59621
1455 0.59719
1456 0.59722
1457 0.59736
1458 0.59791
1459 0.59821
1460 0.59849
1461 0.59893
1462 0.59952
1463 0.59973
1464 0.59984
1465 0.60047
1466 0.60098
1467 0.60135
1468 0.60157
1469 0.60172
1470 0.60217
1471 0.60302
1472 0.60323
1473 0.60416
1474 0.60458
1475 0.60473
1476 0.60499
1477 0.60508
1478 0.60526
1479 0.60556
1480 0.6059
1481 0.60696
1482 0.60726
1483 0.60742
1484 0.60845
1485 0.60885
1486 0.60907
1487 0.60945
1488 0.61007
1489 0.61116
1490 0.61175
1491 0.61209
1492 0.61277
1493 0.61313
1494 0.61325
1495 0.6136
1496 0.61424
1497 0.61437
1498 0.61478
1499 0.61493
1500 0.61552
1501 0.61571
1502 0.6159
1503 0.61628
1504 0.61667
1505 0.61733
1506 0.6176
1507 0.61783
1508 0.61835
1509 0.61858
1510 0.61886
1511 0.61922
1512 0.61983
1513 0.62044
1514 0.62072
1515 0.62104
1516 0.62205
1517 0.62217
1518 0.62254
1519 0.62271
1520 0.62306
1521 0.62366
1522 0.62379
1523 0.62423
1524 0.62427
1525 0.62532
1526 0.626
1527 0.62652
1528 0.62693
1529 0.62753
1530 0.62768
1531 0.62789
1532 0.62865
1533 0.62931
1534 0.62944
1535 0.63022
1536 0.63059
1537 0.63133
1538 0.63149
1539 0.63163
1540 0.63197
1541 0.63217
1542 0.6325
1543 0.63255
1544 0.63312
1545 0.63343
1546 0.63413
1547 0.63421
1548 0.63488
1549 0.63508
1550 0.6354
1551 0.63548
1552 0.63576
1553 0.63597
1554 0.63656
1555 0.63673
1556 0.63742
1557 0.63781
1558 0.6382
1559 0.63828
1560 0.63873
1561 0.63906
1562 0.6392
1563 0.63939
1564 0.63988
1565 0.64013
1566 0.64026
1567 0.6404
1568 0.64055
1569 0.6408
1570 0.64094
1571 0.6411
1572 0.64206
1573 0.64281
1574 0.64345
1575 0.64359
1576 0.64398
1577 0.64414
1578 0.64434
1579 0.64552
1580 0.6457
1581 0.64599
1582 0.6464
1583 0.64679
1584 0.64719
1585 0.64738
1586 0.64761
1587 0.64833
1588 0.64866
1589 0.64932
1590 0.64985
1591 0.65004
1592 0.65096
1593 0.65115
1594 0.65128
1595 0.65165
1596 0.65206
1597 0.65309
1598 0.65382
1599 0.65429
1600 0.65472
1601 0.65512
1602 0.65554
1603 0.65588
1604 0.65629
1605 0.65668
1606 0.65695
1607 0.65711
1608 0.65753
1609 0.65787
1610 0.65828
1611 0.65847
1612 0.65887
1613 0.65931
1614 0.65966
1615 0.66044
1616 0.66083
1617 0.66119
1618 0.66164
1619 0.66196
1620 0.66229
1621 0.66274
1622 0.66322
1623 0.66365
1624 0.66404
1625 0.66434
1626 0.66444
1627 0.66478
1628 0.66526
1629 0.66588
1630 0.66634
1631 0.66641
1632 0.6667
1633 0.66703
1634 0.66751
1635 0.66762
1636 0.6682
1637 0.66849
1638 0.66903
1639 0.66905
1640 0.66984
1641 0.67014
1642 0.67022
1643 0.67033
1644 0.67102
1645 0.67149
1646 0.67211
1647 0.67295
1648 0.67302
1649 0.67359
1650 0.67373
1651 0.67449
1652 0.6745
1653 0.67452
1654 0.67529
1655 0.67551
1656 0.67572
1657 0.67588
1658 0.67601
1659 0.67627
1660 0.67666
1661 0.67726
1662 0.67777
1663 0.67784
1664 0.67815
1665 0.67839
1666 0.67888
1667 0.67904
1668 0.67912
1669 0.68035
1670 0.68039
1671 0.68055
1672 0.68109
1673 0.68142
1674 0.68193
1675 0.68226
1676 0.68283
1677 0.68323
1678 0.68359
1679 0.68418
1680 0.68456
1681 0.68485
1682 0.68521
1683 0.68532
1684 0.68555
1685 0.6863
1686 0.6866
1687 0.68678
1688 0.68692
1689 0.68747
1690 0.68755
1691 0.68776
1692 0.68801
1693 0.68861
1694 0.68884
1695 0.68907
1696 0.68939
1697 0.6899
1698 0.69005
1699 0.69076
1700 0.69142
1701 0.69179
1702 0.69181
1703 0.6923
1704 0.69259
1705 0.69269
1706 0.69326
1707 0.69409
1708 0.69411
1709 0.69416
1710 0.69456
1711 0.69485
1712 0.69586
1713 0.69613
1714 0.69684
1715 0.69737
1716 0.69765
1717 0.69818
1718 0.69884
1719 0.6992
1720 0.70025
1721 0.70055
1722 0.70125
1723 0.70177
1724 0.70186
1725 0.70218
1726 0.70258
1727 0.70276
1728 0.703
1729 0.70318
1730 0.70355
1731 0.70368
1732 0.7038
1733 0.70422
1734 0.70494
1735 0.7053
1736 0.70558
1737 0.70608
1738 0.70676
1739 0.70686
1740 0.70742
1741 0.70773
1742 0.70897
1743 0.70916
1744 0.70934
1745 0.7096
1746 0.70981
1747 0.71026
1748 0.71049
1749 0.71074
1750 0.71181
1751 0.71276
1752 0.71299
1753 0.71327
1754 0.71375
1755 0.714
1756 0.71453
1757 0.71491
1758 0.7155
1759 0.71596
1760 0.71637
1761 0.71659
1762 0.71722
1763 0.71811
1764 0.71828
1765 0.71837
1766 0.7188
1767 0.71899
1768 0.71919
1769 0.71942
1770 0.71958
1771 0.71993
1772 0.72016
1773 0.72045
1774 0.72189
1775 0.72264
1776 0.72324
1777 0.72355
1778 0.72373
1779 0.72384
1780 0.72411
1781 0.72459
1782 0.72519
1783 0.72577
1784 0.72629
1785 0.72663
1786 0.72707
1787 0.72723
1788 0.7276
1789 0.72782
1790 0.72847
1791 0.72858
1792 0.72866
1793 0.72886
1794 0.72936
1795 0.72949
1796 0.7297
1797 0.72993
1798 0.73019
1799 0.73098
1800 0.73193
1801 0.73249
1802 0.73343
1803 0.73366
1804 0.73433
1805 0.73456
1806 0.7351
1807 0.73566
1808 0.73636
1809 0.73667
1810 0.73686
1811 0.73752
1812 0.73794
1813 0.73849
1814 0.73898
1815 0.73932
1816 0.74039
1817 0.74055
1818 0.74061
1819 0.7407
1820 0.74165
1821 0.7422
1822 0.74327
1823 0.74372
1824 0.74418
1825 0.74446
1826 0.7445
1827 0.74473
1828 0.74524
1829 0.74582
1830 0.74637
1831 0.74655
1832 0.74678
1833 0.74723
1834 0.74794
1835 0.74835
1836 0.7484
1837 0.74852
1838 0.74902
1839 0.74938
1840 0.75008
1841 0.75058
1842 0.75094
1843 0.75107
1844 0.75181
1845 0.75189
1846 0.75203
1847 0.75245
1848 0.75259
1849 0.75281
1850 0.7531
1851 0.75414
1852 0.75458
1853 0.75461
1854 0.75516
1855 0.75555
1856 0.75607
1857 0.75646
1858 0.75747
1859 0.75748
1860 0.75795
1861 0.75855
1862 0.75949
1863 0.75985
1864 0.76017
1865 0.76022
1866 0.76043
1867 0.76088
1868 0.76135
1869 0.7615
1870 0.76176
1871 0.76238
1872 0.76301
1873 0.76342
1874 0.76411
1875 0.76441
1876 0.7645
1877 0.76487
1878 0.76577
1879 0.76603
1880 0.76663
1881 0.76733
1882 0.76746
1883 0.7676
1884 0.7684
1885 0.76857
1886 0.76877
1887 0.76919
1888 0.7696
1889 0.76975
1890 0.76993
1891 0.77029
1892 0.77071
1893 0.77098
1894 0.77166
1895 0.77249
1896 0.77299
1897 0.77311
1898 0.77341
1899 0.77349
1900 0.77401
1901 0.77425
1902 0.77457
1903 0.77509
1904 0.77531
1905 0.77604
1906 0.77647
1907 0.77726
1908 0.77752
1909 0.77772
1910 0.77796
1911 0.77883
1912 0.779
1913 0.77935
1914 0.77971
1915 0.7799
1916 0.78019
1917 0.78059
1918 0.78108
1919 0.78131
1920 0.78142
1921 0.78169
1922 0.78189
1923 0.78198
1924 0.78231
1925 0.78275
1926 0.78317
1927 0.7834
1928 0.7838
1929 0.78419
1930 0.78472
1931 0.78488
1932 0.78534
1933 0.78647
1934 0.78705
1935 0.78722
1936 0.78766
1937 0.78848
1938 0.78912
1939 0.78941
1940 0.79013
1941 0.7904
1942 0.79072
1943 0.79159
1944 0.79189
1945 0.79247
1946 0.79264
1947 0.79295
1948 0.793
1949 0.79352
1950 0.79405
1951 0.79444
1952 0.7948
1953 0.79527
1954 0.79605
1955 0.79638
1956 0.79643
1957 0.79711
1958 0.7974
1959 0.79814
1960 0.79876
1961 0.79893
1962 0.79925
1963 0.80021
1964 0.80033
1965 0.80061
1966 0.8007
1967 0.80108
1968 0.80146
1969 0.80164
1970 0.80208
1971 0.80219
1972 0.80226
1973 0.80256
1974 0.80307
1975 0.80408
1976 0.80431
1977 0.80474
1978 0.80488
1979 0.80562
1980 0.80643
1981 0.80662
1982 0.8072
1983 0.80754
1984 0.8077
1985 0.80796
1986 0.8083
1987 0.80911
1988 0.80963
1989 0.80982
1990 0.81041
1991 0.81079
1992 0.81094
1993 0.81138
1994 0.81206
1995 0.81225
1996 0.81286
1997 0.81303
1998 0.8135
1999 0.81396
2000 0.81428
2001 0.81488
2002 0.81511
2003 0.81532
2004 0.81543
2005 0.81634
2006 0.81708
2007 0.81779
2008 0.81851
2009 0.81908
2010 0.81918
2011 0.81964
2012 0.82075
2013 0.82087
2014 0.82138
2015 0.82158
2016 0.82202
2017 0.82243
2018 0.82272
2019 0.82322
2020 0.82377
2021 0.82441
2022 0.82461
2023 0.82515
2024 0.8252
2025 0.82562
2026 0.82584
2027 0.82606
2028 0.82693
2029 0.82721
2030 0.82735
2031 0.82787
2032 0.82821
2033 0.82855
2034 0.82878
2035 0.82919
2036 0.82962
2037 0.82998
2038 0.83016
2039 0.83072
2040 0.83111
2041 0.83162
2042 0.83216
2043 0.83258
2044 0.83294
2045 0.83322
2046 0.83353
2047 0.83408
2048 0.83436
2049 0.83496
2050 0.83565
2051 0.83578
2052 0.83614
2053 0.83625
2054 0.83703
2055 0.83734
2056 0.83741
2057 0.83794
2058 0.83802
2059 0.83836
2060 0.83913
2061 0.83952
2062 0.83971
2063 0.84028
2064 0.84033
2065 0.84042
2066 0.84049
2067 0.84104
2068 0.84134
2069 0.84202
2070 0.84259
2071 0.84272
2072 0.84354
2073 0.84372
2074 0.84413
2075 0.84421
2076 0.84448
2077 0.84521
2078 0.84587
2079 0.84604
2080 0.84614
2081 0.84635
2082 0.84738
2083 0.84856
2084 0.8486
2085 0.84874
2086 0.84928
2087 0.84982
2088 0.85015
2089 0.85089
2090 0.85146
2091 0.85194
2092 0.85238
2093 0.85287
2094 0.8532
2095 0.8539
2096 0.85432
2097 0.85461
2098 0.85473
2099 0.85509
2100 0.8553
2101 0.85585
2102 0.856
2103 0.85661
2104 0.85695
2105 0.85789
2106 0.85859
2107 0.85926
2108 0.85961
2109 0.85964
2110 0.86061
2111 0.86087
2112 0.86158
2113 0.86194
2114 0.86217
2115 0.86247
2116 0.86329
2117 0.86358
2118 0.86368
2119 0.86388
2120 0.86413
2121 0.86446
2122 0.86452
2123 0.86507
2124 0.86533
2125 0.86616
2126 0.86659
2127 0.86706
2128 0.86742
2129 0.86808
2130 0.86878
2131 0.86922
2132 0.86975
2133 0.87013
2134 0.87059
2135 0.87089
2136 0.87156
2137 0.87181
2138 0.87264
2139 0.87351
2140 0.87362
2141 0.87431
2142 0.87493
2143 0.87498
2144 0.87533
2145 0.87566
2146 0.87606
2147 0.87713
2148 0.8773
2149 0.87756
2150 0.87815
2151 0.87846
2152 0.87873
2153 0.87885
2154 0.87948
2155 0.87986
2156 0.88096
2157 0.88176
2158 0.88259
2159 0.88268
2160 0.88289
2161 0.88307
2162 0.88388
2163 0.88431
2164 0.88525
2165 0.88557
2166 0.88608
2167 0.88631
2168 0.88636
2169 0.88698
2170 0.88734
2171 0.88751
2172 0.88768
2173 0.88808
2174 0.88842
2175 0.88889
2176 0.88897
2177 0.88943
2178 0.88957
2179 0.89031
2180 0.89095
2181 0.89102
2182 0.89219
2183 0.89254
2184 0.89346
2185 0.89472
2186 0.89501
2187 0.89584
2188 0.89639
2189 0.89644
2190 0.89668
2191 0.89704
2192 0.89766
2193 0.89844
2194 0.89894
2195 0.90003
2196 0.90016
2197 0.90041
2198 0.9009
2199 0.90194
2200 0.90228
2201 0.90261
2202 0.9033
2203 0.90402
2204 0.90464
2205 0.90511
2206 0.90524
2207 0.90541
2208 0.90573
2209 0.90642
2210 0.90643
2211 0.90658
2212 0.90683
2213 0.90705
2214 0.90707
2215 0.90756
2216 0.9079
2217 0.90836
2218 0.90886
2219 0.90938
2220 0.90953
2221 0.9105
2222 0.91059
2223 0.91122
2224 0.91192
2225 0.91271
2226 0.91299
2227 0.91351
2228 0.91384
2229 0.91399
2230 0.91441
2231 0.91535
2232 0.91589
2233 0.91627
2234 0.91691
2235 0.91721
2236 0.91744
2237 0.91816
2238 0.91837
2239 0.91855
2240 0.9189
2241 0.91913
2242 0.91944
2243 0.91973
2244 0.91976
2245 0.92017
2246 0.92038
2247 0.92091
2248 0.92131
2249 0.9217
2250 0.92198
2251 0.92203
2252 0.92241
2253 0.92279
2254 0.92335
2255 0.92352
2256 0.92368
2257 0.92389
2258 0.92466
2259 0.92486
2260 0.9255
2261 0.92611
2262 0.92655
2263 0.92663
2264 0.92707
2265 0.92744
2266 0.92753
2267 0.92773
2268 0.92797
2269 0.92828
2270 0.92855
2271 0.92865
2272 0.92898
2273 0.92938
2274 0.92993
2275 0.93031
2276 0.93097
2277 0.93121
2278 0.9314
2279 0.93161
2280 0.93166
2281 0.93211
2282 0.93241
2283 0.93255
2284 0.9328
2285 0.93334
2286 0.93366
2287 0.93386
2288 0.93446
2289 0.93451
2290 0.93457
2291 0.93482
2292 0.93524
2293 0.93555
2294 0.93598
2295 0.93627
2296 0.93668
2297 0.93694
2298 0.93764
2299 0.93811
2300 0.9382
2301 0.93907
2302 0.93943
2303 0.94037
2304 0.94057
2305 0.94078
2306 0.94125
2307 0.9415
2308 0.942
2309 0.94217
2310 0.94304
2311 0.9433
2312 0.94332
2313 0.94369
2314 0.94387
2315 0.94424
2316 0.94525
2317 0.94536
2318 0.94592
2319 0.9469
2320 0.94734
2321 0.94788
2322 0.94824
2323 0.94852
2324 0.94912
2325 0.94948
2326 0.94961
2327 0.94963
2328 0.9501
2329 0.95063
2330 0.95111
2331 0.95186
2332 0.95247
2333 0.95261
2334 0.9529
2335 0.95341
2336 0.95371
2337 0.95376
2338 0.95449
2339 0.95476
2340 0.95517
2341 0.95591
2342 0.95614
2343 0.95632
2344 0.95681
2345 0.95724
2346 0.95765
2347 0.9577
2348 0.95846
2349 0.95891
2350 0.95918
2351 0.96
2352 0.96085
2353 0.96113
2354 0.96154
2355 0.96244
2356 0.9628
2357 0.96307
2358 0.96345
2359 0.96392
2360 0.96429
2361 0.96473
2362 0.9652
2363 0.96543
2364 0.96584
2365 0.96602
2366 0.96637
2367 0.96654
2368 0.96673
2369 0.96723
2370 0.96746
2371 0.96772
2372 0.96845
2373 0.96897
2374 0.96954
2375 0.97039
2376 0.97065
2377 0.97107
2378 0.97159
2379 0.97187
2380 0.97219
2381 0.97311
2382 0.97339
2383 0.97428
2384 0.97488
2385 0.97536
2386 0.97574
2387 0.97648
2388 0.97707
2389 0.97788
2390 0.97798
2391 0.97869
2392 0.97881
2393 0.97912
2394 0.97931
2395 0.97959
2396 0.97989
2397 0.98008
2398 0.98022
2399 0.98051
2400 0.98112
2401 0.98126
2402 0.98149
2403 0.98202
2404 0.98218
2405 0.98279
2406 0.98286
2407 0.98304
2408 0.98329
2409 0.98396
2410 0.98434
2411 0.98455
2412 0.98459
2413 0.98527
2414 0.98568
2415 0.98608
2416 0.98635
2417 0.98731
2418 0.98753
2419 0.98757
2420 0.98794
2421 0.98805
2422 0.9883
2423 0.98833
2424 0.98887
2425 0.98936
2426 0.98957
2427 0.99016
2428 0.99059
2429 0.99087
2430 0.99133
2431 0.99137
2432 0.99203
2433 0.99249
2434 0.99321
2435 0.99391
2436 0.99472
2437 0.9948
2438 0.99492
2439 0.995
2440 0.99515
2441 0.99549
2442 0.99625
2443 0.99668
2444 0.99731
2445 0.99773
2446 0.99884
2447 0.99937
2448 0.99954
2449 1.00007
# Generated pool n. 8 for Umax = 4.404825210571289
# Generated a biased pool of 100000 with an acceptance of 0.1677478551864624
# Generated a pool of 100000 with an acceptance of 0.002040959183673468
# Generation repeated 2450 times
# Average relative effective sample size: 0.01959240436553955
# Generation efficiency: 0.00040816326530612246
