# Generation 6

0 0.00038
1 0.00059
2 0.00102
3 0.00141
4 0.00172
5 0.00254
6 0.0026
7 0.00267
8 0.00288
9 0.00315
10 0.00368
11 0.00402
12 0.00418
13 0.00426
14 0.00455
15 0.00513
16 0.00552
17 0.00572
18 0.00597
19 0.0062
20 0.0065
21 0.00673
22 0.00706
23 0.00743
24 0.00766
25 0.00792
26 0.00817
27 0.00859
28 0.00886
29 0.00911
30 0.00958
31 0.00988
32 0.01006
33 0.01054
34 0.01096
35 0.01131
36 0.01167
37 0.01195
38 0.01201
39 0.01253
40 0.01279
41 0.01311
42 0.0134
43 0.01355
44 0.01387
45 0.014
46 0.01414
47 0.01454
48 0.01491
49 0.01505
50 0.0152
51 0.0156
52 0.01583
53 0.01601
54 0.01617
55 0.01682
56 0.01713
57 0.01752
58 0.01763
59 0.01768
60 0.01832
61 0.01885
62 0.01898
63 0.01947
64 0.01974
65 0.01994
66 0.02032
67 0.02066
68 0.02092
69 0.02116
70 0.02148
71 0.02155
72 0.02179
73 0.02203
74 0.02231
75 0.02295
76 0.02343
77 0.02351
78 0.02398
79 0.02427
80 0.02441
81 0.02465
82 0.02533
83 0.0256
84 0.0261
85 0.02612
86 0.02658
87 0.02677
88 0.02693
89 0.02715
90 0.02727
91 0.02732
92 0.02784
93 0.0279
94 0.02808
95 0.02825
96 0.02858
97 0.02892
98 0.02913
99 0.02963
100 0.02979
101 0.0301
102 0.03043
103 0.03066
104 0.03101
105 0.03119
106 0.03171
107 0.03203
108 0.03238
109 0.03287
110 0.03289
111 0.03321
112 0.03359
113 0.03381
114 0.03407
115 0.03413
116 0.03451
117 0.03498
118 0.03517
119 0.03535
120 0.03592
121 0.03603
122 0.03629
123 0.0364
124 0.03734
125 0.03783
126 0.03803
127 0.03824
128 0.03831
129 0.0386
130 0.03881
131 0.0389
132 0.03914
133 0.03948
134 0.03961
135 0.03984
136 0.04019
137 0.04031
138 0.04048
139 0.0409
140 0.04107
141 0.04141
142 0.0416
143 0.04169
144 0.042
145 0.04227
146 0.04263
147 0.04321
148 0.04379
149 0.04397
150 0.0444
151 0.04462
152 0.0447
153 0.04478
154 0.04503
155 0.04558
156 0.04579
157 0.04603
158 0.04623
159 0.04662
160 0.0468
161 0.04707
162 0.04741
163 0.04775
164 0.0479
165 0.0483
166 0.04897
167 0.04901
168 0.04909
169 0.04916
170 0.04946
171 0.04962
172 0.0501
173 0.05035
174 0.0504
175 0.05056
176 0.05095
177 0.0513
178 0.0514
179 0.0518
180 0.05203
181 0.05224
182 0.05258
183 0.05265
184 0.05295
185 0.05336
186 0.05361
187 0.05367
188 0.0541
189 0.05424
190 0.05441
191 0.0546
192 0.05463
193 0.05499
194 0.05504
195 0.05525
196 0.05543
197 0.05576
198 0.05581
199 0.05595
200 0.05629
201 0.05653
202 0.05673
203 0.05694
204 0.05697
205 0.05746
206 0.05759
207 0.05774
208 0.05814
209 0.05869
210 0.05883
211 0.05907
212 0.05923
213 0.05934
214 0.05947
215 0.05955
216 0.05977
217 0.06026
218 0.06063
219 0.06072
220 0.06093
221 0.06102
222 0.06112
223 0.06136
224 0.06192
225 0.06219
226 0.06228
227 0.06253
228 0.06272
229 0.06286
230 0.06325
231 0.06361
232 0.06379
233 0.06405
234 0.06418
235 0.06442
236 0.06504
237 0.06546
238 0.06556
239 0.06568
240 0.06578
241 0.06615
242 0.06631
243 0.06677
244 0.06721
245 0.06779
246 0.06787
247 0.06823
248 0.06831
249 0.06849
250 0.06864
251 0.06902
252 0.06945
253 0.0703
254 0.07074
255 0.07098
256 0.07137
257 0.07153
258 0.07168
259 0.07199
260 0.07225
261 0.07233
262 0.07282
263 0.0729
264 0.07354
265 0.07375
266 0.07376
267 0.07426
268 0.07456
269 0.07468
270 0.07482
271 0.07489
272 0.07524
273 0.0756
274 0.07578
275 0.07615
276 0.07663
277 0.07693
278 0.07745
279 0.0776
280 0.07773
281 0.07815
282 0.07835
283 0.07848
284 0.07908
285 0.07928
286 0.07957
287 0.07993
288 0.0804
289 0.08095
290 0.08101
291 0.08135
292 0.08172
293 0.08217
294 0.08252
295 0.08274
296 0.08292
297 0.08326
298 0.08353
299 0.08378
300 0.08434
301 0.08474
302 0.08519
303 0.08557
304 0.08568
305 0.08588
306 0.0863
307 0.0865
308 0.087
309 0.08712
310 0.08728
311 0.08756
312 0.08766
313 0.08777
314 0.08792
315 0.08837
316 0.08853
317 0.08898
318 0.08915
319 0.08939
320 0.08992
321 0.09039
322 0.09052
323 0.09062
324 0.09069
325 0.09089
326 0.09117
327 0.09162
328 0.09188
329 0.09199
330 0.09246
331 0.09312
332 0.09388
333 0.09421
334 0.09457
335 0.09464
336 0.09484
337 0.09504
338 0.09529
339 0.09562
340 0.09589
341 0.09619
342 0.09662
343 0.09706
344 0.09713
345 0.0972
346 0.09743
347 0.09764
348 0.09775
349 0.09822
350 0.09837
351 0.09868
352 0.09895
353 0.09965
354 0.09994
355 0.1002
356 0.10031
357 0.10065
358 0.10121
359 0.10138
360 0.10146
361 0.10171
362 0.10194
363 0.1024
364 0.10267
365 0.10281
366 0.10304
367 0.10346
368 0.10384
369 0.10399
370 0.10468
371 0.10512
372 0.10525
373 0.10568
374 0.10613
375 0.10625
376 0.10643
377 0.10666
378 0.10677
379 0.1073
380 0.10756
381 0.10778
382 0.10813
383 0.10824
384 0.10869
385 0.10882
386 0.10939
387 0.1097
388 0.11026
389 0.11113
390 0.11148
391 0.11221
392 0.11274
393 0.11307
394 0.11324
395 0.11378
396 0.11413
397 0.11445
398 0.11476
399 0.11484
400 0.11513
401 0.11544
402 0.11566
403 0.11641
404 0.11666
405 0.117
406 0.11739
407 0.11775
408 0.11777
409 0.11813
410 0.11861
411 0.11925
412 0.11949
413 0.11981
414 0.11999
415 0.12026
416 0.12049
417 0.12093
418 0.12104
419 0.12129
420 0.12169
421 0.12173
422 0.12218
423 0.12237
424 0.12253
425 0.12296
426 0.12348
427 0.12395
428 0.12432
429 0.12463
430 0.12478
431 0.1252
432 0.12564
433 0.12596
434 0.12623
435 0.12634
436 0.12674
437 0.12724
438 0.12746
439 0.12768
440 0.12795
441 0.12822
442 0.12857
443 0.12919
444 0.12925
445 0.12937
446 0.1295
447 0.12999
448 0.13017
449 0.13032
450 0.13077
451 0.13106
452 0.13127
453 0.13153
454 0.13157
455 0.13173
456 0.13188
457 0.13222
458 0.13245
459 0.13261
460 0.13282
461 0.13298
462 0.13321
463 0.13334
464 0.13372
465 0.13386
466 0.13462
467 0.1348
468 0.13536
469 0.13578
470 0.13619
471 0.13635
472 0.13639
473 0.13653
474 0.13687
475 0.13743
476 0.13747
477 0.13772
478 0.13805
479 0.13835
480 0.13906
481 0.13916
482 0.13936
483 0.13949
484 0.13964
485 0.13978
486 0.14016
487 0.14027
488 0.14038
489 0.14079
490 0.14106
491 0.14133
492 0.142
493 0.14214
494 0.14255
495 0.14269
496 0.14304
497 0.14317
498 0.14324
499 0.14335
500 0.14376
501 0.14387
502 0.14437
503 0.14446
504 0.14484
505 0.14523
506 0.14546
507 0.14578
508 0.14594
509 0.1462
510 0.14629
511 0.14665
512 0.14677
513 0.14706
514 0.14745
515 0.14752
516 0.14768
517 0.14782
518 0.14844
519 0.1489
520 0.14918
521 0.14923
522 0.14967
523 0.14984
524 0.14997
525 0.15039
526 0.15068
527 0.1509
528 0.15142
529 0.15164
530 0.152
531 0.15209
532 0.15238
533 0.15274
534 0.15281
535 0.15287
536 0.15307
537 0.15345
538 0.15355
539 0.15381
540 0.15412
541 0.15427
542 0.15432
543 0.15453
544 0.15485
545 0.1552
546 0.15575
547 0.1562
548 0.15655
549 0.15668
550 0.15707
551 0.1572
552 0.15725
553 0.15736
554 0.15773
555 0.15787
556 0.15797
557 0.15834
558 0.1586
559 0.15871
560 0.15893
561 0.15934
562 0.15968
563 0.15992
564 0.16032
565 0.16038
566 0.1606
567 0.16086
568 0.16106
569 0.16126
570 0.16141
571 0.16165
572 0.16223
573 0.16233
574 0.16238
575 0.16254
576 0.16299
577 0.16328
578 0.16349
579 0.164
580 0.16438
581 0.1647
582 0.16514
583 0.16564
584 0.16602
585 0.16609
586 0.16631
587 0.16679
588 0.16723
589 0.16779
590 0.16801
591 0.16857
592 0.16878
593 0.1689
594 0.16902
595 0.16919
596 0.1694
597 0.16969
598 0.17003
599 0.1702
600 0.17065
601 0.17098
602 0.17112
603 0.17142
604 0.17158
605 0.17202
606 0.1721
607 0.17246
608 0.17278
609 0.17298
610 0.17316
611 0.17344
612 0.1737
613 0.17389
614 0.17405
615 0.17424
616 0.17444
617 0.17472
618 0.17495
619 0.17529
620 0.17541
621 0.17551
622 0.17588
623 0.17621
624 0.17643
625 0.17669
626 0.17674
627 0.17706
628 0.17728
629 0.17763
630 0.17786
631 0.17818
632 0.17838
633 0.17888
634 0.17927
635 0.1793
636 0.17961
637 0.17998
638 0.1801
639 0.18016
640 0.18051
641 0.1806
642 0.18086
643 0.18156
644 0.18177
645 0.1819
646 0.18238
647 0.18247
648 0.18284
649 0.18302
650 0.18321
651 0.1838
652 0.18425
653 0.18465
654 0.18503
655 0.18548
656 0.18561
657 0.18591
658 0.1862
659 0.18634
660 0.18677
661 0.1872
662 0.18748
663 0.18776
664 0.18783
665 0.18811
666 0.18856
667 0.18881
668 0.18922
669 0.18949
670 0.18967
671 0.18997
672 0.1901
673 0.19026
674 0.19061
675 0.19085
676 0.19094
677 0.19136
678 0.19162
679 0.19201
680 0.19255
681 0.19287
682 0.19301
683 0.19321
684 0.19335
685 0.19381
686 0.19409
687 0.19422
688 0.19448
689 0.19482
690 0.19503
691 0.19522
692 0.19531
693 0.19567
694 0.19629
695 0.19656
696 0.19678
697 0.19691
698 0.19733
699 0.19735
700 0.1975
701 0.19779
702 0.19824
703 0.19851
704 0.19866
705 0.19887
706 0.19934
707 0.2002
708 0.20045
709 0.20069
710 0.20105
711 0.20133
712 0.20166
713 0.20191
714 0.20209
715 0.2023
716 0.20296
717 0.20338
718 0.20356
719 0.2037
720 0.20392
721 0.20415
722 0.20447
723 0.20481
724 0.20495
725 0.20541
726 0.20581
727 0.20597
728 0.20632
729 0.20645
730 0.2068
731 0.20699
732 0.20717
733 0.20737
734 0.20789
735 0.2083
736 0.20873
737 0.20898
738 0.20931
739 0.20949
740 0.20969
741 0.20977
742 0.20988
743 0.21012
744 0.21028
745 0.21056
746 0.21064
747 0.21094
748 0.2111
749 0.21133
750 0.21149
751 0.21171
752 0.21182
753 0.21229
754 0.21273
755 0.21282
756 0.21305
757 0.21335
758 0.21363
759 0.21394
760 0.21437
761 0.21467
762 0.2149
763 0.21513
764 0.21546
765 0.21548
766 0.21563
767 0.21586
768 0.21604
769 0.21639
770 0.21677
771 0.21685
772 0.21701
773 0.21765
774 0.21779
775 0.21839
776 0.2185
777 0.2189
778 0.21937
779 0.21961
780 0.2199
781 0.2201
782 0.22035
783 0.2206
784 0.22074
785 0.22123
786 0.22155
787 0.22182
788 0.22198
789 0.22244
790 0.22256
791 0.22293
792 0.22313
793 0.22317
794 0.22336
795 0.22347
796 0.22401
797 0.22426
798 0.22448
799 0.22468
800 0.22507
801 0.22525
802 0.22563
803 0.22572
804 0.22586
805 0.22621
806 0.22638
807 0.22667
808 0.2269
809 0.22697
810 0.22726
811 0.2278
812 0.22788
813 0.22822
814 0.22863
815 0.22881
816 0.22923
817 0.22951
818 0.23009
819 0.23048
820 0.23061
821 0.23091
822 0.23122
823 0.23127
824 0.23153
825 0.23179
826 0.2322
827 0.23228
828 0.23255
829 0.23277
830 0.23334
831 0.23343
832 0.23359
833 0.23374
834 0.23414
835 0.23416
836 0.2344
837 0.23454
838 0.2346
839 0.23489
840 0.23507
841 0.23518
842 0.23522
843 0.23545
844 0.23588
845 0.23612
846 0.23619
847 0.23638
848 0.23674
849 0.23702
850 0.23759
851 0.23776
852 0.23797
853 0.23814
854 0.23857
855 0.239
856 0.23917
857 0.23944
858 0.23973
859 0.23995
860 0.24027
861 0.24049
862 0.24073
863 0.24106
864 0.24113
865 0.24143
866 0.24169
867 0.24212
868 0.24275
869 0.24294
870 0.24312
871 0.24377
872 0.24393
873 0.24414
874 0.24441
875 0.24465
876 0.24489
877 0.24514
878 0.24547
879 0.24609
880 0.24658
881 0.24697
882 0.24727
883 0.24762
884 0.24805
885 0.2483
886 0.24856
887 0.24899
888 0.24945
889 0.24962
890 0.24994
891 0.25039
892 0.25077
893 0.25078
894 0.25096
895 0.25123
896 0.25165
897 0.25183
898 0.25216
899 0.25247
900 0.25284
901 0.25294
902 0.25301
903 0.25334
904 0.25366
905 0.25379
906 0.254
907 0.25424
908 0.25451
909 0.25478
910 0.2551
911 0.25541
912 0.25593
913 0.25618
914 0.25641
915 0.25645
916 0.25702
917 0.25721
918 0.25767
919 0.25805
920 0.25841
921 0.25864
922 0.25921
923 0.25943
924 0.25964
925 0.25981
926 0.26037
927 0.26056
928 0.26077
929 0.26102
930 0.26141
931 0.26183
932 0.26234
933 0.26246
934 0.26267
935 0.26314
936 0.26348
937 0.26392
938 0.26421
939 0.2645
940 0.26462
941 0.26484
942 0.26531
943 0.26569
944 0.26595
945 0.26646
946 0.26674
947 0.26694
948 0.26726
949 0.26765
950 0.26832
951 0.2685
952 0.26865
953 0.26872
954 0.26903
955 0.26925
956 0.2694
957 0.26949
958 0.26996
959 0.27026
960 0.27037
961 0.27069
962 0.27096
963 0.27124
964 0.27172
965 0.27182
966 0.27206
967 0.27244
968 0.27266
969 0.27295
970 0.27315
971 0.27333
972 0.27384
973 0.27426
974 0.2745
975 0.27477
976 0.27482
977 0.27525
978 0.27571
979 0.27621
980 0.27656
981 0.27666
982 0.27673
983 0.27706
984 0.27711
985 0.27729
986 0.27759
987 0.27781
988 0.27826
989 0.27848
990 0.27868
991 0.27888
992 0.27916
993 0.27943
994 0.27995
995 0.28001
996 0.28033
997 0.28075
998 0.28102
999 0.28122
1000 0.28128
1001 0.2818
1002 0.28206
1003 0.28241
1004 0.28269
1005 0.2828
1006 0.28327
1007 0.28348
1008 0.28354
1009 0.28416
1010 0.28444
1011 0.28498
1012 0.28523
1013 0.28556
1014 0.28574
1015 0.28621
1016 0.28635
1017 0.28648
1018 0.28677
1019 0.28688
1020 0.28696
1021 0.28719
1022 0.28774
1023 0.28817
1024 0.28832
1025 0.28871
1026 0.28894
1027 0.28916
1028 0.28946
1029 0.28963
1030 0.29001
1031 0.29017
1032 0.29054
1033 0.29102
1034 0.29107
1035 0.2913
1036 0.29176
1037 0.29199
1038 0.29226
1039 0.29242
1040 0.29264
1041 0.29273
1042 0.29321
1043 0.29341
1044 0.29393
1045 0.29437
1046 0.29497
1047 0.29522
1048 0.29546
1049 0.29567
1050 0.29576
1051 0.29602
1052 0.29609
1053 0.29644
1054 0.29665
1055 0.29705
1056 0.29723
1057 0.29759
1058 0.29775
1059 0.29838
1060 0.29875
1061 0.29893
1062 0.29921
1063 0.29988
1064 0.30034
1065 0.30086
1066 0.30117
1067 0.30125
1068 0.3019
1069 0.30213
1070 0.30244
1071 0.30267
1072 0.30301
1073 0.30333
1074 0.30375
1075 0.30402
1076 0.30466
1077 0.30476
1078 0.30491
1079 0.30508
1080 0.30518
1081 0.30527
1082 0.30547
1083 0.30571
1084 0.30613
1085 0.30641
1086 0.30691
1087 0.30713
1088 0.30734
1089 0.30751
1090 0.30778
1091 0.30785
1092 0.30852
1093 0.3086
1094 0.30932
1095 0.30968
1096 0.30971
1097 0.30976
1098 0.31003
1099 0.31012
1100 0.31041
1101 0.31055
1102 0.31084
1103 0.31111
1104 0.3116
1105 0.31166
1106 0.31185
1107 0.31205
1108 0.31221
1109 0.31257
1110 0.31281
1111 0.31292
1112 0.31309
1113 0.31312
1114 0.31368
1115 0.31384
1116 0.31409
1117 0.3145
1118 0.31467
1119 0.31501
1120 0.31527
1121 0.31572
1122 0.31574
1123 0.3163
1124 0.31645
1125 0.31699
1126 0.31736
1127 0.31776
1128 0.31792
1129 0.31801
1130 0.31853
1131 0.3188
1132 0.31906
1133 0.3192
1134 0.31924
1135 0.31952
1136 0.31989
1137 0.32018
1138 0.3205
1139 0.32065
1140 0.32091
1141 0.32122
1142 0.32136
1143 0.32159
1144 0.32166
1145 0.32175
1146 0.32201
1147 0.32234
1148 0.32258
1149 0.32308
1150 0.32328
1151 0.32365
1152 0.32391
1153 0.32425
1154 0.32469
1155 0.32475
1156 0.32531
1157 0.3255
1158 0.32561
1159 0.32576
1160 0.32598
1161 0.32626
1162 0.32647
1163 0.32662
1164 0.32671
1165 0.32694
1166 0.3273
1167 0.32775
1168 0.32823
1169 0.32837
1170 0.32859
1171 0.32895
1172 0.32904
1173 0.32917
1174 0.32954
1175 0.3297
1176 0.32998
1177 0.33015
1178 0.33038
1179 0.33069
1180 0.33082
1181 0.33115
1182 0.33138
1183 0.33145
1184 0.33197
1185 0.33219
1186 0.33276
1187 0.33303
1188 0.33357
1189 0.33376
1190 0.33394
1191 0.33456
1192 0.33468
1193 0.33494
1194 0.33531
1195 0.33557
1196 0.33576
1197 0.33588
1198 0.3361
1199 0.33639
1200 0.3365
1201 0.33668
1202 0.33681
1203 0.33711
1204 0.33733
1205 0.33764
1206 0.33783
1207 0.33796
1208 0.33825
1209 0.33869
1210 0.33881
1211 0.33885
1212 0.33929
1213 0.33952
1214 0.33974
1215 0.33991
1216 0.34044
1217 0.34078
1218 0.34131
1219 0.34134
1220 0.34147
1221 0.34191
1222 0.34204
1223 0.3423
1224 0.34268
1225 0.34286
1226 0.34349
1227 0.34368
1228 0.34373
1229 0.34376
1230 0.34381
1231 0.34398
1232 0.34465
1233 0.34519
1234 0.34566
1235 0.34592
1236 0.34604
1237 0.34655
1238 0.34672
1239 0.34703
1240 0.34715
1241 0.34769
1242 0.34783
1243 0.34812
1244 0.3482
1245 0.34841
1246 0.34852
1247 0.34896
1248 0.34927
1249 0.34941
1250 0.34975
1251 0.35004
1252 0.35028
1253 0.35052
1254 0.35058
1255 0.35075
1256 0.35111
1257 0.3513
1258 0.35152
1259 0.35173
1260 0.35223
1261 0.35251
1262 0.35271
1263 0.35286
1264 0.35306
1265 0.35334
1266 0.35358
1267 0.3539
1268 0.3541
1269 0.35444
1270 0.3549
1271 0.35525
1272 0.35562
1273 0.35597
1274 0.35612
1275 0.35639
1276 0.35648
1277 0.35691
1278 0.35733
1279 0.35748
1280 0.35784
1281 0.35821
1282 0.35846
1283 0.35863
1284 0.35872
1285 0.35906
1286 0.35932
1287 0.35988
1288 0.36007
1289 0.36057
1290 0.36107
1291 0.3614
1292 0.36193
1293 0.36211
1294 0.36257
1295 0.36301
1296 0.36308
1297 0.36373
1298 0.36425
1299 0.36437
1300 0.36481
1301 0.36531
1302 0.36543
1303 0.36553
1304 0.36565
1305 0.36576
1306 0.36631
1307 0.36668
1308 0.36725
1309 0.3674
1310 0.36771
1311 0.36777
1312 0.36799
1313 0.36827
1314 0.36833
1315 0.36852
1316 0.36866
1317 0.36908
1318 0.36961
1319 0.37002
1320 0.37009
1321 0.37033
1322 0.3708
1323 0.37117
1324 0.37137
1325 0.37172
1326 0.37191
1327 0.37198
1328 0.37243
1329 0.3727
1330 0.37281
1331 0.3732
1332 0.37359
1333 0.37386
1334 0.37439
1335 0.37489
1336 0.3757
1337 0.37593
1338 0.37666
1339 0.37681
1340 0.37688
1341 0.37708
1342 0.37736
1343 0.37754
1344 0.3778
1345 0.37811
1346 0.37856
1347 0.37896
1348 0.37905
1349 0.37955
1350 0.37984
1351 0.38039
1352 0.38064
1353 0.38104
1354 0.38133
1355 0.38145
1356 0.38204
1357 0.38217
1358 0.38237
1359 0.38286
1360 0.38308
1361 0.38328
1362 0.38347
1363 0.38388
1364 0.38412
1365 0.38423
1366 0.38432
1367 0.38513
1368 0.3853
1369 0.38559
1370 0.38566
1371 0.38594
1372 0.38632
1373 0.38649
1374 0.38679
1375 0.38683
1376 0.38736
1377 0.38755
1378 0.38793
1379 0.38812
1380 0.38831
1381 0.38854
1382 0.38894
1383 0.3891
1384 0.38917
1385 0.38939
1386 0.3896
1387 0.38973
1388 0.3901
1389 0.3902
1390 0.3903
1391 0.39063
1392 0.39072
1393 0.39096
1394 0.39125
1395 0.3915
1396 0.39185
1397 0.39197
1398 0.39228
1399 0.39247
1400 0.39298
1401 0.39326
1402 0.39353
1403 0.39375
1404 0.39401
1405 0.39442
1406 0.39464
1407 0.39502
1408 0.39527
1409 0.39528
1410 0.39534
1411 0.39578
1412 0.39619
1413 0.39638
1414 0.39654
1415 0.39686
1416 0.39713
1417 0.39758
1418 0.39763
1419 0.398
1420 0.3983
1421 0.39873
1422 0.39916
1423 0.39991
1424 0.40078
1425 0.40103
1426 0.40159
1427 0.40185
1428 0.40202
1429 0.40278
1430 0.40304
1431 0.4032
1432 0.40363
1433 0.40391
1434 0.40401
1435 0.40438
1436 0.40455
1437 0.40521
1438 0.40567
1439 0.40614
1440 0.40628
1441 0.40645
1442 0.40682
1443 0.40692
1444 0.40712
1445 0.40768
1446 0.40796
1447 0.40808
1448 0.40839
1449 0.40891
1450 0.40908
1451 0.40928
1452 0.40956
1453 0.41012
1454 0.41027
1455 0.41054
1456 0.41082
1457 0.41089
1458 0.41111
1459 0.41129
1460 0.41164
1461 0.41214
1462 0.41239
1463 0.41266
1464 0.4133
1465 0.41371
1466 0.41387
1467 0.41428
1468 0.41466
1469 0.41478
1470 0.41489
1471 0.41518
1472 0.41546
1473 0.41579
1474 0.4161
1475 0.41619
1476 0.4168
1477 0.41716
1478 0.41731
1479 0.41765
1480 0.41781
1481 0.41797
1482 0.41824
1483 0.4184
1484 0.41843
1485 0.41866
1486 0.41908
1487 0.4192
1488 0.41938
1489 0.41958
1490 0.42003
1491 0.42043
1492 0.42077
1493 0.42082
1494 0.42111
1495 0.42129
1496 0.42165
1497 0.42216
1498 0.42242
1499 0.42279
1500 0.42293
1501 0.42314
1502 0.42329
1503 0.42353
1504 0.42393
1505 0.42436
1506 0.42451
1507 0.42478
1508 0.42492
1509 0.42499
1510 0.42522
1511 0.42547
1512 0.42563
1513 0.42571
1514 0.42582
1515 0.42638
1516 0.42675
1517 0.42719
1518 0.42737
1519 0.42778
1520 0.42785
1521 0.42821
1522 0.42838
1523 0.42857
1524 0.42876
1525 0.42889
1526 0.42925
1527 0.42952
1528 0.42968
1529 0.43022
1530 0.43052
1531 0.43099
1532 0.43126
1533 0.43167
1534 0.43198
1535 0.43277
1536 0.43303
1537 0.43359
1538 0.43381
1539 0.4345
1540 0.43474
1541 0.43508
1542 0.43526
1543 0.43571
1544 0.43621
1545 0.43657
1546 0.43669
1547 0.43742
1548 0.43756
1549 0.43805
1550 0.43813
1551 0.43835
1552 0.4388
1553 0.43901
1554 0.43927
1555 0.4394
1556 0.43954
1557 0.43995
1558 0.44059
1559 0.44065
1560 0.441
1561 0.44138
1562 0.44156
1563 0.44191
1564 0.44211
1565 0.44219
1566 0.44254
1567 0.44269
1568 0.44319
1569 0.44344
1570 0.4437
1571 0.4439
1572 0.4444
1573 0.44455
1574 0.44504
1575 0.4456
1576 0.44576
1577 0.44591
1578 0.44636
1579 0.44647
1580 0.44668
1581 0.44681
1582 0.44729
1583 0.44758
1584 0.44779
1585 0.44787
1586 0.44828
1587 0.44874
1588 0.44908
1589 0.44924
1590 0.44969
1591 0.44997
1592 0.45013
1593 0.45029
1594 0.45042
1595 0.45056
1596 0.45087
1597 0.45157
1598 0.4519
1599 0.45212
1600 0.45232
1601 0.45286
1602 0.45316
1603 0.45327
1604 0.45391
1605 0.45423
1606 0.45444
1607 0.45473
1608 0.45495
1609 0.45528
1610 0.45537
1611 0.45576
1612 0.45591
1613 0.45615
1614 0.45659
1615 0.45724
1616 0.45771
1617 0.458
1618 0.45836
1619 0.45891
1620 0.45898
1621 0.45978
1622 0.45981
1623 0.46005
1624 0.4604
1625 0.46072
1626 0.46104
1627 0.46126
1628 0.46144
1629 0.46164
1630 0.46196
1631 0.46199
1632 0.46209
1633 0.46221
1634 0.46292
1635 0.46336
1636 0.46361
1637 0.46415
1638 0.4644
1639 0.4645
1640 0.46463
1641 0.46481
1642 0.46534
1643 0.46548
1644 0.46567
1645 0.46589
1646 0.46602
1647 0.46631
1648 0.46645
1649 0.46688
1650 0.46693
1651 0.4671
1652 0.4672
1653 0.46747
1654 0.46807
1655 0.46843
1656 0.46852
1657 0.46916
1658 0.46932
1659 0.46935
1660 0.4695
1661 0.47003
1662 0.47055
1663 0.47124
1664 0.4715
1665 0.47175
1666 0.47207
1667 0.4722
1668 0.47276
1669 0.47292
1670 0.47354
1671 0.47374
1672 0.47383
1673 0.47409
1674 0.47456
1675 0.47479
1676 0.47496
1677 0.47571
1678 0.47628
1679 0.47659
1680 0.47697
1681 0.47732
1682 0.47775
1683 0.47801
1684 0.47819
1685 0.47828
1686 0.47849
1687 0.47864
1688 0.47871
1689 0.47913
1690 0.47958
1691 0.47998
1692 0.48039
1693 0.48087
1694 0.48123
1695 0.48124
1696 0.4814
1697 0.48171
1698 0.48193
1699 0.48203
1700 0.4823
1701 0.48288
1702 0.48333
1703 0.48383
1704 0.48424
1705 0.48472
1706 0.48501
1707 0.48541
1708 0.48586
1709 0.48614
1710 0.48628
1711 0.48645
1712 0.48676
1713 0.48696
1714 0.48726
1715 0.48764
1716 0.48796
1717 0.48816
1718 0.48928
1719 0.48948
1720 0.48973
1721 0.49001
1722 0.49045
1723 0.49064
1724 0.49098
1725 0.49153
1726 0.49198
1727 0.49202
1728 0.49258
1729 0.49266
1730 0.49329
1731 0.49356
1732 0.49365
1733 0.49391
1734 0.49408
1735 0.49462
1736 0.49494
1737 0.49516
1738 0.49536
1739 0.4956
1740 0.49586
1741 0.49629
1742 0.49667
1743 0.49702
1744 0.49726
1745 0.49758
1746 0.49796
1747 0.49816
1748 0.49824
1749 0.49868
1750 0.49926
1751 0.49957
1752 0.49971
1753 0.49996
1754 0.50031
1755 0.50034
1756 0.50122
1757 0.50159
1758 0.50174
1759 0.50216
1760 0.50256
1761 0.50295
1762 0.50319
1763 0.50338
1764 0.50379
1765 0.5039
1766 0.50438
1767 0.50488
1768 0.50511
1769 0.50545
1770 0.50584
1771 0.50604
1772 0.50636
1773 0.50647
1774 0.50659
1775 0.50688
1776 0.50694
1777 0.50712
1778 0.50736
1779 0.50756
1780 0.50776
1781 0.50843
1782 0.50862
1783 0.50881
1784 0.50895
1785 0.50924
1786 0.50953
1787 0.50994
1788 0.51012
1789 0.51075
1790 0.51092
1791 0.5113
1792 0.51143
1793 0.51168
1794 0.51222
1795 0.51255
1796 0.51285
1797 0.5134
1798 0.51354
1799 0.51371
1800 0.51404
1801 0.51426
1802 0.5148
1803 0.51534
1804 0.5158
1805 0.51613
1806 0.51643
1807 0.51691
1808 0.51718
1809 0.51729
1810 0.51765
1811 0.51795
1812 0.51833
1813 0.51849
1814 0.51879
1815 0.51896
1816 0.51908
1817 0.51912
1818 0.51928
1819 0.51966
1820 0.52017
1821 0.52032
1822 0.5207
1823 0.52094
1824 0.52121
1825 0.52141
1826 0.52153
1827 0.52172
1828 0.52181
1829 0.52241
1830 0.52273
1831 0.52282
1832 0.52309
1833 0.52354
1834 0.52413
1835 0.52417
1836 0.52425
1837 0.52457
1838 0.52458
1839 0.52488
1840 0.52494
1841 0.52503
1842 0.52537
1843 0.52565
1844 0.52613
1845 0.52629
1846 0.52654
1847 0.52714
1848 0.52747
1849 0.52759
1850 0.52769
1851 0.5279
1852 0.52838
1853 0.52891
1854 0.5294
1855 0.52956
1856 0.52973
1857 0.52985
1858 0.53015
1859 0.5303
1860 0.53051
1861 0.53055
1862 0.53062
1863 0.53087
1864 0.53098
1865 0.53118
1866 0.53129
1867 0.5318
1868 0.53222
1869 0.53254
1870 0.53285
1871 0.53325
1872 0.53372
1873 0.53393
1874 0.53423
1875 0.53483
1876 0.53493
1877 0.5354
1878 0.5355
1879 0.53614
1880 0.53657
1881 0.537
1882 0.53722
1883 0.53752
1884 0.5377
1885 0.53812
1886 0.53851
1887 0.53854
1888 0.53874
1889 0.53887
1890 0.53915
1891 0.53933
1892 0.53952
1893 0.53984
1894 0.54047
1895 0.5408
1896 0.54125
1897 0.542
1898 0.54226
1899 0.54237
1900 0.54271
1901 0.54305
1902 0.54322
1903 0.54374
1904 0.54399
1905 0.54419
1906 0.5446
1907 0.54484
1908 0.54515
1909 0.54542
1910 0.5459
1911 0.54608
1912 0.54629
1913 0.54659
1914 0.54694
1915 0.54734
1916 0.54761
1917 0.54778
1918 0.54795
1919 0.54809
1920 0.5482
1921 0.54829
1922 0.54873
1923 0.54901
1924 0.5493
1925 0.54977
1926 0.55028
1927 0.55049
1928 0.55075
1929 0.55092
1930 0.5511
1931 0.5513
1932 0.5517
1933 0.55174
1934 0.55195
1935 0.55219
1936 0.5525
1937 0.55261
1938 0.55284
1939 0.55327
1940 0.55342
1941 0.55365
1942 0.55379
1943 0.5541
1944 0.55423
1945 0.5544
1946 0.55458
1947 0.55497
1948 0.55575
1949 0.55591
1950 0.55617
1951 0.5564
1952 0.55691
1953 0.55711
1954 0.55746
1955 0.55754
1956 0.55776
1957 0.55802
1958 0.55818
1959 0.55851
1960 0.5591
1961 0.55929
1962 0.55981
1963 0.55992
1964 0.55993
1965 0.56024
1966 0.56041
1967 0.56051
1968 0.56062
1969 0.56085
1970 0.56124
1971 0.56132
1972 0.56144
1973 0.56152
1974 0.56186
1975 0.56214
1976 0.56237
1977 0.56267
1978 0.56325
1979 0.56344
1980 0.56381
1981 0.5639
1982 0.56428
1983 0.56496
1984 0.56513
1985 0.56528
1986 0.56545
1987 0.56573
1988 0.56596
1989 0.56613
1990 0.56636
1991 0.56656
1992 0.56673
1993 0.56696
1994 0.56752
1995 0.56807
1996 0.56823
1997 0.56827
1998 0.56844
1999 0.56874
2000 0.56938
2001 0.56978
2002 0.56982
2003 0.57015
2004 0.57038
2005 0.57053
2006 0.57087
2007 0.57096
2008 0.57128
2009 0.57148
2010 0.57166
2011 0.57185
2012 0.57196
2013 0.57249
2014 0.57279
2015 0.57318
2016 0.57333
2017 0.57354
2018 0.57417
2019 0.57451
2020 0.57466
2021 0.57476
2022 0.57515
2023 0.57526
2024 0.57552
2025 0.57572
2026 0.5758
2027 0.57603
2028 0.57614
2029 0.57627
2030 0.57633
2031 0.57644
2032 0.57678
2033 0.57724
2034 0.57745
2035 0.57757
2036 0.5777
2037 0.57795
2038 0.57812
2039 0.57834
2040 0.5788
2041 0.57903
2042 0.57936
2043 0.57963
2044 0.57994
2045 0.58033
2046 0.58056
2047 0.58059
2048 0.58093
2049 0.58108
2050 0.58111
2051 0.58152
2052 0.58184
2053 0.58225
2054 0.58255
2055 0.58278
2056 0.58303
2057 0.5832
2058 0.58351
2059 0.58367
2060 0.58425
2061 0.58457
2062 0.58508
2063 0.5857
2064 0.58617
2065 0.58672
2066 0.58706
2067 0.58777
2068 0.58813
2069 0.58841
2070 0.58896
2071 0.58952
2072 0.59018
2073 0.59057
2074 0.59065
2075 0.59086
2076 0.59105
2077 0.59133
2078 0.59147
2079 0.59178
2080 0.59195
2081 0.59272
2082 0.59297
2083 0.59342
2084 0.59355
2085 0.59375
2086 0.59402
2087 0.5941
2088 0.59466
2089 0.59523
2090 0.59563
2091 0.59612
2092 0.59639
2093 0.59648
2094 0.5971
2095 0.59749
2096 0.59784
2097 0.59823
2098 0.59875
2099 0.59886
2100 0.59898
2101 0.59934
2102 0.59945
2103 0.59962
2104 0.59995
2105 0.60015
2106 0.60021
2107 0.60027
2108 0.6005
2109 0.6008
2110 0.60105
2111 0.60127
2112 0.60155
2113 0.60168
2114 0.60212
2115 0.60284
2116 0.60312
2117 0.60341
2118 0.60363
2119 0.60378
2120 0.60405
2121 0.60448
2122 0.60477
2123 0.60518
2124 0.6053
2125 0.60536
2126 0.60552
2127 0.60564
2128 0.60594
2129 0.60596
2130 0.60623
2131 0.60628
2132 0.60649
2133 0.6066
2134 0.60682
2135 0.60735
2136 0.60754
2137 0.60767
2138 0.60816
2139 0.60819
2140 0.60853
2141 0.60873
2142 0.60897
2143 0.6093
2144 0.60989
2145 0.61054
2146 0.61105
2147 0.61109
2148 0.6114
2149 0.61153
2150 0.6121
2151 0.61298
2152 0.61308
2153 0.61369
2154 0.61409
2155 0.61447
2156 0.61472
2157 0.61481
2158 0.61514
2159 0.61587
2160 0.616
2161 0.61621
2162 0.61649
2163 0.61659
2164 0.61672
2165 0.61704
2166 0.61771
2167 0.6178
2168 0.61814
2169 0.61821
2170 0.6183
2171 0.61854
2172 0.61907
2173 0.6193
2174 0.61969
2175 0.6199
2176 0.62058
2177 0.62074
2178 0.62097
2179 0.62155
2180 0.62182
2181 0.62204
2182 0.62212
2183 0.62251
2184 0.62279
2185 0.6231
2186 0.62354
2187 0.6241
2188 0.62444
2189 0.62465
2190 0.62508
2191 0.62542
2192 0.62545
2193 0.62572
2194 0.62618
2195 0.62662
2196 0.62691
2197 0.62711
2198 0.62721
2199 0.62745
2200 0.62779
2201 0.62835
2202 0.62862
2203 0.62898
2204 0.62925
2205 0.62982
2206 0.63024
2207 0.63056
2208 0.63081
2209 0.63098
2210 0.63137
2211 0.6317
2212 0.63207
2213 0.63251
2214 0.63301
2215 0.63331
2216 0.63364
2217 0.63421
2218 0.63438
2219 0.63443
2220 0.63469
2221 0.63496
2222 0.63519
2223 0.63559
2224 0.63567
2225 0.63596
2226 0.63631
2227 0.63658
2228 0.63709
2229 0.63719
2230 0.63763
2231 0.63795
2232 0.63812
2233 0.63858
2234 0.63875
2235 0.63914
2236 0.6392
2237 0.63937
2238 0.63955
2239 0.63972
2240 0.63988
2241 0.64001
2242 0.64021
2243 0.64045
2244 0.64079
2245 0.64134
2246 0.64151
2247 0.6416
2248 0.64173
2249 0.64184
2250 0.64196
2251 0.642
2252 0.64233
2253 0.64245
2254 0.64248
2255 0.64281
2256 0.64297
2257 0.64305
2258 0.64316
2259 0.64339
2260 0.64376
2261 0.64443
2262 0.64475
2263 0.64492
2264 0.64523
2265 0.64541
2266 0.64556
2267 0.64603
2268 0.64613
2269 0.64669
2270 0.64691
2271 0.64746
2272 0.64784
2273 0.64798
2274 0.64818
2275 0.64834
2276 0.64874
2277 0.64884
2278 0.64922
2279 0.64935
2280 0.64964
2281 0.65007
2282 0.65037
2283 0.65042
2284 0.65081
2285 0.65113
2286 0.65166
2287 0.65175
2288 0.65203
2289 0.65227
2290 0.6525
2291 0.65262
2292 0.65265
2293 0.65288
2294 0.65322
2295 0.65343
2296 0.65385
2297 0.6539
2298 0.65392
2299 0.65451
2300 0.65481
2301 0.65485
2302 0.65487
2303 0.65518
2304 0.65542
2305 0.65571
2306 0.65585
2307 0.65616
2308 0.65622
2309 0.65635
2310 0.65656
2311 0.65691
2312 0.65749
2313 0.65787
2314 0.65791
2315 0.65812
2316 0.65842
2317 0.6588
2318 0.65929
2319 0.65953
2320 0.65966
2321 0.65993
2322 0.6603
2323 0.66075
2324 0.66094
2325 0.66153
2326 0.66187
2327 0.66207
2328 0.66224
2329 0.66283
2330 0.66305
2331 0.6635
2332 0.66388
2333 0.66458
2334 0.66488
2335 0.665
2336 0.66538
2337 0.6655
2338 0.66568
2339 0.66576
2340 0.66616
2341 0.66627
2342 0.66642
2343 0.66686
2344 0.66704
2345 0.66708
2346 0.6672
2347 0.66738
2348 0.66746
2349 0.66803
2350 0.66827
2351 0.66877
2352 0.66915
2353 0.66945
2354 0.66972
2355 0.6699
2356 0.67043
2357 0.67053
2358 0.67098
2359 0.67119
2360 0.67161
2361 0.6718
2362 0.67203
2363 0.67248
2364 0.67285
2365 0.67337
2366 0.67355
2367 0.67368
2368 0.67399
2369 0.6741
2370 0.67497
2371 0.67538
2372 0.67585
2373 0.67596
2374 0.67608
2375 0.6765
2376 0.67691
2377 0.67706
2378 0.67743
2379 0.67782
2380 0.67817
2381 0.67881
2382 0.679
2383 0.67937
2384 0.67954
2385 0.6796
2386 0.68014
2387 0.68059
2388 0.68063
2389 0.68104
2390 0.68113
2391 0.68161
2392 0.68215
2393 0.68267
2394 0.68329
2395 0.68379
2396 0.68414
2397 0.68437
2398 0.68455
2399 0.6849
2400 0.68492
2401 0.68503
2402 0.6855
2403 0.68575
2404 0.68609
2405 0.68619
2406 0.68644
2407 0.6869
2408 0.68696
2409 0.6871
2410 0.68755
2411 0.68788
2412 0.6885
2413 0.68876
2414 0.68917
2415 0.68933
2416 0.68953
2417 0.68964
2418 0.68989
2419 0.69001
2420 0.69002
2421 0.69055
2422 0.69061
2423 0.69096
2424 0.69151
2425 0.69183
2426 0.69196
2427 0.6924
2428 0.69253
2429 0.69255
2430 0.69274
2431 0.69294
2432 0.6933
2433 0.69355
2434 0.6937
2435 0.69396
2436 0.69444
2437 0.69478
2438 0.69536
2439 0.6956
2440 0.69601
2441 0.69638
2442 0.69663
2443 0.697
2444 0.6973
2445 0.69742
2446 0.69771
2447 0.69821
2448 0.69832
2449 0.69836
2450 0.69867
2451 0.6989
2452 0.69915
2453 0.69932
2454 0.69949
2455 0.69995
2456 0.70016
2457 0.70022
2458 0.70049
2459 0.70062
2460 0.70092
2461 0.70095
2462 0.7012
2463 0.70154
2464 0.70182
2465 0.70223
2466 0.70225
2467 0.70255
2468 0.70274
2469 0.70299
2470 0.70312
2471 0.70329
2472 0.70342
2473 0.70383
2474 0.70418
2475 0.70433
2476 0.70438
2477 0.70451
2478 0.7047
2479 0.70497
2480 0.70519
2481 0.70591
2482 0.706
2483 0.70603
2484 0.70648
2485 0.7066
2486 0.7071
2487 0.70719
2488 0.7074
2489 0.70754
2490 0.70762
2491 0.70776
2492 0.70794
2493 0.70842
2494 0.70866
2495 0.70908
2496 0.70946
2497 0.70981
2498 0.71005
2499 0.71017
2500 0.71049
2501 0.71076
2502 0.71086
2503 0.71108
2504 0.71144
2505 0.71172
2506 0.71201
2507 0.71236
2508 0.71256
2509 0.7128
2510 0.71285
2511 0.71299
2512 0.71333
2513 0.71356
2514 0.71372
2515 0.71404
2516 0.71423
2517 0.71432
2518 0.71477
2519 0.7151
2520 0.71552
2521 0.71562
2522 0.71576
2523 0.71616
2524 0.7164
2525 0.7169
2526 0.71763
2527 0.71778
2528 0.71812
2529 0.71849
2530 0.71867
2531 0.71932
2532 0.71966
2533 0.72006
2534 0.72012
2535 0.72061
2536 0.72065
2537 0.72094
2538 0.72125
2539 0.72157
2540 0.72199
2541 0.7222
2542 0.72281
2543 0.72306
2544 0.72331
2545 0.72353
2546 0.72363
2547 0.72379
2548 0.72463
2549 0.72494
2550 0.7252
2551 0.72537
2552 0.72572
2553 0.72632
2554 0.72646
2555 0.72658
2556 0.72681
2557 0.72712
2558 0.72728
2559 0.7275
2560 0.72797
2561 0.72821
2562 0.72868
2563 0.72915
2564 0.7294
2565 0.72988
2566 0.73015
2567 0.73036
2568 0.73046
2569 0.73075
2570 0.73108
2571 0.73165
2572 0.73182
2573 0.73201
2574 0.73227
2575 0.73281
2576 0.73305
2577 0.73329
2578 0.73364
2579 0.73386
2580 0.73417
2581 0.73437
2582 0.73463
2583 0.73496
2584 0.73554
2585 0.73568
2586 0.73577
2587 0.736
2588 0.73659
2589 0.73692
2590 0.73728
2591 0.73749
2592 0.73789
2593 0.73803
2594 0.73818
2595 0.73838
2596 0.7386
2597 0.73902
2598 0.73953
2599 0.73958
2600 0.73965
2601 0.73969
2602 0.74007
2603 0.7404
2604 0.7407
2605 0.741
2606 0.74113
2607 0.74166
2608 0.74221
2609 0.74253
2610 0.74258
2611 0.74273
2612 0.74322
2613 0.74365
2614 0.74417
2615 0.74422
2616 0.74452
2617 0.74487
2618 0.74505
2619 0.74543
2620 0.74556
2621 0.74572
2622 0.74581
2623 0.74607
2624 0.74623
2625 0.74633
2626 0.74659
2627 0.74676
2628 0.74714
2629 0.74766
2630 0.7479
2631 0.74821
2632 0.74866
2633 0.74887
2634 0.74907
2635 0.74978
2636 0.75065
2637 0.75121
2638 0.75152
2639 0.75185
2640 0.75187
2641 0.75208
2642 0.75288
2643 0.75351
2644 0.75384
2645 0.75401
2646 0.75411
2647 0.75445
2648 0.75457
2649 0.75495
2650 0.75518
2651 0.75541
2652 0.75578
2653 0.75589
2654 0.75607
2655 0.75649
2656 0.75676
2657 0.75693
2658 0.75716
2659 0.75764
2660 0.75778
2661 0.75794
2662 0.7581
2663 0.75821
2664 0.75852
2665 0.75866
2666 0.75885
2667 0.75904
2668 0.7594
2669 0.7596
2670 0.75982
2671 0.76015
2672 0.76021
2673 0.7604
2674 0.76062
2675 0.76106
2676 0.76132
2677 0.76142
2678 0.76168
2679 0.76185
2680 0.7619
2681 0.76224
2682 0.76257
2683 0.76263
2684 0.76279
2685 0.7631
2686 0.76327
2687 0.76359
2688 0.76385
2689 0.76426
2690 0.7645
2691 0.76462
2692 0.76483
2693 0.76503
2694 0.76522
2695 0.76529
2696 0.76535
2697 0.76549
2698 0.76606
2699 0.76622
2700 0.76631
2701 0.76661
2702 0.76717
2703 0.76747
2704 0.76752
2705 0.76781
2706 0.76866
2707 0.76916
2708 0.76942
2709 0.77002
2710 0.77025
2711 0.77059
2712 0.77088
2713 0.77136
2714 0.77162
2715 0.77193
2716 0.77224
2717 0.77254
2718 0.77278
2719 0.77329
2720 0.77343
2721 0.77371
2722 0.77393
2723 0.77415
2724 0.77443
2725 0.77473
2726 0.77504
2727 0.77548
2728 0.77566
2729 0.77584
2730 0.77604
2731 0.77614
2732 0.77661
2733 0.77672
2734 0.77681
2735 0.77709
2736 0.77724
2737 0.77763
2738 0.77779
2739 0.77803
2740 0.77873
2741 0.77925
2742 0.77952
2743 0.78007
2744 0.78015
2745 0.78079
2746 0.78122
2747 0.78131
2748 0.78151
2749 0.7819
2750 0.7821
2751 0.78251
2752 0.78277
2753 0.78292
2754 0.783
2755 0.78315
2756 0.78357
2757 0.78377
2758 0.78393
2759 0.78411
2760 0.78426
2761 0.78462
2762 0.7849
2763 0.78511
2764 0.78538
2765 0.78544
2766 0.78548
2767 0.7857
2768 0.78583
2769 0.78597
2770 0.78606
2771 0.78614
2772 0.78685
2773 0.7874
2774 0.78758
2775 0.78777
2776 0.78821
2777 0.78857
2778 0.78884
2779 0.78916
2780 0.78939
2781 0.7897
2782 0.78988
2783 0.79019
2784 0.79074
2785 0.79123
2786 0.79165
2787 0.79183
2788 0.79191
2789 0.79214
2790 0.79232
2791 0.79254
2792 0.79317
2793 0.7939
2794 0.79408
2795 0.79427
2796 0.79452
2797 0.79487
2798 0.79515
2799 0.79537
2800 0.79549
2801 0.79578
2802 0.79605
2803 0.79653
2804 0.79706
2805 0.7973
2806 0.79753
2807 0.79776
2808 0.79814
2809 0.79829
2810 0.79844
2811 0.79916
2812 0.79944
2813 0.79953
2814 0.79975
2815 0.80066
2816 0.80137
2817 0.80197
2818 0.80206
2819 0.80221
2820 0.80237
2821 0.80251
2822 0.80292
2823 0.80317
2824 0.80344
2825 0.80361
2826 0.80407
2827 0.80426
2828 0.80456
2829 0.8046
2830 0.80477
2831 0.80486
2832 0.80519
2833 0.80548
2834 0.80586
2835 0.8062
2836 0.80654
2837 0.80679
2838 0.80687
2839 0.8071
2840 0.80751
2841 0.80777
2842 0.80814
2843 0.80845
2844 0.80872
2845 0.80909
2846 0.80939
2847 0.80974
2848 0.81008
2849 0.81052
2850 0.81073
2851 0.81095
2852 0.8113
2853 0.81139
2854 0.81187
2855 0.81196
2856 0.81221
2857 0.81245
2858 0.81288
2859 0.81312
2860 0.81327
2861 0.81337
2862 0.81373
2863 0.81386
2864 0.81412
2865 0.81463
2866 0.81508
2867 0.81537
2868 0.81547
2869 0.8155
2870 0.81568
2871 0.81582
2872 0.81595
2873 0.8163
2874 0.81649
2875 0.81664
2876 0.81691
2877 0.81734
2878 0.81759
2879 0.81775
2880 0.81813
2881 0.81871
2882 0.81907
2883 0.81931
2884 0.81953
2885 0.81981
2886 0.82013
2887 0.82036
2888 0.82072
2889 0.82085
2890 0.82112
2891 0.82113
2892 0.82138
2893 0.82187
2894 0.82231
2895 0.82252
2896 0.82292
2897 0.82306
2898 0.8233
2899 0.82341
2900 0.82392
2901 0.82412
2902 0.82418
2903 0.82446
2904 0.82477
2905 0.82516
2906 0.82523
2907 0.82534
2908 0.82572
2909 0.82599
2910 0.82648
2911 0.82662
2912 0.82682
2913 0.82697
2914 0.82706
2915 0.82725
2916 0.82767
2917 0.82816
2918 0.82855
2919 0.8288
2920 0.82886
2921 0.82915
2922 0.82941
2923 0.82956
2924 0.8298
2925 0.83006
2926 0.83058
2927 0.83089
2928 0.83119
2929 0.83147
2930 0.83168
2931 0.83179
2932 0.83206
2933 0.83241
2934 0.83253
2935 0.83264
2936 0.83272
2937 0.8329
2938 0.83357
2939 0.83387
2940 0.83395
2941 0.83397
2942 0.83443
2943 0.83458
2944 0.83492
2945 0.83513
2946 0.83572
2947 0.83592
2948 0.83648
2949 0.8365
2950 0.8368
2951 0.83723
2952 0.83757
2953 0.83773
2954 0.83786
2955 0.83798
2956 0.83841
2957 0.83903
2958 0.83908
2959 0.8392
2960 0.83951
2961 0.83981
2962 0.84032
2963 0.84048
2964 0.84058
2965 0.84093
2966 0.84103
2967 0.84132
2968 0.8415
2969 0.84201
2970 0.84223
2971 0.84261
2972 0.84282
2973 0.8434
2974 0.84364
2975 0.84396
2976 0.84435
2977 0.84496
2978 0.84511
2979 0.84546
2980 0.84547
2981 0.84552
2982 0.8458
2983 0.84592
2984 0.84607
2985 0.84625
2986 0.84659
2987 0.84673
2988 0.84713
2989 0.84744
2990 0.8478
2991 0.84803
2992 0.84839
2993 0.8486
2994 0.84926
2995 0.8495
2996 0.84988
2997 0.85031
2998 0.8506
2999 0.85077
3000 0.85095
3001 0.85114
3002 0.85131
3003 0.85184
3004 0.85214
3005 0.85259
3006 0.85281
3007 0.85338
3008 0.85358
3009 0.85406
3010 0.85463
3011 0.85493
3012 0.85531
3013 0.85582
3014 0.85594
3015 0.85616
3016 0.85628
3017 0.8563
3018 0.85644
3019 0.85669
3020 0.85708
3021 0.85729
3022 0.85784
3023 0.85829
3024 0.85838
3025 0.85864
3026 0.85882
3027 0.85913
3028 0.85936
3029 0.85971
3030 0.85985
3031 0.86048
3032 0.86072
3033 0.86086
3034 0.86137
3035 0.8616
3036 0.86187
3037 0.862
3038 0.86213
3039 0.86227
3040 0.86258
3041 0.86288
3042 0.8631
3043 0.86339
3044 0.86394
3045 0.86414
3046 0.86425
3047 0.86433
3048 0.86443
3049 0.8646
3050 0.86485
3051 0.86514
3052 0.86567
3053 0.86579
3054 0.8662
3055 0.86625
3056 0.86669
3057 0.8669
3058 0.86707
3059 0.86744
3060 0.86772
3061 0.8681
3062 0.86828
3063 0.86867
3064 0.86894
3065 0.86895
3066 0.86909
3067 0.86956
3068 0.86985
3069 0.87003
3070 0.87067
3071 0.87092
3072 0.87125
3073 0.87173
3074 0.87226
3075 0.87238
3076 0.87275
3077 0.87299
3078 0.87306
3079 0.87322
3080 0.87363
3081 0.8737
3082 0.87399
3083 0.87452
3084 0.87477
3085 0.875
3086 0.87515
3087 0.87537
3088 0.87553
3089 0.8759
3090 0.87627
3091 0.8764
3092 0.87673
3093 0.87697
3094 0.87702
3095 0.87743
3096 0.87795
3097 0.87857
3098 0.87899
3099 0.87909
3100 0.8792
3101 0.87941
3102 0.87965
3103 0.87977
3104 0.88041
3105 0.88063
3106 0.88099
3107 0.88154
3108 0.88188
3109 0.88202
3110 0.88268
3111 0.88277
3112 0.88302
3113 0.88322
3114 0.88355
3115 0.88363
3116 0.88376
3117 0.88417
3118 0.88428
3119 0.88464
3120 0.88518
3121 0.88592
3122 0.88611
3123 0.88637
3124 0.88663
3125 0.8869
3126 0.88729
3127 0.88741
3128 0.88745
3129 0.88783
3130 0.88794
3131 0.88841
3132 0.88876
3133 0.88889
3134 0.88893
3135 0.88911
3136 0.88962
3137 0.88976
3138 0.88989
3139 0.89011
3140 0.89043
3141 0.89092
3142 0.89142
3143 0.89169
3144 0.89206
3145 0.89214
3146 0.8924
3147 0.89292
3148 0.89302
3149 0.89331
3150 0.89339
3151 0.89382
3152 0.89404
3153 0.89423
3154 0.89464
3155 0.89484
3156 0.89513
3157 0.89528
3158 0.89556
3159 0.89586
3160 0.89656
3161 0.89676
3162 0.89705
3163 0.89738
3164 0.89769
3165 0.89788
3166 0.8982
3167 0.89839
3168 0.89863
3169 0.89881
3170 0.89935
3171 0.89995
3172 0.90008
3173 0.90036
3174 0.90068
3175 0.90088
3176 0.90107
3177 0.90131
3178 0.90166
3179 0.90199
3180 0.90212
3181 0.9022
3182 0.90224
3183 0.90264
3184 0.90304
3185 0.90313
3186 0.90326
3187 0.90396
3188 0.90428
3189 0.90481
3190 0.90483
3191 0.90523
3192 0.90534
3193 0.90588
3194 0.90615
3195 0.90648
3196 0.90681
3197 0.90731
3198 0.90755
3199 0.90791
3200 0.90839
3201 0.90884
3202 0.90903
3203 0.90911
3204 0.90923
3205 0.9096
3206 0.90973
3207 0.91003
3208 0.91012
3209 0.91051
3210 0.9108
3211 0.91097
3212 0.91141
3213 0.91157
3214 0.91173
3215 0.91229
3216 0.91255
3217 0.91275
3218 0.91303
3219 0.91319
3220 0.91347
3221 0.914
3222 0.91415
3223 0.91428
3224 0.91484
3225 0.91508
3226 0.91539
3227 0.91552
3228 0.91574
3229 0.91604
3230 0.91626
3231 0.91643
3232 0.91678
3233 0.91715
3234 0.91756
3235 0.91793
3236 0.91801
3237 0.91851
3238 0.91877
3239 0.91881
3240 0.91936
3241 0.91944
3242 0.91982
3243 0.9204
3244 0.92066
3245 0.92111
3246 0.92142
3247 0.9217
3248 0.92205
3249 0.92265
3250 0.92301
3251 0.92323
3252 0.92356
3253 0.92385
3254 0.92418
3255 0.92454
3256 0.92505
3257 0.92507
3258 0.92529
3259 0.92556
3260 0.92605
3261 0.92631
3262 0.92653
3263 0.92666
3264 0.92708
3265 0.92744
3266 0.92764
3267 0.92785
3268 0.92833
3269 0.92873
3270 0.92883
3271 0.92906
3272 0.92937
3273 0.92954
3274 0.92962
3275 0.93002
3276 0.93014
3277 0.93069
3278 0.93117
3279 0.93134
3280 0.93155
3281 0.93182
3282 0.93203
3283 0.93256
3284 0.9326
3285 0.93304
3286 0.93313
3287 0.93372
3288 0.93395
3289 0.93419
3290 0.93431
3291 0.93441
3292 0.93474
3293 0.93485
3294 0.9354
3295 0.93587
3296 0.93617
3297 0.93636
3298 0.93656
3299 0.93736
3300 0.93747
3301 0.93756
3302 0.93778
3303 0.93794
3304 0.93831
3305 0.9384
3306 0.93853
3307 0.93885
3308 0.93913
3309 0.93987
3310 0.94002
3311 0.9402
3312 0.94079
3313 0.94122
3314 0.94131
3315 0.94134
3316 0.94142
3317 0.94165
3318 0.94201
3319 0.94243
3320 0.9428
3321 0.94297
3322 0.9431
3323 0.94318
3324 0.94334
3325 0.9434
3326 0.94354
3327 0.9436
3328 0.94399
3329 0.94409
3330 0.94455
3331 0.94481
3332 0.94511
3333 0.94526
3334 0.94557
3335 0.94595
3336 0.94623
3337 0.94642
3338 0.94697
3339 0.94741
3340 0.94783
3341 0.94825
3342 0.9484
3343 0.94869
3344 0.94895
3345 0.94923
3346 0.94978
3347 0.94988
3348 0.95022
3349 0.95081
3350 0.95125
3351 0.95135
3352 0.95143
3353 0.9516
3354 0.95185
3355 0.95213
3356 0.95227
3357 0.95256
3358 0.95305
3359 0.95306
3360 0.95349
3361 0.95377
3362 0.95413
3363 0.95445
3364 0.95463
3365 0.95473
3366 0.95506
3367 0.95538
3368 0.95554
3369 0.95572
3370 0.95616
3371 0.95627
3372 0.95676
3373 0.95697
3374 0.95706
3375 0.95747
3376 0.9575
3377 0.95813
3378 0.95832
3379 0.95875
3380 0.95925
3381 0.95963
3382 0.95996
3383 0.96018
3384 0.96032
3385 0.96054
3386 0.96055
3387 0.96073
3388 0.96098
3389 0.96114
3390 0.96147
3391 0.96161
3392 0.96175
3393 0.96235
3394 0.96273
3395 0.96276
3396 0.96313
3397 0.96343
3398 0.96366
3399 0.96421
3400 0.96451
3401 0.9648
3402 0.96492
3403 0.96513
3404 0.96539
3405 0.96547
3406 0.96573
3407 0.96584
3408 0.96593
3409 0.9665
3410 0.96666
3411 0.96695
3412 0.96728
3413 0.96741
3414 0.96753
3415 0.96774
3416 0.96794
3417 0.96816
3418 0.96885
3419 0.96926
3420 0.96983
3421 0.97014
3422 0.97046
3423 0.97089
3424 0.97107
3425 0.97149
3426 0.97206
3427 0.97221
3428 0.9725
3429 0.97268
3430 0.97292
3431 0.97313
3432 0.97378
3433 0.97392
3434 0.97404
3435 0.97437
3436 0.97472
3437 0.9748
3438 0.97521
3439 0.97548
3440 0.97573
3441 0.97589
3442 0.97603
3443 0.97608
3444 0.97686
3445 0.97695
3446 0.97702
3447 0.97728
3448 0.97742
3449 0.97759
3450 0.97786
3451 0.97797
3452 0.97811
3453 0.9784
3454 0.97852
3455 0.97867
3456 0.97871
3457 0.97889
3458 0.97934
3459 0.97956
3460 0.9797
3461 0.97978
3462 0.98002
3463 0.98043
3464 0.9809
3465 0.98119
3466 0.98201
3467 0.9821
3468 0.98224
3469 0.98328
3470 0.98356
3471 0.98369
3472 0.98423
3473 0.98442
3474 0.98476
3475 0.98491
3476 0.98542
3477 0.98562
3478 0.98578
3479 0.98627
3480 0.98674
3481 0.9869
3482 0.98706
3483 0.98719
3484 0.98762
3485 0.98776
3486 0.98799
3487 0.98814
3488 0.98839
3489 0.98848
3490 0.9888
3491 0.98894
3492 0.98949
3493 0.98969
3494 0.98972
3495 0.98988
3496 0.99019
3497 0.99046
3498 0.99049
3499 0.99055
3500 0.99069
3501 0.99096
3502 0.99129
3503 0.99135
3504 0.99182
3505 0.99221
3506 0.99255
3507 0.99277
3508 0.99296
3509 0.99354
3510 0.99382
3511 0.99404
3512 0.99447
3513 0.99487
3514 0.99492
3515 0.99515
3516 0.99544
3517 0.99562
3518 0.99575
3519 0.99619
3520 0.99625
3521 0.99635
3522 0.99679
3523 0.99706
3524 0.99718
3525 0.9974
3526 0.99794
3527 0.99798
3528 0.99806
3529 0.99851
3530 0.99892
3531 0.99931
3532 0.99953
3533 0.99981
3534 1.00007
# Generated pool n. 6 for Umax = 38.10519027709961
# Generated a biased pool of 100000 with an acceptance of 0.08202638477087021
# Generated a pool of 100000 with an acceptance of 0.001414526166902404
# Generation repeated 3535 times
# Average relative effective sample size: 0.009709397330880165
# Generation efficiency: 0.0002828854314002829
