# Generation 3

0 0.00012
1 0.00058
2 0.00107
3 0.00137
4 0.00163
5 0.00198
6 0.00234
7 0.00273
8 0.00295
9 0.0034
10 0.00365
11 0.00391
12 0.00419
13 0.00459
14 0.00474
15 0.00507
16 0.00536
17 0.0055
18 0.00607
19 0.00643
20 0.00672
21 0.00712
22 0.00736
23 0.00805
24 0.00832
25 0.0085
26 0.00885
27 0.00909
28 0.00922
29 0.00951
30 0.01
31 0.01059
32 0.01098
33 0.01141
34 0.01155
35 0.01195
36 0.01239
37 0.01265
38 0.0129
39 0.01324
40 0.01349
41 0.01397
42 0.01446
43 0.01481
44 0.01509
45 0.01526
46 0.01588
47 0.01598
48 0.01641
49 0.01675
50 0.01714
51 0.01749
52 0.018
53 0.01845
54 0.01857
55 0.01881
56 0.01916
57 0.01948
58 0.01961
59 0.01989
60 0.02005
61 0.02042
62 0.02095
63 0.02138
64 0.02185
65 0.0223
66 0.02246
67 0.0226
68 0.02273
69 0.02286
70 0.0232
71 0.02341
72 0.02374
73 0.02393
74 0.02423
75 0.02485
76 0.02509
77 0.02528
78 0.02545
79 0.02576
80 0.0259
81 0.02631
82 0.02643
83 0.02679
84 0.02698
85 0.0272
86 0.02744
87 0.02773
88 0.02807
89 0.02838
90 0.02863
91 0.02902
92 0.02931
93 0.02957
94 0.03007
95 0.03061
96 0.03117
97 0.03178
98 0.03188
99 0.03259
100 0.03322
101 0.03325
102 0.03345
103 0.03363
104 0.03396
105 0.03405
106 0.03448
107 0.03468
108 0.03483
109 0.03524
110 0.03543
111 0.03574
112 0.03613
113 0.03641
114 0.03676
115 0.03699
116 0.03732
117 0.03737
118 0.03763
119 0.03785
120 0.03827
121 0.03876
122 0.03922
123 0.03961
124 0.03995
125 0.04018
126 0.04061
127 0.0409
128 0.04137
129 0.04162
130 0.04211
131 0.04238
132 0.04253
133 0.04282
134 0.04335
135 0.04353
136 0.04387
137 0.04436
138 0.04459
139 0.04477
140 0.0453
141 0.04563
142 0.04593
143 0.04624
144 0.04664
145 0.04693
146 0.0472
147 0.0477
148 0.04827
149 0.04866
150 0.049
151 0.04917
152 0.04963
153 0.05038
154 0.05065
155 0.05079
156 0.05112
157 0.0514
158 0.05166
159 0.05184
160 0.05204
161 0.05244
162 0.05267
163 0.05296
164 0.05336
165 0.05364
166 0.054
167 0.05443
168 0.05466
169 0.05483
170 0.05514
171 0.05582
172 0.05649
173 0.05694
174 0.05722
175 0.05753
176 0.0578
177 0.05815
178 0.05855
179 0.05885
180 0.05906
181 0.05948
182 0.05992
183 0.06024
184 0.06054
185 0.06105
186 0.06125
187 0.06149
188 0.06212
189 0.06228
190 0.0625
191 0.06312
192 0.06344
193 0.06375
194 0.06431
195 0.06453
196 0.06469
197 0.06473
198 0.0649
199 0.06503
200 0.06551
201 0.06579
202 0.06621
203 0.06653
204 0.06704
205 0.06749
206 0.0679
207 0.06829
208 0.06839
209 0.06863
210 0.06896
211 0.06919
212 0.0697
213 0.07018
214 0.07041
215 0.07079
216 0.07129
217 0.07156
218 0.07162
219 0.07188
220 0.07215
221 0.07254
222 0.07291
223 0.07378
224 0.07445
225 0.07469
226 0.07492
227 0.07502
228 0.07535
229 0.07573
230 0.07607
231 0.07643
232 0.0769
233 0.07714
234 0.07759
235 0.07794
236 0.07807
237 0.07839
238 0.07872
239 0.079
240 0.07943
241 0.07992
242 0.08048
243 0.08103
244 0.08134
245 0.08145
246 0.08166
247 0.08174
248 0.08213
249 0.08257
250 0.08266
251 0.08292
252 0.08298
253 0.08338
254 0.0837
255 0.08448
256 0.08463
257 0.08505
258 0.08536
259 0.08584
260 0.08608
261 0.08658
262 0.08679
263 0.08688
264 0.08723
265 0.08751
266 0.08789
267 0.08809
268 0.08852
269 0.08865
270 0.089
271 0.08921
272 0.08941
273 0.08969
274 0.08989
275 0.0902
276 0.09084
277 0.09092
278 0.09128
279 0.0919
280 0.09222
281 0.09251
282 0.09274
283 0.09305
284 0.09346
285 0.09369
286 0.09425
287 0.09439
288 0.09462
289 0.09499
290 0.09523
291 0.09582
292 0.09607
293 0.09641
294 0.09671
295 0.0969
296 0.09708
297 0.09758
298 0.09797
299 0.09823
300 0.09851
301 0.09859
302 0.0988
303 0.09893
304 0.09929
305 0.09934
306 0.09989
307 0.10029
308 0.10065
309 0.10127
310 0.10144
311 0.10204
312 0.10227
313 0.10254
314 0.10288
315 0.10341
316 0.10418
317 0.10449
318 0.10494
319 0.10535
320 0.10585
321 0.10629
322 0.10668
323 0.10719
324 0.10738
325 0.10786
326 0.10819
327 0.10836
328 0.10879
329 0.10918
330 0.10964
331 0.10987
332 0.11004
333 0.11026
334 0.11058
335 0.11076
336 0.11143
337 0.11188
338 0.11208
339 0.11219
340 0.11268
341 0.11295
342 0.11332
343 0.11365
344 0.11409
345 0.11439
346 0.11464
347 0.11492
348 0.11508
349 0.11526
350 0.11555
351 0.11648
352 0.11655
353 0.11705
354 0.11728
355 0.11763
356 0.11793
357 0.11828
358 0.11838
359 0.11865
360 0.11872
361 0.11885
362 0.11907
363 0.11919
364 0.11971
365 0.12014
366 0.12029
367 0.12041
368 0.12056
369 0.12071
370 0.12081
371 0.12113
372 0.12136
373 0.12167
374 0.12215
375 0.12239
376 0.12271
377 0.1233
378 0.12368
379 0.12386
380 0.12402
381 0.12414
382 0.12461
383 0.125
384 0.12517
385 0.12544
386 0.12575
387 0.1258
388 0.12605
389 0.12618
390 0.12665
391 0.12684
392 0.12706
393 0.12754
394 0.12779
395 0.12806
396 0.12834
397 0.12867
398 0.12903
399 0.12913
400 0.12961
401 0.13018
402 0.13063
403 0.13099
404 0.13118
405 0.13147
406 0.13196
407 0.13248
408 0.13312
409 0.13315
410 0.13333
411 0.13384
412 0.13415
413 0.13472
414 0.1351
415 0.1353
416 0.13547
417 0.13591
418 0.13636
419 0.13663
420 0.13727
421 0.13747
422 0.13781
423 0.13815
424 0.13826
425 0.13846
426 0.13903
427 0.13924
428 0.13935
429 0.13972
430 0.14003
431 0.14024
432 0.14068
433 0.1408
434 0.14088
435 0.14133
436 0.14153
437 0.14165
438 0.14205
439 0.14222
440 0.14274
441 0.14319
442 0.14343
443 0.14373
444 0.14403
445 0.14441
446 0.14467
447 0.14525
448 0.14559
449 0.14623
450 0.14679
451 0.14717
452 0.14759
453 0.14784
454 0.1482
455 0.14885
456 0.14914
457 0.14944
458 0.14976
459 0.14996
460 0.15043
461 0.15049
462 0.15091
463 0.15106
464 0.15128
465 0.1514
466 0.15148
467 0.15201
468 0.15222
469 0.1527
470 0.1532
471 0.15379
472 0.15437
473 0.15467
474 0.15489
475 0.15531
476 0.15574
477 0.15613
478 0.15661
479 0.15689
480 0.15736
481 0.15744
482 0.15799
483 0.15827
484 0.1585
485 0.15924
486 0.15955
487 0.1599
488 0.16012
489 0.16041
490 0.16112
491 0.16149
492 0.16221
493 0.16235
494 0.16293
495 0.16332
496 0.1635
497 0.16398
498 0.164
499 0.16448
500 0.16479
501 0.1653
502 0.16552
503 0.1657
504 0.1658
505 0.16596
506 0.16614
507 0.16628
508 0.16676
509 0.1672
510 0.16748
511 0.16754
512 0.16768
513 0.16776
514 0.16791
515 0.16846
516 0.16872
517 0.16883
518 0.16904
519 0.16924
520 0.1697
521 0.16999
522 0.17018
523 0.17025
524 0.17062
525 0.17085
526 0.17097
527 0.17164
528 0.17193
529 0.17218
530 0.17224
531 0.17257
532 0.17286
533 0.17315
534 0.17327
535 0.17355
536 0.17372
537 0.174
538 0.1742
539 0.17444
540 0.17473
541 0.17493
542 0.17571
543 0.17576
544 0.17603
545 0.17622
546 0.17651
547 0.17689
548 0.17729
549 0.17778
550 0.17803
551 0.17826
552 0.17854
553 0.17862
554 0.179
555 0.17936
556 0.17965
557 0.17995
558 0.18019
559 0.18058
560 0.18111
561 0.18129
562 0.18173
563 0.18193
564 0.18217
565 0.18259
566 0.18308
567 0.18359
568 0.18374
569 0.18404
570 0.18466
571 0.18528
572 0.1855
573 0.1859
574 0.18638
575 0.1867
576 0.18702
577 0.18708
578 0.18735
579 0.18768
580 0.18788
581 0.18819
582 0.1884
583 0.18879
584 0.18915
585 0.18957
586 0.19017
587 0.19043
588 0.19093
589 0.19106
590 0.19161
591 0.19204
592 0.19225
593 0.19251
594 0.1929
595 0.19323
596 0.19345
597 0.19388
598 0.19423
599 0.19446
600 0.19517
601 0.19531
602 0.19566
603 0.19634
604 0.1966
605 0.19683
606 0.197
607 0.19714
608 0.19738
609 0.19764
610 0.19819
611 0.19868
612 0.19906
613 0.19978
614 0.20027
615 0.20046
616 0.20079
617 0.20117
618 0.2016
619 0.20188
620 0.20231
621 0.20277
622 0.20299
623 0.20334
624 0.20374
625 0.20426
626 0.20472
627 0.20523
628 0.20559
629 0.20593
630 0.20602
631 0.20651
632 0.20692
633 0.20712
634 0.20732
635 0.20801
636 0.20823
637 0.20836
638 0.20851
639 0.20876
640 0.20931
641 0.20965
642 0.21002
643 0.21031
644 0.21074
645 0.21123
646 0.21165
647 0.21198
648 0.21225
649 0.21246
650 0.2131
651 0.21349
652 0.21361
653 0.214
654 0.21435
655 0.21497
656 0.21539
657 0.21557
658 0.21576
659 0.21613
660 0.21633
661 0.21672
662 0.2173
663 0.21772
664 0.21786
665 0.21826
666 0.21874
667 0.21891
668 0.21907
669 0.21932
670 0.21972
671 0.2202
672 0.22034
673 0.22067
674 0.22081
675 0.22121
676 0.22142
677 0.22191
678 0.22213
679 0.22264
680 0.2229
681 0.22322
682 0.22362
683 0.2242
684 0.2245
685 0.22468
686 0.22529
687 0.22554
688 0.22556
689 0.22595
690 0.22652
691 0.22692
692 0.22718
693 0.22734
694 0.2275
695 0.22781
696 0.22845
697 0.22882
698 0.22901
699 0.22927
700 0.22985
701 0.22998
702 0.23044
703 0.23104
704 0.23117
705 0.23138
706 0.23184
707 0.23235
708 0.23292
709 0.23313
710 0.23359
711 0.23413
712 0.23445
713 0.23478
714 0.23517
715 0.23556
716 0.23608
717 0.23653
718 0.23677
719 0.23712
720 0.23744
721 0.2379
722 0.23797
723 0.23844
724 0.23869
725 0.2391
726 0.23968
727 0.2402
728 0.24041
729 0.24065
730 0.24099
731 0.24129
732 0.2416
733 0.24198
734 0.2423
735 0.24279
736 0.24319
737 0.24371
738 0.24379
739 0.24416
740 0.24464
741 0.24507
742 0.24536
743 0.24575
744 0.24602
745 0.24643
746 0.24654
747 0.247
748 0.24719
749 0.24768
750 0.24792
751 0.24847
752 0.24859
753 0.24922
754 0.24953
755 0.24973
756 0.24997
757 0.25039
758 0.25086
759 0.25125
760 0.25169
761 0.252
762 0.25235
763 0.25317
764 0.25371
765 0.25391
766 0.2541
767 0.25447
768 0.25479
769 0.25503
770 0.25528
771 0.25556
772 0.25593
773 0.25633
774 0.25655
775 0.257
776 0.25728
777 0.25746
778 0.25772
779 0.25793
780 0.25819
781 0.25849
782 0.25856
783 0.25888
784 0.25909
785 0.25969
786 0.25993
787 0.26019
788 0.26022
789 0.2606
790 0.26104
791 0.26118
792 0.26141
793 0.26181
794 0.26239
795 0.26284
796 0.26313
797 0.26359
798 0.26383
799 0.26428
800 0.26438
801 0.26465
802 0.26499
803 0.26518
804 0.26568
805 0.26601
806 0.26645
807 0.26665
808 0.2672
809 0.26751
810 0.26787
811 0.26801
812 0.26841
813 0.26887
814 0.26896
815 0.26965
816 0.26979
817 0.26999
818 0.27051
819 0.27073
820 0.2709
821 0.27116
822 0.27148
823 0.27193
824 0.27198
825 0.27222
826 0.27253
827 0.27276
828 0.27305
829 0.27322
830 0.2736
831 0.27381
832 0.27398
833 0.27439
834 0.27494
835 0.27545
836 0.27564
837 0.27624
838 0.27643
839 0.27663
840 0.27736
841 0.27769
842 0.27793
843 0.27827
844 0.27844
845 0.27872
846 0.27903
847 0.27932
848 0.27964
849 0.28011
850 0.28023
851 0.28048
852 0.2808
853 0.28126
854 0.28136
855 0.28165
856 0.28207
857 0.28231
858 0.28251
859 0.28262
860 0.28291
861 0.28315
862 0.28357
863 0.28396
864 0.28428
865 0.28457
866 0.28505
867 0.28547
868 0.28569
869 0.28596
870 0.28626
871 0.28676
872 0.28702
873 0.2874
874 0.2879
875 0.28812
876 0.28866
877 0.28903
878 0.2894
879 0.28976
880 0.29005
881 0.29031
882 0.29048
883 0.29077
884 0.29089
885 0.29137
886 0.29164
887 0.29219
888 0.29256
889 0.29283
890 0.2933
891 0.29355
892 0.29385
893 0.29417
894 0.29458
895 0.29486
896 0.29519
897 0.29536
898 0.29569
899 0.29586
900 0.29646
901 0.29698
902 0.29724
903 0.29755
904 0.2981
905 0.29849
906 0.29893
907 0.29926
908 0.29954
909 0.29967
910 0.30012
911 0.30023
912 0.30048
913 0.3007
914 0.30115
915 0.30135
916 0.30205
917 0.30232
918 0.30273
919 0.30302
920 0.30363
921 0.30418
922 0.30446
923 0.30451
924 0.30484
925 0.3052
926 0.30555
927 0.30569
928 0.30605
929 0.30615
930 0.30654
931 0.30673
932 0.30708
933 0.30728
934 0.30749
935 0.30793
936 0.3082
937 0.30838
938 0.30874
939 0.3093
940 0.30942
941 0.31
942 0.31012
943 0.31046
944 0.31063
945 0.3111
946 0.31139
947 0.31152
948 0.31161
949 0.312
950 0.31209
951 0.31273
952 0.31305
953 0.31329
954 0.31377
955 0.3142
956 0.31457
957 0.31474
958 0.3149
959 0.31516
960 0.31521
961 0.31556
962 0.31605
963 0.31623
964 0.31643
965 0.31661
966 0.31696
967 0.3173
968 0.31766
969 0.31771
970 0.31793
971 0.31822
972 0.31836
973 0.31845
974 0.3188
975 0.31887
976 0.3191
977 0.31923
978 0.31955
979 0.31962
980 0.32008
981 0.32038
982 0.32055
983 0.32102
984 0.32146
985 0.32173
986 0.32212
987 0.32233
988 0.3226
989 0.32315
990 0.32331
991 0.32377
992 0.32402
993 0.32445
994 0.32485
995 0.32516
996 0.32528
997 0.32573
998 0.32589
999 0.326
1000 0.32643
1001 0.3268
1002 0.3271
1003 0.3274
1004 0.32795
1005 0.32819
1006 0.32838
1007 0.32866
1008 0.3289
1009 0.32911
1010 0.32943
1011 0.32966
1012 0.32986
1013 0.3302
1014 0.33067
1015 0.33121
1016 0.33143
1017 0.3318
1018 0.33197
1019 0.33232
1020 0.33261
1021 0.33316
1022 0.33333
1023 0.33345
1024 0.33351
1025 0.33369
1026 0.33404
1027 0.33437
1028 0.33504
1029 0.33526
1030 0.33533
1031 0.3355
1032 0.33557
1033 0.33607
1034 0.33618
1035 0.3364
1036 0.33672
1037 0.337
1038 0.33738
1039 0.3378
1040 0.33819
1041 0.33847
1042 0.33875
1043 0.33924
1044 0.33963
1045 0.33993
1046 0.34023
1047 0.34049
1048 0.3408
1049 0.34125
1050 0.34183
1051 0.34205
1052 0.34257
1053 0.34304
1054 0.34343
1055 0.34366
1056 0.34384
1057 0.34407
1058 0.34448
1059 0.34502
1060 0.34541
1061 0.34567
1062 0.34585
1063 0.34594
1064 0.34626
1065 0.34644
1066 0.34685
1067 0.34704
1068 0.3473
1069 0.34764
1070 0.34811
1071 0.34857
1072 0.34906
1073 0.34954
1074 0.34979
1075 0.34994
1076 0.35011
1077 0.3504
1078 0.35091
1079 0.35092
1080 0.35127
1081 0.3515
1082 0.35176
1083 0.3522
1084 0.35284
1085 0.35292
1086 0.35321
1087 0.35361
1088 0.35391
1089 0.35417
1090 0.35461
1091 0.35508
1092 0.35567
1093 0.35594
1094 0.35648
1095 0.35676
1096 0.35716
1097 0.35773
1098 0.35809
1099 0.35832
1100 0.3589
1101 0.35909
1102 0.35955
1103 0.36018
1104 0.3607
1105 0.36096
1106 0.3614
1107 0.36206
1108 0.36232
1109 0.36251
1110 0.36275
1111 0.36307
1112 0.36365
1113 0.36416
1114 0.36442
1115 0.36459
1116 0.36473
1117 0.36504
1118 0.36547
1119 0.36587
1120 0.36613
1121 0.36658
1122 0.36706
1123 0.36746
1124 0.36758
1125 0.3678
1126 0.36799
1127 0.36818
1128 0.36832
1129 0.36873
1130 0.36887
1131 0.36919
1132 0.36954
1133 0.37001
1134 0.37044
1135 0.37092
1136 0.37127
1137 0.37153
1138 0.37176
1139 0.3721
1140 0.37236
1141 0.37257
1142 0.37285
1143 0.3733
1144 0.37351
1145 0.37369
1146 0.37401
1147 0.37407
1148 0.37425
1149 0.37486
1150 0.37524
1151 0.37569
1152 0.37622
1153 0.37672
1154 0.37683
1155 0.37721
1156 0.3776
1157 0.37818
1158 0.37849
1159 0.37891
1160 0.37908
1161 0.3793
1162 0.37963
1163 0.38011
1164 0.3803
1165 0.38054
1166 0.38063
1167 0.38112
1168 0.38148
1169 0.38161
1170 0.38186
1171 0.38204
1172 0.38222
1173 0.38251
1174 0.38264
1175 0.38304
1176 0.38326
1177 0.38349
1178 0.38387
1179 0.38403
1180 0.38427
1181 0.38474
1182 0.38519
1183 0.38548
1184 0.38573
1185 0.38588
1186 0.38618
1187 0.38645
1188 0.38669
1189 0.38689
1190 0.3875
1191 0.38767
1192 0.38831
1193 0.38886
1194 0.38918
1195 0.38942
1196 0.38958
1197 0.39004
1198 0.39045
1199 0.39061
1200 0.39085
1201 0.39116
1202 0.3912
1203 0.39151
1204 0.39179
1205 0.39231
1206 0.39241
1207 0.39322
1208 0.39347
1209 0.39399
1210 0.39451
1211 0.39457
1212 0.39468
1213 0.39502
1214 0.3955
1215 0.39621
1216 0.3968
1217 0.39713
1218 0.39761
1219 0.398
1220 0.39829
1221 0.39873
1222 0.39936
1223 0.39971
1224 0.39989
1225 0.4001
1226 0.40037
1227 0.40052
1228 0.40074
1229 0.4009
1230 0.40125
1231 0.40178
1232 0.40209
1233 0.40256
1234 0.40289
1235 0.40326
1236 0.4036
1237 0.4039
1238 0.40441
1239 0.40445
1240 0.4047
1241 0.4049
1242 0.40503
1243 0.40516
1244 0.40569
1245 0.40593
1246 0.40642
1247 0.40676
1248 0.40707
1249 0.40771
1250 0.40796
1251 0.40845
1252 0.40854
1253 0.40896
1254 0.40932
1255 0.40954
1256 0.41004
1257 0.41044
1258 0.41087
1259 0.4112
1260 0.41141
1261 0.41158
1262 0.41162
1263 0.41181
1264 0.41212
1265 0.41229
1266 0.41253
1267 0.41282
1268 0.41305
1269 0.41335
1270 0.4135
1271 0.4141
1272 0.41434
1273 0.41462
1274 0.41472
1275 0.41509
1276 0.41541
1277 0.41587
1278 0.41615
1279 0.41658
1280 0.41677
1281 0.41687
1282 0.41696
1283 0.41731
1284 0.41782
1285 0.41864
1286 0.41913
1287 0.41927
1288 0.41979
1289 0.42057
1290 0.42086
1291 0.42121
1292 0.42168
1293 0.42187
1294 0.42206
1295 0.42261
1296 0.4232
1297 0.42332
1298 0.42362
1299 0.42391
1300 0.42426
1301 0.42444
1302 0.42455
1303 0.42483
1304 0.4251
1305 0.42536
1306 0.42546
1307 0.42576
1308 0.42637
1309 0.42694
1310 0.42727
1311 0.42756
1312 0.4278
1313 0.4281
1314 0.42823
1315 0.42859
1316 0.42868
1317 0.42882
1318 0.42889
1319 0.42894
1320 0.42955
1321 0.4299
1322 0.43034
1323 0.43072
1324 0.43104
1325 0.4313
1326 0.43155
1327 0.4318
1328 0.43204
1329 0.43222
1330 0.43246
1331 0.43263
1332 0.43272
1333 0.43308
1334 0.43357
1335 0.4338
1336 0.43403
1337 0.43414
1338 0.43447
1339 0.43462
1340 0.43514
1341 0.43537
1342 0.43574
1343 0.43619
1344 0.43641
1345 0.43676
1346 0.43724
1347 0.43768
1348 0.43775
1349 0.43796
1350 0.43831
1351 0.43849
1352 0.43878
1353 0.43928
1354 0.43965
1355 0.44004
1356 0.44039
1357 0.44075
1358 0.44118
1359 0.44146
1360 0.44194
1361 0.44237
1362 0.44289
1363 0.44297
1364 0.44334
1365 0.44378
1366 0.44403
1367 0.44429
1368 0.44457
1369 0.44471
1370 0.44491
1371 0.44542
1372 0.44574
1373 0.44609
1374 0.44646
1375 0.44669
1376 0.44678
1377 0.44699
1378 0.4474
1379 0.44772
1380 0.44805
1381 0.44846
1382 0.44886
1383 0.44904
1384 0.44917
1385 0.44936
1386 0.44954
1387 0.44971
1388 0.44991
1389 0.45026
1390 0.45076
1391 0.45093
1392 0.45124
1393 0.45133
1394 0.45192
1395 0.45239
1396 0.4527
1397 0.45291
1398 0.45318
1399 0.45373
1400 0.45438
1401 0.45448
1402 0.45469
1403 0.45495
1404 0.45542
1405 0.45568
1406 0.45592
1407 0.45614
1408 0.45646
1409 0.45678
1410 0.45686
1411 0.45703
1412 0.45723
1413 0.45747
1414 0.45771
1415 0.45827
1416 0.45871
1417 0.45923
1418 0.45944
1419 0.45959
1420 0.45981
1421 0.46015
1422 0.46071
1423 0.46099
1424 0.46118
1425 0.46155
1426 0.46184
1427 0.46214
1428 0.46259
1429 0.46276
1430 0.46332
1431 0.4634
1432 0.46373
1433 0.46392
1434 0.46404
1435 0.46431
1436 0.4645
1437 0.46459
1438 0.46488
1439 0.46541
1440 0.46557
1441 0.46613
1442 0.46656
1443 0.4671
1444 0.46735
1445 0.46757
1446 0.46784
1447 0.46827
1448 0.46856
1449 0.4688
1450 0.46887
1451 0.4695
1452 0.46977
1453 0.47016
1454 0.47049
1455 0.4709
1456 0.47116
1457 0.47143
1458 0.47151
1459 0.47211
1460 0.47262
1461 0.4728
1462 0.47291
1463 0.47363
1464 0.47396
1465 0.47421
1466 0.47434
1467 0.47451
1468 0.47491
1469 0.47514
1470 0.47549
1471 0.47612
1472 0.47636
1473 0.47662
1474 0.4768
1475 0.47691
1476 0.47723
1477 0.47744
1478 0.47766
1479 0.47774
1480 0.47801
1481 0.47835
1482 0.4785
1483 0.47861
1484 0.4792
1485 0.47947
1486 0.47962
1487 0.4801
1488 0.48053
1489 0.48081
1490 0.48114
1491 0.48187
1492 0.48204
1493 0.48247
1494 0.48292
1495 0.48331
1496 0.48358
1497 0.48399
1498 0.48443
1499 0.48473
1500 0.48489
1501 0.48534
1502 0.48567
1503 0.48577
1504 0.48588
1505 0.48617
1506 0.48638
1507 0.48687
1508 0.4874
1509 0.48779
1510 0.4881
1511 0.48841
1512 0.48882
1513 0.48912
1514 0.48958
1515 0.48986
1516 0.49007
1517 0.49023
1518 0.49056
1519 0.49085
1520 0.49123
1521 0.49166
1522 0.49178
1523 0.49196
1524 0.49212
1525 0.49254
1526 0.49285
1527 0.49308
1528 0.49342
1529 0.49385
1530 0.49414
1531 0.4942
1532 0.49464
1533 0.49497
1534 0.4952
1535 0.49535
1536 0.49554
1537 0.49594
1538 0.49645
1539 0.4966
1540 0.49691
1541 0.49695
1542 0.49726
1543 0.49761
1544 0.49797
1545 0.49805
1546 0.49838
1547 0.49861
1548 0.4987
1549 0.49901
1550 0.49917
1551 0.4996
1552 0.50032
1553 0.50061
1554 0.50096
1555 0.50119
1556 0.50146
1557 0.5018
1558 0.502
1559 0.50258
1560 0.50349
1561 0.50378
1562 0.50421
1563 0.50481
1564 0.5049
1565 0.50512
1566 0.50548
1567 0.50562
1568 0.50586
1569 0.50639
1570 0.5068
1571 0.50712
1572 0.50716
1573 0.50747
1574 0.50773
1575 0.5078
1576 0.50802
1577 0.5084
1578 0.5088
1579 0.50905
1580 0.50948
1581 0.50999
1582 0.51027
1583 0.51038
1584 0.51078
1585 0.51093
1586 0.51143
1587 0.51181
1588 0.51246
1589 0.51277
1590 0.51309
1591 0.51333
1592 0.51373
1593 0.51401
1594 0.51439
1595 0.51464
1596 0.51507
1597 0.51545
1598 0.51571
1599 0.51593
1600 0.51619
1601 0.51651
1602 0.51664
1603 0.51675
1604 0.51712
1605 0.51734
1606 0.51767
1607 0.51815
1608 0.51827
1609 0.51855
1610 0.51913
1611 0.51936
1612 0.5198
1613 0.51993
1614 0.52035
1615 0.52072
1616 0.52108
1617 0.52122
1618 0.52142
1619 0.52181
1620 0.52244
1621 0.52294
1622 0.52299
1623 0.52345
1624 0.52364
1625 0.52401
1626 0.52443
1627 0.52475
1628 0.52516
1629 0.52524
1630 0.52551
1631 0.52576
1632 0.5261
1633 0.52631
1634 0.52663
1635 0.52697
1636 0.52754
1637 0.52799
1638 0.52829
1639 0.52871
1640 0.52905
1641 0.52916
1642 0.52937
1643 0.52968
1644 0.52997
1645 0.53025
1646 0.53084
1647 0.53112
1648 0.53142
1649 0.53166
1650 0.53203
1651 0.53237
1652 0.53262
1653 0.53283
1654 0.53303
1655 0.53341
1656 0.53375
1657 0.53403
1658 0.53414
1659 0.53446
1660 0.53452
1661 0.53492
1662 0.53517
1663 0.5359
1664 0.53614
1665 0.53664
1666 0.53692
1667 0.53743
1668 0.53779
1669 0.53803
1670 0.53829
1671 0.53849
1672 0.53889
1673 0.53907
1674 0.53914
1675 0.53943
1676 0.53976
1677 0.53989
1678 0.54014
1679 0.54036
1680 0.54072
1681 0.5413
1682 0.54144
1683 0.5422
1684 0.54265
1685 0.54297
1686 0.54353
1687 0.54402
1688 0.54429
1689 0.54453
1690 0.54465
1691 0.54506
1692 0.54524
1693 0.54569
1694 0.54595
1695 0.54611
1696 0.54649
1697 0.5467
1698 0.54683
1699 0.54723
1700 0.54755
1701 0.54782
1702 0.54812
1703 0.54819
1704 0.54858
1705 0.54874
1706 0.54933
1707 0.54949
1708 0.54966
1709 0.55019
1710 0.5503
1711 0.55069
1712 0.55107
1713 0.55145
1714 0.55156
1715 0.55178
1716 0.55224
1717 0.55248
1718 0.55278
1719 0.55298
1720 0.5531
1721 0.55337
1722 0.55377
1723 0.55414
1724 0.55434
1725 0.5546
1726 0.55498
1727 0.55512
1728 0.55533
1729 0.55559
1730 0.55592
1731 0.55639
1732 0.55688
1733 0.55731
1734 0.55763
1735 0.55791
1736 0.5582
1737 0.55851
1738 0.5587
1739 0.55892
1740 0.55933
1741 0.55973
1742 0.56006
1743 0.56056
1744 0.56089
1745 0.56103
1746 0.56155
1747 0.56162
1748 0.56208
1749 0.56227
1750 0.56237
1751 0.56257
1752 0.56263
1753 0.56307
1754 0.56345
1755 0.56351
1756 0.564
1757 0.56434
1758 0.56457
1759 0.56475
1760 0.56505
1761 0.56527
1762 0.56546
1763 0.56549
1764 0.56577
1765 0.56582
1766 0.56596
1767 0.56626
1768 0.56669
1769 0.56714
1770 0.56742
1771 0.56792
1772 0.56848
1773 0.56902
1774 0.56916
1775 0.56959
1776 0.57004
1777 0.57019
1778 0.57065
1779 0.57078
1780 0.57103
1781 0.57136
1782 0.57179
1783 0.57203
1784 0.57218
1785 0.57244
1786 0.5727
1787 0.57289
1788 0.57327
1789 0.5736
1790 0.57386
1791 0.57405
1792 0.57428
1793 0.57501
1794 0.57524
1795 0.57543
1796 0.57588
1797 0.57613
1798 0.57622
1799 0.57656
1800 0.57701
1801 0.57737
1802 0.57773
1803 0.5781
1804 0.5785
1805 0.57877
1806 0.57887
1807 0.57916
1808 0.57935
1809 0.57968
1810 0.58001
1811 0.58036
1812 0.58061
1813 0.58085
1814 0.58122
1815 0.58159
1816 0.58204
1817 0.58213
1818 0.5825
1819 0.58259
1820 0.58284
1821 0.58292
1822 0.58327
1823 0.58373
1824 0.58397
1825 0.58448
1826 0.58491
1827 0.58512
1828 0.58539
1829 0.5857
1830 0.58588
1831 0.58604
1832 0.58646
1833 0.58712
1834 0.58755
1835 0.58805
1836 0.5882
1837 0.58853
1838 0.589
1839 0.58976
1840 0.59014
1841 0.5903
1842 0.59043
1843 0.59048
1844 0.5908
1845 0.59107
1846 0.59126
1847 0.59168
1848 0.59215
1849 0.59232
1850 0.59269
1851 0.59286
1852 0.59328
1853 0.5937
1854 0.59382
1855 0.59403
1856 0.59447
1857 0.59488
1858 0.59528
1859 0.5955
1860 0.59588
1861 0.59612
1862 0.59662
1863 0.59714
1864 0.59792
1865 0.59795
1866 0.59805
1867 0.59852
1868 0.59889
1869 0.59964
1870 0.59987
1871 0.60022
1872 0.60059
1873 0.60075
1874 0.60112
1875 0.60142
1876 0.60188
1877 0.60226
1878 0.60261
1879 0.60278
1880 0.6032
1881 0.60346
1882 0.60379
1883 0.60425
1884 0.60471
1885 0.60492
1886 0.6051
1887 0.60534
1888 0.60596
1889 0.60615
1890 0.6064
1891 0.60692
1892 0.60745
1893 0.60783
1894 0.60849
1895 0.60872
1896 0.60891
1897 0.60911
1898 0.60935
1899 0.60966
1900 0.60996
1901 0.61013
1902 0.61021
1903 0.61051
1904 0.61073
1905 0.61097
1906 0.61137
1907 0.61174
1908 0.61224
1909 0.61262
1910 0.61313
1911 0.61333
1912 0.61391
1913 0.61426
1914 0.61468
1915 0.61503
1916 0.61549
1917 0.61564
1918 0.61595
1919 0.61622
1920 0.61676
1921 0.61696
1922 0.61737
1923 0.61751
1924 0.61782
1925 0.61813
1926 0.61852
1927 0.6188
1928 0.61923
1929 0.61955
1930 0.61976
1931 0.61999
1932 0.62032
1933 0.62042
1934 0.62073
1935 0.62125
1936 0.62168
1937 0.62199
1938 0.62246
1939 0.62301
1940 0.62342
1941 0.62392
1942 0.62425
1943 0.62441
1944 0.62464
1945 0.62535
1946 0.62588
1947 0.62634
1948 0.62685
1949 0.62725
1950 0.62757
1951 0.6277
1952 0.62808
1953 0.62827
1954 0.62862
1955 0.62914
1956 0.62936
1957 0.62958
1958 0.62976
1959 0.63015
1960 0.63054
1961 0.6308
1962 0.63107
1963 0.63174
1964 0.63223
1965 0.63252
1966 0.63305
1967 0.63333
1968 0.63372
1969 0.63395
1970 0.63423
1971 0.63438
1972 0.63468
1973 0.63502
1974 0.63509
1975 0.63513
1976 0.63543
1977 0.63608
1978 0.63635
1979 0.63658
1980 0.6368
1981 0.63718
1982 0.63736
1983 0.63769
1984 0.63819
1985 0.63854
1986 0.63874
1987 0.63895
1988 0.6393
1989 0.6394
1990 0.63978
1991 0.64007
1992 0.64038
1993 0.64077
1994 0.64088
1995 0.64117
1996 0.64156
1997 0.64196
1998 0.64228
1999 0.64236
2000 0.6427
2001 0.6431
2002 0.64354
2003 0.64393
2004 0.64419
2005 0.64482
2006 0.64502
2007 0.64546
2008 0.64587
2009 0.6461
2010 0.64627
2011 0.64676
2012 0.64721
2013 0.64748
2014 0.64817
2015 0.64845
2016 0.64866
2017 0.64882
2018 0.64936
2019 0.64958
2020 0.64997
2021 0.65042
2022 0.65098
2023 0.65126
2024 0.65176
2025 0.65196
2026 0.65224
2027 0.65251
2028 0.65277
2029 0.65297
2030 0.65338
2031 0.65379
2032 0.65402
2033 0.65451
2034 0.65488
2035 0.65566
2036 0.65593
2037 0.65625
2038 0.65671
2039 0.65717
2040 0.65742
2041 0.65791
2042 0.65803
2043 0.65833
2044 0.65846
2045 0.65876
2046 0.65904
2047 0.65944
2048 0.65991
2049 0.66
2050 0.66022
2051 0.66068
2052 0.66114
2053 0.66172
2054 0.66178
2055 0.66209
2056 0.66231
2057 0.6624
2058 0.66266
2059 0.66301
2060 0.66319
2061 0.66383
2062 0.66432
2063 0.66463
2064 0.66484
2065 0.66519
2066 0.66554
2067 0.66598
2068 0.66615
2069 0.66623
2070 0.66668
2071 0.66709
2072 0.66712
2073 0.66748
2074 0.66781
2075 0.66793
2076 0.66815
2077 0.6684
2078 0.66929
2079 0.66953
2080 0.67005
2081 0.67036
2082 0.67081
2083 0.67133
2084 0.67142
2085 0.67177
2086 0.67198
2087 0.67244
2088 0.67273
2089 0.6731
2090 0.6736
2091 0.67386
2092 0.67389
2093 0.67393
2094 0.67418
2095 0.67459
2096 0.6747
2097 0.67495
2098 0.67517
2099 0.67548
2100 0.67582
2101 0.67587
2102 0.67623
2103 0.67647
2104 0.67698
2105 0.67757
2106 0.67806
2107 0.67836
2108 0.67853
2109 0.67882
2110 0.67898
2111 0.67906
2112 0.67987
2113 0.68028
2114 0.68079
2115 0.68115
2116 0.68188
2117 0.68207
2118 0.68228
2119 0.68258
2120 0.68292
2121 0.68312
2122 0.68347
2123 0.68367
2124 0.68398
2125 0.68447
2126 0.68469
2127 0.68528
2128 0.68568
2129 0.68585
2130 0.68609
2131 0.68669
2132 0.68695
2133 0.68723
2134 0.68759
2135 0.68793
2136 0.68829
2137 0.68873
2138 0.68882
2139 0.68923
2140 0.68971
2141 0.6899
2142 0.69031
2143 0.6908
2144 0.69098
2145 0.69118
2146 0.6914
2147 0.69175
2148 0.69219
2149 0.69253
2150 0.69281
2151 0.69291
2152 0.69306
2153 0.69334
2154 0.6935
2155 0.69382
2156 0.69408
2157 0.69433
2158 0.69456
2159 0.69535
2160 0.69544
2161 0.69553
2162 0.69587
2163 0.69628
2164 0.69644
2165 0.69676
2166 0.69726
2167 0.69762
2168 0.69781
2169 0.69823
2170 0.69839
2171 0.69867
2172 0.69878
2173 0.69908
2174 0.69928
2175 0.69946
2176 0.69974
2177 0.70036
2178 0.70056
2179 0.70081
2180 0.70105
2181 0.70128
2182 0.70138
2183 0.70181
2184 0.70223
2185 0.70257
2186 0.70313
2187 0.70344
2188 0.70405
2189 0.70451
2190 0.70468
2191 0.70496
2192 0.70536
2193 0.70574
2194 0.70604
2195 0.70633
2196 0.70676
2197 0.70733
2198 0.70758
2199 0.70785
2200 0.7081
2201 0.7083
2202 0.70871
2203 0.70876
2204 0.70903
2205 0.70952
2206 0.70971
2207 0.70997
2208 0.7104
2209 0.71056
2210 0.71082
2211 0.71138
2212 0.7118
2213 0.71188
2214 0.7122
2215 0.71249
2216 0.71298
2217 0.71318
2218 0.71363
2219 0.7138
2220 0.7141
2221 0.71423
2222 0.71454
2223 0.71494
2224 0.71523
2225 0.71561
2226 0.71599
2227 0.71624
2228 0.71657
2229 0.71678
2230 0.71713
2231 0.71736
2232 0.71778
2233 0.718
2234 0.71831
2235 0.71847
2236 0.71885
2237 0.71926
2238 0.71943
2239 0.71972
2240 0.71984
2241 0.72045
2242 0.7207
2243 0.72122
2244 0.72172
2245 0.72188
2246 0.72209
2247 0.72233
2248 0.72267
2249 0.72286
2250 0.7234
2251 0.72379
2252 0.72429
2253 0.72449
2254 0.7247
2255 0.72521
2256 0.72575
2257 0.7258
2258 0.72626
2259 0.72651
2260 0.72667
2261 0.72699
2262 0.72733
2263 0.72751
2264 0.72795
2265 0.72822
2266 0.72868
2267 0.72904
2268 0.72923
2269 0.7296
2270 0.7302
2271 0.73106
2272 0.73127
2273 0.7318
2274 0.73212
2275 0.73256
2276 0.733
2277 0.73351
2278 0.73371
2279 0.73391
2280 0.73411
2281 0.73426
2282 0.73468
2283 0.73534
2284 0.73564
2285 0.73582
2286 0.73621
2287 0.73641
2288 0.73649
2289 0.73686
2290 0.73701
2291 0.73752
2292 0.73807
2293 0.73861
2294 0.73874
2295 0.73892
2296 0.73915
2297 0.73955
2298 0.73983
2299 0.73997
2300 0.74012
2301 0.74042
2302 0.74055
2303 0.74081
2304 0.74107
2305 0.74137
2306 0.74171
2307 0.74217
2308 0.74246
2309 0.74266
2310 0.74292
2311 0.74326
2312 0.74357
2313 0.7436
2314 0.74395
2315 0.74415
2316 0.74461
2317 0.74487
2318 0.7452
2319 0.74538
2320 0.74564
2321 0.74577
2322 0.74599
2323 0.74643
2324 0.7469
2325 0.74717
2326 0.74749
2327 0.7476
2328 0.74774
2329 0.74788
2330 0.74824
2331 0.74846
2332 0.74885
2333 0.74917
2334 0.74937
2335 0.74962
2336 0.75011
2337 0.75018
2338 0.75064
2339 0.75089
2340 0.75164
2341 0.75169
2342 0.75213
2343 0.75262
2344 0.7529
2345 0.75319
2346 0.75368
2347 0.75384
2348 0.75426
2349 0.75444
2350 0.75466
2351 0.75495
2352 0.75524
2353 0.75574
2354 0.75634
2355 0.75642
2356 0.7569
2357 0.75739
2358 0.75745
2359 0.75793
2360 0.75808
2361 0.75822
2362 0.75842
2363 0.75862
2364 0.75887
2365 0.75925
2366 0.75944
2367 0.75981
2368 0.75989
2369 0.76003
2370 0.76028
2371 0.76053
2372 0.76083
2373 0.76098
2374 0.76123
2375 0.76153
2376 0.76172
2377 0.76207
2378 0.76281
2379 0.76298
2380 0.76337
2381 0.76376
2382 0.76405
2383 0.76453
2384 0.76516
2385 0.76529
2386 0.76555
2387 0.76609
2388 0.76626
2389 0.76637
2390 0.76666
2391 0.7671
2392 0.76733
2393 0.76763
2394 0.76824
2395 0.76859
2396 0.76884
2397 0.76949
2398 0.76988
2399 0.76994
2400 0.77007
2401 0.7702
2402 0.77047
2403 0.77079
2404 0.7711
2405 0.77124
2406 0.77138
2407 0.77167
2408 0.77196
2409 0.77236
2410 0.77267
2411 0.77305
2412 0.7735
2413 0.7736
2414 0.77372
2415 0.77395
2416 0.77437
2417 0.77487
2418 0.7751
2419 0.77544
2420 0.77561
2421 0.77602
2422 0.77643
2423 0.77667
2424 0.77709
2425 0.77753
2426 0.77789
2427 0.77823
2428 0.77845
2429 0.77877
2430 0.77902
2431 0.77959
2432 0.77981
2433 0.78011
2434 0.78049
2435 0.781
2436 0.7814
2437 0.78171
2438 0.78193
2439 0.78251
2440 0.78308
2441 0.78369
2442 0.78398
2443 0.78457
2444 0.78471
2445 0.78489
2446 0.78515
2447 0.78551
2448 0.78589
2449 0.78611
2450 0.78647
2451 0.7867
2452 0.787
2453 0.78737
2454 0.7875
2455 0.78779
2456 0.78801
2457 0.7883
2458 0.78869
2459 0.78904
2460 0.78917
2461 0.7896
2462 0.78985
2463 0.79027
2464 0.79063
2465 0.7909
2466 0.79101
2467 0.79138
2468 0.79144
2469 0.79162
2470 0.79193
2471 0.79206
2472 0.79222
2473 0.79273
2474 0.79333
2475 0.79402
2476 0.79415
2477 0.79425
2478 0.79466
2479 0.79511
2480 0.79543
2481 0.7957
2482 0.79608
2483 0.79661
2484 0.79685
2485 0.79744
2486 0.79782
2487 0.79808
2488 0.79859
2489 0.79892
2490 0.7993
2491 0.79969
2492 0.80009
2493 0.80035
2494 0.80079
2495 0.80107
2496 0.80117
2497 0.80148
2498 0.80182
2499 0.80249
2500 0.80277
2501 0.80313
2502 0.80365
2503 0.80388
2504 0.80422
2505 0.80445
2506 0.80479
2507 0.80507
2508 0.80545
2509 0.80559
2510 0.80601
2511 0.80655
2512 0.80678
2513 0.80719
2514 0.80777
2515 0.80828
2516 0.80835
2517 0.80867
2518 0.80917
2519 0.80931
2520 0.8097
2521 0.81017
2522 0.81038
2523 0.81069
2524 0.81074
2525 0.81124
2526 0.81146
2527 0.81152
2528 0.81186
2529 0.81197
2530 0.81237
2531 0.81275
2532 0.81317
2533 0.81334
2534 0.81362
2535 0.81421
2536 0.8146
2537 0.81487
2538 0.81531
2539 0.81565
2540 0.8158
2541 0.81588
2542 0.81618
2543 0.81627
2544 0.81664
2545 0.81688
2546 0.8174
2547 0.81777
2548 0.81798
2549 0.81815
2550 0.81838
2551 0.81884
2552 0.81918
2553 0.81949
2554 0.81956
2555 0.81976
2556 0.82008
2557 0.82052
2558 0.82092
2559 0.82137
2560 0.82162
2561 0.82181
2562 0.82243
2563 0.82297
2564 0.82325
2565 0.82365
2566 0.82401
2567 0.8245
2568 0.82485
2569 0.82528
2570 0.8253
2571 0.82565
2572 0.82594
2573 0.82622
2574 0.82658
2575 0.82693
2576 0.82735
2577 0.82782
2578 0.82823
2579 0.82865
2580 0.82905
2581 0.82922
2582 0.82935
2583 0.82993
2584 0.83017
2585 0.83025
2586 0.83085
2587 0.83131
2588 0.83182
2589 0.83197
2590 0.83253
2591 0.83316
2592 0.83345
2593 0.83378
2594 0.83391
2595 0.83419
2596 0.83473
2597 0.83524
2598 0.83556
2599 0.83593
2600 0.83624
2601 0.83658
2602 0.83683
2603 0.83719
2604 0.83759
2605 0.83819
2606 0.83861
2607 0.83874
2608 0.83899
2609 0.83914
2610 0.83962
2611 0.83977
2612 0.83997
2613 0.84058
2614 0.84105
2615 0.84128
2616 0.84181
2617 0.84206
2618 0.84254
2619 0.84299
2620 0.84323
2621 0.8435
2622 0.84375
2623 0.84403
2624 0.84442
2625 0.84482
2626 0.84567
2627 0.84601
2628 0.84655
2629 0.84698
2630 0.84738
2631 0.84758
2632 0.84789
2633 0.8482
2634 0.8483
2635 0.84871
2636 0.84908
2637 0.84961
2638 0.85021
2639 0.85034
2640 0.85104
2641 0.85124
2642 0.85141
2643 0.85191
2644 0.85213
2645 0.85239
2646 0.8525
2647 0.8526
2648 0.85319
2649 0.85339
2650 0.8542
2651 0.85441
2652 0.85465
2653 0.85486
2654 0.85507
2655 0.85517
2656 0.85565
2657 0.85598
2658 0.85618
2659 0.8563
2660 0.85653
2661 0.85698
2662 0.85723
2663 0.85752
2664 0.85774
2665 0.85804
2666 0.85854
2667 0.8588
2668 0.85908
2669 0.85941
2670 0.86003
2671 0.86013
2672 0.86043
2673 0.86064
2674 0.86089
2675 0.86112
2676 0.86154
2677 0.86187
2678 0.86233
2679 0.86242
2680 0.86272
2681 0.86292
2682 0.86312
2683 0.86333
2684 0.86344
2685 0.8638
2686 0.86416
2687 0.86427
2688 0.86472
2689 0.865
2690 0.86512
2691 0.86564
2692 0.86584
2693 0.86623
2694 0.86651
2695 0.86697
2696 0.8676
2697 0.86789
2698 0.86831
2699 0.86845
2700 0.86892
2701 0.86926
2702 0.86971
2703 0.87003
2704 0.87076
2705 0.87125
2706 0.87187
2707 0.87198
2708 0.87225
2709 0.87283
2710 0.87299
2711 0.87348
2712 0.8739
2713 0.87427
2714 0.87457
2715 0.87477
2716 0.87492
2717 0.87534
2718 0.87558
2719 0.87579
2720 0.87625
2721 0.87644
2722 0.87675
2723 0.87734
2724 0.87796
2725 0.87828
2726 0.87855
2727 0.87865
2728 0.87876
2729 0.87894
2730 0.87917
2731 0.87967
2732 0.88005
2733 0.88019
2734 0.88057
2735 0.88078
2736 0.88097
2737 0.88104
2738 0.88132
2739 0.88167
2740 0.88195
2741 0.88244
2742 0.88295
2743 0.8831
2744 0.88328
2745 0.88371
2746 0.88381
2747 0.88424
2748 0.88433
2749 0.88473
2750 0.88522
2751 0.88543
2752 0.88571
2753 0.88597
2754 0.88621
2755 0.88649
2756 0.88685
2757 0.88722
2758 0.88746
2759 0.88797
2760 0.88806
2761 0.8885
2762 0.88891
2763 0.88924
2764 0.88958
2765 0.89004
2766 0.89024
2767 0.89042
2768 0.89075
2769 0.89109
2770 0.89128
2771 0.89147
2772 0.89177
2773 0.89236
2774 0.89254
2775 0.89273
2776 0.8932
2777 0.89335
2778 0.89356
2779 0.89397
2780 0.89411
2781 0.8943
2782 0.8947
2783 0.89486
2784 0.89526
2785 0.89555
2786 0.89572
2787 0.89589
2788 0.8962
2789 0.89666
2790 0.89694
2791 0.89757
2792 0.89812
2793 0.89842
2794 0.89872
2795 0.89918
2796 0.89966
2797 0.90019
2798 0.90045
2799 0.90092
2800 0.90125
2801 0.9013
2802 0.90186
2803 0.90213
2804 0.90284
2805 0.90317
2806 0.90355
2807 0.90372
2808 0.90398
2809 0.90451
2810 0.90468
2811 0.90484
2812 0.90516
2813 0.90534
2814 0.90545
2815 0.90604
2816 0.90632
2817 0.90667
2818 0.90706
2819 0.90745
2820 0.90746
2821 0.90777
2822 0.90826
2823 0.90855
2824 0.90874
2825 0.90931
2826 0.9099
2827 0.91023
2828 0.91035
2829 0.9106
2830 0.9109
2831 0.91099
2832 0.91121
2833 0.9114
2834 0.91187
2835 0.91209
2836 0.91247
2837 0.91294
2838 0.91323
2839 0.91358
2840 0.9137
2841 0.91412
2842 0.91421
2843 0.91435
2844 0.91474
2845 0.91525
2846 0.91563
2847 0.91596
2848 0.91648
2849 0.91717
2850 0.91757
2851 0.9177
2852 0.91791
2853 0.91822
2854 0.91852
2855 0.91889
2856 0.91896
2857 0.91946
2858 0.91974
2859 0.92023
2860 0.92057
2861 0.9207
2862 0.92099
2863 0.92141
2864 0.9217
2865 0.92211
2866 0.92236
2867 0.92268
2868 0.92297
2869 0.92321
2870 0.92363
2871 0.92418
2872 0.92478
2873 0.92507
2874 0.92516
2875 0.92531
2876 0.92543
2877 0.92562
2878 0.92593
2879 0.92609
2880 0.92664
2881 0.92705
2882 0.92764
2883 0.92779
2884 0.92808
2885 0.92812
2886 0.92846
2887 0.92893
2888 0.92927
2889 0.92951
2890 0.92984
2891 0.92997
2892 0.93015
2893 0.9305
2894 0.93057
2895 0.93089
2896 0.93154
2897 0.93211
2898 0.9324
2899 0.93299
2900 0.9334
2901 0.93353
2902 0.93415
2903 0.9344
2904 0.93469
2905 0.9351
2906 0.93521
2907 0.93549
2908 0.93569
2909 0.93606
2910 0.93635
2911 0.9366
2912 0.93696
2913 0.93737
2914 0.93785
2915 0.93804
2916 0.9383
2917 0.93849
2918 0.93874
2919 0.93933
2920 0.93942
2921 0.93982
2922 0.94017
2923 0.94057
2924 0.94091
2925 0.94138
2926 0.94159
2927 0.9418
2928 0.94215
2929 0.94243
2930 0.9429
2931 0.9432
2932 0.94347
2933 0.94399
2934 0.94432
2935 0.94442
2936 0.94457
2937 0.94494
2938 0.94513
2939 0.94553
2940 0.94581
2941 0.94594
2942 0.94647
2943 0.94661
2944 0.94678
2945 0.94699
2946 0.94725
2947 0.94771
2948 0.94803
2949 0.94852
2950 0.94887
2951 0.94938
2952 0.94953
2953 0.94988
2954 0.95001
2955 0.95023
2956 0.95059
2957 0.95085
2958 0.95137
2959 0.95143
2960 0.95186
2961 0.95221
2962 0.9524
2963 0.95282
2964 0.95328
2965 0.95413
2966 0.95446
2967 0.95481
2968 0.95513
2969 0.95547
2970 0.95589
2971 0.95607
2972 0.95642
2973 0.9571
2974 0.95762
2975 0.95804
2976 0.95854
2977 0.95887
2978 0.95908
2979 0.95932
2980 0.95975
2981 0.96004
2982 0.96013
2983 0.96074
2984 0.96139
2985 0.96171
2986 0.96201
2987 0.96235
2988 0.96254
2989 0.96312
2990 0.9635
2991 0.96385
2992 0.96411
2993 0.96452
2994 0.96502
2995 0.96555
2996 0.96577
2997 0.96596
2998 0.96626
2999 0.96669
3000 0.967
3001 0.96734
3002 0.96749
3003 0.96796
3004 0.9682
3005 0.96839
3006 0.96864
3007 0.96887
3008 0.96914
3009 0.96966
3010 0.9701
3011 0.97078
3012 0.971
3013 0.97127
3014 0.97156
3015 0.97175
3016 0.97187
3017 0.97221
3018 0.97256
3019 0.97274
3020 0.97292
3021 0.97308
3022 0.97338
3023 0.97379
3024 0.97418
3025 0.97451
3026 0.97518
3027 0.97583
3028 0.97592
3029 0.97643
3030 0.97689
3031 0.97725
3032 0.97737
3033 0.97818
3034 0.97848
3035 0.97876
3036 0.97924
3037 0.97974
3038 0.98007
3039 0.98018
3040 0.98061
3041 0.98097
3042 0.98143
3043 0.98158
3044 0.98165
3045 0.98216
3046 0.98225
3047 0.98288
3048 0.98307
3049 0.98319
3050 0.98342
3051 0.98361
3052 0.98398
3053 0.98411
3054 0.98443
3055 0.98471
3056 0.98524
3057 0.98565
3058 0.98591
3059 0.98617
3060 0.98631
3061 0.98652
3062 0.98708
3063 0.98766
3064 0.98792
3065 0.98814
3066 0.98828
3067 0.98852
3068 0.98901
3069 0.98912
3070 0.98932
3071 0.98963
3072 0.98997
3073 0.9905
3074 0.99065
3075 0.99094
3076 0.99134
3077 0.99176
3078 0.99206
3079 0.99245
3080 0.99281
3081 0.99309
3082 0.99338
3083 0.99384
3084 0.99429
3085 0.99449
3086 0.99468
3087 0.99501
3088 0.99536
3089 0.99543
3090 0.99597
3091 0.9965
3092 0.9966
3093 0.99701
3094 0.99727
3095 0.9975
3096 0.99789
3097 0.99848
3098 0.99864
3099 0.9989
3100 0.99935
3101 0.99945
3102 0.99962
3103 0.99994
3104 1.00041
# Generated pool n. 3 for Umax = 319.23565673828125
# Generated a biased pool of 100000 with an acceptance of 0.03875527158379555
# Generated a pool of 100000 with an acceptance of 0.0016109661835748774
# Generation repeated 3105 times
# Average relative effective sample size: 0.009185465052723885
# Generation efficiency: 0.00032206119162640903
