# Generation 18

0 0.0026
1 0.00533
2 0.00974
3 0.0157
4 0.01817
5 0.02443
6 0.02815
7 0.02905
8 0.02968
9 0.03462
10 0.03698
11 0.0416
12 0.04437
13 0.04638
14 0.04864
15 0.05122
16 0.05258
17 0.05781
18 0.06097
19 0.06542
20 0.07094
21 0.07257
22 0.07351
23 0.0777
24 0.08015
25 0.08192
26 0.08739
27 0.08995
28 0.09326
29 0.09649
30 0.09743
31 0.10253
32 0.10863
33 0.11219
34 0.11373
35 0.11681
36 0.12025
37 0.12123
38 0.12303
39 0.1244
40 0.12882
41 0.1329
42 0.13493
43 0.13778
44 0.14206
45 0.14648
46 0.14937
47 0.15052
48 0.15196
49 0.15454
50 0.15749
51 0.16036
52 0.16294
53 0.16485
54 0.16739
55 0.17472
56 0.17664
57 0.17992
58 0.18174
59 0.18519
60 0.18809
61 0.19206
62 0.19894
63 0.20358
64 0.20572
65 0.20979
66 0.21262
67 0.21712
68 0.21925
69 0.22258
70 0.22379
71 0.22723
72 0.23203
73 0.23501
74 0.23631
75 0.23738
76 0.23914
77 0.24236
78 0.2448
79 0.24884
80 0.25205
81 0.25628
82 0.25691
83 0.26059
84 0.26465
85 0.26733
86 0.27099
87 0.27347
88 0.27466
89 0.27902
90 0.28204
91 0.2829
92 0.28511
93 0.28802
94 0.29158
95 0.29506
96 0.29794
97 0.30189
98 0.30555
99 0.30776
100 0.31223
101 0.31511
102 0.32062
103 0.32393
104 0.32668
105 0.33071
106 0.33416
107 0.33776
108 0.34173
109 0.34797
110 0.35044
111 0.35488
112 0.35877
113 0.36048
114 0.3663
115 0.36964
116 0.37076
117 0.37613
118 0.38379
119 0.38879
120 0.39045
121 0.39516
122 0.40142
123 0.4054
124 0.41135
125 0.41302
126 0.41712
127 0.41882
128 0.42137
129 0.42814
130 0.43477
131 0.43581
132 0.43844
133 0.44058
134 0.4432
135 0.4471
136 0.44976
137 0.45452
138 0.45719
139 0.46088
140 0.46265
141 0.46487
142 0.46933
143 0.47454
144 0.47629
145 0.48008
146 0.4855
147 0.48714
148 0.48818
149 0.4909
150 0.49212
151 0.49319
152 0.49926
153 0.50452
154 0.50819
155 0.51377
156 0.51897
157 0.5204
158 0.52627
159 0.53029
160 0.53088
161 0.53271
162 0.5349
163 0.54319
164 0.54662
165 0.54978
166 0.55015
167 0.55107
168 0.5537
169 0.55913
170 0.56272
171 0.5658
172 0.5729
173 0.57652
174 0.58145
175 0.58505
176 0.58785
177 0.59087
178 0.59581
179 0.59905
180 0.60329
181 0.6074
182 0.60994
183 0.61384
184 0.61797
185 0.61887
186 0.6218
187 0.62579
188 0.62749
189 0.62923
190 0.63201
191 0.6343
192 0.63646
193 0.64188
194 0.64382
195 0.64737
196 0.65034
197 0.65584
198 0.65986
199 0.66426
200 0.66612
201 0.67091
202 0.67467
203 0.68264
204 0.68513
205 0.6869
206 0.69092
207 0.69586
208 0.69978
209 0.70255
210 0.70745
211 0.70865
212 0.7115
213 0.71536
214 0.71903
215 0.72086
216 0.72147
217 0.72571
218 0.7323
219 0.73706
220 0.74165
221 0.74517
222 0.75039
223 0.75676
224 0.76255
225 0.76497
226 0.76842
227 0.77049
228 0.77619
229 0.78112
230 0.78282
231 0.78713
232 0.79068
233 0.79572
234 0.79819
235 0.80224
236 0.80478
237 0.80804
238 0.80962
239 0.81172
240 0.81536
241 0.81784
242 0.82134
243 0.82287
244 0.8265
245 0.83144
246 0.8347
247 0.8384
248 0.84159
249 0.84705
250 0.8511
251 0.8554
252 0.85947
253 0.86236
254 0.8668
255 0.87135
256 0.87598
257 0.87999
258 0.88461
259 0.88675
260 0.89034
261 0.89682
262 0.90047
263 0.90525
264 0.9075
265 0.90997
266 0.91455
267 0.91582
268 0.91895
269 0.92231
270 0.92609
271 0.93187
272 0.93339
273 0.93759
274 0.94083
275 0.94433
276 0.94753
277 0.95134
278 0.9539
279 0.95656
280 0.96137
281 0.96904
282 0.97214
283 0.97502
284 0.98148
285 0.98219
286 0.98388
287 0.99058
288 0.99394
289 1.00074
# Generated pool n. 18 for Umax = -14.549996376037598
# Generated a biased pool of 100000 with an acceptance of 0.6533769965171814
# Generated a pool of 100000 with an acceptance of 0.01725413793103449
# Generation repeated 290 times
# Average relative effective sample size: 0.29623186588287354
# Generation efficiency: 0.0034482758620689655
