# Generation 7

0 0.00022
1 0.00045
2 0.00064
3 0.00108
4 0.00111
5 0.00125
6 0.00188
7 0.00224
8 0.00267
9 0.00292
10 0.00305
11 0.00314
12 0.00324
13 0.00335
14 0.00358
15 0.00363
16 0.00384
17 0.00425
18 0.00479
19 0.00483
20 0.00501
21 0.00509
22 0.00525
23 0.00565
24 0.00576
25 0.00581
26 0.0059
27 0.00595
28 0.00612
29 0.00634
30 0.00648
31 0.00682
32 0.00696
33 0.00751
34 0.00779
35 0.00802
36 0.00856
37 0.00869
38 0.00886
39 0.00888
40 0.00916
41 0.0093
42 0.00956
43 0.0096
44 0.00976
45 0.01007
46 0.01065
47 0.0113
48 0.01162
49 0.01169
50 0.01203
51 0.0121
52 0.01226
53 0.01232
54 0.01249
55 0.01303
56 0.01342
57 0.01348
58 0.01402
59 0.0142
60 0.01507
61 0.01541
62 0.01557
63 0.01569
64 0.01606
65 0.01617
66 0.01635
67 0.01674
68 0.01725
69 0.01748
70 0.01764
71 0.0179
72 0.01829
73 0.01866
74 0.01877
75 0.01927
76 0.01962
77 0.02019
78 0.02036
79 0.02044
80 0.02051
81 0.02074
82 0.02096
83 0.02149
84 0.02204
85 0.02213
86 0.02243
87 0.02261
88 0.0227
89 0.02308
90 0.02339
91 0.02362
92 0.02394
93 0.02424
94 0.02443
95 0.02448
96 0.02496
97 0.02547
98 0.02579
99 0.02609
100 0.02635
101 0.02664
102 0.02712
103 0.02772
104 0.02806
105 0.02833
106 0.02854
107 0.02884
108 0.02899
109 0.02916
110 0.02936
111 0.02952
112 0.02969
113 0.03019
114 0.03033
115 0.03041
116 0.0305
117 0.03071
118 0.0309
119 0.03112
120 0.03147
121 0.03198
122 0.03241
123 0.03281
124 0.03299
125 0.03336
126 0.03355
127 0.0339
128 0.034
129 0.03422
130 0.03448
131 0.03503
132 0.03515
133 0.0352
134 0.03556
135 0.0358
136 0.03629
137 0.03657
138 0.03665
139 0.03682
140 0.03714
141 0.03717
142 0.03751
143 0.03786
144 0.03793
145 0.03824
146 0.03851
147 0.0387
148 0.03872
149 0.03916
150 0.03931
151 0.03948
152 0.04005
153 0.04074
154 0.04092
155 0.04116
156 0.04155
157 0.04195
158 0.04232
159 0.04246
160 0.04278
161 0.04311
162 0.04343
163 0.04381
164 0.04404
165 0.04421
166 0.04449
167 0.04467
168 0.04503
169 0.04527
170 0.0455
171 0.04593
172 0.04618
173 0.04667
174 0.04713
175 0.0473
176 0.04773
177 0.0481
178 0.04858
179 0.04895
180 0.04949
181 0.04973
182 0.05016
183 0.05048
184 0.05066
185 0.05106
186 0.05128
187 0.05141
188 0.05167
189 0.05209
190 0.0524
191 0.053
192 0.05312
193 0.05356
194 0.05379
195 0.05408
196 0.05458
197 0.055
198 0.05549
199 0.05615
200 0.05656
201 0.05668
202 0.0569
203 0.05716
204 0.05762
205 0.05788
206 0.05824
207 0.05832
208 0.05855
209 0.05872
210 0.05891
211 0.05894
212 0.05947
213 0.05982
214 0.06039
215 0.06054
216 0.06109
217 0.06156
218 0.06171
219 0.06185
220 0.06203
221 0.06228
222 0.06271
223 0.06306
224 0.0634
225 0.06365
226 0.06424
227 0.06479
228 0.06553
229 0.0657
230 0.06614
231 0.06669
232 0.06684
233 0.06695
234 0.06718
235 0.06747
236 0.0679
237 0.06798
238 0.06812
239 0.06847
240 0.06871
241 0.06887
242 0.06908
243 0.06942
244 0.06983
245 0.07033
246 0.07054
247 0.07077
248 0.07106
249 0.07145
250 0.0716
251 0.07224
252 0.07228
253 0.07287
254 0.07302
255 0.07344
256 0.0738
257 0.07388
258 0.07406
259 0.07427
260 0.07449
261 0.07482
262 0.07504
263 0.07516
264 0.07542
265 0.07562
266 0.07569
267 0.07614
268 0.07639
269 0.07646
270 0.07682
271 0.07697
272 0.07713
273 0.07786
274 0.07824
275 0.07861
276 0.07899
277 0.07907
278 0.0793
279 0.07958
280 0.08007
281 0.08029
282 0.08069
283 0.08098
284 0.08114
285 0.08162
286 0.08188
287 0.08212
288 0.08249
289 0.08256
290 0.08269
291 0.08289
292 0.08296
293 0.08335
294 0.08354
295 0.08367
296 0.08403
297 0.08431
298 0.08482
299 0.0852
300 0.08564
301 0.08612
302 0.08654
303 0.08699
304 0.08735
305 0.0877
306 0.08779
307 0.08791
308 0.08832
309 0.08871
310 0.08927
311 0.08966
312 0.08968
313 0.09029
314 0.09071
315 0.09079
316 0.0922
317 0.09273
318 0.09299
319 0.0933
320 0.0934
321 0.09378
322 0.09387
323 0.09438
324 0.09451
325 0.09465
326 0.09483
327 0.09495
328 0.09508
329 0.09551
330 0.09573
331 0.09589
332 0.09596
333 0.09644
334 0.09677
335 0.09679
336 0.09686
337 0.09707
338 0.09759
339 0.09784
340 0.09809
341 0.09835
342 0.09886
343 0.09934
344 0.09967
345 0.10015
346 0.10049
347 0.10087
348 0.10125
349 0.10142
350 0.10187
351 0.1022
352 0.10261
353 0.10302
354 0.10324
355 0.10325
356 0.10359
357 0.10393
358 0.10405
359 0.10423
360 0.10435
361 0.1049
362 0.10522
363 0.10563
364 0.10581
365 0.106
366 0.10619
367 0.10637
368 0.10646
369 0.10661
370 0.10694
371 0.10705
372 0.10717
373 0.10758
374 0.10764
375 0.10804
376 0.10851
377 0.10857
378 0.109
379 0.10916
380 0.10947
381 0.10957
382 0.1099
383 0.11005
384 0.11051
385 0.11058
386 0.1108
387 0.11092
388 0.11138
389 0.11181
390 0.11212
391 0.11227
392 0.11282
393 0.11324
394 0.11337
395 0.11348
396 0.11354
397 0.11424
398 0.1143
399 0.11442
400 0.1147
401 0.11476
402 0.11504
403 0.1157
404 0.11596
405 0.11633
406 0.11641
407 0.11689
408 0.11704
409 0.1172
410 0.11735
411 0.11811
412 0.11817
413 0.11869
414 0.11923
415 0.11947
416 0.11977
417 0.12
418 0.12007
419 0.12026
420 0.12048
421 0.12096
422 0.12151
423 0.12167
424 0.12188
425 0.12231
426 0.12273
427 0.12327
428 0.12374
429 0.12389
430 0.124
431 0.12404
432 0.12411
433 0.12445
434 0.12476
435 0.12533
436 0.12553
437 0.12577
438 0.12618
439 0.12655
440 0.12662
441 0.12693
442 0.12704
443 0.12723
444 0.12777
445 0.12783
446 0.12802
447 0.12818
448 0.12878
449 0.12907
450 0.12921
451 0.12957
452 0.1297
453 0.12975
454 0.12991
455 0.13062
456 0.13065
457 0.13082
458 0.13122
459 0.13135
460 0.13189
461 0.13235
462 0.13282
463 0.13297
464 0.13321
465 0.13337
466 0.13367
467 0.13412
468 0.13426
469 0.13442
470 0.13467
471 0.13522
472 0.13551
473 0.13603
474 0.13655
475 0.13724
476 0.13759
477 0.13804
478 0.13834
479 0.13852
480 0.13874
481 0.13882
482 0.13929
483 0.13956
484 0.13974
485 0.14017
486 0.14051
487 0.14069
488 0.14086
489 0.14101
490 0.14121
491 0.14145
492 0.14184
493 0.14192
494 0.14243
495 0.14294
496 0.14322
497 0.14339
498 0.14378
499 0.14415
500 0.14451
501 0.14462
502 0.14497
503 0.14503
504 0.14516
505 0.14576
506 0.14587
507 0.14619
508 0.14687
509 0.1472
510 0.14745
511 0.14761
512 0.1481
513 0.14842
514 0.14848
515 0.14871
516 0.14922
517 0.14929
518 0.14942
519 0.15005
520 0.15052
521 0.15074
522 0.151
523 0.15151
524 0.15185
525 0.15224
526 0.15241
527 0.15268
528 0.15284
529 0.15316
530 0.15354
531 0.15361
532 0.15386
533 0.15394
534 0.15441
535 0.15497
536 0.15547
537 0.15552
538 0.15572
539 0.15586
540 0.15675
541 0.15692
542 0.15717
543 0.15794
544 0.15835
545 0.15873
546 0.15887
547 0.15913
548 0.15919
549 0.15958
550 0.15991
551 0.16018
552 0.16026
553 0.16088
554 0.16167
555 0.16208
556 0.16223
557 0.16267
558 0.16304
559 0.16347
560 0.16348
561 0.16393
562 0.16408
563 0.16436
564 0.16479
565 0.16501
566 0.16506
567 0.16527
568 0.16539
569 0.16565
570 0.16632
571 0.1665
572 0.16711
573 0.16737
574 0.16758
575 0.16805
576 0.16846
577 0.1688
578 0.1691
579 0.16929
580 0.16997
581 0.17007
582 0.1709
583 0.17119
584 0.17135
585 0.17168
586 0.1719
587 0.17238
588 0.17256
589 0.17277
590 0.17278
591 0.17284
592 0.17307
593 0.17359
594 0.17366
595 0.17398
596 0.17413
597 0.17502
598 0.17513
599 0.17516
600 0.17525
601 0.17571
602 0.17631
603 0.17636
604 0.17653
605 0.17671
606 0.177
607 0.1773
608 0.17806
609 0.17873
610 0.17906
611 0.17919
612 0.17949
613 0.1802
614 0.18037
615 0.18103
616 0.18156
617 0.18166
618 0.18186
619 0.18214
620 0.18266
621 0.1828
622 0.18322
623 0.18365
624 0.18397
625 0.18446
626 0.18496
627 0.18528
628 0.18572
629 0.1863
630 0.18664
631 0.1868
632 0.18712
633 0.18761
634 0.18805
635 0.18857
636 0.18873
637 0.18891
638 0.18914
639 0.18941
640 0.18948
641 0.18971
642 0.18975
643 0.18988
644 0.19031
645 0.19049
646 0.19074
647 0.19105
648 0.19119
649 0.1916
650 0.19192
651 0.19216
652 0.19263
653 0.1931
654 0.19326
655 0.19355
656 0.19425
657 0.19467
658 0.19499
659 0.19508
660 0.19551
661 0.19569
662 0.19594
663 0.19627
664 0.19643
665 0.19683
666 0.19715
667 0.19727
668 0.19767
669 0.19799
670 0.19841
671 0.19867
672 0.19874
673 0.19928
674 0.19963
675 0.19997
676 0.20027
677 0.20038
678 0.20061
679 0.20083
680 0.20143
681 0.20206
682 0.20255
683 0.20327
684 0.20343
685 0.20351
686 0.20381
687 0.20426
688 0.20455
689 0.20462
690 0.20497
691 0.20509
692 0.20521
693 0.2054
694 0.20552
695 0.2063
696 0.20638
697 0.20697
698 0.20714
699 0.20766
700 0.20844
701 0.20872
702 0.20883
703 0.20933
704 0.20949
705 0.20969
706 0.20974
707 0.21019
708 0.2104
709 0.21089
710 0.21121
711 0.21157
712 0.21192
713 0.21271
714 0.21279
715 0.21295
716 0.21303
717 0.2136
718 0.21401
719 0.21403
720 0.21412
721 0.21423
722 0.21465
723 0.21504
724 0.21513
725 0.21521
726 0.21529
727 0.21555
728 0.21579
729 0.21587
730 0.21614
731 0.21654
732 0.21713
733 0.21752
734 0.21779
735 0.2181
736 0.21832
737 0.21856
738 0.21908
739 0.21946
740 0.21992
741 0.21996
742 0.22036
743 0.22083
744 0.221
745 0.22105
746 0.22137
747 0.22147
748 0.22185
749 0.22207
750 0.22218
751 0.22268
752 0.22294
753 0.22331
754 0.22356
755 0.2239
756 0.22416
757 0.22445
758 0.22459
759 0.22484
760 0.22522
761 0.22575
762 0.22603
763 0.2263
764 0.22652
765 0.22666
766 0.22709
767 0.22738
768 0.22762
769 0.22837
770 0.22848
771 0.22858
772 0.2288
773 0.22883
774 0.22929
775 0.22976
776 0.22989
777 0.23034
778 0.23051
779 0.23063
780 0.2307
781 0.23073
782 0.23096
783 0.23103
784 0.23177
785 0.23196
786 0.23225
787 0.23245
788 0.23274
789 0.23318
790 0.23325
791 0.23383
792 0.23408
793 0.23455
794 0.23492
795 0.23511
796 0.2354
797 0.23562
798 0.23569
799 0.23577
800 0.23637
801 0.23656
802 0.23692
803 0.23729
804 0.23766
805 0.23792
806 0.23806
807 0.23839
808 0.23864
809 0.23895
810 0.23914
811 0.23951
812 0.23984
813 0.24001
814 0.24085
815 0.24098
816 0.24124
817 0.24153
818 0.24181
819 0.24251
820 0.24278
821 0.24288
822 0.24298
823 0.24332
824 0.24347
825 0.24381
826 0.24413
827 0.24424
828 0.24435
829 0.24446
830 0.24493
831 0.24509
832 0.24545
833 0.24581
834 0.24601
835 0.24625
836 0.24667
837 0.24686
838 0.24701
839 0.24715
840 0.24763
841 0.24815
842 0.24824
843 0.24906
844 0.24928
845 0.2495
846 0.2499
847 0.25031
848 0.25053
849 0.2509
850 0.2511
851 0.25168
852 0.252
853 0.25235
854 0.25259
855 0.25298
856 0.25342
857 0.25381
858 0.25397
859 0.2541
860 0.25438
861 0.25464
862 0.25477
863 0.25489
864 0.25519
865 0.25547
866 0.25577
867 0.25589
868 0.25636
869 0.25663
870 0.25692
871 0.25717
872 0.25751
873 0.25813
874 0.25828
875 0.25858
876 0.25869
877 0.2588
878 0.25883
879 0.25897
880 0.25934
881 0.25941
882 0.25968
883 0.26006
884 0.26053
885 0.26129
886 0.2619
887 0.26199
888 0.26221
889 0.26238
890 0.2626
891 0.26311
892 0.26365
893 0.26405
894 0.26417
895 0.26421
896 0.26443
897 0.26468
898 0.26481
899 0.26517
900 0.26528
901 0.26559
902 0.2659
903 0.26617
904 0.26674
905 0.26708
906 0.26742
907 0.26768
908 0.26792
909 0.26833
910 0.26869
911 0.26889
912 0.26944
913 0.26983
914 0.27036
915 0.27106
916 0.27135
917 0.27148
918 0.27164
919 0.2721
920 0.27222
921 0.27303
922 0.27311
923 0.27358
924 0.27374
925 0.2739
926 0.27422
927 0.27442
928 0.27468
929 0.27486
930 0.27515
931 0.27536
932 0.27564
933 0.27586
934 0.27598
935 0.27633
936 0.27641
937 0.2765
938 0.27684
939 0.27705
940 0.27706
941 0.27758
942 0.27775
943 0.27778
944 0.2781
945 0.27859
946 0.27898
947 0.27914
948 0.27921
949 0.27932
950 0.27948
951 0.27959
952 0.27992
953 0.28003
954 0.28034
955 0.28104
956 0.28132
957 0.28133
958 0.28176
959 0.28214
960 0.28231
961 0.28309
962 0.28344
963 0.2839
964 0.28424
965 0.28472
966 0.28505
967 0.28526
968 0.28528
969 0.28558
970 0.28573
971 0.28603
972 0.28623
973 0.28659
974 0.28669
975 0.28682
976 0.28712
977 0.28731
978 0.28736
979 0.28765
980 0.28773
981 0.28815
982 0.28864
983 0.28891
984 0.28918
985 0.28983
986 0.29013
987 0.29053
988 0.29085
989 0.29092
990 0.2915
991 0.29157
992 0.2918
993 0.29198
994 0.29235
995 0.29247
996 0.29263
997 0.2928
998 0.29312
999 0.29327
1000 0.29362
1001 0.29395
1002 0.29409
1003 0.29445
1004 0.29458
1005 0.29483
1006 0.29484
1007 0.29515
1008 0.29526
1009 0.29554
1010 0.29566
1011 0.29596
1012 0.29624
1013 0.29634
1014 0.2964
1015 0.29668
1016 0.29724
1017 0.2974
1018 0.29757
1019 0.29766
1020 0.2979
1021 0.29813
1022 0.29828
1023 0.29857
1024 0.29865
1025 0.29888
1026 0.29916
1027 0.29937
1028 0.29954
1029 0.29977
1030 0.30007
1031 0.30019
1032 0.30059
1033 0.30079
1034 0.30113
1035 0.3013
1036 0.30176
1037 0.30191
1038 0.30207
1039 0.30246
1040 0.3027
1041 0.30292
1042 0.30338
1043 0.30384
1044 0.30393
1045 0.30447
1046 0.30506
1047 0.30531
1048 0.30547
1049 0.30584
1050 0.30624
1051 0.3063
1052 0.30641
1053 0.30674
1054 0.30692
1055 0.30698
1056 0.30699
1057 0.30719
1058 0.30746
1059 0.30775
1060 0.30796
1061 0.3081
1062 0.30832
1063 0.30862
1064 0.30877
1065 0.30942
1066 0.30961
1067 0.30987
1068 0.31019
1069 0.31024
1070 0.31055
1071 0.3109
1072 0.31121
1073 0.31139
1074 0.31162
1075 0.31208
1076 0.31239
1077 0.31272
1078 0.31284
1079 0.31324
1080 0.31361
1081 0.31389
1082 0.31403
1083 0.31452
1084 0.31513
1085 0.31558
1086 0.31563
1087 0.31592
1088 0.31628
1089 0.31697
1090 0.31737
1091 0.31795
1092 0.31804
1093 0.31896
1094 0.31914
1095 0.31926
1096 0.31966
1097 0.31981
1098 0.3201
1099 0.32035
1100 0.32054
1101 0.32066
1102 0.32088
1103 0.32109
1104 0.32131
1105 0.32158
1106 0.32166
1107 0.32187
1108 0.32279
1109 0.32289
1110 0.32345
1111 0.32372
1112 0.32397
1113 0.32425
1114 0.32493
1115 0.32516
1116 0.32554
1117 0.32595
1118 0.32597
1119 0.326
1120 0.32642
1121 0.32697
1122 0.32734
1123 0.32756
1124 0.32768
1125 0.32777
1126 0.32808
1127 0.32866
1128 0.32897
1129 0.32912
1130 0.32963
1131 0.32991
1132 0.33019
1133 0.3305
1134 0.33055
1135 0.33081
1136 0.33112
1137 0.33122
1138 0.33164
1139 0.33174
1140 0.33187
1141 0.33193
1142 0.3324
1143 0.33253
1144 0.3327
1145 0.333
1146 0.33318
1147 0.33335
1148 0.3335
1149 0.33365
1150 0.334
1151 0.33427
1152 0.33476
1153 0.33491
1154 0.33523
1155 0.33552
1156 0.33565
1157 0.33583
1158 0.3361
1159 0.33618
1160 0.33624
1161 0.33666
1162 0.33684
1163 0.33728
1164 0.33738
1165 0.33748
1166 0.33781
1167 0.33827
1168 0.33855
1169 0.33872
1170 0.33895
1171 0.33941
1172 0.33963
1173 0.34046
1174 0.34067
1175 0.34103
1176 0.34108
1177 0.34138
1178 0.34155
1179 0.34168
1180 0.34232
1181 0.34272
1182 0.34282
1183 0.34308
1184 0.34328
1185 0.34338
1186 0.34343
1187 0.34368
1188 0.34399
1189 0.34417
1190 0.34443
1191 0.34463
1192 0.34483
1193 0.34512
1194 0.34521
1195 0.34526
1196 0.34571
1197 0.34659
1198 0.34677
1199 0.34711
1200 0.34741
1201 0.34748
1202 0.34758
1203 0.3478
1204 0.34824
1205 0.34862
1206 0.34891
1207 0.34899
1208 0.34946
1209 0.3499
1210 0.35034
1211 0.3504
1212 0.351
1213 0.35126
1214 0.35169
1215 0.35172
1216 0.35196
1217 0.35204
1218 0.35216
1219 0.3526
1220 0.35311
1221 0.35321
1222 0.35353
1223 0.35355
1224 0.35379
1225 0.35419
1226 0.35432
1227 0.35475
1228 0.35493
1229 0.35517
1230 0.35557
1231 0.35626
1232 0.3564
1233 0.35657
1234 0.35688
1235 0.35702
1236 0.35712
1237 0.35723
1238 0.35737
1239 0.35797
1240 0.35827
1241 0.35914
1242 0.3594
1243 0.35972
1244 0.36005
1245 0.36037
1246 0.36044
1247 0.36096
1248 0.36142
1249 0.36185
1250 0.36223
1251 0.36248
1252 0.36291
1253 0.36303
1254 0.36334
1255 0.3636
1256 0.36377
1257 0.36409
1258 0.36468
1259 0.36502
1260 0.36528
1261 0.36555
1262 0.36576
1263 0.36605
1264 0.36611
1265 0.36648
1266 0.3668
1267 0.36696
1268 0.36725
1269 0.36771
1270 0.36819
1271 0.36846
1272 0.36879
1273 0.36884
1274 0.36893
1275 0.3692
1276 0.3695
1277 0.37033
1278 0.37071
1279 0.37114
1280 0.37142
1281 0.37173
1282 0.3719
1283 0.37211
1284 0.37253
1285 0.37278
1286 0.37291
1287 0.37317
1288 0.37369
1289 0.37425
1290 0.37451
1291 0.37472
1292 0.37477
1293 0.37504
1294 0.37551
1295 0.376
1296 0.37628
1297 0.37634
1298 0.37647
1299 0.37661
1300 0.37672
1301 0.37694
1302 0.37737
1303 0.37764
1304 0.37772
1305 0.37793
1306 0.37809
1307 0.37838
1308 0.37843
1309 0.37866
1310 0.37882
1311 0.37896
1312 0.37911
1313 0.37954
1314 0.37983
1315 0.38012
1316 0.38059
1317 0.38099
1318 0.38123
1319 0.38158
1320 0.3817
1321 0.3818
1322 0.38209
1323 0.38239
1324 0.38296
1325 0.38331
1326 0.38365
1327 0.38441
1328 0.38467
1329 0.38516
1330 0.38531
1331 0.38589
1332 0.38606
1333 0.38647
1334 0.38669
1335 0.38736
1336 0.38761
1337 0.38767
1338 0.38794
1339 0.38807
1340 0.38875
1341 0.38881
1342 0.38934
1343 0.38938
1344 0.38944
1345 0.38964
1346 0.39006
1347 0.39028
1348 0.39038
1349 0.39054
1350 0.39093
1351 0.39189
1352 0.39206
1353 0.39224
1354 0.39273
1355 0.39302
1356 0.39341
1357 0.39351
1358 0.39358
1359 0.394
1360 0.3942
1361 0.39427
1362 0.39496
1363 0.39536
1364 0.39571
1365 0.39622
1366 0.39637
1367 0.39646
1368 0.39683
1369 0.39684
1370 0.39701
1371 0.39716
1372 0.39728
1373 0.39742
1374 0.39756
1375 0.39767
1376 0.39789
1377 0.3981
1378 0.39844
1379 0.39877
1380 0.39907
1381 0.39938
1382 0.39947
1383 0.40002
1384 0.4002
1385 0.40064
1386 0.40072
1387 0.40077
1388 0.40095
1389 0.40097
1390 0.40149
1391 0.40156
1392 0.40178
1393 0.40222
1394 0.40251
1395 0.40272
1396 0.40294
1397 0.40301
1398 0.40361
1399 0.40396
1400 0.40427
1401 0.40468
1402 0.40493
1403 0.40503
1404 0.40523
1405 0.40535
1406 0.40553
1407 0.40592
1408 0.40634
1409 0.40659
1410 0.40673
1411 0.40721
1412 0.40748
1413 0.40807
1414 0.40859
1415 0.40873
1416 0.4089
1417 0.40907
1418 0.4094
1419 0.40964
1420 0.40971
1421 0.41009
1422 0.41027
1423 0.41066
1424 0.41089
1425 0.41124
1426 0.41154
1427 0.412
1428 0.41225
1429 0.41263
1430 0.41285
1431 0.41305
1432 0.41317
1433 0.41341
1434 0.41347
1435 0.41374
1436 0.41408
1437 0.41422
1438 0.41477
1439 0.41527
1440 0.4157
1441 0.41594
1442 0.41619
1443 0.41634
1444 0.41655
1445 0.41685
1446 0.41695
1447 0.4173
1448 0.41748
1449 0.41774
1450 0.41833
1451 0.41856
1452 0.41869
1453 0.4189
1454 0.41906
1455 0.41922
1456 0.41942
1457 0.41963
1458 0.4199
1459 0.4202
1460 0.42037
1461 0.42064
1462 0.42089
1463 0.42127
1464 0.42141
1465 0.4218
1466 0.42198
1467 0.42252
1468 0.42275
1469 0.42306
1470 0.4235
1471 0.4236
1472 0.42403
1473 0.42423
1474 0.42465
1475 0.42516
1476 0.42537
1477 0.42569
1478 0.4261
1479 0.4264
1480 0.42646
1481 0.42653
1482 0.42692
1483 0.42716
1484 0.42756
1485 0.42792
1486 0.42808
1487 0.42831
1488 0.42857
1489 0.42892
1490 0.42908
1491 0.42926
1492 0.42955
1493 0.42957
1494 0.4297
1495 0.42991
1496 0.42992
1497 0.43031
1498 0.43052
1499 0.43086
1500 0.43141
1501 0.43148
1502 0.4318
1503 0.43221
1504 0.43234
1505 0.4325
1506 0.43274
1507 0.43278
1508 0.43319
1509 0.43349
1510 0.43359
1511 0.43374
1512 0.43387
1513 0.43415
1514 0.4342
1515 0.43483
1516 0.43519
1517 0.43548
1518 0.43606
1519 0.43625
1520 0.43652
1521 0.43685
1522 0.43701
1523 0.43748
1524 0.43752
1525 0.43767
1526 0.43795
1527 0.4386
1528 0.43893
1529 0.43908
1530 0.43937
1531 0.43972
1532 0.4405
1533 0.44081
1534 0.44084
1535 0.44099
1536 0.44124
1537 0.44178
1538 0.44213
1539 0.44263
1540 0.44272
1541 0.44314
1542 0.44319
1543 0.44342
1544 0.44402
1545 0.44412
1546 0.44446
1547 0.44495
1548 0.4453
1549 0.44579
1550 0.44589
1551 0.44608
1552 0.44634
1553 0.44651
1554 0.44653
1555 0.44656
1556 0.44712
1557 0.44725
1558 0.44731
1559 0.44757
1560 0.44765
1561 0.44785
1562 0.44831
1563 0.44888
1564 0.44943
1565 0.44952
1566 0.44978
1567 0.44981
1568 0.45033
1569 0.45074
1570 0.45119
1571 0.4518
1572 0.45247
1573 0.45265
1574 0.4531
1575 0.45332
1576 0.45368
1577 0.45397
1578 0.45428
1579 0.45452
1580 0.4546
1581 0.45491
1582 0.45502
1583 0.45545
1584 0.45592
1585 0.45614
1586 0.45639
1587 0.45654
1588 0.45716
1589 0.45751
1590 0.45758
1591 0.45796
1592 0.45811
1593 0.4588
1594 0.4592
1595 0.45922
1596 0.45974
1597 0.45993
1598 0.46004
1599 0.46028
1600 0.46046
1601 0.46059
1602 0.46069
1603 0.46141
1604 0.46182
1605 0.4619
1606 0.46198
1607 0.46217
1608 0.46252
1609 0.46282
1610 0.46327
1611 0.46345
1612 0.46374
1613 0.46399
1614 0.46413
1615 0.46457
1616 0.4646
1617 0.46469
1618 0.46503
1619 0.46513
1620 0.46515
1621 0.46543
1622 0.46547
1623 0.46561
1624 0.46582
1625 0.46592
1626 0.46607
1627 0.46616
1628 0.46656
1629 0.46682
1630 0.46747
1631 0.46752
1632 0.46773
1633 0.4683
1634 0.46848
1635 0.4686
1636 0.46915
1637 0.47001
1638 0.47028
1639 0.4705
1640 0.47064
1641 0.47087
1642 0.47103
1643 0.47122
1644 0.47151
1645 0.47177
1646 0.47255
1647 0.47267
1648 0.47302
1649 0.47317
1650 0.47323
1651 0.47367
1652 0.47401
1653 0.47422
1654 0.47445
1655 0.47456
1656 0.47506
1657 0.47563
1658 0.47574
1659 0.47631
1660 0.47692
1661 0.47695
1662 0.47704
1663 0.47729
1664 0.47752
1665 0.4778
1666 0.47802
1667 0.47819
1668 0.47833
1669 0.47846
1670 0.47873
1671 0.47935
1672 0.47945
1673 0.47969
1674 0.48008
1675 0.48064
1676 0.4807
1677 0.4812
1678 0.48145
1679 0.48149
1680 0.48171
1681 0.48173
1682 0.48175
1683 0.48195
1684 0.48224
1685 0.48267
1686 0.48309
1687 0.48362
1688 0.48372
1689 0.4843
1690 0.48441
1691 0.48453
1692 0.48475
1693 0.48531
1694 0.4856
1695 0.48596
1696 0.48634
1697 0.48659
1698 0.48708
1699 0.48752
1700 0.48767
1701 0.48807
1702 0.48844
1703 0.48871
1704 0.48886
1705 0.48919
1706 0.48929
1707 0.48969
1708 0.48999
1709 0.4901
1710 0.49059
1711 0.49088
1712 0.491
1713 0.49112
1714 0.4916
1715 0.49214
1716 0.49249
1717 0.49282
1718 0.49307
1719 0.49381
1720 0.49397
1721 0.4942
1722 0.49455
1723 0.49474
1724 0.49479
1725 0.49491
1726 0.49506
1727 0.49532
1728 0.49625
1729 0.497
1730 0.49718
1731 0.49779
1732 0.49808
1733 0.49843
1734 0.49875
1735 0.49884
1736 0.49908
1737 0.49966
1738 0.49991
1739 0.50015
1740 0.50075
1741 0.50087
1742 0.50108
1743 0.50134
1744 0.502
1745 0.50207
1746 0.50267
1747 0.50275
1748 0.50329
1749 0.50345
1750 0.50376
1751 0.50381
1752 0.50395
1753 0.50416
1754 0.50432
1755 0.50498
1756 0.50503
1757 0.50531
1758 0.50546
1759 0.50561
1760 0.50578
1761 0.50632
1762 0.50644
1763 0.50707
1764 0.5076
1765 0.50834
1766 0.50874
1767 0.50916
1768 0.50927
1769 0.50977
1770 0.51004
1771 0.51042
1772 0.51057
1773 0.51071
1774 0.5109
1775 0.51101
1776 0.51123
1777 0.51151
1778 0.51185
1779 0.51214
1780 0.51255
1781 0.51286
1782 0.51322
1783 0.51352
1784 0.51384
1785 0.51391
1786 0.51399
1787 0.51413
1788 0.5144
1789 0.51496
1790 0.51508
1791 0.51561
1792 0.51586
1793 0.51608
1794 0.51648
1795 0.51666
1796 0.51691
1797 0.51741
1798 0.51774
1799 0.5178
1800 0.51829
1801 0.51905
1802 0.51926
1803 0.51959
1804 0.51975
1805 0.51984
1806 0.52001
1807 0.52006
1808 0.52026
1809 0.52039
1810 0.52061
1811 0.52108
1812 0.52122
1813 0.5213
1814 0.52168
1815 0.5219
1816 0.5221
1817 0.52241
1818 0.52252
1819 0.52256
1820 0.52284
1821 0.52343
1822 0.52386
1823 0.52442
1824 0.52504
1825 0.52552
1826 0.52577
1827 0.5263
1828 0.52669
1829 0.52679
1830 0.52698
1831 0.52731
1832 0.52738
1833 0.5274
1834 0.52749
1835 0.52779
1836 0.52833
1837 0.52869
1838 0.52901
1839 0.52968
1840 0.53023
1841 0.53032
1842 0.53076
1843 0.53123
1844 0.53159
1845 0.53183
1846 0.53206
1847 0.53252
1848 0.5335
1849 0.53384
1850 0.53398
1851 0.53413
1852 0.53433
1853 0.53455
1854 0.53497
1855 0.53522
1856 0.53534
1857 0.53552
1858 0.53589
1859 0.5365
1860 0.53733
1861 0.53747
1862 0.53753
1863 0.53765
1864 0.53782
1865 0.53845
1866 0.53886
1867 0.53895
1868 0.53907
1869 0.53967
1870 0.53991
1871 0.54024
1872 0.54034
1873 0.54037
1874 0.54049
1875 0.54096
1876 0.54132
1877 0.54156
1878 0.54165
1879 0.54206
1880 0.54261
1881 0.54276
1882 0.54302
1883 0.54316
1884 0.54346
1885 0.54404
1886 0.54438
1887 0.5447
1888 0.5449
1889 0.5452
1890 0.54536
1891 0.54572
1892 0.54584
1893 0.54587
1894 0.54593
1895 0.54621
1896 0.54641
1897 0.54658
1898 0.54696
1899 0.54751
1900 0.54776
1901 0.54782
1902 0.54866
1903 0.54893
1904 0.54916
1905 0.54986
1906 0.55004
1907 0.55011
1908 0.55043
1909 0.55059
1910 0.55066
1911 0.55121
1912 0.55131
1913 0.55142
1914 0.55165
1915 0.55207
1916 0.55215
1917 0.5524
1918 0.55276
1919 0.55309
1920 0.55313
1921 0.55321
1922 0.55359
1923 0.55366
1924 0.55369
1925 0.55425
1926 0.55433
1927 0.5547
1928 0.55477
1929 0.55502
1930 0.55521
1931 0.55594
1932 0.5561
1933 0.55617
1934 0.55631
1935 0.55643
1936 0.55649
1937 0.55684
1938 0.55694
1939 0.5572
1940 0.55735
1941 0.55752
1942 0.55785
1943 0.55815
1944 0.55838
1945 0.55876
1946 0.5591
1947 0.55929
1948 0.55974
1949 0.55988
1950 0.55998
1951 0.56035
1952 0.56061
1953 0.56081
1954 0.56124
1955 0.56144
1956 0.56171
1957 0.56175
1958 0.56192
1959 0.56208
1960 0.56242
1961 0.56272
1962 0.56288
1963 0.5639
1964 0.56495
1965 0.56545
1966 0.5658
1967 0.56582
1968 0.56607
1969 0.5662
1970 0.56646
1971 0.56684
1972 0.56733
1973 0.56752
1974 0.56757
1975 0.56774
1976 0.5682
1977 0.56862
1978 0.56874
1979 0.56918
1980 0.5696
1981 0.57042
1982 0.57073
1983 0.57091
1984 0.57123
1985 0.57144
1986 0.5717
1987 0.57209
1988 0.5727
1989 0.57307
1990 0.57334
1991 0.57362
1992 0.57396
1993 0.5743
1994 0.57441
1995 0.57506
1996 0.57548
1997 0.57555
1998 0.57588
1999 0.5762
2000 0.57673
2001 0.57712
2002 0.57732
2003 0.57801
2004 0.5783
2005 0.57849
2006 0.57861
2007 0.57884
2008 0.57913
2009 0.57921
2010 0.57966
2011 0.58004
2012 0.58074
2013 0.58127
2014 0.58136
2015 0.58182
2016 0.58214
2017 0.58222
2018 0.58249
2019 0.58273
2020 0.58281
2021 0.58295
2022 0.58326
2023 0.58338
2024 0.58401
2025 0.58435
2026 0.58464
2027 0.58489
2028 0.5853
2029 0.5858
2030 0.58597
2031 0.58599
2032 0.58647
2033 0.58666
2034 0.58683
2035 0.58717
2036 0.58731
2037 0.58752
2038 0.58764
2039 0.588
2040 0.58818
2041 0.58834
2042 0.58858
2043 0.58879
2044 0.58883
2045 0.5891
2046 0.58938
2047 0.58968
2048 0.59028
2049 0.59067
2050 0.59096
2051 0.5911
2052 0.59129
2053 0.59146
2054 0.59175
2055 0.59206
2056 0.59224
2057 0.59231
2058 0.59268
2059 0.59293
2060 0.59301
2061 0.59325
2062 0.59372
2063 0.59432
2064 0.59439
2065 0.5946
2066 0.59468
2067 0.59483
2068 0.59527
2069 0.59571
2070 0.59596
2071 0.59604
2072 0.59624
2073 0.59657
2074 0.59682
2075 0.597
2076 0.59738
2077 0.59766
2078 0.59805
2079 0.59867
2080 0.59871
2081 0.59888
2082 0.59895
2083 0.59965
2084 0.59985
2085 0.60045
2086 0.60066
2087 0.60077
2088 0.6011
2089 0.60129
2090 0.60146
2091 0.60164
2092 0.60181
2093 0.60204
2094 0.60212
2095 0.60257
2096 0.60263
2097 0.60288
2098 0.60306
2099 0.60319
2100 0.60341
2101 0.60389
2102 0.60407
2103 0.60424
2104 0.60448
2105 0.60475
2106 0.60521
2107 0.60543
2108 0.6057
2109 0.60579
2110 0.6061
2111 0.60652
2112 0.60658
2113 0.60679
2114 0.60694
2115 0.60715
2116 0.60748
2117 0.60772
2118 0.60791
2119 0.60813
2120 0.60823
2121 0.60844
2122 0.60856
2123 0.60903
2124 0.60942
2125 0.60968
2126 0.60993
2127 0.61015
2128 0.61029
2129 0.61068
2130 0.61114
2131 0.61154
2132 0.61204
2133 0.61242
2134 0.61259
2135 0.61286
2136 0.6132
2137 0.6136
2138 0.61365
2139 0.61384
2140 0.61421
2141 0.61444
2142 0.615
2143 0.61521
2144 0.61541
2145 0.61557
2146 0.61585
2147 0.61592
2148 0.6163
2149 0.61656
2150 0.61692
2151 0.61712
2152 0.61738
2153 0.61762
2154 0.61777
2155 0.61829
2156 0.61841
2157 0.61851
2158 0.6187
2159 0.61943
2160 0.6196
2161 0.61967
2162 0.61978
2163 0.61992
2164 0.62051
2165 0.62082
2166 0.62085
2167 0.62123
2168 0.62129
2169 0.62151
2170 0.62194
2171 0.62259
2172 0.62289
2173 0.62334
2174 0.62375
2175 0.62391
2176 0.62403
2177 0.62411
2178 0.62438
2179 0.62467
2180 0.62524
2181 0.62538
2182 0.62552
2183 0.62591
2184 0.62641
2185 0.62681
2186 0.627
2187 0.62729
2188 0.62755
2189 0.62806
2190 0.62808
2191 0.62829
2192 0.6286
2193 0.6288
2194 0.62916
2195 0.62939
2196 0.62951
2197 0.62975
2198 0.62993
2199 0.63008
2200 0.63036
2201 0.6308
2202 0.63112
2203 0.63117
2204 0.63129
2205 0.63154
2206 0.63204
2207 0.63242
2208 0.63271
2209 0.63296
2210 0.63306
2211 0.63331
2212 0.63356
2213 0.63412
2214 0.63426
2215 0.63442
2216 0.63481
2217 0.63509
2218 0.63551
2219 0.63573
2220 0.63584
2221 0.63618
2222 0.63627
2223 0.63677
2224 0.63691
2225 0.637
2226 0.63747
2227 0.63784
2228 0.63791
2229 0.63809
2230 0.63832
2231 0.6384
2232 0.63857
2233 0.63881
2234 0.63894
2235 0.63935
2236 0.63968
2237 0.63986
2238 0.64018
2239 0.64028
2240 0.64071
2241 0.64113
2242 0.64171
2243 0.64201
2244 0.64226
2245 0.64233
2246 0.6424
2247 0.64253
2248 0.64314
2249 0.64322
2250 0.64375
2251 0.64395
2252 0.64453
2253 0.64477
2254 0.64487
2255 0.64494
2256 0.64511
2257 0.64534
2258 0.64563
2259 0.6459
2260 0.64676
2261 0.64689
2262 0.64722
2263 0.6476
2264 0.64807
2265 0.64841
2266 0.64895
2267 0.64923
2268 0.64961
2269 0.64991
2270 0.65014
2271 0.65063
2272 0.65074
2273 0.65076
2274 0.65103
2275 0.65109
2276 0.6514
2277 0.65149
2278 0.65169
2279 0.65188
2280 0.65203
2281 0.65241
2282 0.65281
2283 0.65297
2284 0.65313
2285 0.65327
2286 0.65345
2287 0.65362
2288 0.65368
2289 0.65389
2290 0.65408
2291 0.65473
2292 0.65489
2293 0.65533
2294 0.65572
2295 0.65624
2296 0.6564
2297 0.65644
2298 0.65689
2299 0.65705
2300 0.65716
2301 0.65767
2302 0.6579
2303 0.6582
2304 0.65851
2305 0.65878
2306 0.65958
2307 0.65996
2308 0.66015
2309 0.661
2310 0.6614
2311 0.66145
2312 0.66172
2313 0.66214
2314 0.66236
2315 0.6628
2316 0.66328
2317 0.66363
2318 0.66405
2319 0.66425
2320 0.66428
2321 0.66452
2322 0.6651
2323 0.66534
2324 0.66545
2325 0.66609
2326 0.66619
2327 0.66628
2328 0.66655
2329 0.66675
2330 0.6673
2331 0.66761
2332 0.66773
2333 0.66806
2334 0.66857
2335 0.66932
2336 0.66943
2337 0.66973
2338 0.66986
2339 0.67007
2340 0.67042
2341 0.67076
2342 0.67141
2343 0.67162
2344 0.67175
2345 0.67195
2346 0.67224
2347 0.67265
2348 0.67278
2349 0.67293
2350 0.6733
2351 0.67346
2352 0.67361
2353 0.67405
2354 0.67427
2355 0.67445
2356 0.67477
2357 0.67494
2358 0.67507
2359 0.67551
2360 0.67596
2361 0.67623
2362 0.6765
2363 0.67664
2364 0.67697
2365 0.67703
2366 0.6771
2367 0.67736
2368 0.67785
2369 0.67853
2370 0.67887
2371 0.67905
2372 0.67917
2373 0.67962
2374 0.68
2375 0.68033
2376 0.68079
2377 0.68114
2378 0.68133
2379 0.68167
2380 0.68182
2381 0.68194
2382 0.68205
2383 0.68237
2384 0.68287
2385 0.68307
2386 0.68337
2387 0.68391
2388 0.6842
2389 0.6846
2390 0.68482
2391 0.68489
2392 0.68539
2393 0.68542
2394 0.68587
2395 0.6861
2396 0.68626
2397 0.68643
2398 0.68659
2399 0.6871
2400 0.68729
2401 0.68732
2402 0.68742
2403 0.68755
2404 0.68769
2405 0.68831
2406 0.68835
2407 0.68848
2408 0.68912
2409 0.68936
2410 0.68952
2411 0.69022
2412 0.69039
2413 0.69055
2414 0.69063
2415 0.6909
2416 0.69115
2417 0.69131
2418 0.69167
2419 0.69194
2420 0.6921
2421 0.69232
2422 0.69279
2423 0.69292
2424 0.69337
2425 0.69351
2426 0.69386
2427 0.69404
2428 0.69428
2429 0.6947
2430 0.69489
2431 0.69553
2432 0.6956
2433 0.6958
2434 0.69593
2435 0.69615
2436 0.69654
2437 0.69678
2438 0.69698
2439 0.69703
2440 0.69736
2441 0.69744
2442 0.6977
2443 0.69827
2444 0.69867
2445 0.69871
2446 0.69895
2447 0.69907
2448 0.69956
2449 0.69981
2450 0.70024
2451 0.7007
2452 0.70091
2453 0.70096
2454 0.70105
2455 0.70122
2456 0.70144
2457 0.70247
2458 0.70278
2459 0.70298
2460 0.70315
2461 0.70349
2462 0.70404
2463 0.70412
2464 0.70449
2465 0.70467
2466 0.70478
2467 0.70532
2468 0.70551
2469 0.70598
2470 0.70638
2471 0.70677
2472 0.70696
2473 0.70708
2474 0.7073
2475 0.70749
2476 0.70769
2477 0.70798
2478 0.70828
2479 0.70855
2480 0.70859
2481 0.70914
2482 0.70936
2483 0.70988
2484 0.70999
2485 0.71035
2486 0.71076
2487 0.71099
2488 0.71114
2489 0.71137
2490 0.71164
2491 0.71176
2492 0.71206
2493 0.71222
2494 0.7125
2495 0.71306
2496 0.71358
2497 0.71382
2498 0.71408
2499 0.71426
2500 0.71453
2501 0.71475
2502 0.71501
2503 0.71511
2504 0.71526
2505 0.71546
2506 0.71569
2507 0.71587
2508 0.71616
2509 0.71624
2510 0.7166
2511 0.71698
2512 0.71745
2513 0.71791
2514 0.71873
2515 0.71908
2516 0.71917
2517 0.71939
2518 0.72011
2519 0.72033
2520 0.7205
2521 0.72076
2522 0.72104
2523 0.72121
2524 0.72132
2525 0.7216
2526 0.72167
2527 0.7218
2528 0.72198
2529 0.72203
2530 0.72246
2531 0.7226
2532 0.723
2533 0.72306
2534 0.72318
2535 0.7234
2536 0.7239
2537 0.72431
2538 0.72457
2539 0.72499
2540 0.72524
2541 0.72561
2542 0.72602
2543 0.72642
2544 0.72672
2545 0.72738
2546 0.72757
2547 0.72788
2548 0.72814
2549 0.72867
2550 0.72919
2551 0.72959
2552 0.7297
2553 0.72978
2554 0.72989
2555 0.73039
2556 0.7306
2557 0.73068
2558 0.73088
2559 0.73138
2560 0.73183
2561 0.73218
2562 0.7327
2563 0.73294
2564 0.73311
2565 0.73343
2566 0.73373
2567 0.73387
2568 0.73418
2569 0.73462
2570 0.73477
2571 0.73488
2572 0.73513
2573 0.73548
2574 0.73585
2575 0.73601
2576 0.73616
2577 0.73641
2578 0.7367
2579 0.73684
2580 0.73722
2581 0.73729
2582 0.73741
2583 0.73783
2584 0.73798
2585 0.73871
2586 0.73878
2587 0.73941
2588 0.73982
2589 0.74004
2590 0.74059
2591 0.74097
2592 0.74111
2593 0.74136
2594 0.74178
2595 0.74216
2596 0.7424
2597 0.74268
2598 0.74296
2599 0.74343
2600 0.74356
2601 0.74398
2602 0.74439
2603 0.74522
2604 0.74571
2605 0.74603
2606 0.74623
2607 0.74637
2608 0.74661
2609 0.74687
2610 0.74717
2611 0.74748
2612 0.74813
2613 0.74866
2614 0.74903
2615 0.74925
2616 0.74935
2617 0.74943
2618 0.74983
2619 0.75053
2620 0.75085
2621 0.75121
2622 0.75128
2623 0.7519
2624 0.7522
2625 0.75255
2626 0.75285
2627 0.75328
2628 0.75355
2629 0.7538
2630 0.75385
2631 0.75404
2632 0.7545
2633 0.75462
2634 0.75472
2635 0.75503
2636 0.75505
2637 0.75531
2638 0.7555
2639 0.75562
2640 0.75567
2641 0.75594
2642 0.75633
2643 0.75663
2644 0.757
2645 0.75757
2646 0.75795
2647 0.75848
2648 0.7586
2649 0.75866
2650 0.75892
2651 0.75926
2652 0.75961
2653 0.76002
2654 0.76042
2655 0.76064
2656 0.76084
2657 0.761
2658 0.76114
2659 0.76132
2660 0.76168
2661 0.76232
2662 0.76255
2663 0.76258
2664 0.76307
2665 0.76353
2666 0.76396
2667 0.76407
2668 0.76428
2669 0.76489
2670 0.76507
2671 0.76561
2672 0.76562
2673 0.766
2674 0.76628
2675 0.76675
2676 0.76696
2677 0.76756
2678 0.76762
2679 0.76796
2680 0.7682
2681 0.76821
2682 0.76836
2683 0.76859
2684 0.7687
2685 0.76936
2686 0.76973
2687 0.77009
2688 0.77034
2689 0.77073
2690 0.77095
2691 0.77118
2692 0.77188
2693 0.77206
2694 0.77216
2695 0.77252
2696 0.77294
2697 0.77318
2698 0.77384
2699 0.77392
2700 0.77413
2701 0.77451
2702 0.77471
2703 0.77499
2704 0.77515
2705 0.77562
2706 0.77582
2707 0.77601
2708 0.77613
2709 0.77647
2710 0.77667
2711 0.77697
2712 0.77728
2713 0.77736
2714 0.7777
2715 0.77803
2716 0.77835
2717 0.7786
2718 0.77908
2719 0.77962
2720 0.77977
2721 0.7803
2722 0.78071
2723 0.78163
2724 0.78175
2725 0.78187
2726 0.78238
2727 0.7827
2728 0.78278
2729 0.78326
2730 0.7835
2731 0.78392
2732 0.78437
2733 0.78447
2734 0.78503
2735 0.78546
2736 0.78604
2737 0.78608
2738 0.78622
2739 0.78647
2740 0.78662
2741 0.78687
2742 0.78732
2743 0.78741
2744 0.7876
2745 0.78767
2746 0.78782
2747 0.78834
2748 0.78859
2749 0.78871
2750 0.78921
2751 0.7893
2752 0.78936
2753 0.78969
2754 0.79018
2755 0.7904
2756 0.79076
2757 0.79099
2758 0.79135
2759 0.79143
2760 0.79152
2761 0.79211
2762 0.79263
2763 0.79304
2764 0.79349
2765 0.79382
2766 0.79419
2767 0.7948
2768 0.79498
2769 0.79522
2770 0.79548
2771 0.79626
2772 0.79671
2773 0.79728
2774 0.79754
2775 0.79861
2776 0.79906
2777 0.79971
2778 0.79987
2779 0.79999
2780 0.80072
2781 0.80101
2782 0.80139
2783 0.80168
2784 0.80196
2785 0.80213
2786 0.8027
2787 0.80292
2788 0.80328
2789 0.80347
2790 0.80357
2791 0.80411
2792 0.80424
2793 0.8046
2794 0.80484
2795 0.8054
2796 0.80574
2797 0.8058
2798 0.806
2799 0.80636
2800 0.80647
2801 0.80706
2802 0.80752
2803 0.8079
2804 0.80817
2805 0.80847
2806 0.80887
2807 0.8093
2808 0.80938
2809 0.8098
2810 0.80997
2811 0.8102
2812 0.81057
2813 0.81093
2814 0.81114
2815 0.81135
2816 0.81187
2817 0.81227
2818 0.81247
2819 0.81303
2820 0.81325
2821 0.81338
2822 0.81342
2823 0.81348
2824 0.81358
2825 0.8137
2826 0.81401
2827 0.81441
2828 0.81484
2829 0.81523
2830 0.81528
2831 0.8158
2832 0.81588
2833 0.81623
2834 0.81631
2835 0.81674
2836 0.81718
2837 0.81736
2838 0.81751
2839 0.81777
2840 0.81818
2841 0.81854
2842 0.81872
2843 0.81916
2844 0.81927
2845 0.81933
2846 0.81956
2847 0.81974
2848 0.82046
2849 0.82098
2850 0.82102
2851 0.82141
2852 0.82145
2853 0.82178
2854 0.82207
2855 0.82251
2856 0.82254
2857 0.82276
2858 0.82303
2859 0.82329
2860 0.82344
2861 0.82392
2862 0.82442
2863 0.82511
2864 0.82565
2865 0.8258
2866 0.82625
2867 0.82643
2868 0.82689
2869 0.82739
2870 0.82754
2871 0.82782
2872 0.82805
2873 0.82845
2874 0.8287
2875 0.82874
2876 0.82913
2877 0.82939
2878 0.82987
2879 0.83022
2880 0.83033
2881 0.83104
2882 0.83112
2883 0.83157
2884 0.83192
2885 0.83217
2886 0.8323
2887 0.83237
2888 0.8325
2889 0.83267
2890 0.83297
2891 0.83332
2892 0.83355
2893 0.83374
2894 0.83404
2895 0.83427
2896 0.83488
2897 0.83494
2898 0.83577
2899 0.83636
2900 0.8367
2901 0.83719
2902 0.83755
2903 0.83786
2904 0.83813
2905 0.83849
2906 0.8386
2907 0.83904
2908 0.83961
2909 0.84048
2910 0.84075
2911 0.84098
2912 0.84122
2913 0.84138
2914 0.84189
2915 0.84224
2916 0.84232
2917 0.84268
2918 0.84355
2919 0.84375
2920 0.84414
2921 0.8445
2922 0.84457
2923 0.84479
2924 0.84495
2925 0.84517
2926 0.84535
2927 0.84562
2928 0.84596
2929 0.84655
2930 0.84678
2931 0.84727
2932 0.84756
2933 0.8478
2934 0.8479
2935 0.84861
2936 0.84958
2937 0.84974
2938 0.84986
2939 0.8502
2940 0.85099
2941 0.8512
2942 0.85172
2943 0.85199
2944 0.85224
2945 0.85248
2946 0.85264
2947 0.85279
2948 0.85321
2949 0.85339
2950 0.85374
2951 0.85394
2952 0.85422
2953 0.85429
2954 0.85448
2955 0.85481
2956 0.85532
2957 0.85554
2958 0.85588
2959 0.85615
2960 0.85666
2961 0.85714
2962 0.8576
2963 0.85788
2964 0.85822
2965 0.85833
2966 0.85877
2967 0.85909
2968 0.85924
2969 0.85965
2970 0.85997
2971 0.86061
2972 0.86118
2973 0.86188
2974 0.86222
2975 0.8627
2976 0.86291
2977 0.86354
2978 0.86383
2979 0.86425
2980 0.86452
2981 0.86473
2982 0.86513
2983 0.86561
2984 0.86631
2985 0.86671
2986 0.86689
2987 0.86705
2988 0.86719
2989 0.86773
2990 0.86844
2991 0.86852
2992 0.86871
2993 0.86918
2994 0.86923
2995 0.86966
2996 0.86998
2997 0.87011
2998 0.87034
2999 0.87049
3000 0.87068
3001 0.87075
3002 0.87086
3003 0.87103
3004 0.8712
3005 0.87158
3006 0.8718
3007 0.87239
3008 0.87274
3009 0.87293
3010 0.87321
3011 0.87343
3012 0.87366
3013 0.87384
3014 0.87411
3015 0.87439
3016 0.87458
3017 0.87491
3018 0.87507
3019 0.87536
3020 0.87581
3021 0.8764
3022 0.87684
3023 0.87706
3024 0.87787
3025 0.87848
3026 0.87887
3027 0.87942
3028 0.87961
3029 0.88033
3030 0.88056
3031 0.88096
3032 0.88105
3033 0.88129
3034 0.88176
3035 0.88229
3036 0.88235
3037 0.88254
3038 0.88298
3039 0.88335
3040 0.88389
3041 0.88443
3042 0.8846
3043 0.88462
3044 0.88517
3045 0.8853
3046 0.88555
3047 0.88574
3048 0.88606
3049 0.88631
3050 0.88663
3051 0.88702
3052 0.88736
3053 0.88794
3054 0.88811
3055 0.88828
3056 0.88846
3057 0.88869
3058 0.88901
3059 0.88908
3060 0.88934
3061 0.88944
3062 0.88976
3063 0.89006
3064 0.89047
3065 0.89062
3066 0.89067
3067 0.89097
3068 0.89146
3069 0.89161
3070 0.89195
3071 0.89207
3072 0.89243
3073 0.89281
3074 0.89304
3075 0.89325
3076 0.89357
3077 0.89409
3078 0.89448
3079 0.89477
3080 0.8952
3081 0.89523
3082 0.89546
3083 0.89575
3084 0.89609
3085 0.89622
3086 0.89667
3087 0.89684
3088 0.897
3089 0.89775
3090 0.89793
3091 0.89818
3092 0.89842
3093 0.89884
3094 0.89898
3095 0.89944
3096 0.89994
3097 0.90034
3098 0.90046
3099 0.90079
3100 0.90102
3101 0.90125
3102 0.90163
3103 0.90213
3104 0.90243
3105 0.90267
3106 0.9029
3107 0.90335
3108 0.90369
3109 0.90388
3110 0.90397
3111 0.90438
3112 0.90446
3113 0.90454
3114 0.90477
3115 0.905
3116 0.90519
3117 0.90541
3118 0.90601
3119 0.90608
3120 0.9064
3121 0.90688
3122 0.90693
3123 0.90708
3124 0.90744
3125 0.90767
3126 0.9077
3127 0.90796
3128 0.90864
3129 0.90901
3130 0.9092
3131 0.90978
3132 0.90992
3133 0.9103
3134 0.91038
3135 0.91049
3136 0.91078
3137 0.91088
3138 0.91114
3139 0.91152
3140 0.91179
3141 0.91193
3142 0.91203
3143 0.91219
3144 0.91234
3145 0.91254
3146 0.91259
3147 0.91313
3148 0.91344
3149 0.91402
3150 0.9143
3151 0.91482
3152 0.91546
3153 0.91612
3154 0.91627
3155 0.91651
3156 0.91665
3157 0.91722
3158 0.91782
3159 0.91814
3160 0.91856
3161 0.91904
3162 0.91927
3163 0.91961
3164 0.92008
3165 0.92013
3166 0.92032
3167 0.92069
3168 0.92094
3169 0.92127
3170 0.92139
3171 0.92142
3172 0.92208
3173 0.92226
3174 0.92233
3175 0.92254
3176 0.92276
3177 0.92307
3178 0.92315
3179 0.92319
3180 0.92337
3181 0.92362
3182 0.92387
3183 0.92465
3184 0.92492
3185 0.92541
3186 0.9258
3187 0.92599
3188 0.92612
3189 0.92654
3190 0.92694
3191 0.92718
3192 0.92732
3193 0.9275
3194 0.92753
3195 0.92773
3196 0.92808
3197 0.92855
3198 0.9288
3199 0.92935
3200 0.9295
3201 0.92963
3202 0.93046
3203 0.93096
3204 0.93124
3205 0.93137
3206 0.9315
3207 0.93181
3208 0.93235
3209 0.93253
3210 0.93264
3211 0.93307
3212 0.93317
3213 0.93347
3214 0.93389
3215 0.93395
3216 0.93443
3217 0.93456
3218 0.93469
3219 0.93536
3220 0.93588
3221 0.93621
3222 0.93649
3223 0.93671
3224 0.93702
3225 0.93709
3226 0.93743
3227 0.93752
3228 0.93763
3229 0.93789
3230 0.93825
3231 0.93877
3232 0.93914
3233 0.93923
3234 0.93976
3235 0.9401
3236 0.94068
3237 0.9408
3238 0.94097
3239 0.94121
3240 0.94132
3241 0.94168
3242 0.94194
3243 0.94205
3244 0.94265
3245 0.94269
3246 0.94292
3247 0.94313
3248 0.94362
3249 0.9439
3250 0.94401
3251 0.94447
3252 0.9447
3253 0.94515
3254 0.94538
3255 0.94546
3256 0.9456
3257 0.94593
3258 0.94619
3259 0.94675
3260 0.94693
3261 0.94722
3262 0.94746
3263 0.94772
3264 0.94825
3265 0.94855
3266 0.94891
3267 0.94919
3268 0.94942
3269 0.95004
3270 0.95029
3271 0.95063
3272 0.95068
3273 0.95091
3274 0.95098
3275 0.95126
3276 0.95159
3277 0.95207
3278 0.95212
3279 0.95219
3280 0.95244
3281 0.95253
3282 0.95298
3283 0.95347
3284 0.95363
3285 0.95369
3286 0.95375
3287 0.95392
3288 0.95461
3289 0.95495
3290 0.95544
3291 0.95554
3292 0.95587
3293 0.95628
3294 0.95662
3295 0.95666
3296 0.95678
3297 0.9569
3298 0.95729
3299 0.95753
3300 0.95778
3301 0.95807
3302 0.95832
3303 0.95853
3304 0.95878
3305 0.95904
3306 0.95913
3307 0.95919
3308 0.95943
3309 0.95968
3310 0.96008
3311 0.96028
3312 0.96065
3313 0.96102
3314 0.9616
3315 0.96173
3316 0.96202
3317 0.9621
3318 0.96251
3319 0.96253
3320 0.96273
3321 0.96279
3322 0.96306
3323 0.96351
3324 0.96383
3325 0.96391
3326 0.96397
3327 0.96417
3328 0.96438
3329 0.96466
3330 0.96509
3331 0.96548
3332 0.96564
3333 0.96573
3334 0.96602
3335 0.96636
3336 0.96716
3337 0.96724
3338 0.96783
3339 0.96819
3340 0.96839
3341 0.96854
3342 0.96929
3343 0.96938
3344 0.96942
3345 0.96969
3346 0.96975
3347 0.96993
3348 0.97038
3349 0.97049
3350 0.97076
3351 0.97095
3352 0.97158
3353 0.97221
3354 0.97265
3355 0.97269
3356 0.97291
3357 0.97335
3358 0.97361
3359 0.97387
3360 0.9741
3361 0.97444
3362 0.97476
3363 0.97495
3364 0.9751
3365 0.97511
3366 0.97552
3367 0.97578
3368 0.97602
3369 0.97639
3370 0.97685
3371 0.97721
3372 0.97752
3373 0.97759
3374 0.97786
3375 0.97809
3376 0.97822
3377 0.97887
3378 0.97939
3379 0.9794
3380 0.97995
3381 0.98012
3382 0.98032
3383 0.98068
3384 0.98108
3385 0.9815
3386 0.98185
3387 0.98209
3388 0.98229
3389 0.98271
3390 0.98329
3391 0.98337
3392 0.98419
3393 0.98461
3394 0.98484
3395 0.98528
3396 0.98543
3397 0.98597
3398 0.98621
3399 0.98654
3400 0.9867
3401 0.98678
3402 0.98714
3403 0.98735
3404 0.98789
3405 0.98797
3406 0.98833
3407 0.98872
3408 0.98896
3409 0.98916
3410 0.98918
3411 0.98951
3412 0.98967
3413 0.98976
3414 0.98992
3415 0.99015
3416 0.99037
3417 0.99047
3418 0.99074
3419 0.99117
3420 0.99146
3421 0.99173
3422 0.99191
3423 0.99205
3424 0.9925
3425 0.99271
3426 0.99313
3427 0.99376
3428 0.99397
3429 0.99429
3430 0.99453
3431 0.99471
3432 0.99527
3433 0.99554
3434 0.99569
3435 0.99611
3436 0.99642
3437 0.99683
3438 0.99696
3439 0.99709
3440 0.99774
3441 0.99823
3442 0.99868
3443 0.99924
3444 0.99928
3445 0.9994
3446 1.00002
# Generated pool n. 7 for Umax = 16.26775360107422
# Generated a biased pool of 100000 with an acceptance of 0.10086490213871002
# Generated a pool of 100000 with an acceptance of 0.0014505657093124462
# Generation repeated 3447 times
# Average relative effective sample size: 0.01070388499647379
# Generation efficiency: 0.0002901073397156948
