# Generation 5

0 0.00011
1 0.00057
2 0.0009
3 0.00123
4 0.00151
5 0.00154
6 0.00183
7 0.00241
8 0.00285
9 0.00305
10 0.00333
11 0.00369
12 0.00418
13 0.00432
14 0.00441
15 0.00476
16 0.00498
17 0.00507
18 0.0054
19 0.00557
20 0.00575
21 0.00597
22 0.0064
23 0.00688
24 0.00698
25 0.00728
26 0.00743
27 0.00753
28 0.00777
29 0.00804
30 0.00828
31 0.00831
32 0.00836
33 0.00851
34 0.00896
35 0.00908
36 0.00928
37 0.00947
38 0.00966
39 0.00996
40 0.01024
41 0.01046
42 0.01075
43 0.01091
44 0.01095
45 0.01123
46 0.01133
47 0.0115
48 0.01169
49 0.01188
50 0.01202
51 0.01218
52 0.01229
53 0.01255
54 0.01264
55 0.01287
56 0.01337
57 0.01361
58 0.01385
59 0.01429
60 0.01443
61 0.01465
62 0.0149
63 0.01515
64 0.01546
65 0.01553
66 0.01574
67 0.01587
68 0.01632
69 0.01657
70 0.0167
71 0.01699
72 0.01723
73 0.01752
74 0.01783
75 0.01819
76 0.01836
77 0.01837
78 0.01879
79 0.0191
80 0.01919
81 0.01953
82 0.0198
83 0.02007
84 0.02013
85 0.02055
86 0.02064
87 0.02105
88 0.02122
89 0.02154
90 0.02164
91 0.02173
92 0.02189
93 0.02196
94 0.0223
95 0.02239
96 0.02247
97 0.02276
98 0.02305
99 0.02328
100 0.02367
101 0.02382
102 0.02403
103 0.02408
104 0.02418
105 0.02431
106 0.02464
107 0.02487
108 0.02508
109 0.02539
110 0.02558
111 0.02585
112 0.02589
113 0.0265
114 0.02659
115 0.02685
116 0.02711
117 0.02728
118 0.02765
119 0.02792
120 0.02807
121 0.02829
122 0.02836
123 0.02851
124 0.02884
125 0.02921
126 0.0297
127 0.02978
128 0.02983
129 0.03017
130 0.03027
131 0.03051
132 0.03078
133 0.03109
134 0.03142
135 0.03162
136 0.0318
137 0.03198
138 0.03234
139 0.03245
140 0.03286
141 0.03297
142 0.03307
143 0.03345
144 0.03363
145 0.03383
146 0.03399
147 0.0341
148 0.03442
149 0.03453
150 0.03469
151 0.03494
152 0.03525
153 0.03543
154 0.03558
155 0.0357
156 0.03595
157 0.03631
158 0.03645
159 0.03651
160 0.03672
161 0.03692
162 0.03721
163 0.03765
164 0.03782
165 0.03812
166 0.0382
167 0.0383
168 0.03837
169 0.03857
170 0.03866
171 0.03883
172 0.03922
173 0.03941
174 0.03947
175 0.03967
176 0.03999
177 0.0402
178 0.04056
179 0.04093
180 0.04117
181 0.04143
182 0.04153
183 0.04165
184 0.04199
185 0.04228
186 0.04243
187 0.0426
188 0.04307
189 0.04334
190 0.04346
191 0.04381
192 0.04397
193 0.04407
194 0.04422
195 0.04449
196 0.04471
197 0.04491
198 0.04527
199 0.04553
200 0.04563
201 0.04603
202 0.04622
203 0.04642
204 0.04673
205 0.04687
206 0.04699
207 0.04723
208 0.04751
209 0.04778
210 0.04816
211 0.04851
212 0.0488
213 0.04914
214 0.04933
215 0.04983
216 0.05012
217 0.05018
218 0.05041
219 0.05073
220 0.05095
221 0.0512
222 0.05167
223 0.05185
224 0.05228
225 0.05229
226 0.05244
227 0.0527
228 0.05299
229 0.05322
230 0.05337
231 0.05343
232 0.05373
233 0.05399
234 0.05423
235 0.05458
236 0.05497
237 0.05531
238 0.05574
239 0.05595
240 0.05618
241 0.05651
242 0.05678
243 0.05709
244 0.05714
245 0.05728
246 0.05734
247 0.05752
248 0.05771
249 0.05778
250 0.05787
251 0.05798
252 0.05824
253 0.05859
254 0.05918
255 0.05979
256 0.06011
257 0.06026
258 0.0604
259 0.06067
260 0.06092
261 0.06113
262 0.06148
263 0.06163
264 0.06172
265 0.06181
266 0.06203
267 0.06236
268 0.06247
269 0.06253
270 0.06267
271 0.06274
272 0.06282
273 0.06302
274 0.0632
275 0.06352
276 0.06361
277 0.06389
278 0.06407
279 0.06428
280 0.06447
281 0.06477
282 0.06499
283 0.06516
284 0.06534
285 0.06593
286 0.06617
287 0.06629
288 0.06638
289 0.06675
290 0.06717
291 0.06767
292 0.06801
293 0.06822
294 0.06839
295 0.06844
296 0.06854
297 0.06878
298 0.06916
299 0.06939
300 0.07006
301 0.07014
302 0.07028
303 0.07073
304 0.07089
305 0.07116
306 0.07127
307 0.07139
308 0.07158
309 0.07173
310 0.07206
311 0.07215
312 0.07239
313 0.07245
314 0.07294
315 0.07329
316 0.07335
317 0.07376
318 0.0741
319 0.07431
320 0.07485
321 0.0752
322 0.07567
323 0.07591
324 0.07593
325 0.07601
326 0.0763
327 0.07678
328 0.07705
329 0.07731
330 0.07756
331 0.07786
332 0.07809
333 0.07834
334 0.07857
335 0.07885
336 0.07914
337 0.07917
338 0.07932
339 0.0796
340 0.07971
341 0.07989
342 0.08019
343 0.08035
344 0.08048
345 0.0808
346 0.08116
347 0.08148
348 0.08167
349 0.08214
350 0.08254
351 0.08296
352 0.08316
353 0.08377
354 0.08385
355 0.0843
356 0.08453
357 0.08464
358 0.08475
359 0.08492
360 0.08524
361 0.08533
362 0.08571
363 0.08607
364 0.08642
365 0.08692
366 0.08712
367 0.08721
368 0.08754
369 0.08781
370 0.08807
371 0.08833
372 0.08861
373 0.08905
374 0.08951
375 0.08998
376 0.09023
377 0.09062
378 0.091
379 0.09122
380 0.09149
381 0.09189
382 0.09232
383 0.09269
384 0.09289
385 0.09329
386 0.09372
387 0.09392
388 0.0942
389 0.09447
390 0.09458
391 0.09469
392 0.09481
393 0.09502
394 0.09551
395 0.09566
396 0.09601
397 0.0961
398 0.0962
399 0.09631
400 0.09655
401 0.09678
402 0.09717
403 0.09765
404 0.09766
405 0.09808
406 0.09851
407 0.09868
408 0.09898
409 0.09919
410 0.09922
411 0.09954
412 0.09979
413 0.10038
414 0.10047
415 0.10059
416 0.1008
417 0.10098
418 0.10125
419 0.10147
420 0.10153
421 0.10172
422 0.10191
423 0.10222
424 0.10235
425 0.10249
426 0.10265
427 0.1028
428 0.10302
429 0.10311
430 0.10337
431 0.10343
432 0.10378
433 0.10409
434 0.10427
435 0.10437
436 0.10467
437 0.10482
438 0.10499
439 0.10514
440 0.1053
441 0.10533
442 0.10563
443 0.10582
444 0.10589
445 0.10612
446 0.10644
447 0.10684
448 0.10711
449 0.10731
450 0.10746
451 0.10763
452 0.10783
453 0.10804
454 0.10828
455 0.10846
456 0.10883
457 0.10899
458 0.1091
459 0.10921
460 0.1094
461 0.10959
462 0.11009
463 0.1105
464 0.11081
465 0.11099
466 0.11155
467 0.11177
468 0.11197
469 0.1122
470 0.11246
471 0.1126
472 0.11264
473 0.11284
474 0.11303
475 0.11337
476 0.11362
477 0.11373
478 0.11409
479 0.11418
480 0.11452
481 0.11477
482 0.11482
483 0.11502
484 0.11529
485 0.1157
486 0.11583
487 0.11587
488 0.11605
489 0.11634
490 0.11645
491 0.11656
492 0.11678
493 0.11746
494 0.1178
495 0.11806
496 0.11829
497 0.11848
498 0.11876
499 0.11892
500 0.11928
501 0.11957
502 0.11969
503 0.12008
504 0.12023
505 0.12062
506 0.12079
507 0.12109
508 0.1214
509 0.12174
510 0.12208
511 0.12231
512 0.12274
513 0.1229
514 0.12312
515 0.12328
516 0.12355
517 0.12416
518 0.12458
519 0.12474
520 0.12542
521 0.12585
522 0.12597
523 0.1263
524 0.12649
525 0.1267
526 0.12722
527 0.12739
528 0.12769
529 0.12783
530 0.12807
531 0.12814
532 0.12841
533 0.12862
534 0.12904
535 0.12956
536 0.12968
537 0.12989
538 0.13012
539 0.13041
540 0.13064
541 0.131
542 0.1311
543 0.13136
544 0.13149
545 0.13187
546 0.132
547 0.13231
548 0.13246
549 0.13275
550 0.13293
551 0.13313
552 0.13347
553 0.1337
554 0.13387
555 0.13413
556 0.13431
557 0.13452
558 0.13461
559 0.13469
560 0.13502
561 0.13541
562 0.13554
563 0.13576
564 0.13612
565 0.13645
566 0.13678
567 0.13722
568 0.13745
569 0.13763
570 0.13772
571 0.1379
572 0.138
573 0.13839
574 0.1386
575 0.13869
576 0.13879
577 0.13905
578 0.13925
579 0.13939
580 0.13961
581 0.13987
582 0.14006
583 0.1404
584 0.14091
585 0.14117
586 0.14163
587 0.1419
588 0.14228
589 0.14256
590 0.14291
591 0.14319
592 0.14338
593 0.14355
594 0.14371
595 0.14391
596 0.14401
597 0.14418
598 0.14448
599 0.14495
600 0.14506
601 0.1454
602 0.14575
603 0.14587
604 0.14597
605 0.14634
606 0.14669
607 0.14713
608 0.14737
609 0.14757
610 0.14776
611 0.14805
612 0.1481
613 0.14814
614 0.1482
615 0.14846
616 0.14878
617 0.14894
618 0.1492
619 0.14943
620 0.14986
621 0.1503
622 0.15036
623 0.1505
624 0.15057
625 0.1509
626 0.15112
627 0.15143
628 0.15149
629 0.1519
630 0.15211
631 0.15238
632 0.15285
633 0.15303
634 0.15339
635 0.15368
636 0.15376
637 0.15392
638 0.15404
639 0.15429
640 0.15456
641 0.15461
642 0.15493
643 0.15537
644 0.15546
645 0.15578
646 0.15595
647 0.15628
648 0.15633
649 0.15669
650 0.15677
651 0.15703
652 0.15736
653 0.15764
654 0.15787
655 0.15808
656 0.15846
657 0.15907
658 0.15938
659 0.15944
660 0.15963
661 0.15968
662 0.15985
663 0.15993
664 0.16021
665 0.16062
666 0.16084
667 0.16111
668 0.16132
669 0.16156
670 0.16174
671 0.16203
672 0.16223
673 0.1624
674 0.16242
675 0.1625
676 0.16266
677 0.163
678 0.16321
679 0.16334
680 0.16386
681 0.16418
682 0.16445
683 0.16458
684 0.16509
685 0.16554
686 0.16567
687 0.16605
688 0.16609
689 0.16648
690 0.1671
691 0.16729
692 0.16751
693 0.16775
694 0.16779
695 0.16806
696 0.16829
697 0.16838
698 0.16856
699 0.16867
700 0.16887
701 0.16932
702 0.16968
703 0.16997
704 0.17012
705 0.17036
706 0.17041
707 0.17055
708 0.17081
709 0.17117
710 0.17158
711 0.17172
712 0.17188
713 0.17216
714 0.17225
715 0.1725
716 0.1729
717 0.17324
718 0.17363
719 0.17392
720 0.17418
721 0.17469
722 0.17487
723 0.17505
724 0.17525
725 0.17552
726 0.17561
727 0.17576
728 0.1759
729 0.17626
730 0.1763
731 0.17667
732 0.17682
733 0.17698
734 0.17734
735 0.17761
736 0.17794
737 0.17825
738 0.17839
739 0.17852
740 0.17884
741 0.17886
742 0.17905
743 0.17964
744 0.17991
745 0.1801
746 0.18033
747 0.18055
748 0.1806
749 0.18095
750 0.18154
751 0.18162
752 0.18206
753 0.18245
754 0.18255
755 0.18272
756 0.18277
757 0.18287
758 0.18303
759 0.18324
760 0.18354
761 0.18382
762 0.18413
763 0.18452
764 0.18493
765 0.18526
766 0.18544
767 0.18571
768 0.18595
769 0.18638
770 0.18666
771 0.18679
772 0.1871
773 0.18774
774 0.1878
775 0.18786
776 0.18816
777 0.18835
778 0.18863
779 0.18872
780 0.1889
781 0.18896
782 0.18919
783 0.18957
784 0.1899
785 0.19009
786 0.19036
787 0.19045
788 0.19054
789 0.19092
790 0.1912
791 0.19152
792 0.19166
793 0.19191
794 0.19229
795 0.19241
796 0.1926
797 0.19293
798 0.1931
799 0.19337
800 0.19352
801 0.19377
802 0.19396
803 0.19445
804 0.19479
805 0.19482
806 0.19497
807 0.19535
808 0.19542
809 0.19567
810 0.19577
811 0.19601
812 0.1963
813 0.1968
814 0.19716
815 0.19746
816 0.19787
817 0.1981
818 0.19816
819 0.19835
820 0.19858
821 0.1989
822 0.19921
823 0.19932
824 0.1995
825 0.2
826 0.20009
827 0.20047
828 0.20074
829 0.20097
830 0.20137
831 0.20157
832 0.2019
833 0.20215
834 0.20248
835 0.20266
836 0.20277
837 0.20299
838 0.20334
839 0.20362
840 0.20393
841 0.20409
842 0.20447
843 0.20467
844 0.20506
845 0.20523
846 0.20566
847 0.20571
848 0.20621
849 0.20637
850 0.20641
851 0.20669
852 0.20685
853 0.20764
854 0.20789
855 0.20808
856 0.2082
857 0.20849
858 0.20871
859 0.20885
860 0.2093
861 0.20966
862 0.2102
863 0.21039
864 0.2106
865 0.21081
866 0.21103
867 0.21128
868 0.21136
869 0.21156
870 0.2117
871 0.21193
872 0.21219
873 0.21226
874 0.21233
875 0.21255
876 0.21272
877 0.21275
878 0.21311
879 0.21339
880 0.21355
881 0.21372
882 0.21405
883 0.21433
884 0.21449
885 0.21483
886 0.21488
887 0.21521
888 0.21538
889 0.21588
890 0.21614
891 0.2162
892 0.2165
893 0.21676
894 0.2168
895 0.2174
896 0.21755
897 0.21771
898 0.21788
899 0.21826
900 0.21862
901 0.21886
902 0.21919
903 0.21931
904 0.21969
905 0.21985
906 0.22026
907 0.22066
908 0.22083
909 0.22107
910 0.2215
911 0.22167
912 0.22191
913 0.22209
914 0.22233
915 0.22259
916 0.2229
917 0.22306
918 0.22343
919 0.22374
920 0.22393
921 0.22442
922 0.22485
923 0.2251
924 0.22523
925 0.22532
926 0.22537
927 0.22553
928 0.22578
929 0.22605
930 0.22606
931 0.22619
932 0.22645
933 0.22677
934 0.227
935 0.22722
936 0.22758
937 0.22767
938 0.22775
939 0.22793
940 0.22839
941 0.22853
942 0.22868
943 0.22884
944 0.22904
945 0.22934
946 0.22942
947 0.2296
948 0.22974
949 0.22988
950 0.23019
951 0.23035
952 0.23054
953 0.23064
954 0.2307
955 0.23121
956 0.23131
957 0.23171
958 0.232
959 0.23226
960 0.23264
961 0.23292
962 0.23303
963 0.23375
964 0.23385
965 0.23393
966 0.23422
967 0.23457
968 0.23467
969 0.23489
970 0.23509
971 0.23544
972 0.23582
973 0.23612
974 0.23642
975 0.23662
976 0.23714
977 0.23746
978 0.23752
979 0.23769
980 0.238
981 0.23821
982 0.23847
983 0.23858
984 0.23892
985 0.23922
986 0.23947
987 0.23986
988 0.23993
989 0.2402
990 0.24044
991 0.24062
992 0.24095
993 0.2411
994 0.24126
995 0.24154
996 0.24181
997 0.24194
998 0.24248
999 0.24282
1000 0.24307
1001 0.24319
1002 0.24344
1003 0.24367
1004 0.24401
1005 0.24419
1006 0.24456
1007 0.24497
1008 0.24506
1009 0.24574
1010 0.24606
1011 0.24643
1012 0.24663
1013 0.24679
1014 0.24721
1015 0.24743
1016 0.24758
1017 0.24787
1018 0.24814
1019 0.24842
1020 0.24864
1021 0.24876
1022 0.24903
1023 0.24921
1024 0.24966
1025 0.25004
1026 0.25032
1027 0.25056
1028 0.25076
1029 0.25128
1030 0.25136
1031 0.25163
1032 0.25199
1033 0.25208
1034 0.25227
1035 0.25243
1036 0.25252
1037 0.25272
1038 0.2528
1039 0.25315
1040 0.2533
1041 0.25357
1042 0.25373
1043 0.2539
1044 0.25423
1045 0.25448
1046 0.25482
1047 0.25503
1048 0.25523
1049 0.25547
1050 0.25566
1051 0.25582
1052 0.25616
1053 0.25636
1054 0.25661
1055 0.25673
1056 0.25694
1057 0.25717
1058 0.2573
1059 0.25748
1060 0.25755
1061 0.25784
1062 0.25797
1063 0.25821
1064 0.25859
1065 0.25864
1066 0.25887
1067 0.25918
1068 0.25957
1069 0.25974
1070 0.25991
1071 0.26048
1072 0.26068
1073 0.26088
1074 0.26114
1075 0.26171
1076 0.26183
1077 0.26201
1078 0.26226
1079 0.2627
1080 0.26297
1081 0.26315
1082 0.26362
1083 0.2639
1084 0.26436
1085 0.26469
1086 0.26473
1087 0.26496
1088 0.26536
1089 0.26566
1090 0.26569
1091 0.26601
1092 0.26635
1093 0.26678
1094 0.26701
1095 0.26715
1096 0.26747
1097 0.26754
1098 0.26773
1099 0.2679
1100 0.26837
1101 0.26848
1102 0.26874
1103 0.26909
1104 0.26938
1105 0.26966
1106 0.26998
1107 0.27022
1108 0.27057
1109 0.27077
1110 0.271
1111 0.27126
1112 0.27146
1113 0.27172
1114 0.2719
1115 0.27221
1116 0.27246
1117 0.27282
1118 0.27296
1119 0.27306
1120 0.27314
1121 0.27335
1122 0.27381
1123 0.27433
1124 0.27474
1125 0.27507
1126 0.27516
1127 0.27544
1128 0.27569
1129 0.27577
1130 0.27605
1131 0.27633
1132 0.27652
1133 0.27683
1134 0.27711
1135 0.27718
1136 0.27751
1137 0.27782
1138 0.27807
1139 0.27844
1140 0.27876
1141 0.27879
1142 0.27914
1143 0.27956
1144 0.27985
1145 0.28011
1146 0.28024
1147 0.28033
1148 0.28046
1149 0.28066
1150 0.2809
1151 0.28102
1152 0.2813
1153 0.28141
1154 0.28176
1155 0.28178
1156 0.28216
1157 0.28218
1158 0.28236
1159 0.28254
1160 0.28281
1161 0.28304
1162 0.28336
1163 0.28346
1164 0.284
1165 0.28428
1166 0.28449
1167 0.28462
1168 0.28495
1169 0.28516
1170 0.28554
1171 0.28577
1172 0.28611
1173 0.28624
1174 0.28659
1175 0.28676
1176 0.28684
1177 0.28699
1178 0.28735
1179 0.28767
1180 0.28779
1181 0.28819
1182 0.28844
1183 0.28882
1184 0.289
1185 0.28905
1186 0.28917
1187 0.28924
1188 0.28964
1189 0.28977
1190 0.29022
1191 0.29076
1192 0.29093
1193 0.29114
1194 0.29129
1195 0.2914
1196 0.29175
1197 0.29219
1198 0.2927
1199 0.29307
1200 0.29317
1201 0.29342
1202 0.29406
1203 0.2942
1204 0.2945
1205 0.29488
1206 0.29506
1207 0.29531
1208 0.29585
1209 0.29593
1210 0.29598
1211 0.29644
1212 0.29653
1213 0.29661
1214 0.29673
1215 0.2971
1216 0.29719
1217 0.29737
1218 0.29756
1219 0.29761
1220 0.29783
1221 0.29829
1222 0.29843
1223 0.299
1224 0.29931
1225 0.29957
1226 0.30016
1227 0.30024
1228 0.30093
1229 0.30123
1230 0.30155
1231 0.30208
1232 0.30232
1233 0.30252
1234 0.3026
1235 0.30275
1236 0.30286
1237 0.30326
1238 0.30354
1239 0.30363
1240 0.304
1241 0.30438
1242 0.3048
1243 0.30493
1244 0.30524
1245 0.30542
1246 0.30585
1247 0.30592
1248 0.30629
1249 0.30668
1250 0.30722
1251 0.30747
1252 0.30789
1253 0.30796
1254 0.30804
1255 0.30848
1256 0.30863
1257 0.3087
1258 0.30879
1259 0.3089
1260 0.30925
1261 0.30938
1262 0.30966
1263 0.30989
1264 0.31008
1265 0.31045
1266 0.3106
1267 0.31075
1268 0.3108
1269 0.31106
1270 0.31113
1271 0.3113
1272 0.3114
1273 0.31165
1274 0.31179
1275 0.31214
1276 0.31232
1277 0.3125
1278 0.31271
1279 0.31284
1280 0.31294
1281 0.31336
1282 0.31371
1283 0.31456
1284 0.31474
1285 0.31498
1286 0.31522
1287 0.31531
1288 0.31551
1289 0.3158
1290 0.31595
1291 0.31647
1292 0.31662
1293 0.31682
1294 0.31703
1295 0.31718
1296 0.31746
1297 0.3177
1298 0.31802
1299 0.31823
1300 0.31844
1301 0.31897
1302 0.31903
1303 0.31937
1304 0.32006
1305 0.32049
1306 0.32072
1307 0.32108
1308 0.32153
1309 0.32171
1310 0.32205
1311 0.32246
1312 0.32282
1313 0.32306
1314 0.32321
1315 0.3233
1316 0.32347
1317 0.32372
1318 0.32381
1319 0.32401
1320 0.32423
1321 0.32457
1322 0.32481
1323 0.3251
1324 0.32529
1325 0.32552
1326 0.32589
1327 0.32593
1328 0.32613
1329 0.32621
1330 0.32658
1331 0.32684
1332 0.32709
1333 0.32731
1334 0.32759
1335 0.32781
1336 0.32788
1337 0.32803
1338 0.32817
1339 0.32847
1340 0.32877
1341 0.329
1342 0.32926
1343 0.32955
1344 0.3296
1345 0.3298
1346 0.3299
1347 0.33003
1348 0.33047
1349 0.33078
1350 0.33094
1351 0.33109
1352 0.33148
1353 0.33192
1354 0.33216
1355 0.33238
1356 0.33249
1357 0.33262
1358 0.33283
1359 0.333
1360 0.33315
1361 0.33339
1362 0.33364
1363 0.33378
1364 0.33419
1365 0.33427
1366 0.33439
1367 0.33446
1368 0.33465
1369 0.33501
1370 0.33541
1371 0.33552
1372 0.33609
1373 0.33631
1374 0.33647
1375 0.33675
1376 0.33691
1377 0.337
1378 0.33723
1379 0.33733
1380 0.33755
1381 0.33795
1382 0.33827
1383 0.33845
1384 0.33866
1385 0.33897
1386 0.3391
1387 0.33923
1388 0.33958
1389 0.34001
1390 0.3402
1391 0.34038
1392 0.34057
1393 0.34064
1394 0.34088
1395 0.34102
1396 0.34122
1397 0.34128
1398 0.34152
1399 0.34165
1400 0.34197
1401 0.34209
1402 0.34239
1403 0.34261
1404 0.34282
1405 0.34299
1406 0.34324
1407 0.34341
1408 0.34368
1409 0.34399
1410 0.34447
1411 0.34471
1412 0.34478
1413 0.34508
1414 0.34529
1415 0.34564
1416 0.34586
1417 0.34602
1418 0.34633
1419 0.3467
1420 0.34675
1421 0.34709
1422 0.34727
1423 0.34753
1424 0.34784
1425 0.34806
1426 0.34825
1427 0.34835
1428 0.34847
1429 0.34871
1430 0.3488
1431 0.349
1432 0.34916
1433 0.34927
1434 0.34945
1435 0.35002
1436 0.35017
1437 0.3504
1438 0.35066
1439 0.35074
1440 0.35108
1441 0.35122
1442 0.35127
1443 0.35157
1444 0.35171
1445 0.35178
1446 0.35217
1447 0.35249
1448 0.35263
1449 0.35285
1450 0.35329
1451 0.35349
1452 0.35355
1453 0.35364
1454 0.35367
1455 0.35382
1456 0.35411
1457 0.35435
1458 0.35479
1459 0.35501
1460 0.35532
1461 0.35558
1462 0.35577
1463 0.35597
1464 0.35604
1465 0.35624
1466 0.35651
1467 0.35679
1468 0.35724
1469 0.3577
1470 0.3582
1471 0.35849
1472 0.35862
1473 0.35891
1474 0.35927
1475 0.35957
1476 0.35977
1477 0.35991
1478 0.36026
1479 0.3606
1480 0.36074
1481 0.3611
1482 0.36132
1483 0.36228
1484 0.36277
1485 0.36309
1486 0.3634
1487 0.36366
1488 0.3639
1489 0.36433
1490 0.36488
1491 0.36523
1492 0.36542
1493 0.36554
1494 0.36578
1495 0.36592
1496 0.36623
1497 0.3665
1498 0.36675
1499 0.36697
1500 0.36716
1501 0.36736
1502 0.36744
1503 0.36777
1504 0.36831
1505 0.36869
1506 0.36895
1507 0.3693
1508 0.36953
1509 0.36987
1510 0.37007
1511 0.37014
1512 0.37032
1513 0.37083
1514 0.37107
1515 0.37143
1516 0.3715
1517 0.37185
1518 0.37225
1519 0.37259
1520 0.37281
1521 0.37297
1522 0.37335
1523 0.37354
1524 0.37377
1525 0.37392
1526 0.3743
1527 0.3745
1528 0.37504
1529 0.3753
1530 0.37558
1531 0.37588
1532 0.37596
1533 0.37616
1534 0.37652
1535 0.37696
1536 0.37717
1537 0.37728
1538 0.37756
1539 0.37794
1540 0.37827
1541 0.37844
1542 0.37857
1543 0.3786
1544 0.37866
1545 0.37898
1546 0.37954
1547 0.3797
1548 0.37995
1549 0.38022
1550 0.38036
1551 0.3806
1552 0.38088
1553 0.38096
1554 0.38117
1555 0.38139
1556 0.38162
1557 0.38207
1558 0.38246
1559 0.38288
1560 0.38333
1561 0.38346
1562 0.38373
1563 0.38397
1564 0.38433
1565 0.38441
1566 0.38452
1567 0.38475
1568 0.38484
1569 0.38503
1570 0.38544
1571 0.38577
1572 0.386
1573 0.38618
1574 0.38663
1575 0.38704
1576 0.38732
1577 0.38738
1578 0.38775
1579 0.38797
1580 0.38842
1581 0.3887
1582 0.38877
1583 0.38894
1584 0.38914
1585 0.38941
1586 0.38952
1587 0.38977
1588 0.3899
1589 0.39058
1590 0.39097
1591 0.39115
1592 0.39126
1593 0.39137
1594 0.39166
1595 0.39182
1596 0.39187
1597 0.39193
1598 0.39234
1599 0.39243
1600 0.39263
1601 0.39299
1602 0.39318
1603 0.39337
1604 0.39369
1605 0.39396
1606 0.39409
1607 0.39436
1608 0.39468
1609 0.39514
1610 0.39543
1611 0.3957
1612 0.39595
1613 0.39637
1614 0.39648
1615 0.39687
1616 0.3972
1617 0.39732
1618 0.39742
1619 0.39751
1620 0.39755
1621 0.39773
1622 0.39788
1623 0.3981
1624 0.39826
1625 0.39858
1626 0.39871
1627 0.3988
1628 0.39904
1629 0.39919
1630 0.39923
1631 0.39928
1632 0.3994
1633 0.39977
1634 0.40002
1635 0.40028
1636 0.40037
1637 0.40062
1638 0.40085
1639 0.40122
1640 0.4015
1641 0.4016
1642 0.40174
1643 0.40197
1644 0.40217
1645 0.40243
1646 0.40258
1647 0.40283
1648 0.40308
1649 0.40323
1650 0.4035
1651 0.40368
1652 0.40397
1653 0.40453
1654 0.40473
1655 0.40501
1656 0.40517
1657 0.40545
1658 0.40558
1659 0.406
1660 0.40657
1661 0.40678
1662 0.40694
1663 0.40729
1664 0.40745
1665 0.4077
1666 0.40792
1667 0.4083
1668 0.4088
1669 0.40924
1670 0.40958
1671 0.40985
1672 0.40996
1673 0.41014
1674 0.41046
1675 0.41068
1676 0.41086
1677 0.4113
1678 0.41153
1679 0.41167
1680 0.41187
1681 0.41207
1682 0.41247
1683 0.41254
1684 0.41271
1685 0.41294
1686 0.41324
1687 0.41343
1688 0.41371
1689 0.41405
1690 0.41435
1691 0.41454
1692 0.41486
1693 0.41506
1694 0.41532
1695 0.41546
1696 0.41574
1697 0.41597
1698 0.41633
1699 0.4167
1700 0.41672
1701 0.41694
1702 0.41698
1703 0.41718
1704 0.41744
1705 0.41776
1706 0.41804
1707 0.41827
1708 0.41835
1709 0.41848
1710 0.41893
1711 0.41932
1712 0.41958
1713 0.41991
1714 0.42023
1715 0.42046
1716 0.42066
1717 0.42099
1718 0.42145
1719 0.42172
1720 0.42204
1721 0.42225
1722 0.42259
1723 0.42277
1724 0.42292
1725 0.42347
1726 0.42367
1727 0.42382
1728 0.42392
1729 0.42418
1730 0.42449
1731 0.42488
1732 0.42512
1733 0.42535
1734 0.42546
1735 0.42564
1736 0.42603
1737 0.42632
1738 0.42652
1739 0.42666
1740 0.42671
1741 0.42688
1742 0.427
1743 0.42768
1744 0.42776
1745 0.42791
1746 0.42827
1747 0.4285
1748 0.42873
1749 0.42893
1750 0.42927
1751 0.42951
1752 0.4298
1753 0.42986
1754 0.43016
1755 0.43031
1756 0.43075
1757 0.43113
1758 0.43135
1759 0.43143
1760 0.43147
1761 0.43166
1762 0.43192
1763 0.43216
1764 0.43231
1765 0.43268
1766 0.43274
1767 0.43287
1768 0.43297
1769 0.43306
1770 0.43345
1771 0.4337
1772 0.43399
1773 0.43453
1774 0.43455
1775 0.43495
1776 0.43521
1777 0.4354
1778 0.43544
1779 0.43559
1780 0.43588
1781 0.43619
1782 0.43632
1783 0.43673
1784 0.43682
1785 0.43698
1786 0.43722
1787 0.43746
1788 0.43752
1789 0.43774
1790 0.43776
1791 0.43791
1792 0.43819
1793 0.43851
1794 0.43876
1795 0.43897
1796 0.4391
1797 0.43917
1798 0.4393
1799 0.43952
1800 0.43991
1801 0.44008
1802 0.44027
1803 0.44057
1804 0.44079
1805 0.44108
1806 0.44128
1807 0.44157
1808 0.44174
1809 0.44206
1810 0.44214
1811 0.4423
1812 0.44236
1813 0.44252
1814 0.44272
1815 0.4432
1816 0.44331
1817 0.44358
1818 0.44383
1819 0.44423
1820 0.44457
1821 0.4448
1822 0.44495
1823 0.44509
1824 0.44516
1825 0.44527
1826 0.44537
1827 0.44569
1828 0.44578
1829 0.44587
1830 0.44609
1831 0.44629
1832 0.44635
1833 0.4467
1834 0.44673
1835 0.44683
1836 0.44702
1837 0.44751
1838 0.44759
1839 0.44778
1840 0.4481
1841 0.44829
1842 0.44852
1843 0.44882
1844 0.44898
1845 0.44907
1846 0.44918
1847 0.44944
1848 0.44968
1849 0.45001
1850 0.45047
1851 0.45098
1852 0.45126
1853 0.45163
1854 0.45177
1855 0.45189
1856 0.45215
1857 0.4522
1858 0.45258
1859 0.45271
1860 0.45309
1861 0.45317
1862 0.45319
1863 0.45336
1864 0.45338
1865 0.45371
1866 0.45393
1867 0.45407
1868 0.45426
1869 0.45437
1870 0.45465
1871 0.45485
1872 0.4551
1873 0.45516
1874 0.45545
1875 0.45576
1876 0.456
1877 0.45628
1878 0.45659
1879 0.45666
1880 0.45688
1881 0.45702
1882 0.45748
1883 0.45777
1884 0.45789
1885 0.45818
1886 0.45869
1887 0.45881
1888 0.45897
1889 0.45898
1890 0.4591
1891 0.45913
1892 0.45943
1893 0.45961
1894 0.45979
1895 0.46005
1896 0.46046
1897 0.46052
1898 0.4606
1899 0.46069
1900 0.4609
1901 0.46126
1902 0.46158
1903 0.46162
1904 0.46168
1905 0.46205
1906 0.46258
1907 0.463
1908 0.46312
1909 0.4634
1910 0.46376
1911 0.46394
1912 0.46414
1913 0.46462
1914 0.46484
1915 0.465
1916 0.46537
1917 0.46571
1918 0.46584
1919 0.46618
1920 0.46678
1921 0.46693
1922 0.46747
1923 0.46753
1924 0.46779
1925 0.4679
1926 0.46805
1927 0.46846
1928 0.46874
1929 0.46888
1930 0.46899
1931 0.46912
1932 0.46922
1933 0.46969
1934 0.46973
1935 0.46985
1936 0.46992
1937 0.47013
1938 0.47053
1939 0.47069
1940 0.47084
1941 0.47109
1942 0.47116
1943 0.47127
1944 0.47147
1945 0.472
1946 0.47221
1947 0.47231
1948 0.47249
1949 0.4729
1950 0.47304
1951 0.47327
1952 0.47363
1953 0.4737
1954 0.47391
1955 0.47411
1956 0.47453
1957 0.47475
1958 0.47508
1959 0.47533
1960 0.47547
1961 0.4758
1962 0.47616
1963 0.47628
1964 0.47632
1965 0.47664
1966 0.47687
1967 0.47693
1968 0.47728
1969 0.47746
1970 0.47749
1971 0.47762
1972 0.47778
1973 0.47785
1974 0.47806
1975 0.47833
1976 0.47864
1977 0.47881
1978 0.47923
1979 0.47953
1980 0.47992
1981 0.48017
1982 0.48062
1983 0.48101
1984 0.4811
1985 0.48154
1986 0.48182
1987 0.48218
1988 0.48227
1989 0.48245
1990 0.48288
1991 0.48329
1992 0.48352
1993 0.48396
1994 0.48412
1995 0.4843
1996 0.48466
1997 0.48513
1998 0.48559
1999 0.48576
2000 0.48599
2001 0.48617
2002 0.48639
2003 0.48693
2004 0.48725
2005 0.48747
2006 0.4876
2007 0.48772
2008 0.48786
2009 0.4882
2010 0.48838
2011 0.48882
2012 0.48896
2013 0.48913
2014 0.48958
2015 0.48982
2016 0.49007
2017 0.49049
2018 0.49088
2019 0.49149
2020 0.49166
2021 0.49193
2022 0.49206
2023 0.49232
2024 0.49254
2025 0.49289
2026 0.49315
2027 0.49336
2028 0.49369
2029 0.49406
2030 0.49412
2031 0.49441
2032 0.49462
2033 0.49496
2034 0.49526
2035 0.49561
2036 0.49586
2037 0.49594
2038 0.49604
2039 0.49623
2040 0.49643
2041 0.49663
2042 0.49687
2043 0.49717
2044 0.49734
2045 0.49754
2046 0.49764
2047 0.4978
2048 0.49804
2049 0.49813
2050 0.49824
2051 0.49842
2052 0.49857
2053 0.49867
2054 0.49917
2055 0.49946
2056 0.49978
2057 0.5
2058 0.50018
2059 0.50032
2060 0.50042
2061 0.50065
2062 0.50096
2063 0.50128
2064 0.50166
2065 0.50199
2066 0.50223
2067 0.50268
2068 0.50315
2069 0.50327
2070 0.50352
2071 0.50363
2072 0.50372
2073 0.50399
2074 0.5043
2075 0.50489
2076 0.50517
2077 0.50541
2078 0.50573
2079 0.50584
2080 0.50619
2081 0.50646
2082 0.50698
2083 0.50718
2084 0.50738
2085 0.50757
2086 0.50791
2087 0.50815
2088 0.50829
2089 0.50834
2090 0.50876
2091 0.50879
2092 0.50894
2093 0.50937
2094 0.50946
2095 0.50971
2096 0.50978
2097 0.50994
2098 0.51017
2099 0.51032
2100 0.51056
2101 0.51067
2102 0.51108
2103 0.51119
2104 0.51155
2105 0.51197
2106 0.51217
2107 0.51259
2108 0.51298
2109 0.51314
2110 0.51355
2111 0.51375
2112 0.51414
2113 0.51442
2114 0.51488
2115 0.51505
2116 0.51512
2117 0.51535
2118 0.51542
2119 0.51559
2120 0.51574
2121 0.51592
2122 0.51629
2123 0.51653
2124 0.51671
2125 0.51703
2126 0.51727
2127 0.51753
2128 0.51807
2129 0.51837
2130 0.51854
2131 0.51864
2132 0.51874
2133 0.519
2134 0.51924
2135 0.51966
2136 0.51993
2137 0.52007
2138 0.5205
2139 0.52093
2140 0.52117
2141 0.52159
2142 0.52195
2143 0.52218
2144 0.52248
2145 0.52252
2146 0.52278
2147 0.52279
2148 0.52314
2149 0.52355
2150 0.52378
2151 0.52393
2152 0.52404
2153 0.52415
2154 0.52435
2155 0.52474
2156 0.52515
2157 0.52539
2158 0.52572
2159 0.52604
2160 0.52636
2161 0.52659
2162 0.52681
2163 0.52716
2164 0.52747
2165 0.52805
2166 0.52823
2167 0.52853
2168 0.52855
2169 0.52878
2170 0.52903
2171 0.52913
2172 0.52928
2173 0.52943
2174 0.52948
2175 0.52966
2176 0.53004
2177 0.53028
2178 0.53035
2179 0.53069
2180 0.53102
2181 0.53125
2182 0.53153
2183 0.53177
2184 0.5322
2185 0.53259
2186 0.53286
2187 0.53307
2188 0.53336
2189 0.53356
2190 0.53386
2191 0.53393
2192 0.53437
2193 0.53475
2194 0.53487
2195 0.53533
2196 0.53558
2197 0.53594
2198 0.53644
2199 0.53682
2200 0.53754
2201 0.53774
2202 0.53812
2203 0.53817
2204 0.53868
2205 0.5391
2206 0.5392
2207 0.53952
2208 0.53963
2209 0.53981
2210 0.53985
2211 0.54005
2212 0.54044
2213 0.54069
2214 0.54087
2215 0.54131
2216 0.54182
2217 0.54222
2218 0.54266
2219 0.54296
2220 0.54322
2221 0.54359
2222 0.54378
2223 0.54387
2224 0.54411
2225 0.54433
2226 0.5444
2227 0.54472
2228 0.54487
2229 0.54512
2230 0.54537
2231 0.54553
2232 0.54572
2233 0.54582
2234 0.54607
2235 0.54612
2236 0.54647
2237 0.5466
2238 0.54675
2239 0.54691
2240 0.54708
2241 0.54725
2242 0.5474
2243 0.54751
2244 0.54787
2245 0.54814
2246 0.54833
2247 0.54866
2248 0.5488
2249 0.54927
2250 0.5493
2251 0.54941
2252 0.54978
2253 0.54986
2254 0.55022
2255 0.5505
2256 0.55089
2257 0.55113
2258 0.55159
2259 0.55172
2260 0.55188
2261 0.55214
2262 0.55239
2263 0.55276
2264 0.55317
2265 0.55362
2266 0.55381
2267 0.55423
2268 0.55445
2269 0.55487
2270 0.55515
2271 0.55564
2272 0.55579
2273 0.55584
2274 0.55604
2275 0.55618
2276 0.55633
2277 0.55665
2278 0.55671
2279 0.55709
2280 0.55742
2281 0.55788
2282 0.55803
2283 0.5581
2284 0.55838
2285 0.55863
2286 0.55868
2287 0.55887
2288 0.5592
2289 0.55933
2290 0.55948
2291 0.55966
2292 0.5601
2293 0.56012
2294 0.56021
2295 0.56051
2296 0.56061
2297 0.56103
2298 0.56115
2299 0.56134
2300 0.56185
2301 0.56211
2302 0.56218
2303 0.5623
2304 0.56271
2305 0.56298
2306 0.56324
2307 0.56335
2308 0.56368
2309 0.56413
2310 0.56423
2311 0.56431
2312 0.56452
2313 0.56477
2314 0.56521
2315 0.56537
2316 0.56569
2317 0.56576
2318 0.56612
2319 0.56638
2320 0.567
2321 0.56719
2322 0.5673
2323 0.5675
2324 0.56754
2325 0.56786
2326 0.56791
2327 0.56822
2328 0.56839
2329 0.56857
2330 0.56865
2331 0.56901
2332 0.56943
2333 0.56957
2334 0.56985
2335 0.56997
2336 0.57029
2337 0.57048
2338 0.57082
2339 0.57089
2340 0.57099
2341 0.57111
2342 0.57144
2343 0.57187
2344 0.57225
2345 0.57236
2346 0.5728
2347 0.57322
2348 0.57364
2349 0.57376
2350 0.57384
2351 0.57389
2352 0.57397
2353 0.57407
2354 0.57418
2355 0.57449
2356 0.57477
2357 0.57499
2358 0.57508
2359 0.57551
2360 0.57556
2361 0.57577
2362 0.57628
2363 0.57654
2364 0.57682
2365 0.57724
2366 0.5774
2367 0.57754
2368 0.57793
2369 0.57804
2370 0.57835
2371 0.57861
2372 0.57888
2373 0.57921
2374 0.57959
2375 0.57978
2376 0.57989
2377 0.58007
2378 0.5803
2379 0.58065
2380 0.58083
2381 0.58092
2382 0.58129
2383 0.58144
2384 0.58152
2385 0.5816
2386 0.5819
2387 0.58226
2388 0.58262
2389 0.58298
2390 0.58346
2391 0.58384
2392 0.58394
2393 0.58401
2394 0.58411
2395 0.58467
2396 0.58498
2397 0.58527
2398 0.58538
2399 0.58544
2400 0.58573
2401 0.58594
2402 0.58621
2403 0.58645
2404 0.58675
2405 0.58682
2406 0.58713
2407 0.58726
2408 0.58753
2409 0.58766
2410 0.5878
2411 0.58822
2412 0.58883
2413 0.58896
2414 0.5893
2415 0.5895
2416 0.58986
2417 0.59001
2418 0.59022
2419 0.59044
2420 0.59078
2421 0.59099
2422 0.59121
2423 0.59154
2424 0.59176
2425 0.59206
2426 0.59218
2427 0.59276
2428 0.59293
2429 0.59296
2430 0.59333
2431 0.59342
2432 0.59384
2433 0.59391
2434 0.59426
2435 0.5946
2436 0.59487
2437 0.59491
2438 0.59504
2439 0.59526
2440 0.59561
2441 0.59569
2442 0.59582
2443 0.59607
2444 0.59612
2445 0.59627
2446 0.5964
2447 0.59654
2448 0.59687
2449 0.59701
2450 0.59715
2451 0.59732
2452 0.59733
2453 0.59749
2454 0.59772
2455 0.59819
2456 0.59844
2457 0.59852
2458 0.59893
2459 0.59912
2460 0.59925
2461 0.59972
2462 0.59989
2463 0.60005
2464 0.60029
2465 0.60055
2466 0.60069
2467 0.60124
2468 0.60159
2469 0.60201
2470 0.60218
2471 0.60287
2472 0.60317
2473 0.60352
2474 0.60363
2475 0.60376
2476 0.60382
2477 0.60423
2478 0.60446
2479 0.60484
2480 0.60502
2481 0.60518
2482 0.6057
2483 0.60603
2484 0.60629
2485 0.60682
2486 0.60705
2487 0.60736
2488 0.60753
2489 0.60774
2490 0.60795
2491 0.608
2492 0.60804
2493 0.6084
2494 0.60871
2495 0.60902
2496 0.60917
2497 0.60957
2498 0.60989
2499 0.60993
2500 0.61017
2501 0.61023
2502 0.61026
2503 0.6106
2504 0.61073
2505 0.61116
2506 0.61124
2507 0.61153
2508 0.61166
2509 0.61194
2510 0.61203
2511 0.61249
2512 0.61313
2513 0.61319
2514 0.61328
2515 0.61361
2516 0.61375
2517 0.61406
2518 0.61459
2519 0.61481
2520 0.61492
2521 0.61509
2522 0.6157
2523 0.61583
2524 0.61596
2525 0.6161
2526 0.6164
2527 0.6168
2528 0.61716
2529 0.61748
2530 0.6177
2531 0.61779
2532 0.61807
2533 0.61835
2534 0.61865
2535 0.61874
2536 0.61903
2537 0.61922
2538 0.61933
2539 0.61942
2540 0.61956
2541 0.61979
2542 0.62013
2543 0.62049
2544 0.62077
2545 0.62082
2546 0.621
2547 0.62124
2548 0.62151
2549 0.62155
2550 0.6218
2551 0.62215
2552 0.6224
2553 0.6226
2554 0.62278
2555 0.62291
2556 0.62327
2557 0.62355
2558 0.62382
2559 0.62392
2560 0.62445
2561 0.62458
2562 0.62516
2563 0.6254
2564 0.62549
2565 0.62582
2566 0.62595
2567 0.62616
2568 0.62629
2569 0.62649
2570 0.62672
2571 0.62704
2572 0.62755
2573 0.6277
2574 0.62801
2575 0.62857
2576 0.62894
2577 0.62936
2578 0.62949
2579 0.62981
2580 0.62987
2581 0.63026
2582 0.63037
2583 0.63049
2584 0.63073
2585 0.63107
2586 0.63129
2587 0.63149
2588 0.63158
2589 0.63217
2590 0.63256
2591 0.63266
2592 0.63308
2593 0.6336
2594 0.63377
2595 0.63379
2596 0.6339
2597 0.63442
2598 0.63463
2599 0.6347
2600 0.63495
2601 0.63531
2602 0.63567
2603 0.63582
2604 0.63627
2605 0.63645
2606 0.63672
2607 0.63705
2608 0.6372
2609 0.63744
2610 0.63777
2611 0.63791
2612 0.63796
2613 0.63804
2614 0.63826
2615 0.63861
2616 0.63873
2617 0.63904
2618 0.63915
2619 0.6394
2620 0.63978
2621 0.64008
2622 0.64017
2623 0.64047
2624 0.64071
2625 0.6408
2626 0.64133
2627 0.64137
2628 0.64181
2629 0.64222
2630 0.64234
2631 0.64252
2632 0.64275
2633 0.64305
2634 0.64321
2635 0.64351
2636 0.64406
2637 0.64414
2638 0.64451
2639 0.64458
2640 0.64473
2641 0.64489
2642 0.64529
2643 0.64563
2644 0.64596
2645 0.64637
2646 0.64682
2647 0.64698
2648 0.64726
2649 0.64744
2650 0.64781
2651 0.6482
2652 0.64845
2653 0.64867
2654 0.64888
2655 0.64902
2656 0.64926
2657 0.6497
2658 0.64989
2659 0.65004
2660 0.65041
2661 0.65069
2662 0.6509
2663 0.6512
2664 0.65141
2665 0.65162
2666 0.65171
2667 0.65179
2668 0.65227
2669 0.65232
2670 0.65255
2671 0.65271
2672 0.65291
2673 0.65307
2674 0.65331
2675 0.65375
2676 0.65411
2677 0.6543
2678 0.65449
2679 0.65452
2680 0.65504
2681 0.65526
2682 0.6556
2683 0.65584
2684 0.65604
2685 0.65631
2686 0.65657
2687 0.65662
2688 0.65685
2689 0.65698
2690 0.65709
2691 0.65715
2692 0.65753
2693 0.65801
2694 0.65821
2695 0.65841
2696 0.65879
2697 0.65894
2698 0.65906
2699 0.6593
2700 0.65959
2701 0.65968
2702 0.65975
2703 0.66025
2704 0.66037
2705 0.66048
2706 0.66054
2707 0.66066
2708 0.66092
2709 0.66096
2710 0.6614
2711 0.66174
2712 0.66212
2713 0.66219
2714 0.66239
2715 0.66273
2716 0.66308
2717 0.66332
2718 0.66397
2719 0.66404
2720 0.66422
2721 0.66455
2722 0.66465
2723 0.66479
2724 0.6652
2725 0.66523
2726 0.6654
2727 0.66557
2728 0.66571
2729 0.66582
2730 0.66608
2731 0.66621
2732 0.66657
2733 0.66693
2734 0.66724
2735 0.66759
2736 0.66794
2737 0.66806
2738 0.66847
2739 0.66929
2740 0.66962
2741 0.67014
2742 0.67045
2743 0.67066
2744 0.67088
2745 0.67105
2746 0.67129
2747 0.67162
2748 0.67178
2749 0.67196
2750 0.67233
2751 0.67242
2752 0.67261
2753 0.67325
2754 0.67372
2755 0.67393
2756 0.67407
2757 0.67451
2758 0.67472
2759 0.67488
2760 0.67496
2761 0.67507
2762 0.67527
2763 0.67531
2764 0.67575
2765 0.67585
2766 0.67593
2767 0.67625
2768 0.67645
2769 0.67671
2770 0.67709
2771 0.67721
2772 0.67731
2773 0.67753
2774 0.67783
2775 0.67796
2776 0.67828
2777 0.67851
2778 0.67861
2779 0.67879
2780 0.67891
2781 0.67938
2782 0.67956
2783 0.67963
2784 0.67987
2785 0.68001
2786 0.68004
2787 0.6804
2788 0.6806
2789 0.68086
2790 0.68099
2791 0.68117
2792 0.68125
2793 0.68142
2794 0.68178
2795 0.68213
2796 0.68236
2797 0.68253
2798 0.68288
2799 0.68293
2800 0.68305
2801 0.68327
2802 0.68353
2803 0.68368
2804 0.68376
2805 0.68378
2806 0.68388
2807 0.68396
2808 0.68421
2809 0.68471
2810 0.68489
2811 0.68499
2812 0.6853
2813 0.68553
2814 0.68568
2815 0.68605
2816 0.68642
2817 0.68645
2818 0.6866
2819 0.68679
2820 0.68692
2821 0.68702
2822 0.68744
2823 0.68768
2824 0.68789
2825 0.68833
2826 0.68855
2827 0.68874
2828 0.68897
2829 0.68914
2830 0.68941
2831 0.68964
2832 0.68993
2833 0.69006
2834 0.69031
2835 0.69059
2836 0.69093
2837 0.69107
2838 0.69144
2839 0.69169
2840 0.69184
2841 0.69213
2842 0.69268
2843 0.69306
2844 0.69332
2845 0.69342
2846 0.6935
2847 0.69388
2848 0.69415
2849 0.69424
2850 0.69442
2851 0.69478
2852 0.69521
2853 0.69552
2854 0.69586
2855 0.69608
2856 0.69627
2857 0.69647
2858 0.6967
2859 0.69699
2860 0.69708
2861 0.69738
2862 0.69759
2863 0.69764
2864 0.69799
2865 0.69835
2866 0.69841
2867 0.6989
2868 0.69906
2869 0.69942
2870 0.69947
2871 0.69991
2872 0.70039
2873 0.7004
2874 0.70052
2875 0.7006
2876 0.70112
2877 0.70135
2878 0.70167
2879 0.7017
2880 0.70204
2881 0.70231
2882 0.70254
2883 0.70271
2884 0.70281
2885 0.70285
2886 0.70304
2887 0.70307
2888 0.7032
2889 0.70342
2890 0.7041
2891 0.70435
2892 0.70461
2893 0.70494
2894 0.70524
2895 0.70562
2896 0.70592
2897 0.70614
2898 0.70622
2899 0.70626
2900 0.70628
2901 0.70648
2902 0.70673
2903 0.70682
2904 0.70714
2905 0.70745
2906 0.70787
2907 0.70802
2908 0.70839
2909 0.70847
2910 0.7087
2911 0.70895
2912 0.70921
2913 0.70981
2914 0.71006
2915 0.71047
2916 0.71064
2917 0.71084
2918 0.71096
2919 0.71102
2920 0.71123
2921 0.71157
2922 0.71161
2923 0.71184
2924 0.712
2925 0.71222
2926 0.71233
2927 0.71257
2928 0.71285
2929 0.71296
2930 0.7132
2931 0.71345
2932 0.71377
2933 0.71422
2934 0.71441
2935 0.71482
2936 0.71497
2937 0.71511
2938 0.71544
2939 0.71556
2940 0.71581
2941 0.71612
2942 0.71633
2943 0.71643
2944 0.71673
2945 0.71692
2946 0.71719
2947 0.71741
2948 0.71763
2949 0.71771
2950 0.71772
2951 0.71815
2952 0.71834
2953 0.71853
2954 0.71877
2955 0.71911
2956 0.71932
2957 0.71957
2958 0.71973
2959 0.71994
2960 0.72024
2961 0.72057
2962 0.72098
2963 0.72117
2964 0.72138
2965 0.72156
2966 0.72173
2967 0.72191
2968 0.72241
2969 0.72255
2970 0.72264
2971 0.72276
2972 0.72293
2973 0.72302
2974 0.72307
2975 0.72314
2976 0.72349
2977 0.72353
2978 0.72382
2979 0.72393
2980 0.72418
2981 0.72459
2982 0.72506
2983 0.72524
2984 0.72556
2985 0.72577
2986 0.72599
2987 0.72658
2988 0.72671
2989 0.72683
2990 0.72703
2991 0.72716
2992 0.72721
2993 0.72733
2994 0.72739
2995 0.7276
2996 0.72786
2997 0.7283
2998 0.72843
2999 0.72873
3000 0.72884
3001 0.7294
3002 0.72962
3003 0.73015
3004 0.73018
3005 0.73054
3006 0.73081
3007 0.73107
3008 0.73143
3009 0.73157
3010 0.73181
3011 0.73186
3012 0.73204
3013 0.73233
3014 0.7326
3015 0.73298
3016 0.73332
3017 0.73343
3018 0.73363
3019 0.7339
3020 0.73418
3021 0.7346
3022 0.73469
3023 0.73495
3024 0.73514
3025 0.73523
3026 0.73544
3027 0.73569
3028 0.73594
3029 0.73602
3030 0.7364
3031 0.73648
3032 0.73669
3033 0.73691
3034 0.73715
3035 0.7375
3036 0.73779
3037 0.73832
3038 0.7384
3039 0.73868
3040 0.73897
3041 0.73917
3042 0.73936
3043 0.73945
3044 0.73965
3045 0.73992
3046 0.74019
3047 0.74038
3048 0.74065
3049 0.74082
3050 0.74091
3051 0.74113
3052 0.74148
3053 0.74175
3054 0.74195
3055 0.74225
3056 0.74245
3057 0.74268
3058 0.7429
3059 0.74323
3060 0.74363
3061 0.74384
3062 0.74392
3063 0.74434
3064 0.74468
3065 0.74481
3066 0.74547
3067 0.74573
3068 0.74597
3069 0.74617
3070 0.74632
3071 0.74651
3072 0.74668
3073 0.74694
3074 0.74704
3075 0.74731
3076 0.74774
3077 0.74789
3078 0.74815
3079 0.74835
3080 0.74845
3081 0.74864
3082 0.74884
3083 0.749
3084 0.74936
3085 0.74978
3086 0.74988
3087 0.75006
3088 0.75016
3089 0.7503
3090 0.75049
3091 0.75057
3092 0.75084
3093 0.751
3094 0.75127
3095 0.75156
3096 0.75188
3097 0.75204
3098 0.75218
3099 0.75233
3100 0.75245
3101 0.75253
3102 0.75266
3103 0.75289
3104 0.75324
3105 0.75333
3106 0.75336
3107 0.75374
3108 0.75422
3109 0.75447
3110 0.75453
3111 0.75503
3112 0.7551
3113 0.75546
3114 0.75557
3115 0.75578
3116 0.75599
3117 0.75624
3118 0.75679
3119 0.75691
3120 0.75699
3121 0.75749
3122 0.7577
3123 0.75773
3124 0.75775
3125 0.75784
3126 0.75803
3127 0.75833
3128 0.75841
3129 0.75845
3130 0.7586
3131 0.75885
3132 0.75896
3133 0.75932
3134 0.75958
3135 0.75971
3136 0.75991
3137 0.76004
3138 0.76027
3139 0.76066
3140 0.76126
3141 0.76137
3142 0.76154
3143 0.76171
3144 0.76206
3145 0.76242
3146 0.76272
3147 0.76284
3148 0.7631
3149 0.76323
3150 0.76349
3151 0.76368
3152 0.76385
3153 0.76409
3154 0.76412
3155 0.76437
3156 0.76486
3157 0.76512
3158 0.76547
3159 0.76568
3160 0.76597
3161 0.76606
3162 0.76658
3163 0.76702
3164 0.76724
3165 0.7674
3166 0.76747
3167 0.76768
3168 0.768
3169 0.76829
3170 0.76869
3171 0.7689
3172 0.76901
3173 0.76914
3174 0.7696
3175 0.76988
3176 0.7702
3177 0.77069
3178 0.77099
3179 0.77115
3180 0.77141
3181 0.77179
3182 0.77209
3183 0.77231
3184 0.77251
3185 0.77296
3186 0.77337
3187 0.77368
3188 0.77382
3189 0.77392
3190 0.77427
3191 0.77434
3192 0.77438
3193 0.77474
3194 0.77508
3195 0.77524
3196 0.77553
3197 0.77602
3198 0.77629
3199 0.7765
3200 0.77669
3201 0.77707
3202 0.77756
3203 0.77783
3204 0.77793
3205 0.77802
3206 0.7781
3207 0.77818
3208 0.77835
3209 0.77861
3210 0.7788
3211 0.7791
3212 0.77917
3213 0.77919
3214 0.77926
3215 0.77956
3216 0.77962
3217 0.77995
3218 0.78007
3219 0.78022
3220 0.78028
3221 0.78042
3222 0.7808
3223 0.78103
3224 0.78112
3225 0.78138
3226 0.78175
3227 0.78201
3228 0.78206
3229 0.78262
3230 0.78282
3231 0.7829
3232 0.78305
3233 0.78312
3234 0.78332
3235 0.78345
3236 0.78365
3237 0.78374
3238 0.78396
3239 0.78422
3240 0.7844
3241 0.78468
3242 0.78503
3243 0.78514
3244 0.78539
3245 0.78576
3246 0.78615
3247 0.7864
3248 0.78657
3249 0.7867
3250 0.787
3251 0.78715
3252 0.78728
3253 0.78762
3254 0.78812
3255 0.78847
3256 0.78885
3257 0.78918
3258 0.78958
3259 0.78963
3260 0.79008
3261 0.79034
3262 0.79051
3263 0.79073
3264 0.79097
3265 0.79122
3266 0.79171
3267 0.79185
3268 0.79202
3269 0.79214
3270 0.79227
3271 0.79237
3272 0.79264
3273 0.7929
3274 0.79304
3275 0.79337
3276 0.79379
3277 0.79426
3278 0.79432
3279 0.79477
3280 0.79493
3281 0.79516
3282 0.79526
3283 0.79543
3284 0.79564
3285 0.79603
3286 0.7961
3287 0.79628
3288 0.79658
3289 0.79671
3290 0.79692
3291 0.7973
3292 0.79759
3293 0.79787
3294 0.79831
3295 0.79853
3296 0.79869
3297 0.79902
3298 0.79949
3299 0.79975
3300 0.79985
3301 0.80021
3302 0.80054
3303 0.80082
3304 0.80095
3305 0.80129
3306 0.80152
3307 0.80169
3308 0.80185
3309 0.80211
3310 0.80254
3311 0.80279
3312 0.80309
3313 0.80314
3314 0.80342
3315 0.80362
3316 0.80371
3317 0.80408
3318 0.80417
3319 0.80448
3320 0.80473
3321 0.80498
3322 0.80514
3323 0.80517
3324 0.80559
3325 0.80565
3326 0.80575
3327 0.80592
3328 0.80599
3329 0.8063
3330 0.80677
3331 0.80691
3332 0.80724
3333 0.80761
3334 0.80776
3335 0.80794
3336 0.80822
3337 0.80824
3338 0.80835
3339 0.80849
3340 0.80864
3341 0.80892
3342 0.80908
3343 0.80938
3344 0.80949
3345 0.8097
3346 0.81006
3347 0.81039
3348 0.81041
3349 0.81064
3350 0.81091
3351 0.81096
3352 0.81152
3353 0.81181
3354 0.81204
3355 0.81218
3356 0.8125
3357 0.81276
3358 0.81282
3359 0.81299
3360 0.81349
3361 0.81378
3362 0.81414
3363 0.81438
3364 0.81471
3365 0.81521
3366 0.8154
3367 0.81564
3368 0.81578
3369 0.8162
3370 0.81643
3371 0.81653
3372 0.81685
3373 0.81711
3374 0.81722
3375 0.81732
3376 0.8176
3377 0.81771
3378 0.81801
3379 0.81821
3380 0.81838
3381 0.81858
3382 0.81877
3383 0.81922
3384 0.81968
3385 0.8198
3386 0.81983
3387 0.82013
3388 0.82036
3389 0.82077
3390 0.82101
3391 0.82136
3392 0.82165
3393 0.82189
3394 0.82204
3395 0.82219
3396 0.82257
3397 0.82266
3398 0.82276
3399 0.82283
3400 0.82308
3401 0.82318
3402 0.82346
3403 0.82379
3404 0.82383
3405 0.82399
3406 0.82417
3407 0.82428
3408 0.82444
3409 0.82463
3410 0.82498
3411 0.82533
3412 0.8257
3413 0.82599
3414 0.82638
3415 0.82668
3416 0.82692
3417 0.8271
3418 0.82738
3419 0.82777
3420 0.82798
3421 0.82822
3422 0.82846
3423 0.82878
3424 0.8293
3425 0.82984
3426 0.83007
3427 0.83027
3428 0.83048
3429 0.83075
3430 0.83095
3431 0.83108
3432 0.83117
3433 0.83158
3434 0.83168
3435 0.83188
3436 0.83195
3437 0.83209
3438 0.83223
3439 0.83246
3440 0.83261
3441 0.83304
3442 0.8334
3443 0.83356
3444 0.83373
3445 0.83404
3446 0.83448
3447 0.83474
3448 0.83493
3449 0.83515
3450 0.83529
3451 0.83538
3452 0.83544
3453 0.83561
3454 0.83592
3455 0.83596
3456 0.83614
3457 0.83639
3458 0.83667
3459 0.83722
3460 0.83763
3461 0.83788
3462 0.83798
3463 0.83823
3464 0.83844
3465 0.83884
3466 0.83907
3467 0.83937
3468 0.83952
3469 0.83971
3470 0.83993
3471 0.8401
3472 0.84015
3473 0.84032
3474 0.84081
3475 0.84103
3476 0.84109
3477 0.84138
3478 0.84159
3479 0.84181
3480 0.84225
3481 0.8426
3482 0.84272
3483 0.84302
3484 0.84319
3485 0.84345
3486 0.84363
3487 0.844
3488 0.84413
3489 0.84424
3490 0.8443
3491 0.84464
3492 0.84476
3493 0.84499
3494 0.84517
3495 0.84524
3496 0.84538
3497 0.84562
3498 0.84616
3499 0.84637
3500 0.84659
3501 0.84663
3502 0.84685
3503 0.84693
3504 0.8473
3505 0.84745
3506 0.84767
3507 0.84794
3508 0.84823
3509 0.84864
3510 0.84872
3511 0.8489
3512 0.84954
3513 0.84977
3514 0.84997
3515 0.85015
3516 0.85028
3517 0.85049
3518 0.85077
3519 0.85111
3520 0.8514
3521 0.85146
3522 0.85159
3523 0.85184
3524 0.85198
3525 0.85226
3526 0.85249
3527 0.85268
3528 0.85287
3529 0.85321
3530 0.85365
3531 0.85377
3532 0.85398
3533 0.85416
3534 0.85474
3535 0.85487
3536 0.85535
3537 0.85589
3538 0.8561
3539 0.85628
3540 0.85645
3541 0.85648
3542 0.85678
3543 0.8571
3544 0.85742
3545 0.85769
3546 0.85794
3547 0.85828
3548 0.85832
3549 0.85859
3550 0.85868
3551 0.85912
3552 0.85923
3553 0.85973
3554 0.85988
3555 0.85997
3556 0.86065
3557 0.86076
3558 0.86104
3559 0.86147
3560 0.86196
3561 0.86229
3562 0.86247
3563 0.86259
3564 0.8629
3565 0.86327
3566 0.8637
3567 0.86381
3568 0.86395
3569 0.86404
3570 0.86445
3571 0.86485
3572 0.86516
3573 0.86534
3574 0.86547
3575 0.86557
3576 0.86579
3577 0.86614
3578 0.8664
3579 0.86671
3580 0.86684
3581 0.86703
3582 0.8675
3583 0.86764
3584 0.86798
3585 0.86841
3586 0.86854
3587 0.8686
3588 0.86877
3589 0.86954
3590 0.8696
3591 0.86997
3592 0.87053
3593 0.87081
3594 0.87111
3595 0.87131
3596 0.87139
3597 0.87157
3598 0.87169
3599 0.87192
3600 0.87227
3601 0.87263
3602 0.87291
3603 0.87312
3604 0.87339
3605 0.8737
3606 0.87383
3607 0.87436
3608 0.87484
3609 0.87514
3610 0.87524
3611 0.87545
3612 0.87557
3613 0.87568
3614 0.87616
3615 0.8763
3616 0.87663
3617 0.87682
3618 0.87684
3619 0.87705
3620 0.87754
3621 0.87774
3622 0.87799
3623 0.87806
3624 0.8781
3625 0.87849
3626 0.87869
3627 0.87873
3628 0.87878
3629 0.87905
3630 0.87915
3631 0.87921
3632 0.8795
3633 0.8798
3634 0.87992
3635 0.88029
3636 0.8806
3637 0.881
3638 0.88105
3639 0.88131
3640 0.88178
3641 0.88186
3642 0.88203
3643 0.88216
3644 0.88243
3645 0.88274
3646 0.88292
3647 0.88317
3648 0.88321
3649 0.88341
3650 0.88356
3651 0.88376
3652 0.88389
3653 0.884
3654 0.88415
3655 0.8843
3656 0.88458
3657 0.88475
3658 0.88529
3659 0.88574
3660 0.88592
3661 0.88621
3662 0.88639
3663 0.8868
3664 0.88702
3665 0.88719
3666 0.88734
3667 0.88765
3668 0.88782
3669 0.88811
3670 0.88833
3671 0.8886
3672 0.88869
3673 0.88888
3674 0.88897
3675 0.88908
3676 0.88922
3677 0.88934
3678 0.88964
3679 0.88972
3680 0.88989
3681 0.89026
3682 0.89045
3683 0.89085
3684 0.891
3685 0.89118
3686 0.89149
3687 0.89168
3688 0.89173
3689 0.89212
3690 0.89215
3691 0.89235
3692 0.8926
3693 0.8928
3694 0.89311
3695 0.89339
3696 0.89356
3697 0.89384
3698 0.89421
3699 0.89451
3700 0.89482
3701 0.89484
3702 0.89486
3703 0.89521
3704 0.89545
3705 0.89556
3706 0.89567
3707 0.89602
3708 0.89621
3709 0.89662
3710 0.89716
3711 0.89749
3712 0.89763
3713 0.89764
3714 0.89781
3715 0.898
3716 0.89823
3717 0.8984
3718 0.89877
3719 0.89902
3720 0.8992
3721 0.89953
3722 0.89964
3723 0.89994
3724 0.90025
3725 0.90059
3726 0.90091
3727 0.90123
3728 0.90135
3729 0.90172
3730 0.90179
3731 0.90228
3732 0.9024
3733 0.90292
3734 0.90331
3735 0.90344
3736 0.90367
3737 0.90404
3738 0.9043
3739 0.90485
3740 0.90515
3741 0.90531
3742 0.90545
3743 0.90555
3744 0.90561
3745 0.90578
3746 0.90602
3747 0.90646
3748 0.90661
3749 0.90685
3750 0.90741
3751 0.90751
3752 0.90788
3753 0.90796
3754 0.90798
3755 0.90834
3756 0.90856
3757 0.90863
3758 0.90886
3759 0.90902
3760 0.90928
3761 0.90982
3762 0.9099
3763 0.91001
3764 0.91028
3765 0.91056
3766 0.91073
3767 0.91088
3768 0.91099
3769 0.91102
3770 0.91136
3771 0.91153
3772 0.91158
3773 0.91178
3774 0.91224
3775 0.91253
3776 0.91299
3777 0.91358
3778 0.914
3779 0.91401
3780 0.91429
3781 0.91448
3782 0.91467
3783 0.91475
3784 0.91512
3785 0.91538
3786 0.91595
3787 0.91605
3788 0.91635
3789 0.91696
3790 0.91716
3791 0.9175
3792 0.91771
3793 0.91808
3794 0.91839
3795 0.91871
3796 0.91883
3797 0.91899
3798 0.91927
3799 0.91944
3800 0.9196
3801 0.9197
3802 0.92001
3803 0.92023
3804 0.92054
3805 0.92082
3806 0.92126
3807 0.92141
3808 0.92176
3809 0.92187
3810 0.92228
3811 0.92248
3812 0.92276
3813 0.92319
3814 0.92362
3815 0.92375
3816 0.92392
3817 0.92412
3818 0.92428
3819 0.92462
3820 0.92489
3821 0.92512
3822 0.9253
3823 0.92541
3824 0.92542
3825 0.92549
3826 0.92562
3827 0.92578
3828 0.92598
3829 0.92615
3830 0.9265
3831 0.9266
3832 0.92669
3833 0.92684
3834 0.92747
3835 0.92779
3836 0.92786
3837 0.9285
3838 0.92887
3839 0.92925
3840 0.92959
3841 0.92977
3842 0.92999
3843 0.93044
3844 0.93115
3845 0.93136
3846 0.93147
3847 0.93187
3848 0.93216
3849 0.93236
3850 0.93285
3851 0.93318
3852 0.93362
3853 0.93377
3854 0.93383
3855 0.93391
3856 0.93409
3857 0.93431
3858 0.93444
3859 0.93467
3860 0.93487
3861 0.9351
3862 0.93541
3863 0.93577
3864 0.93609
3865 0.9363
3866 0.93657
3867 0.93684
3868 0.93697
3869 0.93751
3870 0.93771
3871 0.93788
3872 0.9382
3873 0.93858
3874 0.9388
3875 0.9391
3876 0.93933
3877 0.93958
3878 0.93975
3879 0.93982
3880 0.9401
3881 0.94038
3882 0.94065
3883 0.94082
3884 0.94122
3885 0.94144
3886 0.94178
3887 0.94224
3888 0.94242
3889 0.94263
3890 0.94292
3891 0.94311
3892 0.94322
3893 0.94342
3894 0.94347
3895 0.94361
3896 0.94378
3897 0.94396
3898 0.94408
3899 0.94429
3900 0.94455
3901 0.94512
3902 0.94527
3903 0.94547
3904 0.94588
3905 0.9461
3906 0.94644
3907 0.94657
3908 0.94698
3909 0.94703
3910 0.9474
3911 0.94772
3912 0.94788
3913 0.94799
3914 0.94839
3915 0.94849
3916 0.94858
3917 0.94892
3918 0.94915
3919 0.94934
3920 0.9496
3921 0.94999
3922 0.95021
3923 0.95026
3924 0.9505
3925 0.95074
3926 0.95094
3927 0.95122
3928 0.95165
3929 0.95201
3930 0.9521
3931 0.95237
3932 0.95276
3933 0.95291
3934 0.95314
3935 0.95338
3936 0.95366
3937 0.95383
3938 0.95418
3939 0.95446
3940 0.95459
3941 0.95494
3942 0.95507
3943 0.95544
3944 0.95545
3945 0.95594
3946 0.95609
3947 0.95624
3948 0.95633
3949 0.95664
3950 0.9569
3951 0.95705
3952 0.95712
3953 0.95736
3954 0.95753
3955 0.95766
3956 0.95799
3957 0.95837
3958 0.95857
3959 0.95869
3960 0.95873
3961 0.95883
3962 0.95898
3963 0.95929
3964 0.95938
3965 0.95962
3966 0.95983
3967 0.96012
3968 0.96028
3969 0.96062
3970 0.96073
3971 0.96107
3972 0.9615
3973 0.96152
3974 0.9617
3975 0.96198
3976 0.96219
3977 0.96238
3978 0.96257
3979 0.9629
3980 0.96304
3981 0.96323
3982 0.96344
3983 0.96351
3984 0.96365
3985 0.96378
3986 0.96392
3987 0.96413
3988 0.96432
3989 0.96499
3990 0.9651
3991 0.96533
3992 0.96573
3993 0.96592
3994 0.96606
3995 0.96649
3996 0.96661
3997 0.967
3998 0.96723
3999 0.96747
4000 0.96764
4001 0.96778
4002 0.96812
4003 0.96843
4004 0.96852
4005 0.96888
4006 0.96896
4007 0.96934
4008 0.96945
4009 0.97001
4010 0.97008
4011 0.97045
4012 0.97058
4013 0.97063
4014 0.97073
4015 0.97091
4016 0.97118
4017 0.97133
4018 0.97153
4019 0.97168
4020 0.97202
4021 0.97227
4022 0.97267
4023 0.97281
4024 0.97331
4025 0.97344
4026 0.97366
4027 0.97399
4028 0.97405
4029 0.97411
4030 0.97428
4031 0.97446
4032 0.97461
4033 0.97463
4034 0.97511
4035 0.9753
4036 0.97538
4037 0.97548
4038 0.97553
4039 0.97582
4040 0.976
4041 0.97612
4042 0.97647
4043 0.97655
4044 0.97684
4045 0.97693
4046 0.97703
4047 0.97725
4048 0.97744
4049 0.97779
4050 0.97804
4051 0.97819
4052 0.9783
4053 0.97865
4054 0.97891
4055 0.97898
4056 0.97916
4057 0.97936
4058 0.97966
4059 0.97991
4060 0.98012
4061 0.98021
4062 0.98055
4063 0.98067
4064 0.98079
4065 0.98099
4066 0.98104
4067 0.9811
4068 0.9814
4069 0.98154
4070 0.98163
4071 0.98199
4072 0.9821
4073 0.98245
4074 0.9827
4075 0.98282
4076 0.98312
4077 0.98328
4078 0.98347
4079 0.98378
4080 0.98419
4081 0.98434
4082 0.98454
4083 0.98469
4084 0.98476
4085 0.98501
4086 0.98518
4087 0.98536
4088 0.98563
4089 0.98608
4090 0.98621
4091 0.98671
4092 0.98687
4093 0.98717
4094 0.98745
4095 0.98809
4096 0.98822
4097 0.98833
4098 0.98838
4099 0.98902
4100 0.9892
4101 0.98956
4102 0.98967
4103 0.98977
4104 0.9899
4105 0.99023
4106 0.99044
4107 0.99084
4108 0.99108
4109 0.99122
4110 0.99128
4111 0.99134
4112 0.99171
4113 0.99186
4114 0.99215
4115 0.99229
4116 0.99272
4117 0.99288
4118 0.99312
4119 0.9933
4120 0.99361
4121 0.99373
4122 0.99434
4123 0.99464
4124 0.99467
4125 0.99487
4126 0.99491
4127 0.99511
4128 0.99553
4129 0.99561
4130 0.99611
4131 0.99638
4132 0.99642
4133 0.99667
4134 0.99694
4135 0.99721
4136 0.99737
4137 0.99749
4138 0.99801
4139 0.99833
4140 0.9985
4141 0.99859
4142 0.99913
4143 0.99954
4144 0.99985
4145 1.00004
# Generated pool n. 5 for Umax = 84.5079116821289
# Generated a biased pool of 100000 with an acceptance of 0.05372815579175949
# Generated a pool of 100000 with an acceptance of 0.0012060299083453917
# Generation repeated 4146 times
# Average relative effective sample size: 0.007045535370707512
# Generation efficiency: 0.000241196333815726
