# Generation 20

0 0.00371
1 0.00441
2 0.00899
3 0.01059
4 0.01567
5 0.0167
6 0.02033
7 0.02606
8 0.0279
9 0.0281
10 0.0296
11 0.03374
12 0.03939
13 0.04097
14 0.04381
15 0.04799
16 0.05405
17 0.05916
18 0.06505
19 0.06759
20 0.06976
21 0.07247
22 0.07784
23 0.07841
24 0.08234
25 0.08354
26 0.08604
27 0.09071
28 0.09302
29 0.0987
30 0.10091
31 0.10398
32 0.10697
33 0.11163
34 0.11564
35 0.11947
36 0.12184
37 0.12873
38 0.13031
39 0.13398
40 0.13518
41 0.13973
42 0.14111
43 0.14526
44 0.14546
45 0.14867
46 0.15298
47 0.15518
48 0.15776
49 0.16033
50 0.16217
51 0.16609
52 0.1677
53 0.16963
54 0.17426
55 0.1769
56 0.17857
57 0.18338
58 0.18363
59 0.18635
60 0.1874
61 0.19016
62 0.19533
63 0.19647
64 0.19858
65 0.20259
66 0.20566
67 0.20758
68 0.209
69 0.21089
70 0.21174
71 0.21388
72 0.2155
73 0.22028
74 0.22392
75 0.22641
76 0.22999
77 0.2338
78 0.23605
79 0.23668
80 0.23979
81 0.24359
82 0.24456
83 0.24729
84 0.25159
85 0.25409
86 0.25485
87 0.25894
88 0.26382
89 0.26669
90 0.26856
91 0.27316
92 0.27686
93 0.27859
94 0.28282
95 0.28587
96 0.28833
97 0.29148
98 0.29307
99 0.2939
100 0.29415
101 0.29591
102 0.29829
103 0.30065
104 0.30554
105 0.31048
106 0.31225
107 0.31352
108 0.31695
109 0.31813
110 0.32096
111 0.32493
112 0.32879
113 0.33254
114 0.33676
115 0.34094
116 0.34172
117 0.34329
118 0.3458
119 0.34735
120 0.34924
121 0.35199
122 0.3564
123 0.36054
124 0.36428
125 0.36793
126 0.37342
127 0.37535
128 0.3788
129 0.38447
130 0.38567
131 0.38896
132 0.39184
133 0.39572
134 0.39782
135 0.40185
136 0.40542
137 0.40945
138 0.41337
139 0.41444
140 0.41636
141 0.41902
142 0.41962
143 0.42027
144 0.42133
145 0.42471
146 0.42834
147 0.43222
148 0.43499
149 0.43682
150 0.43956
151 0.44155
152 0.44633
153 0.44933
154 0.45237
155 0.45264
156 0.45443
157 0.45757
158 0.46104
159 0.46536
160 0.46772
161 0.47405
162 0.47637
163 0.47885
164 0.4809
165 0.48723
166 0.49242
167 0.49712
168 0.49834
169 0.49871
170 0.50079
171 0.50125
172 0.50297
173 0.51012
174 0.51305
175 0.51648
176 0.5186
177 0.52191
178 0.52305
179 0.52366
180 0.52612
181 0.52759
182 0.53129
183 0.53501
184 0.53844
185 0.53985
186 0.54207
187 0.54424
188 0.54958
189 0.5572
190 0.55777
191 0.56235
192 0.56876
193 0.57072
194 0.5728
195 0.57496
196 0.57996
197 0.5811
198 0.58253
199 0.58454
200 0.58698
201 0.59045
202 0.59459
203 0.59844
204 0.60065
205 0.60462
206 0.60727
207 0.60957
208 0.61185
209 0.61503
210 0.61806
211 0.62248
212 0.62325
213 0.62611
214 0.6326
215 0.63476
216 0.63827
217 0.64282
218 0.64459
219 0.64599
220 0.65045
221 0.65163
222 0.65302
223 0.65531
224 0.65595
225 0.65718
226 0.66002
227 0.66274
228 0.667
229 0.66837
230 0.67033
231 0.6756
232 0.67798
233 0.68314
234 0.68726
235 0.68908
236 0.69019
237 0.69315
238 0.6977
239 0.69906
240 0.7009
241 0.70287
242 0.70377
243 0.70808
244 0.7102
245 0.7133
246 0.71444
247 0.71592
248 0.7193
249 0.72295
250 0.72763
251 0.7295
252 0.73083
253 0.73392
254 0.73788
255 0.74158
256 0.74572
257 0.74991
258 0.752
259 0.75612
260 0.75819
261 0.76093
262 0.76337
263 0.76627
264 0.77095
265 0.77183
266 0.7748
267 0.77825
268 0.78111
269 0.7829
270 0.78831
271 0.7906
272 0.7975
273 0.79858
274 0.8004
275 0.80325
276 0.80689
277 0.81349
278 0.8153
279 0.81893
280 0.81985
281 0.82092
282 0.82249
283 0.82404
284 0.82493
285 0.82655
286 0.82804
287 0.83165
288 0.8336
289 0.83539
290 0.83661
291 0.83987
292 0.84341
293 0.84567
294 0.85089
295 0.85248
296 0.85504
297 0.86007
298 0.8633
299 0.86494
300 0.86622
301 0.86761
302 0.86892
303 0.87187
304 0.87619
305 0.87695
306 0.8803
307 0.88136
308 0.88255
309 0.88516
310 0.88862
311 0.89418
312 0.89733
313 0.89824
314 0.90078
315 0.9033
316 0.90571
317 0.90802
318 0.90884
319 0.91492
320 0.91735
321 0.92029
322 0.9225
323 0.92566
324 0.93012
325 0.93448
326 0.93782
327 0.93988
328 0.94484
329 0.94698
330 0.94782
331 0.95013
332 0.9505
333 0.95499
334 0.95938
335 0.96335
336 0.9666
337 0.9672
338 0.96846
339 0.97048
340 0.97364
341 0.97551
342 0.97625
343 0.98021
344 0.98229
345 0.98557
346 0.98852
347 0.98964
348 0.99479
349 1.00031
# Generated pool n. 20 for Umax = -14.749516487121582
# Generated a biased pool of 100000 with an acceptance of 0.6489285826683044
# Generated a pool of 100000 with an acceptance of 0.01429014285714287
# Generation repeated 350 times
# Average relative effective sample size: 0.2724708020687103
# Generation efficiency: 0.002857142857142857
