# epoch	step	nll	ecut	ecut_viol	grad_norm	val_nll	val_ecut	val_ecut_viol	val_ress_zx	LR
1	27	-3.249258041381836	0.0	0.0	13.903103828430176	-3.192270040512085	707.8829345703125	703.9544677734375	0.006109013222157955	9.932488451843476e-05
2	54	-3.304500102996826	0.0	0.0	17.703083038330078	-3.3052749633789062	691.5277099609375	687.55224609375	0.005215920507907867	9.73179534641814e-05
3	81	-3.345015287399292	0.0	0.0	24.749004364013672	-3.337796688079834	679.7559814453125	675.7515869140625	0.007023362442851067	9.40339506847212e-05
4	108	-3.4562032222747803	0.0	0.0	16.995769500732422	-3.438826084136963	668.5338134765625	664.4645385742188	0.007716603111475706	8.956245521512149e-05
5	135	-3.4808547496795654	0.0	0.0	14.360557556152344	-3.4673869609832764	654.6134033203125	650.5363159179688	0.0077644228003919125	8.40254377954742e-05
6	162	-3.554386854171753	0.0	0.0	18.497262954711914	-3.5522074699401855	626.024658203125	621.8345947265625	0.009817102923989296	7.757393382706014e-05
7	189	-3.53511118888855	0.0	0.0	21.667736053466797	-3.577864646911621	615.7373046875	611.3712768554688	0.00827026180922985	7.038392352032199e-05
8	216	-3.7043204307556152	0.0	0.0	19.830158233642578	-3.647857666015625	603.2780151367188	598.906005859375	0.009267684072256088	6.265153161346956e-05
9	243	-3.7612857818603516	0.0	0.0	19.482131958007812	-3.71067476272583	602.3204956054688	597.876708984375	0.008893756195902824	5.458767760088046e-05
10	270	-3.7443346977233887	0.0	0.0	14.217377662658691	-3.7837233543395996	580.5635986328125	576.0992431640625	0.007814831100404263	4.6412322399119556e-05
11	297	-3.878875494003296	0.0	0.0	25.649066925048828	-3.8537585735321045	578.495849609375	573.9339599609375	0.009207908064126968	3.8348468386530454e-05
12	324	-3.900961399078369	0.0	0.0	23.015975952148438	-3.8741261959075928	560.28759765625	555.739013671875	0.012110669165849686	3.061607647967801e-05
13	351	-3.958646535873413	0.0	0.0	15.574289321899414	-3.9409260749816895	549.8060302734375	545.2144775390625	0.015544328838586807	2.3426066172939858e-05
14	378	-3.935068130493164	0.0	0.0	13.545195579528809	-4.010256767272949	544.4032592773438	539.7415771484375	0.00961313582956791	1.6974562204525823e-05
15	405	-4.110550880432129	0.0	0.0	18.1529541015625	-4.037665367126465	536.487548828125	531.7518310546875	0.01329202763736248	1.143754478487852e-05
16	432	-4.071223258972168	0.0	0.0	15.254534721374512	-4.038152694702148	534.8953857421875	530.2220458984375	0.00824642088264227	6.966049315278794e-06
17	459	-4.092984676361084	0.0	0.0	13.568195343017578	-4.06953239440918	527.9623413085938	523.2413330078125	0.012194203212857246	3.682046535818579e-06
18	486	-3.9880988597869873	0.0	0.0	18.570764541625977	-4.086382865905762	527.1156616210938	522.4198608398438	0.014260485768318176	1.6751154815652448e-06
19	513	-4.085273742675781	0.0	0.0	20.514131546020508	-4.093005657196045	525.4952392578125	520.7799682617188	0.013063187710940838	1e-06
# Best epoch: 13
