# epoch	step	nll	ecut	ecut_viol	grad_norm	val_nll	val_ecut	val_ecut_viol	val_ress_zx	LR
1	18	-0.08849263191223145	0.0	0.0	3.446223020553589	-0.07354317605495453	648.3782958984375	648.0947265625	0.09930719435214996	9.968875438971552e-05
2	36	-0.11798681318759918	0.0	0.0	2.708432912826538	-0.12311689555644989	639.2806396484375	638.946533203125	0.09812929481267929	9.875893165300026e-05
3	54	-0.12842459976673126	0.0	0.0	2.6008975505828857	-0.13332000374794006	627.2877197265625	626.9228515625	0.09824813157320023	9.722222485026419e-05
4	72	-0.18029744923114777	0.0	0.0	2.834336280822754	-0.15593281388282776	622.170166015625	621.7994384765625	0.10335955023765564	9.509795896116974e-05
5	90	-0.11659915745258331	0.0	0.0	2.530924081802368	-0.15275320410728455	619.0857543945312	618.706787109375	0.09992165118455887	9.241284786180005e-05
6	108	-0.13256022334098816	0.0	0.0	2.518022298812866	-0.14544738829135895	617.344970703125	616.978271484375	0.10474090278148651	8.920065838216747e-05
7	126	-0.13416333496570587	0.0	0.0	3.1674373149871826	-0.15235039591789246	610.2080078125	609.8187255859375	0.10770071297883987	8.550178566873408e-05
8	144	-0.1531699001789093	0.0	0.0	2.520465135574341	-0.15078485012054443	601.9000244140625	601.4700927734375	0.10849922895431519	8.13627451920073e-05
9	162	-0.16303342580795288	0.0	0.0	3.1541736125946045	-0.17031702399253845	596.1836547851562	595.7621459960938	0.1132717877626419	7.683558778750915e-05
10	180	-0.178206205368042	0.0	0.0	2.914543628692627	-0.17385834455490112	589.7634887695312	589.327880859375	0.07882104814052582	7.197724508631912e-05
11	198	-0.1910821795463562	0.0	0.0	3.3735480308532715	-0.18241272866725922	580.1822509765625	579.7381591796875	0.09561724960803986	6.684881356678078e-05
12	216	-0.21255242824554443	0.0	0.0	3.086695671081543	-0.2016148567199707	577.4036865234375	576.9521484375	0.08408268541097641	6.151478623083756e-05
13	234	-0.19824858009815216	0.0	0.0	2.5851755142211914	-0.20374155044555664	565.6646728515625	565.1513671875	0.08817829191684723	5.604224156711373e-05
14	252	-0.18273547291755676	0.0	0.0	3.054140567779541	-0.2083417773246765	561.9047241210938	561.41064453125	0.10860937833786011	5.05e-05
15	270	-0.19497141242027283	0.0	0.0	2.620759963989258	-0.22186347842216492	559.1160888671875	558.6346435546875	0.12043236196041107	4.4957758432886274e-05
16	288	-0.23124970495700836	0.0	0.0	3.3203318119049072	-0.22473883628845215	553.630615234375	553.1513061523438	0.10407578945159912	3.948521376916244e-05
17	306	-0.23049186170101166	0.0	0.0	3.905902147293091	-0.23193231225013733	546.6094970703125	546.094482421875	0.09086191654205322	3.4151186433219223e-05
18	324	-0.2197759598493576	0.0	0.0	3.593121290206909	-0.23821309208869934	544.3712158203125	543.8615112304688	0.10368122160434723	2.9022754913680878e-05
19	342	-0.22816230356693268	0.0	0.0	3.5747718811035156	-0.24149689078330994	539.934814453125	539.409912109375	0.09756949543952942	2.4164412212490847e-05
20	360	-0.2505507469177246	0.0	0.0	2.364476442337036	-0.2487611025571823	538.8447265625	538.3193969726562	0.09669744968414307	1.9637254807992694e-05
21	378	-0.23869018256664276	0.0	0.0	3.094099760055542	-0.24907290935516357	539.5819091796875	539.0712890625	0.08552752435207367	1.54982143312659e-05
22	396	-0.23971803486347198	0.0	0.0	3.137587070465088	-0.2505960464477539	535.8529052734375	535.331787109375	0.08735939860343933	1.1799341617832541e-05
23	414	-0.24436567723751068	0.0	0.0	3.910008192062378	-0.2555730938911438	532.4437866210938	531.89794921875	0.1046505868434906	8.587152138199936e-06
24	432	-0.23073247075080872	0.0	0.0	2.7566511631011963	-0.2553234100341797	532.4521484375	531.9144287109375	0.0998963862657547	5.902041038830258e-06
25	450	-0.2699067294597626	0.0	0.0	2.949781894683838	-0.2560957670211792	530.8751220703125	530.33056640625	0.0848112553358078	3.777775149735805e-06
26	468	-0.2500225305557251	0.0	0.0	2.5846049785614014	-0.2593613564968109	531.4595947265625	530.9205322265625	0.08391835540533066	2.2410683469997256e-06
27	486	-0.2659701406955719	0.0	0.0	3.566335439682007	-0.26048433780670166	531.547119140625	531.010986328125	0.08442644774913788	1.3112456102844912e-06
28	504	-0.25251471996307373	0.0	0.0	3.017075300216675	-0.26038461923599243	531.207275390625	530.6689453125	0.0848730206489563	1e-06
# Best epoch: 15
