# epoch	step	nll	ecut	ecut_viol	grad_norm	val_nll	val_ecut	val_ecut_viol	val_ress_zx	LR
1	27	-28.345027923583984	0.0	0.0	91.64934539794922	-28.671356201171875	149.3846893310547	120.32891845703125	0.04688878357410431	9.932488451843476e-05
2	54	-29.670360565185547	0.0	0.0	99.0027084350586	-29.66499137878418	100.3485107421875	69.29576873779297	0.08286228030920029	9.73179534641814e-05
3	81	-29.748807907104492	0.0	0.0	135.69630432128906	-29.895648956298828	94.64120483398438	63.35417938232422	0.06505784392356873	9.40339506847212e-05
4	108	-29.994625091552734	0.0	0.0	94.04383850097656	-29.831714630126953	85.90669250488281	54.291255950927734	0.10309569537639618	8.956245521512149e-05
5	135	-29.822246551513672	0.0	0.0	117.31233978271484	-29.801464080810547	80.68709564208984	49.073509216308594	0.10983004420995712	8.40254377954742e-05
6	162	-29.978574752807617	0.0	0.0	132.56161499023438	-29.87605857849121	78.38298797607422	46.47268295288086	0.1318642497062683	7.757393382706014e-05
7	189	-29.988262176513672	0.0	0.0	107.91253662109375	-30.115890502929688	72.89057922363281	40.96924591064453	0.09587234258651733	7.038392352032199e-05
8	216	-30.205846786499023	0.0	0.0	110.12309265136719	-30.14824676513672	75.24092102050781	43.149864196777344	0.09182756394147873	6.265153161346956e-05
9	243	-30.11073112487793	0.0	0.0	106.99851989746094	-30.24953842163086	71.24380493164062	39.22896957397461	0.15389327704906464	5.458767760088046e-05
10	270	-30.31606101989746	0.0	0.0	76.29354858398438	-30.30581283569336	69.71015930175781	37.47207260131836	0.12900540232658386	4.6412322399119556e-05
11	297	-30.409025192260742	0.0	0.0	96.76371765136719	-30.367069244384766	66.55443572998047	34.04179000854492	0.20745450258255005	3.8348468386530454e-05
12	324	-30.431529998779297	0.0	0.0	70.29755401611328	-30.3726806640625	67.0911865234375	34.68394088745117	0.19214195013046265	3.061607647967801e-05
13	351	-30.49317741394043	0.0	0.0	49.71820068359375	-30.434730529785156	66.55341339111328	33.96968078613281	0.2546952962875366	2.3426066172939858e-05
14	378	-30.511791229248047	0.0	0.0	72.67705535888672	-30.57485580444336	62.12343978881836	29.42010498046875	0.16081881523132324	1.6974562204525823e-05
15	405	-30.69482421875	0.0	0.0	47.589046478271484	-30.626808166503906	64.96009826660156	32.32543182373047	0.25548791885375977	1.143754478487852e-05
16	432	-30.638235092163086	0.0	0.0	68.06156158447266	-30.68556785583496	62.69853973388672	29.92902374267578	0.28198644518852234	6.966049315278794e-06
17	459	-30.693920135498047	0.0	0.0	57.76795959472656	-30.705638885498047	61.940155029296875	29.15317153930664	0.18836048245429993	3.682046535818579e-06
18	486	-30.717910766601562	0.0	0.0	49.91956329345703	-30.716632843017578	62.847747802734375	30.033153533935547	0.2535896301269531	1.6751154815652448e-06
19	513	-30.672025680541992	0.0	0.0	59.451072692871094	-30.731700897216797	62.927459716796875	30.124313354492188	0.26528221368789673	1e-06
# Best epoch: 16
