# epoch	step	nll	ecut	ecut_viol	grad_norm	val_nll	val_ecut	val_ecut_viol	val_ress_zx	LR
1	27	-34.731998443603516	0.0	0.0	212.79774475097656	-34.588802337646484	299.48870849609375	266.82281494140625	0.014434782788157463	9.932488451843476e-05
2	54	-36.863616943359375	0.0	0.0	151.3375244140625	-36.96189880371094	144.00413513183594	106.247314453125	0.10555857419967651	9.73179534641814e-05
3	81	-37.33722686767578	0.0	0.0	127.12837219238281	-37.2059326171875	110.51481628417969	71.71267700195312	0.06334535032510757	9.40339506847212e-05
4	108	-36.97857666015625	0.0	0.0	231.32640075683594	-37.34537124633789	105.56721496582031	66.61614990234375	0.07334046065807343	8.956245521512149e-05
5	135	-37.271812438964844	0.0	0.0	201.24798583984375	-37.27008056640625	101.96776580810547	62.89735412597656	0.09590369462966919	8.40254377954742e-05
6	162	-37.296531677246094	0.0	0.0	162.30496215820312	-37.4911994934082	95.61259460449219	56.15191650390625	0.11482026427984238	7.757393382706014e-05
7	189	-37.35029602050781	0.0	0.0	220.8992919921875	-37.35865783691406	88.91165161132812	49.193294525146484	0.14247849583625793	7.038392352032199e-05
8	216	-37.52483367919922	0.0	0.0	136.11236572265625	-37.590423583984375	89.76213836669922	50.1705436706543	0.1724657416343689	6.265153161346956e-05
9	243	-37.60465621948242	0.0	0.0	121.9050064086914	-37.435462951660156	89.05248260498047	49.67718505859375	0.1421775221824646	5.458767760088046e-05
10	270	-37.61088180541992	0.0	0.0	98.07251739501953	-37.758819580078125	84.05044555664062	44.31594467163086	0.17383506894111633	4.6412322399119556e-05
11	297	-37.78432846069336	0.0	0.0	84.73640441894531	-37.81317901611328	86.83946990966797	47.03418731689453	0.25383174419403076	3.8348468386530454e-05
12	324	-37.889259338378906	0.0	0.0	80.46865844726562	-37.958763122558594	83.87425231933594	43.945735931396484	0.29175513982772827	3.061607647967801e-05
13	351	-37.97795867919922	0.0	0.0	75.77870178222656	-37.93772888183594	79.46928405761719	39.27104949951172	0.16853508353233337	2.3426066172939858e-05
14	378	-37.93117904663086	0.0	0.0	74.80794525146484	-37.97249984741211	77.96237182617188	37.72765350341797	0.2790919244289398	1.6974562204525823e-05
15	405	-38.065277099609375	0.0	0.0	52.32630920410156	-38.04842758178711	79.6236572265625	39.36004638671875	0.3162292242050171	1.143754478487852e-05
16	432	-38.09402847290039	0.0	0.0	70.68312072753906	-38.06835174560547	79.31416320800781	39.032859802246094	0.3262357711791992	6.966049315278794e-06
17	459	-38.09928512573242	0.0	0.0	87.0744400024414	-38.11432647705078	77.31204223632812	36.994232177734375	0.30588194727897644	3.682046535818579e-06
18	486	-38.13155746459961	0.0	0.0	39.62508773803711	-38.131797790527344	75.8004150390625	35.438175201416016	0.36206576228141785	1.6751154815652448e-06
19	513	-38.13121032714844	0.0	0.0	56.88233947753906	-38.13484191894531	76.03692626953125	35.70184326171875	0.3559706211090088	1e-06
# Best epoch: 18
