# epoch	step	nll	ecut	ecut_viol	grad_norm	val_nll	val_ecut	val_ecut_viol	val_ress_zx	LR
1	27	-37.33388900756836	0.0	0.0	149.97320556640625	-37.66368865966797	288.58343505859375	252.7712860107422	0.018677180632948875	9.932488451843476e-05
2	54	-39.428741455078125	0.0	0.0	170.29510498046875	-39.46883773803711	156.61154174804688	116.83183288574219	0.08569574356079102	9.73179534641814e-05
3	81	-39.506038665771484	0.0	0.0	147.55325317382812	-39.448883056640625	118.19783020019531	77.54479217529297	0.0848737359046936	9.40339506847212e-05
4	108	-40.011253356933594	0.0	0.0	77.31257629394531	-39.88814163208008	107.65386962890625	66.07942962646484	0.05451817065477371	8.956245521512149e-05
5	135	-39.741111755371094	0.0	0.0	160.58908081054688	-39.6229362487793	98.45805358886719	56.71818161010742	0.08966496586799622	8.40254377954742e-05
6	162	-39.96099853515625	0.0	0.0	122.68464660644531	-39.9503173828125	94.39083099365234	52.34930419921875	0.14479412138462067	7.757393382706014e-05
7	189	-40.060028076171875	0.0	0.0	102.14857482910156	-40.02801513671875	94.49249267578125	52.50701141357422	0.14216023683547974	7.038392352032199e-05
8	216	-40.0321159362793	0.0	0.0	177.56593322753906	-40.0797233581543	92.68890380859375	50.587562561035156	0.17850801348686218	6.265153161346956e-05
9	243	-40.0472526550293	0.0	0.0	91.89698791503906	-40.0416259765625	86.95962524414062	44.944854736328125	0.055129121989011765	5.458767760088046e-05
10	270	-40.152523040771484	0.0	0.0	192.75389099121094	-40.06562042236328	86.50249481201172	44.20229721069336	0.1425837278366089	4.6412322399119556e-05
11	297	-40.21211242675781	0.0	0.0	98.4652328491211	-40.21745300292969	89.44656372070312	47.04988098144531	0.1290796399116516	3.8348468386530454e-05
12	324	-40.39593505859375	0.0	0.0	88.19574737548828	-40.331695556640625	81.78814697265625	39.355430603027344	0.16456326842308044	3.061607647967801e-05
13	351	-40.30615234375	0.0	0.0	133.4525604248047	-40.31385803222656	80.19434356689453	37.68384552001953	0.19701926410198212	2.3426066172939858e-05
14	378	-40.42900848388672	0.0	0.0	94.7092056274414	-40.4290771484375	78.59614562988281	36.01252746582031	0.2914329171180725	1.6974562204525823e-05
15	405	-40.476890563964844	0.0	0.0	81.42218017578125	-40.4585075378418	74.09184265136719	31.4989013671875	0.2971157729625702	1.143754478487852e-05
16	432	-40.519065856933594	0.0	0.0	111.8218994140625	-40.535430908203125	73.40211486816406	30.638532638549805	0.26544010639190674	6.966049315278794e-06
17	459	-40.565147399902344	0.0	0.0	73.1233139038086	-40.551395416259766	74.053466796875	31.340763092041016	0.27002033591270447	3.682046535818579e-06
18	486	-40.605751037597656	0.0	0.0	80.9754409790039	-40.589595794677734	75.8076171875	33.07902145385742	0.33623307943344116	1.6751154815652448e-06
19	513	-40.5778923034668	0.0	0.0	53.05813217163086	-40.599632263183594	75.9432373046875	33.220420837402344	0.3152484595775604	1e-06
# Best epoch: 18
