# epoch	step	nll	ecut	ecut_viol	grad_norm	val_nll	val_ecut	val_ecut_viol	val_ress_zx	LR
1	27	-26.515514373779297	0.0	0.0	84.23780822753906	-26.37483787536621	120.7444076538086	93.7120590209961	0.03799411281943321	9.932488451843476e-05
2	54	-26.937175750732422	0.0	0.0	160.4027862548828	-26.98590087890625	91.18479919433594	62.79778289794922	0.06825657188892365	9.73179534641814e-05
3	81	-27.276090621948242	0.0	0.0	128.08338928222656	-27.136173248291016	82.8165283203125	54.10650634765625	0.04678761959075928	9.40339506847212e-05
4	108	-27.255895614624023	0.0	0.0	160.06224060058594	-27.369007110595703	78.14934539794922	49.15544891357422	0.11847454309463501	8.956245521512149e-05
5	135	-27.53144645690918	0.0	0.0	86.72732543945312	-27.42207908630371	77.28227233886719	48.000545501708984	0.1267920583486557	8.40254377954742e-05
6	162	-27.396923065185547	0.0	0.0	96.4623794555664	-27.336910247802734	74.68821716308594	45.567806243896484	0.08442705869674683	7.757393382706014e-05
7	189	-27.587135314941406	0.0	0.0	109.29605865478516	-27.510162353515625	73.01185607910156	43.5919189453125	0.13389573991298676	7.038392352032199e-05
8	216	-27.603300094604492	0.0	0.0	150.65542602539062	-27.549945831298828	71.1053695678711	41.484004974365234	0.09979166090488434	6.265153161346956e-05
9	243	-27.63105010986328	0.0	0.0	84.8968505859375	-27.672687530517578	65.97056579589844	36.55199432373047	0.09955384582281113	5.458767760088046e-05
10	270	-27.54522705078125	0.0	0.0	153.0790557861328	-27.53664207458496	64.18009948730469	34.581329345703125	0.09560360014438629	4.6412322399119556e-05
11	297	-27.726425170898438	0.0	0.0	115.29957580566406	-27.873199462890625	66.54167938232422	36.94066619873047	0.16661038994789124	3.8348468386530454e-05
12	324	-27.83527946472168	0.0	0.0	106.88494873046875	-27.842632293701172	63.70861053466797	33.97068786621094	0.17160695791244507	3.061607647967801e-05
13	351	-27.972171783447266	0.0	0.0	54.67170715332031	-27.975975036621094	62.532188415527344	32.619544982910156	0.18971745669841766	2.3426066172939858e-05
14	378	-27.882749557495117	0.0	0.0	74.51726531982422	-27.970134735107422	59.283447265625	29.385183334350586	0.20688211917877197	1.6974562204525823e-05
15	405	-28.001651763916016	0.0	0.0	59.68851089477539	-28.009580612182617	60.722591400146484	30.685361862182617	0.17972388863563538	1.143754478487852e-05
16	432	-28.024913787841797	0.0	0.0	556.800048828125	-27.99422264099121	58.652462005615234	28.671062469482422	0.18604648113250732	6.966049315278794e-06
17	459	-28.092529296875	0.0	0.0	84.14053344726562	-28.09909439086914	58.224159240722656	28.114551544189453	0.23764446377754211	3.682046535818579e-06
18	486	-28.192663192749023	0.0	0.0	46.45623779296875	-28.13326644897461	58.63969039916992	28.45253562927246	0.22782957553863525	1.6751154815652448e-06
19	513	-28.12000274658203	0.0	0.0	46.9798583984375	-28.147735595703125	58.560455322265625	28.370092391967773	0.2325342297554016	1e-06
# Best epoch: 17
