# epoch	step	nll	ecut	ecut_viol	grad_norm	val_nll	val_ecut	val_ecut_viol	val_ress_zx	LR
1	27	-13.16837215423584	0.0	0.0	113.93685913085938	-13.150764465332031	210.32559204101562	196.55892944335938	0.019919969141483307	9.932488451843476e-05
2	54	-13.227432250976562	0.0	0.0	113.84654998779297	-13.284326553344727	186.71875	172.47012329101562	0.02448570355772972	9.73179534641814e-05
3	81	-13.477572441101074	0.0	0.0	81.43821716308594	-13.536054611206055	184.2113494873047	169.91720581054688	0.02186078391969204	9.40339506847212e-05
4	108	-13.290517807006836	0.0	0.0	58.26963424682617	-13.315566062927246	183.43408203125	169.21829223632812	0.02036193571984768	8.956245521512149e-05
5	135	-13.264320373535156	0.0	0.0	113.62940216064453	-13.201377868652344	183.79904174804688	169.7420654296875	0.009306076914072037	8.40254377954742e-05
6	162	-13.63705825805664	0.0	0.0	128.7114715576172	-13.549882888793945	171.25303649902344	156.74949645996094	0.022201314568519592	7.757393382706014e-05
7	189	-13.47641372680664	0.0	0.0	127.58141326904297	-13.530834197998047	166.69493103027344	152.14666748046875	0.021596794947981834	7.038392352032199e-05
8	216	-13.550682067871094	0.0	0.0	155.30409240722656	-13.509066581726074	166.7640380859375	152.07144165039062	0.02450638636946678	6.265153161346956e-05
9	243	-13.52668285369873	0.0	0.0	97.0987319946289	-13.629100799560547	163.13018798828125	148.341064453125	0.015544119291007519	5.458767760088046e-05
10	270	-13.547965049743652	0.0	0.0	92.63734436035156	-13.699262619018555	159.84849548339844	144.83721923828125	0.016313331201672554	4.6412322399119556e-05
11	297	-13.692248344421387	0.0	0.0	138.7082061767578	-13.833117485046387	151.74359130859375	136.7563934326172	0.033799950033426285	3.8348468386530454e-05
12	324	-13.876226425170898	0.0	0.0	448.3858642578125	-13.717391014099121	152.64390563964844	137.46450805664062	0.012483024969696999	3.061607647967801e-05
13	351	-13.91709041595459	0.0	0.0	146.0262451171875	-13.977317810058594	141.75344848632812	126.62998962402344	0.026665283367037773	2.3426066172939858e-05
14	378	-14.085688591003418	0.0	0.0	141.22535705566406	-14.11196517944336	141.43130493164062	126.18577575683594	0.03484532982110977	1.6974562204525823e-05
15	405	-14.132083892822266	0.0	0.0	314.3871154785156	-14.156959533691406	136.89007568359375	121.6231689453125	0.01792306825518608	1.143754478487852e-05
16	432	-14.109434127807617	0.0	0.0	109.49530792236328	-14.228681564331055	133.1217041015625	117.73775482177734	0.02773560956120491	6.966049315278794e-06
17	459	-14.258968353271484	0.0	0.0	194.5306854248047	-14.243548393249512	129.0554656982422	113.62786102294922	0.04386020824313164	3.682046535818579e-06
18	486	-14.079708099365234	0.0	0.0	392.85552978515625	-14.276445388793945	129.85552978515625	114.50149536132812	0.033331479877233505	1.6751154815652448e-06
19	513	-14.284793853759766	0.0	0.0	603.7481689453125	-14.303932189941406	128.59091186523438	113.19234466552734	0.04300013929605484	1e-06
# Best epoch: 17
