# epoch	step	nll	ecut	ecut_viol	grad_norm	val_nll	val_ecut	val_ecut_viol	val_ress_zx	LR
1	27	-33.52897262573242	0.0	0.0	124.91032409667969	-33.67278289794922	177.82469177246094	143.4114990234375	0.02038777805864811	9.932488451843476e-05
2	54	-34.63356399536133	0.0	0.0	247.45077514648438	-34.560752868652344	112.23089599609375	76.3148193359375	0.07820006459951401	9.73179534641814e-05
3	81	-34.9253044128418	0.0	0.0	73.4935073852539	-34.83161163330078	95.80857849121094	59.47175216674805	0.09964431822299957	9.40339506847212e-05
4	108	-34.934932708740234	0.0	0.0	128.0333709716797	-34.92772674560547	87.94463348388672	51.09751510620117	0.13265551626682281	8.956245521512149e-05
5	135	-34.92189407348633	0.0	0.0	141.88467407226562	-34.8642578125	88.24651336669922	51.302528381347656	0.1587664932012558	8.40254377954742e-05
6	162	-35.11685562133789	0.0	0.0	122.46121978759766	-35.12471008300781	83.79464721679688	46.798095703125	0.11281605809926987	7.757393382706014e-05
7	189	-35.1403923034668	0.0	0.0	102.02293395996094	-35.0522575378418	76.93116760253906	39.77278137207031	0.16035042703151703	7.038392352032199e-05
8	216	-35.012229919433594	0.0	0.0	152.94570922851562	-35.177032470703125	77.42039489746094	40.1398811340332	0.15398627519607544	6.265153161346956e-05
9	243	-35.163856506347656	0.0	0.0	112.50408172607422	-35.159942626953125	74.69002532958984	37.291595458984375	0.1514902114868164	5.458767760088046e-05
10	270	-35.24586486816406	0.0	0.0	113.5374755859375	-35.23912048339844	75.33753967285156	37.970726013183594	0.16439233720302582	4.6412322399119556e-05
11	297	-35.33102035522461	0.0	0.0	113.67257690429688	-35.31437683105469	74.3000717163086	36.824745178222656	0.16817015409469604	3.8348468386530454e-05
12	324	-35.39984893798828	0.0	0.0	149.93508911132812	-35.39111328125	74.84471893310547	37.23179626464844	0.2428801953792572	3.061607647967801e-05
13	351	-35.437294006347656	0.0	0.0	107.36851501464844	-35.39683532714844	72.76266479492188	35.07850646972656	0.23174290359020233	2.3426066172939858e-05
14	378	-35.5626335144043	0.0	0.0	119.80586242675781	-35.526649475097656	70.39031219482422	32.62651062011719	0.2624005079269409	1.6974562204525823e-05
15	405	-35.595584869384766	0.0	0.0	112.76410675048828	-35.55588912963867	67.20774841308594	29.45478630065918	0.1158876121044159	1.143754478487852e-05
16	432	-35.68928146362305	0.0	0.0	73.57472229003906	-35.63688278198242	67.20213317871094	29.387266159057617	0.2610563039779663	6.966049315278794e-06
17	459	-35.62416076660156	0.0	0.0	75.33797454833984	-35.64249801635742	68.11212158203125	30.22024154663086	0.2497413158416748	3.682046535818579e-06
18	486	-35.68988800048828	0.0	0.0	67.93949127197266	-35.674259185791016	67.8603515625	29.968990325927734	0.3203251361846924	1.6751154815652448e-06
19	513	-35.76274871826172	0.0	0.0	66.95303344726562	-35.688323974609375	68.79508972167969	30.866455078125	0.3347266912460327	1e-06
# Best epoch: 19
