# epoch	step	nll	ecut	ecut_viol	grad_norm	val_nll	val_ecut	val_ecut_viol	val_ress_zx	LR
1	27	-18.247447967529297	0.0	0.0	124.06346893310547	-18.400962829589844	142.07395935058594	123.23312377929688	0.02054964005947113	9.932488451843476e-05
2	54	-18.99273681640625	0.0	0.0	85.46308898925781	-18.985036849975586	113.76628112792969	93.881103515625	0.04053755849599838	9.73179534641814e-05
3	81	-19.170948028564453	0.0	0.0	86.3686294555664	-19.108497619628906	100.67891693115234	80.46302032470703	0.030126646161079407	9.40339506847212e-05
4	108	-18.679412841796875	0.0	0.0	272.1591491699219	-18.74456024169922	107.7705078125	88.04148864746094	0.03091508522629738	8.956245521512149e-05
5	135	-19.256216049194336	0.0	0.0	110.93528747558594	-19.310800552368164	89.05511474609375	68.24386596679688	0.04662854224443436	8.40254377954742e-05
6	162	-19.42003631591797	0.0	0.0	95.23771667480469	-19.31133460998535	96.30354309082031	75.73236083984375	0.06410929560661316	7.757393382706014e-05
7	189	-19.290319442749023	0.0	0.0	78.44413757324219	-19.182035446166992	95.08077239990234	74.64641571044922	0.05512610077857971	7.038392352032199e-05
8	216	-19.417430877685547	0.0	0.0	289.9792785644531	-19.29877471923828	88.0960922241211	67.30318450927734	0.03868198022246361	6.265153161346956e-05
9	243	-19.507226943969727	0.0	0.0	85.49822998046875	-19.52389144897461	85.9894027709961	65.27896118164062	0.08432360738515854	5.458767760088046e-05
10	270	-19.48274803161621	0.0	0.0	84.4888916015625	-19.553895950317383	79.97930145263672	59.08202362060547	0.10023950040340424	4.6412322399119556e-05
11	297	-19.477405548095703	0.0	0.0	308.9226379394531	-19.459318161010742	82.05424499511719	60.985328674316406	0.03511860594153404	3.8348468386530454e-05
12	324	-19.68288230895996	0.0	0.0	207.2360382080078	-19.576845169067383	75.38816833496094	54.1075553894043	0.07485444843769073	3.061607647967801e-05
13	351	-19.737913131713867	0.0	0.0	1064.0948486328125	-19.748937606811523	73.91765594482422	52.613059997558594	0.0744747593998909	2.3426066172939858e-05
14	378	-19.905866622924805	0.0	0.0	89.02715301513672	-19.921199798583984	73.78636169433594	52.433799743652344	0.09829689562320709	1.6974562204525823e-05
15	405	-19.885427474975586	0.0	0.0	94.15225219726562	-19.99003791809082	69.38998413085938	47.843719482421875	0.1044849157333374	1.143754478487852e-05
16	432	-20.11203956604004	0.0	0.0	153.1764373779297	-20.067462921142578	67.4417953491211	45.841697692871094	0.07020828872919083	6.966049315278794e-06
17	459	-20.061922073364258	0.0	0.0	39.20005798339844	-20.098297119140625	68.56864929199219	46.91839599609375	0.06380952149629593	3.682046535818579e-06
18	486	-20.124176025390625	0.0	0.0	51.14034652709961	-20.11654281616211	68.96170043945312	47.315834045410156	0.07735520601272583	1.6751154815652448e-06
19	513	-20.146869659423828	0.0	0.0	87.97748565673828	-20.13347625732422	68.1605453491211	46.48323059082031	0.08447198569774628	1e-06
# Best epoch: 15
