# epoch	step	nll	ecut	ecut_viol	grad_norm	val_nll	val_ecut	val_ecut_viol	val_ress_zx	LR
1	27	-20.457422256469727	0.0	0.0	155.6848907470703	-20.87049102783203	148.8229217529297	128.21531677246094	0.026273012161254883	9.932488451843476e-05
2	54	-21.419429779052734	0.0	0.0	127.3819808959961	-21.564220428466797	110.96958923339844	88.777587890625	0.032699208706617355	9.73179534641814e-05
3	81	-21.754161834716797	0.0	0.0	699.4456176757812	-20.67169189453125	96.8876953125	73.72566223144531	0.02367708645761013	9.40339506847212e-05
4	108	-21.512313842773438	0.0	0.0	142.78614807128906	-21.695941925048828	100.04439544677734	77.4134750366211	0.03585190325975418	8.956245521512149e-05
5	135	-21.79766845703125	0.0	0.0	146.7100067138672	-21.689563751220703	93.4823226928711	70.4141845703125	0.02660137042403221	8.40254377954742e-05
6	162	-21.947036743164062	0.0	0.0	108.33221435546875	-22.013532638549805	87.62098693847656	64.53343963623047	0.0423777811229229	7.757393382706014e-05
7	189	-21.62013053894043	0.0	0.0	128.83958435058594	-21.969266891479492	87.59440612792969	64.09831237792969	0.0570201575756073	7.038392352032199e-05
8	216	-22.206348419189453	0.0	0.0	90.14278411865234	-22.26696014404297	81.11668395996094	57.337982177734375	0.055764101445674896	6.265153161346956e-05
9	243	-22.395030975341797	0.0	0.0	81.499267578125	-22.34148406982422	77.67683410644531	53.96874237060547	0.12198364734649658	5.458767760088046e-05
10	270	-22.353849411010742	0.0	0.0	57.19704055786133	-22.41908073425293	73.1956787109375	49.36341094970703	0.09080346673727036	4.6412322399119556e-05
11	297	-22.502742767333984	0.0	0.0	155.51284790039062	-22.44754409790039	69.2610092163086	45.132049560546875	0.06702423095703125	3.8348468386530454e-05
12	324	-22.510313034057617	0.0	0.0	116.28973388671875	-22.594417572021484	67.92705535888672	43.6536865234375	0.12602221965789795	3.061607647967801e-05
13	351	-22.601253509521484	0.0	0.0	194.8329620361328	-22.55107879638672	65.30738830566406	41.07826232910156	0.12299446761608124	2.3426066172939858e-05
14	378	-22.718677520751953	0.0	0.0	167.11459350585938	-22.714962005615234	65.52764892578125	41.25489807128906	0.13736504316329956	1.6974562204525823e-05
15	405	-22.79888153076172	0.0	0.0	60.40946578979492	-22.782272338867188	61.62411117553711	37.139183044433594	0.15643373131752014	1.143754478487852e-05
16	432	-22.860370635986328	0.0	0.0	93.72746276855469	-22.822879791259766	62.86274337768555	38.307037353515625	0.14874796569347382	6.966049315278794e-06
17	459	-22.87723159790039	0.0	0.0	68.83727264404297	-22.87453842163086	58.283294677734375	33.743499755859375	0.20199191570281982	3.682046535818579e-06
18	486	-22.847267150878906	0.0	0.0	67.97095489501953	-22.891769409179688	59.9517822265625	35.396202087402344	0.1719304323196411	1.6751154815652448e-06
19	513	-23.039770126342773	0.0	0.0	52.981258392333984	-22.906423568725586	59.57647705078125	34.97987365722656	0.2118295282125473	1e-06
# Best epoch: 19
