# epoch	step	nll	ecut	ecut_viol	grad_norm	val_nll	val_ecut	val_ecut_viol	val_ress_zx	LR
1	27	-1.4662812948226929	0.0	0.0	6.223624229431152	-1.5074739456176758	801.65234375	799.2511596679688	0.006004084832966328	9.932488451843476e-05
2	54	-1.5978305339813232	0.0	0.0	12.334620475769043	-1.583052396774292	779.5204467773438	777.1524658203125	0.01017810869961977	9.73179534641814e-05
3	81	-1.6453018188476562	0.0	0.0	11.973302841186523	-1.622037649154663	758.2955932617188	755.8292236328125	0.009830901399254799	9.40339506847212e-05
4	108	-1.7273309230804443	0.0	0.0	5.678368091583252	-1.6924394369125366	749.083984375	746.5601806640625	0.0059944335371255875	8.956245521512149e-05
5	135	-1.7183988094329834	0.0	0.0	12.210269927978516	-1.7558832168579102	730.5887451171875	728.0411987304688	0.007136659696698189	8.40254377954742e-05
6	162	-1.8028783798217773	0.0	0.0	10.051547050476074	-1.7921279668807983	710.34716796875	707.6613159179688	0.007879063487052917	7.757393382706014e-05
7	189	-1.8226473331451416	0.0	0.0	7.426204681396484	-1.8121833801269531	706.0137939453125	703.3385620117188	0.009326282888650894	7.038392352032199e-05
8	216	-1.8583927154541016	0.0	0.0	8.003096580505371	-1.8940742015838623	694.4356689453125	691.7037963867188	0.0128711499273777	6.265153161346956e-05
9	243	-1.9325416088104248	0.0	0.0	12.177806854248047	-1.9521267414093018	677.744140625	675.0611572265625	0.01148027740418911	5.458767760088046e-05
10	270	-1.9476861953735352	0.0	0.0	8.178494453430176	-1.9636204242706299	666.14404296875	663.3566284179688	0.012491915374994278	4.6412322399119556e-05
11	297	-1.9719337224960327	0.0	0.0	7.407476902008057	-2.0431628227233887	655.54150390625	652.7484130859375	0.01644112914800644	3.8348468386530454e-05
12	324	-2.022610664367676	0.0	0.0	8.334978103637695	-2.0650768280029297	650.2718505859375	647.517333984375	0.010665270499885082	3.061607647967801e-05
13	351	-2.07548189163208	0.0	0.0	11.141449928283691	-2.094747304916382	638.8428955078125	636.057861328125	0.013396522030234337	2.3426066172939858e-05
14	378	-2.067842483520508	0.0	0.0	13.32501220703125	-2.1280901432037354	629.8956298828125	627.00537109375	0.01756184920668602	1.6974562204525823e-05
15	405	-2.149506092071533	0.0	0.0	11.876203536987305	-2.1475446224212646	627.52294921875	624.6421508789062	0.015155386179685593	1.143754478487852e-05
16	432	-2.1209492683410645	0.0	0.0	13.480290412902832	-2.1583783626556396	624.780517578125	621.88134765625	0.01910765841603279	6.966049315278794e-06
17	459	-2.1841962337493896	0.0	0.0	19.04330062866211	-2.164936065673828	623.4166259765625	620.5203857421875	0.019900958985090256	3.682046535818579e-06
18	486	-2.1559207439422607	0.0	0.0	8.842609405517578	-2.168804883956909	619.5255126953125	616.6240234375	0.019388040527701378	1.6751154815652448e-06
19	513	-2.1340627670288086	0.0	0.0	13.749314308166504	-2.173593282699585	617.6090698242188	614.705322265625	0.021120566874742508	1e-06
# Best epoch: 19
