# epoch	step	nll	ecut	ecut_viol	grad_norm	val_nll	val_ecut	val_ecut_viol	val_ress_zx	LR
1	27	-15.248802185058594	0.0	0.0	110.26020050048828	-15.425623893737793	194.5669403076172	179.13095092773438	0.018523529171943665	9.932488451843476e-05
2	54	-16.189899444580078	0.0	0.0	71.85553741455078	-16.085031509399414	146.22769165039062	129.474853515625	0.02513699233531952	9.73179534641814e-05
3	81	-16.01823616027832	0.0	0.0	139.52061462402344	-15.785858154296875	141.30325317382812	124.55299377441406	0.019714614376425743	9.40339506847212e-05
4	108	-15.498336791992188	0.0	0.0	384.7124938964844	-15.491202354431152	146.74313354492188	129.62957763671875	0.010739270597696304	8.956245521512149e-05
5	135	-16.507625579833984	0.0	0.0	62.12689208984375	-16.340505599975586	128.50173950195312	111.25590515136719	0.025256400927901268	8.40254377954742e-05
6	162	-16.406911849975586	0.0	0.0	107.58586120605469	-16.393787384033203	112.4175033569336	94.68946838378906	0.015448669902980328	7.757393382706014e-05
7	189	-16.58812141418457	0.0	0.0	102.44391632080078	-16.576574325561523	114.2095947265625	96.669189453125	0.035103559494018555	7.038392352032199e-05
8	216	-16.643310546875	0.0	0.0	91.73461151123047	-16.581541061401367	108.01742553710938	90.22114562988281	0.03236314654350281	6.265153161346956e-05
9	243	-16.66586685180664	0.0	0.0	378.3977966308594	-16.590423583984375	104.80792236328125	87.0604248046875	0.032825857400894165	5.458767760088046e-05
10	270	-16.68695831298828	0.0	0.0	124.33988952636719	-16.61733627319336	101.88155364990234	83.83357238769531	0.02287774346768856	4.6412322399119556e-05
11	297	-16.71722412109375	0.0	0.0	90.57437896728516	-16.84894561767578	100.34654235839844	82.32817077636719	0.05716569721698761	3.8348468386530454e-05
12	324	-17.05716323852539	0.0	0.0	107.34246063232422	-16.995620727539062	94.77545166015625	76.49137115478516	0.04833400994539261	3.061607647967801e-05
13	351	-17.093685150146484	0.0	0.0	237.26510620117188	-17.02655029296875	88.87425231933594	70.57463836669922	0.06289345026016235	2.3426066172939858e-05
14	378	-17.202566146850586	0.0	0.0	164.2366943359375	-17.10615348815918	84.55059051513672	65.98792266845703	0.04212653264403343	1.6974562204525823e-05
15	405	-17.164833068847656	0.0	0.0	62.82693099975586	-17.179458618164062	84.41213989257812	65.7847900390625	0.051612745970487595	1.143754478487852e-05
16	432	-17.34292984008789	0.0	0.0	103.73712921142578	-17.249576568603516	83.40908813476562	64.80143737792969	0.08458002656698227	6.966049315278794e-06
17	459	-17.326719284057617	0.0	0.0	52.904144287109375	-17.318674087524414	80.23487854003906	61.50400924682617	0.10258714854717255	3.682046535818579e-06
18	486	-17.32115936279297	0.0	0.0	129.99560546875	-17.314495086669922	80.03250122070312	61.2269287109375	0.06393367052078247	1.6751154815652448e-06
19	513	-17.40094566345215	0.0	0.0	36.18814468383789	-17.332447052001953	78.36740112304688	59.59857177734375	0.06111530587077141	1e-06
# Best epoch: 17
