# epoch	step	nll	ecut	ecut_viol	grad_norm	val_nll	val_ecut	val_ecut_viol	val_ress_zx	LR
1	27	-23.575939178466797	0.0	0.0	130.4234619140625	-23.692493438720703	123.25236511230469	99.12773132324219	0.03933393582701683	9.932488451843476e-05
2	54	-24.067955017089844	0.0	0.0	213.36988830566406	-24.317485809326172	87.6912841796875	62.1002197265625	0.04273827373981476	9.73179534641814e-05
3	81	-24.71528434753418	0.0	0.0	90.43021392822266	-24.613990783691406	84.3938980102539	58.470306396484375	0.06984690576791763	9.40339506847212e-05
4	108	-24.366941452026367	0.0	0.0	106.11461639404297	-24.71883201599121	83.88116455078125	58.03925704956055	0.04481201991438866	8.956245521512149e-05
5	135	-24.695035934448242	0.0	0.0	142.1601104736328	-24.78395652770996	76.0369873046875	49.8629150390625	0.07889378815889359	8.40254377954742e-05
6	162	-24.858196258544922	0.0	0.0	77.66267395019531	-24.786697387695312	77.09921264648438	50.6056022644043	0.08841060847043991	7.757393382706014e-05
7	189	-24.94378662109375	0.0	0.0	104.52294158935547	-25.095104217529297	73.10870361328125	46.3272819519043	0.10864265263080597	7.038392352032199e-05
8	216	-24.85535430908203	0.0	0.0	132.445068359375	-24.97480010986328	71.50148010253906	44.861602783203125	0.0652393251657486	6.265153161346956e-05
9	243	-25.171886444091797	0.0	0.0	76.44062042236328	-25.0543212890625	71.42593383789062	44.43592834472656	0.12028871476650238	5.458767760088046e-05
10	270	-24.985206604003906	0.0	0.0	149.17970275878906	-25.183568954467773	68.22100830078125	41.09141540527344	0.14075922966003418	4.6412322399119556e-05
11	297	-25.19690704345703	0.0	0.0	94.45528411865234	-25.118412017822266	67.08373260498047	40.02173614501953	0.10635345429182053	3.8348468386530454e-05
12	324	-25.260717391967773	0.0	0.0	80.31729125976562	-25.318187713623047	66.30989837646484	39.21094512939453	0.11936689913272858	3.061607647967801e-05
13	351	-25.39112091064453	0.0	0.0	64.72268676757812	-25.352224349975586	62.750770568847656	35.463104248046875	0.17141187191009521	2.3426066172939858e-05
14	378	-25.40743064880371	0.0	0.0	67.5968017578125	-25.441312789916992	61.89994430541992	34.676109313964844	0.17136120796203613	1.6974562204525823e-05
15	405	-25.447750091552734	0.0	0.0	76.48341369628906	-25.461355209350586	63.45849609375	36.169227600097656	0.19782742857933044	1.143754478487852e-05
16	432	-25.41748046875	0.0	0.0	73.01066589355469	-25.51937484741211	60.45534896850586	33.056968688964844	0.1581840068101883	6.966049315278794e-06
17	459	-25.542736053466797	0.0	0.0	49.988773345947266	-25.56732940673828	60.823883056640625	33.378662109375	0.20130130648612976	3.682046535818579e-06
18	486	-25.524145126342773	0.0	0.0	143.8990478515625	-25.58275604248047	62.94817352294922	35.53604507446289	0.2114749401807785	1.6751154815652448e-06
19	513	-25.585548400878906	0.0	0.0	68.64146423339844	-25.605886459350586	61.08380126953125	33.6343879699707	0.21294324100017548	1e-06
# Best epoch: 19
