# epoch	step	nll	ecut	ecut_viol	grad_norm	val_nll	val_ecut	val_ecut_viol	val_ress_zx	LR
1	27	-42.64960861206055	0.0	0.0	124.25334167480469	-43.051734924316406	322.0497741699219	282.0588073730469	0.019713763147592545	9.932488451843476e-05
2	54	-44.23614501953125	0.0	0.0	172.64662170410156	-44.261878967285156	158.06825256347656	113.0130844116211	0.07526328414678574	9.73179534641814e-05
3	81	-44.665016174316406	0.0	0.0	194.43487548828125	-44.53434753417969	118.0666732788086	71.79792785644531	0.08616383373737335	9.40339506847212e-05
4	108	-44.772430419921875	0.0	0.0	176.7433624267578	-44.82514953613281	99.75537109375	53.32894515991211	0.17378585040569305	8.956245521512149e-05
5	135	-44.425716400146484	0.0	0.0	289.9791259765625	-44.63734436035156	100.21501922607422	53.792579650878906	0.15250727534294128	8.40254377954742e-05
6	162	-44.81270980834961	0.0	0.0	132.90061950683594	-44.909908294677734	90.1034164428711	43.21162414550781	0.13372883200645447	7.757393382706014e-05
7	189	-44.697914123535156	0.0	0.0	222.52774047851562	-44.81995391845703	91.72714233398438	44.636474609375	0.08381783217191696	7.038392352032199e-05
8	216	-44.70405197143555	0.0	0.0	270.76446533203125	-44.73052978515625	88.29995727539062	40.92981719970703	0.10314073413610458	6.265153161346956e-05
9	243	-45.07958984375	0.0	0.0	102.7724380493164	-45.09613037109375	83.22801208496094	36.053504943847656	0.242698073387146	5.458767760088046e-05
10	270	-45.04644775390625	0.0	0.0	171.58949279785156	-45.047908782958984	86.88048553466797	39.5565185546875	0.11456479877233505	4.6412322399119556e-05
11	297	-45.08744812011719	0.0	0.0	195.7066650390625	-45.115081787109375	82.607177734375	35.22410583496094	0.16266611218452454	3.8348468386530454e-05
12	324	-45.243377685546875	0.0	0.0	96.2597427368164	-45.14432907104492	81.01171875	33.547367095947266	0.15120342373847961	3.061607647967801e-05
13	351	-45.285179138183594	0.0	0.0	163.58792114257812	-45.205238342285156	80.95477294921875	33.40465545654297	0.20430809259414673	2.3426066172939858e-05
14	378	-45.2911376953125	0.0	0.0	160.6604766845703	-45.23956298828125	78.98382568359375	31.367515563964844	0.2375020980834961	1.6974562204525823e-05
15	405	-45.348228454589844	0.0	0.0	113.54817199707031	-45.31611251831055	79.59126281738281	31.90135955810547	0.16586826741695404	1.143754478487852e-05
16	432	-45.39790344238281	0.0	0.0	172.40045166015625	-45.363975524902344	78.01655578613281	30.311874389648438	0.22867104411125183	6.966049315278794e-06
17	459	-45.4211540222168	0.0	0.0	72.58905792236328	-45.42639923095703	78.8072280883789	31.117008209228516	0.314014732837677	3.682046535818579e-06
18	486	-45.3862419128418	0.0	0.0	58.53573226928711	-45.46662902832031	77.53788757324219	29.78326416015625	0.2907031774520874	1.6751154815652448e-06
19	513	-45.45791244506836	0.0	0.0	70.07649993896484	-45.474395751953125	77.25880432128906	29.491695404052734	0.2868596911430359	1e-06
# Best epoch: 17
