# epoch	step	nll	ecut	ecut_viol	grad_norm	val_nll	val_ecut	val_ecut_viol	val_ress_zx	LR
1	27	-5.24924373626709	0.0	0.0	33.46147537231445	-5.2624101638793945	608.3602294921875	602.6455078125	0.002933450508862734	9.932488451843476e-05
2	54	-5.415653228759766	0.0	0.0	36.30841064453125	-5.295637607574463	591.581787109375	585.787353515625	0.004146169405430555	9.73179534641814e-05
3	81	-5.414599895477295	0.0	0.0	28.547914505004883	-5.4425554275512695	578.1530151367188	572.314697265625	0.006725225131958723	9.40339506847212e-05
4	108	-5.5280303955078125	0.0	0.0	38.9695930480957	-5.462664604187012	554.9641723632812	548.9054565429688	0.007919227704405785	8.956245521512149e-05
5	135	-5.469735622406006	0.0	0.0	44.15154266357422	-5.555501461029053	536.4962158203125	530.40185546875	0.00436388049274683	8.40254377954742e-05
6	162	-5.680911064147949	0.0	0.0	22.380645751953125	-5.67421817779541	520.152099609375	513.8917846679688	0.008154686540365219	7.757393382706014e-05
7	189	-5.7126874923706055	0.0	0.0	33.867027282714844	-5.77046537399292	500.06634521484375	493.7203063964844	0.007208546157926321	7.038392352032199e-05
8	216	-5.849677562713623	0.0	0.0	35.202789306640625	-5.834471702575684	497.75225830078125	491.5257263183594	0.005856236442923546	6.265153161346956e-05
9	243	-6.061357498168945	0.0	0.0	31.064016342163086	-5.861147880554199	477.42462158203125	470.9014892578125	0.006886558141559362	5.458767760088046e-05
10	270	-6.039738655090332	0.0	0.0	31.695886611938477	-6.001950740814209	462.3864440917969	455.8099365234375	0.011737711727619171	4.6412322399119556e-05
11	297	-6.107200622558594	0.0	0.0	39.590389251708984	-6.074973106384277	445.60650634765625	439.0548095703125	0.008055076003074646	3.8348468386530454e-05
12	324	-6.167169094085693	0.0	0.0	29.550678253173828	-6.185239315032959	439.10601806640625	432.4345397949219	0.013394346460700035	3.061607647967801e-05
13	351	-6.241310119628906	0.0	0.0	25.898584365844727	-6.2115631103515625	428.23516845703125	421.4649353027344	0.010115250945091248	2.3426066172939858e-05
14	378	-6.343308448791504	0.0	0.0	29.24927520751953	-6.281157493591309	423.5042419433594	416.72100830078125	0.011969653889536858	1.6974562204525823e-05
15	405	-6.382627010345459	0.0	0.0	25.328763961791992	-6.31585693359375	418.035888671875	411.1964111328125	0.011381492018699646	1.143754478487852e-05
16	432	-6.463932037353516	0.0	0.0	30.8054141998291	-6.349135875701904	409.31781005859375	402.4679870605469	0.012398280203342438	6.966049315278794e-06
17	459	-6.33437442779541	0.0	0.0	31.767560958862305	-6.383612632751465	408.6697998046875	401.7537841796875	0.0140730245038867	3.682046535818579e-06
18	486	-6.443597793579102	0.0	0.0	20.901782989501953	-6.392869472503662	407.77459716796875	400.843017578125	0.013099921867251396	1.6751154815652448e-06
19	513	-6.4696044921875	0.0	0.0	34.9110221862793	-6.409885406494141	406.57861328125	399.634033203125	0.012086647562682629	1e-06
# Best epoch: 17
