# epoch	step	nll	ecut	ecut_viol	grad_norm	val_nll	val_ecut	val_ecut_viol	val_ress_zx	LR
1	27	-31.272823333740234	0.0	0.0	176.2861785888672	-31.236980438232422	146.31332397460938	113.89506530761719	0.02843913435935974	9.932488451843476e-05
2	54	-32.20392608642578	0.0	0.0	118.15995788574219	-32.097190856933594	106.1549072265625	72.66287231445312	0.05910644680261612	9.73179534641814e-05
3	81	-32.38103485107422	0.0	0.0	98.69284057617188	-32.56010818481445	92.20219421386719	58.16326141357422	0.13167688250541687	9.40339506847212e-05
4	108	-32.214942932128906	0.0	0.0	209.10110473632812	-32.169437408447266	88.15379333496094	54.147071838378906	0.05832865089178085	8.956245521512149e-05
5	135	-32.466461181640625	0.0	0.0	87.76205444335938	-32.464385986328125	88.08003997802734	53.85826110839844	0.077736496925354	8.40254377954742e-05
6	162	-32.5870361328125	0.0	0.0	84.55530548095703	-32.582862854003906	84.2156753540039	49.90691375732422	0.11859928071498871	7.757393382706014e-05
7	189	-32.58972930908203	0.0	0.0	105.6126708984375	-32.55923080444336	80.28752136230469	45.708518981933594	0.10161638259887695	7.038392352032199e-05
8	216	-32.645015716552734	0.0	0.0	108.20899200439453	-32.74114227294922	81.20306396484375	46.70317840576172	0.1795113980770111	6.265153161346956e-05
9	243	-32.801353454589844	0.0	0.0	74.76475524902344	-32.79975128173828	75.8251953125	41.16248321533203	0.14587627351284027	5.458767760088046e-05
10	270	-32.785133361816406	0.0	0.0	76.5219955444336	-32.85687255859375	75.87480926513672	41.12824630737305	0.12807124853134155	4.6412322399119556e-05
11	297	-32.87523651123047	0.0	0.0	77.24703216552734	-32.85504150390625	68.68453979492188	33.711761474609375	0.164593905210495	3.8348468386530454e-05
12	324	-32.8895378112793	0.0	0.0	153.7751007080078	-32.92719268798828	71.0601806640625	35.88428497314453	0.17337432503700256	3.061607647967801e-05
13	351	-33.02436447143555	0.0	0.0	74.77710723876953	-33.029380798339844	68.87579345703125	33.85005187988281	0.234425887465477	2.3426066172939858e-05
14	378	-33.07069778442383	0.0	0.0	87.12963104248047	-33.093509674072266	70.70445251464844	35.487586975097656	0.22634848952293396	1.6974562204525823e-05
15	405	-33.07212448120117	0.0	0.0	87.9719009399414	-33.14702224731445	65.33447265625	30.024517059326172	0.19001565873622894	1.143754478487852e-05
16	432	-33.18925857543945	0.0	0.0	80.4602279663086	-33.186866760253906	65.27581787109375	29.898374557495117	0.2909544110298157	6.966049315278794e-06
17	459	-33.205230712890625	0.0	0.0	72.32960510253906	-33.23585510253906	64.33631896972656	28.958019256591797	0.25056421756744385	3.682046535818579e-06
18	486	-33.18488693237305	0.0	0.0	71.54243469238281	-33.25775909423828	65.27870178222656	29.947982788085938	0.2680126428604126	1.6751154815652448e-06
19	513	-33.21271896362305	0.0	0.0	65.37251281738281	-33.26542663574219	63.21472930908203	27.857276916503906	0.2790865898132324	1e-06
# Best epoch: 16
