# target rep seed eff_generation RESS eff_identity best_epoch best_val_RESS train_h dataset_indices
  50000   0    0 0.385800 0.100320 0.005400  119 0.153711 1.1488 50000,39000,28000
  50000   1    1 0.324400 0.064470 0.006300  115 0.120509 1.1552 50000,39000,28000
  50000   2    2 0.331600 0.098584 0.006800  105 0.126184 1.1393 50000,39000,28000
  50000   3    3 0.350600 0.109205 0.007700  117 0.112719 1.1699 50000,39000,28000
  50000   4    4 0.297900 0.085328 0.006300  112 0.119066 1.1562 50000,39000,28000
  50000   5    5 0.385600 0.118196 0.006400  121 0.143564 1.1596 50000,39000,28000
  50000   6    6 0.338100 0.119274 0.005200  120 0.137715 1.1495 50000,39000,28000
  50000   7    7 0.351800 0.108776 0.006600  113 0.133604 1.1513 50000,39000,28000
  50000   8    8 0.358700 0.124144 0.005900  116 0.136265 1.1498 50000,39000,28000
  50000   9    9 0.346600 0.096829 0.006000  108 0.143432 1.1496 50000,39000,28000
 150000   0    0 0.253400 0.072534 0.000000  122 0.101673 1.1576 150000,139000,128000
 150000   1    1 0.198300 0.039594 0.000000  122 0.067424 1.1539 150000,139000,128000
 150000   2    2 0.168000 0.025852 0.000000  105 0.056139 1.1588 150000,139000,128000
 150000   3    3 0.244700 0.037133 0.000000  119 0.082612 1.1711 150000,139000,128000
 150000   4    4 0.263100 0.034493 0.000000  111 0.083438 1.1696 150000,139000,128000
 150000   5    5 0.305200 0.033451 0.000000  109 0.112150 1.1669 150000,139000,128000
 150000   6    6 0.293500 0.070343 0.000000  120 0.089598 1.1736 150000,139000,128000
 150000   7    7 0.188200 0.018030 0.000000  100 0.068362 1.1533 150000,139000,128000
 150000   8    8 0.260600 0.040953 0.000000  114 0.084097 1.1648 150000,139000,128000
 150000   9    9 0.285000 0.029246 0.000000  113 0.100569 1.1623 150000,139000,128000
 250000   0    0 0.295800 0.073827 0.000000  109 0.120388 1.1681 250000,239000,228000
 250000   1    1 0.275700 0.092364 0.000000  121 0.118054 1.1660 250000,239000,228000
 250000   2    2 0.309700 0.096976 0.000000  119 0.148548 1.1658 250000,239000,228000
 250000   3    3 0.310700 0.093018 0.000000  124 0.110752 1.1592 250000,239000,228000
 250000   4    4 0.272000 0.085154 0.000000  106 0.125979 1.1633 250000,239000,228000
 250000   5    5 0.310100 0.113705 0.000000  119 0.114371 1.1618 250000,239000,228000
 250000   6    6 0.293900 0.092591 0.000000  119 0.131990 1.1546 250000,239000,228000
 250000   7    7 0.296000 0.095993 0.000000  122 0.122450 1.1570 250000,239000,228000
 250000   8    8 0.432600 0.159144 0.000000  115 0.162224 1.1622 250000,239000,228000
 250000   9    9 0.313000 0.092452 0.000000  117 0.136479 1.1565 250000,239000,228000
 350000   0    0 0.272600 0.123573 0.000000  119 0.140585 1.1657 350000,339000,328000
 350000   1    1 0.459700 0.118785 0.000000  120 0.207427 1.1647 350000,339000,328000
 350000   2    2 0.154800 0.081851 0.000000  122 0.091710 1.1755 350000,339000,328000
 350000   3    3 0.340100 0.087297 0.000000  116 0.191442 1.1618 350000,339000,328000
 350000   4    4 0.167800 0.073770 0.000000  120 0.092016 1.1586 350000,339000,328000
 350000   5    5 0.406100 0.145746 0.000000  121 0.212291 1.1644 350000,339000,328000
 350000   6    6 0.133000 0.059225 0.000000  119 0.076873 1.1785 350000,339000,328000
 350000   7    7 0.449100 0.142222 0.000000  116 0.214452 1.1601 350000,339000,328000
 350000   8    8 0.222400 0.097171 0.000000  115 0.125130 1.1648 350000,339000,328000
 350000   9    9 0.378500 0.147685 0.000000  119 0.143184 1.1660 350000,339000,328000
 450000   0    0 0.292400 0.041399 0.000000  121 0.190376 1.1605 450000,439000,428000
 450000   1    1 0.269500 0.094620 0.000000  114 0.139954 1.1648 450000,439000,428000
 450000   2    2 0.299600 0.135298 0.000000  124 0.161393 1.1636 450000,439000,428000
 450000   3    3 0.268300 0.118900 0.000000  119 0.153926 1.1756 450000,439000,428000
 450000   4    4 0.312600 0.133532 0.000000  120 0.180400 1.1505 450000,439000,428000
 450000   5    5 0.486500 0.251321 0.000000  121 0.280571 1.1485 450000,439000,428000
 450000   6    6 0.150300 0.020319 0.000000  115 0.099726 1.1504 450000,439000,428000
 450000   7    7 0.410400 0.135653 0.000000  117 0.178526 1.1883 450000,439000,428000
 450000   8    8 0.175500 0.084883 0.000000  119 0.091115 1.1423 450000,439000,428000
 450000   9    9 0.163000 0.087092 0.000000  121 0.082683 1.1647 450000,439000,428000
