# target  rep  gen  seed  eff_generation  RESS  eff_identity   (10000 base samples per generation, seed = 10*rep + gen)
  50000   0   0     0 0.388000 0.101634 0.006000
  50000   0   1     1 0.395000 0.086987 0.005100
  50000   0   2     2 0.388000 0.121319 0.006500
  50000   0   3     3 0.388100 0.129084 0.005200
  50000   0   4     4 0.399700 0.135445 0.007500
  50000   0   5     5 0.391100 0.099615 0.005200
  50000   0   6     6 0.399600 0.053841 0.004800
  50000   0   7     7 0.394700 0.115999 0.006000
  50000   0   8     8 0.393100 0.108532 0.005900
  50000   0   9     9 0.390100 0.110867 0.007600
  50000   1   0    10 0.317200 0.072120 0.005600
  50000   1   1    11 0.319300 0.089657 0.004900
  50000   1   2    12 0.310300 0.090595 0.005500
  50000   1   3    13 0.322600 0.081501 0.006100
  50000   1   4    14 0.307000 0.096131 0.005200
  50000   1   5    15 0.318400 0.074245 0.006400
  50000   1   6    16 0.319800 0.092897 0.005200
  50000   1   7    17 0.323600 0.075917 0.006000
  50000   1   8    18 0.322500 0.051645 0.006000
  50000   1   9    19 0.316700 0.100729 0.006200
  50000   2   0    20 0.322300 0.096246 0.005000
  50000   2   1    21 0.326600 0.075352 0.005500
  50000   2   2    22 0.336300 0.094979 0.005700
  50000   2   3    23 0.331200 0.063461 0.005000
  50000   2   4    24 0.338400 0.121382 0.006600
  50000   2   5    25 0.329200 0.085627 0.005500
  50000   2   6    26 0.335700 0.069187 0.005900
  50000   2   7    27 0.337700 0.070695 0.005400
  50000   2   8    28 0.332000 0.085739 0.006400
  50000   2   9    29 0.320800 0.084321 0.006700
  50000   3   0    30 0.352400 0.061188 0.005400
  50000   3   1    31 0.361100 0.121452 0.006600
  50000   3   2    32 0.351600 0.117908 0.005900
  50000   3   3    33 0.358000 0.110901 0.007500
  50000   3   4    34 0.351400 0.084957 0.005600
  50000   3   5    35 0.348700 0.074381 0.005900
  50000   3   6    36 0.364300 0.118376 0.006600
  50000   3   7    37 0.359500 0.084202 0.006300
  50000   3   8    38 0.358000 0.123490 0.006500
  50000   3   9    39 0.351900 0.119469 0.005600
  50000   4   0    40 0.308100 0.074319 0.006200
  50000   4   1    41 0.305400 0.095626 0.005100
  50000   4   2    42 0.308600 0.052532 0.005000
  50000   4   3    43 0.297100 0.056916 0.006100
  50000   4   4    44 0.298400 0.087665 0.005200
  50000   4   5    45 0.299800 0.091535 0.006400
  50000   4   6    46 0.300000 0.090439 0.005900
  50000   4   7    47 0.300500 0.019358 0.006200
  50000   4   8    48 0.304100 0.064805 0.006700
  50000   4   9    49 0.295300 0.040810 0.005600
  50000   5   0    50 0.387600 0.117687 0.005200
  50000   5   1    51 0.380900 0.130384 0.006000
  50000   5   2    52 0.378700 0.096553 0.006000
  50000   5   3    53 0.374600 0.106983 0.005300
  50000   5   4    54 0.384600 0.090808 0.006800
  50000   5   5    55 0.375600 0.107517 0.006500
  50000   5   6    56 0.379600 0.102944 0.006400
  50000   5   7    57 0.377800 0.124304 0.005800
  50000   5   8    58 0.385400 0.105096 0.005300
  50000   5   9    59 0.387100 0.103404 0.007600
  50000   6   0    60 0.331000 0.101683 0.005100
  50000   6   1    61 0.342800 0.103532 0.006600
  50000   6   2    62 0.341800 0.114902 0.005900
  50000   6   3    63 0.339100 0.095616 0.005900
  50000   6   4    64 0.337100 0.087632 0.005300
  50000   6   5    65 0.339600 0.100858 0.006900
  50000   6   6    66 0.348200 0.120957 0.006400
  50000   6   7    67 0.330400 0.108090 0.005700
  50000   6   8    68 0.336900 0.109843 0.006000
  50000   6   9    69 0.339800 0.081068 0.004500
  50000   7   0    70 0.350600 0.089830 0.005200
  50000   7   1    71 0.350300 0.097179 0.006300
  50000   7   2    72 0.371500 0.061545 0.005000
  50000   7   3    73 0.359900 0.097653 0.005800
  50000   7   4    74 0.356700 0.038459 0.006600
  50000   7   5    75 0.360000 0.094877 0.005500
  50000   7   6    76 0.363900 0.096536 0.006700
  50000   7   7    77 0.369600 0.117586 0.005900
  50000   7   8    78 0.358100 0.083636 0.005800
  50000   7   9    79 0.360700 0.096409 0.004800
  50000   8   0    80 0.364100 0.118273 0.006500
  50000   8   1    81 0.357600 0.111911 0.005800
  50000   8   2    82 0.359900 0.111086 0.006500
  50000   8   3    83 0.360500 0.078070 0.005700
  50000   8   4    84 0.358700 0.064804 0.004700
  50000   8   5    85 0.357400 0.065575 0.007100
  50000   8   6    86 0.353100 0.111559 0.006200
  50000   8   7    87 0.362700 0.113082 0.005400
  50000   8   8    88 0.356600 0.121540 0.005800
  50000   8   9    89 0.363700 0.092832 0.006400
  50000   9   0    90 0.341600 0.091332 0.007200
  50000   9   1    91 0.337300 0.092072 0.005600
  50000   9   2    92 0.342200 0.092787 0.005300
  50000   9   3    93 0.343500 0.104790 0.005500
  50000   9   4    94 0.346300 0.088374 0.005300
  50000   9   5    95 0.347000 0.069005 0.007000
  50000   9   6    96 0.344900 0.085718 0.006200
  50000   9   7    97 0.339000 0.116501 0.006800
  50000   9   8    98 0.348500 0.094392 0.004900
  50000   9   9    99 0.336100 0.104114 0.007300
 150000   0   0     0 0.262300 0.047038 0.000000
 150000   0   1     1 0.248000 0.051507 0.000000
 150000   0   2     2 0.255600 0.054707 0.000000
 150000   0   3     3 0.262200 0.047082 0.000000
 150000   0   4     4 0.253300 0.059106 0.000000
 150000   0   5     5 0.249800 0.035587 0.000000
 150000   0   6     6 0.255700 0.045411 0.000000
 150000   0   7     7 0.256500 0.035464 0.000000
 150000   0   8     8 0.255600 0.042735 0.000000
 150000   0   9     9 0.264200 0.034950 0.000000
 150000   1   0    10 0.192200 0.034817 0.000000
 150000   1   1    11 0.193800 0.036425 0.000000
 150000   1   2    12 0.202800 0.038991 0.000000
 150000   1   3    13 0.198300 0.027505 0.000000
 150000   1   4    14 0.195800 0.030962 0.000000
 150000   1   5    15 0.195800 0.043264 0.000000
 150000   1   6    16 0.199400 0.025980 0.000000
 150000   1   7    17 0.199700 0.014797 0.000000
 150000   1   8    18 0.190500 0.008333 0.000000
 150000   1   9    19 0.196800 0.023053 0.000000
 150000   2   0    20 0.171900 0.002614 0.000000
 150000   2   1    21 0.173500 0.028349 0.000000
 150000   2   2    22 0.171900 0.006003 0.000000
 150000   2   3    23 0.174600 0.037049 0.000000
 150000   2   4    24 0.177700 0.041505 0.000000
 150000   2   5    25 0.178100 0.027783 0.000000
 150000   2   6    26 0.174500 0.022853 0.000000
 150000   2   7    27 0.169200 0.028916 0.000000
 150000   2   8    28 0.174800 0.028814 0.000000
 150000   2   9    29 0.173600 0.029400 0.000000
 150000   3   0    30 0.243000 0.027176 0.000000
 150000   3   1    31 0.240400 0.037288 0.000000
 150000   3   2    32 0.237500 0.040696 0.000000
 150000   3   3    33 0.236600 0.008396 0.000000
 150000   3   4    34 0.240000 0.061136 0.000000
 150000   3   5    35 0.237200 0.008120 0.000000
 150000   3   6    36 0.233900 0.046138 0.000000
 150000   3   7    37 0.235300 0.026688 0.000000
 150000   3   8    38 0.234200 0.059695 0.000000
 150000   3   9    39 0.232400 0.036294 0.000000
 150000   4   0    40 0.268600 0.032378 0.000000
 150000   4   1    41 0.261800 0.039040 0.000000
 150000   4   2    42 0.262900 0.075296 0.000000
 150000   4   3    43 0.266700 0.038621 0.000000
 150000   4   4    44 0.270400 0.015566 0.000000
 150000   4   5    45 0.266600 0.061374 0.000000
 150000   4   6    46 0.276100 0.066450 0.000000
 150000   4   7    47 0.271700 0.038087 0.000000
 150000   4   8    48 0.266600 0.078626 0.000000
 150000   4   9    49 0.270200 0.061404 0.000000
 150000   5   0    50 0.302500 0.054946 0.000000
 150000   5   1    51 0.302800 0.061615 0.000000
 150000   5   2    52 0.299800 0.066889 0.000000
 150000   5   3    53 0.305200 0.055377 0.000000
 150000   5   4    54 0.300800 0.058788 0.000000
 150000   5   5    55 0.306800 0.030601 0.000000
 150000   5   6    56 0.308700 0.018471 0.000000
 150000   5   7    57 0.308500 0.063501 0.000000
 150000   5   8    58 0.300900 0.061125 0.000000
 150000   5   9    59 0.311200 0.069428 0.000000
 150000   6   0    60 0.292800 0.052285 0.000000
 150000   6   1    61 0.291200 0.049995 0.000000
 150000   6   2    62 0.291800 0.060158 0.000000
 150000   6   3    63 0.300700 0.083934 0.000000
 150000   6   4    64 0.289100 0.034371 0.000000
 150000   6   5    65 0.288600 0.026199 0.000000
 150000   6   6    66 0.289200 0.001981 0.000000
 150000   6   7    67 0.292200 0.007274 0.000000
 150000   6   8    68 0.286300 0.065931 0.000000
 150000   6   9    69 0.292100 0.090626 0.000000
 150000   7   0    70 0.194200 0.037622 0.000000
 150000   7   1    71 0.185000 0.021948 0.000000
 150000   7   2    72 0.189800 0.017933 0.000000
 150000   7   3    73 0.193100 0.021633 0.000000
 150000   7   4    74 0.183300 0.021590 0.000000
 150000   7   5    75 0.185500 0.035022 0.000000
 150000   7   6    76 0.191700 0.025752 0.000000
 150000   7   7    77 0.184200 0.022696 0.000000
 150000   7   8    78 0.191100 0.045299 0.000000
 150000   7   9    79 0.189600 0.002909 0.000000
 150000   8   0    80 0.264200 0.040527 0.000000
 150000   8   1    81 0.259800 0.055926 0.000000
 150000   8   2    82 0.262700 0.063988 0.000000
 150000   8   3    83 0.263400 0.031301 0.000000
 150000   8   4    84 0.259300 0.033895 0.000000
 150000   8   5    85 0.262000 0.083554 0.000100
 150000   8   6    86 0.259100 0.077579 0.000000
 150000   8   7    87 0.264100 0.037990 0.000000
 150000   8   8    88 0.260000 0.007454 0.000000
 150000   8   9    89 0.263800 0.057267 0.000000
 150000   9   0    90 0.272600 0.069717 0.000000
 150000   9   1    91 0.275500 0.071400 0.000000
 150000   9   2    92 0.271900 0.025308 0.000000
 150000   9   3    93 0.267000 0.048299 0.000000
 150000   9   4    94 0.275500 0.075033 0.000000
 150000   9   5    95 0.273600 0.026729 0.000000
 150000   9   6    96 0.270500 0.059182 0.000000
 150000   9   7    97 0.285500 0.023437 0.000000
 150000   9   8    98 0.275500 0.021507 0.000000
 150000   9   9    99 0.272100 0.013623 0.000000
 250000   0   0     0 0.294800 0.061017 0.000000
 250000   0   1     1 0.289500 0.056837 0.000000
 250000   0   2     2 0.307600 0.071143 0.000000
 250000   0   3     3 0.297500 0.011235 0.000000
 250000   0   4     4 0.296300 0.067613 0.000000
 250000   0   5     5 0.294300 0.071418 0.000000
 250000   0   6     6 0.302200 0.062259 0.000000
 250000   0   7     7 0.295500 0.060950 0.000000
 250000   0   8     8 0.294100 0.077297 0.000000
 250000   0   9     9 0.305200 0.022737 0.000000
 250000   1   0    10 0.281500 0.060379 0.000000
 250000   1   1    11 0.288700 0.080956 0.000000
 250000   1   2    12 0.288200 0.088049 0.000000
 250000   1   3    13 0.279100 0.063029 0.000000
 250000   1   4    14 0.280800 0.089841 0.000000
 250000   1   5    15 0.290300 0.106306 0.000000
 250000   1   6    16 0.285800 0.103250 0.000000
 250000   1   7    17 0.291300 0.061217 0.000000
 250000   1   8    18 0.275300 0.044558 0.000000
 250000   1   9    19 0.288400 0.070441 0.000000
 250000   2   0    20 0.313300 0.079558 0.000000
 250000   2   1    21 0.311100 0.121151 0.000000
 250000   2   2    22 0.313200 0.128588 0.000000
 250000   2   3    23 0.302300 0.116136 0.000000
 250000   2   4    24 0.305000 0.073003 0.000000
 250000   2   5    25 0.305300 0.125242 0.000000
 250000   2   6    26 0.311800 0.109307 0.000000
 250000   2   7    27 0.314300 0.132092 0.000000
 250000   2   8    28 0.303300 0.039268 0.000000
 250000   2   9    29 0.314600 0.110264 0.000000
 250000   3   0    30 0.314000 0.092287 0.000000
 250000   3   1    31 0.309300 0.096136 0.000000
 250000   3   2    32 0.315100 0.121762 0.000000
 250000   3   3    33 0.296600 0.036234 0.000000
 250000   3   4    34 0.305900 0.126426 0.000000
 250000   3   5    35 0.308700 0.121654 0.000000
 250000   3   6    36 0.294500 0.096592 0.000000
 250000   3   7    37 0.309400 0.129141 0.000000
 250000   3   8    38 0.305700 0.111789 0.000000
 250000   3   9    39 0.300300 0.068837 0.000000
 250000   4   0    40 0.268000 0.047146 0.000000
 250000   4   1    41 0.265400 0.094820 0.000000
 250000   4   2    42 0.274700 0.062831 0.000000
 250000   4   3    43 0.276000 0.072598 0.000000
 250000   4   4    44 0.276600 0.047031 0.000000
 250000   4   5    45 0.272100 0.083870 0.000000
 250000   4   6    46 0.275900 0.093909 0.000000
 250000   4   7    47 0.274100 0.001688 0.000000
 250000   4   8    48 0.281200 0.103573 0.000000
 250000   4   9    49 0.283300 0.073202 0.000000
 250000   5   0    50 0.311700 0.074053 0.000000
 250000   5   1    51 0.308300 0.084767 0.000000
 250000   5   2    52 0.313500 0.069182 0.000000
 250000   5   3    53 0.307800 0.007638 0.000000
 250000   5   4    54 0.310100 0.059379 0.000000
 250000   5   5    55 0.310700 0.114943 0.000000
 250000   5   6    56 0.319100 0.102624 0.000000
 250000   5   7    57 0.316500 0.087020 0.000000
 250000   5   8    58 0.311300 0.107887 0.000000
 250000   5   9    59 0.310200 0.091879 0.000000
 250000   6   0    60 0.292800 0.020268 0.000000
 250000   6   1    61 0.288500 0.075664 0.000000
 250000   6   2    62 0.296700 0.110478 0.000000
 250000   6   3    63 0.294100 0.125410 0.000000
 250000   6   4    64 0.298800 0.092084 0.000000
 250000   6   5    65 0.293500 0.080239 0.000000
 250000   6   6    66 0.298800 0.111989 0.000000
 250000   6   7    67 0.300100 0.098417 0.000000
 250000   6   8    68 0.291700 0.093913 0.000000
 250000   6   9    69 0.285600 0.082200 0.000000
 250000   7   0    70 0.299300 0.106393 0.000000
 250000   7   1    71 0.298400 0.076672 0.000000
 250000   7   2    72 0.297800 0.101680 0.000000
 250000   7   3    73 0.306100 0.106784 0.000000
 250000   7   4    74 0.296800 0.099106 0.000000
 250000   7   5    75 0.301700 0.103320 0.000000
 250000   7   6    76 0.302700 0.086211 0.000000
 250000   7   7    77 0.301900 0.005859 0.000000
 250000   7   8    78 0.298400 0.106038 0.000000
 250000   7   9    79 0.295900 0.105032 0.000000
 250000   8   0    80 0.435000 0.134927 0.000000
 250000   8   1    81 0.434200 0.115684 0.000000
 250000   8   2    82 0.422900 0.081096 0.000000
 250000   8   3    83 0.435100 0.130921 0.000000
 250000   8   4    84 0.429800 0.151672 0.000000
 250000   8   5    85 0.430800 0.027047 0.000000
 250000   8   6    86 0.429700 0.032795 0.000000
 250000   8   7    87 0.433300 0.149324 0.000000
 250000   8   8    88 0.427800 0.157363 0.000000
 250000   8   9    89 0.428300 0.139847 0.000000
 250000   9   0    90 0.304400 0.110670 0.000000
 250000   9   1    91 0.307400 0.093939 0.000000
 250000   9   2    92 0.304700 0.079614 0.000000
 250000   9   3    93 0.298400 0.113155 0.000000
 250000   9   4    94 0.297600 0.081585 0.000000
 250000   9   5    95 0.305100 0.060374 0.000000
 250000   9   6    96 0.310400 0.132424 0.000000
 250000   9   7    97 0.297000 0.108231 0.000000
 250000   9   8    98 0.307000 0.093024 0.000000
 250000   9   9    99 0.301200 0.058038 0.000000
 350000   0   0     0 0.277500 0.123404 0.000000
 350000   0   1     1 0.275700 0.138198 0.000000
 350000   0   2     2 0.269700 0.119999 0.000000
 350000   0   3     3 0.275800 0.136659 0.000000
 350000   0   4     4 0.280200 0.159434 0.000000
 350000   0   5     5 0.276800 0.101968 0.000000
 350000   0   6     6 0.278700 0.118883 0.000000
 350000   0   7     7 0.277500 0.061257 0.000000
 350000   0   8     8 0.275600 0.089285 0.000000
 350000   0   9     9 0.278300 0.078537 0.000000
 350000   1   0    10 0.453200 0.179854 0.000000
 350000   1   1    11 0.451300 0.155146 0.000000
 350000   1   2    12 0.456200 0.149153 0.000000
 350000   1   3    13 0.459500 0.099595 0.000000
 350000   1   4    14 0.450900 0.179707 0.000000
 350000   1   5    15 0.457500 0.188010 0.000000
 350000   1   6    16 0.461500 0.200116 0.000000
 350000   1   7    17 0.454000 0.167050 0.000000
 350000   1   8    18 0.456500 0.165506 0.000000
 350000   1   9    19 0.452900 0.229958 0.000000
 350000   2   0    20 0.147100 0.057268 0.000000
 350000   2   1    21 0.149100 0.045801 0.000000
 350000   2   2    22 0.149500 0.083864 0.000000
 350000   2   3    23 0.149600 0.082722 0.000000
 350000   2   4    24 0.147500 0.074227 0.000000
 350000   2   5    25 0.145900 0.069503 0.000000
 350000   2   6    26 0.150100 0.086095 0.000000
 350000   2   7    27 0.153000 0.079896 0.000000
 350000   2   8    28 0.136700 0.006999 0.000000
 350000   2   9    29 0.149100 0.075403 0.000000
 350000   3   0    30 0.351400 0.149979 0.000000
 350000   3   1    31 0.347900 0.175730 0.000000
 350000   3   2    32 0.348500 0.181913 0.000000
 350000   3   3    33 0.337600 0.133215 0.000000
 350000   3   4    34 0.345500 0.143115 0.000000
 350000   3   5    35 0.341000 0.190242 0.000000
 350000   3   6    36 0.350000 0.166709 0.000000
 350000   3   7    37 0.345800 0.186294 0.000000
 350000   3   8    38 0.341700 0.164546 0.000000
 350000   3   9    39 0.343700 0.147363 0.000000
 350000   4   0    40 0.167100 0.072727 0.000000
 350000   4   1    41 0.163700 0.061444 0.000000
 350000   4   2    42 0.173800 0.039545 0.000000
 350000   4   3    43 0.165900 0.076616 0.000000
 350000   4   4    44 0.171100 0.079311 0.000000
 350000   4   5    45 0.173200 0.072270 0.000000
 350000   4   6    46 0.175100 0.066533 0.000000
 350000   4   7    47 0.174600 0.060254 0.000000
 350000   4   8    48 0.171100 0.068132 0.000000
 350000   4   9    49 0.179400 0.074319 0.000000
 350000   5   0    50 0.400900 0.147752 0.000000
 350000   5   1    51 0.403400 0.139414 0.000000
 350000   5   2    52 0.408000 0.096786 0.000000
 350000   5   3    53 0.396900 0.136989 0.000000
 350000   5   4    54 0.412200 0.095484 0.000000
 350000   5   5    55 0.401200 0.142400 0.000000
 350000   5   6    56 0.401000 0.173820 0.000000
 350000   5   7    57 0.400600 0.012766 0.000000
 350000   5   8    58 0.407300 0.159560 0.000000
 350000   5   9    59 0.395600 0.168998 0.000000
 350000   6   0    60 0.141600 0.053615 0.000000
 350000   6   1    61 0.136600 0.054083 0.000000
 350000   6   2    62 0.131500 0.056020 0.000000
 350000   6   3    63 0.130500 0.064315 0.000000
 350000   6   4    64 0.141800 0.053941 0.000000
 350000   6   5    65 0.133300 0.051861 0.000000
 350000   6   6    66 0.135600 0.050742 0.000000
 350000   6   7    67 0.135300 0.051986 0.000000
 350000   6   8    68 0.134600 0.061799 0.000000
 350000   6   9    69 0.138600 0.035346 0.000000
 350000   7   0    70 0.445300 0.144045 0.000000
 350000   7   1    71 0.446700 0.161274 0.000000
 350000   7   2    72 0.451800 0.134057 0.000000
 350000   7   3    73 0.448500 0.203105 0.000000
 350000   7   4    74 0.447000 0.158603 0.000000
 350000   7   5    75 0.440900 0.124233 0.000000
 350000   7   6    76 0.442200 0.150688 0.000000
 350000   7   7    77 0.450800 0.163098 0.000000
 350000   7   8    78 0.455000 0.176009 0.000000
 350000   7   9    79 0.452500 0.096981 0.000000
 350000   8   0    80 0.225800 0.111793 0.000000
 350000   8   1    81 0.221200 0.078091 0.000000
 350000   8   2    82 0.224600 0.094826 0.000000
 350000   8   3    83 0.221200 0.084158 0.000000
 350000   8   4    84 0.217700 0.085296 0.000000
 350000   8   5    85 0.220300 0.094168 0.000000
 350000   8   6    86 0.227600 0.086465 0.000000
 350000   8   7    87 0.215800 0.101893 0.000000
 350000   8   8    88 0.228500 0.095974 0.000000
 350000   8   9    89 0.228700 0.087583 0.000000
 350000   9   0    90 0.362600 0.087991 0.000000
 350000   9   1    91 0.370100 0.152893 0.000000
 350000   9   2    92 0.367600 0.143674 0.000000
 350000   9   3    93 0.374800 0.139135 0.000000
 350000   9   4    94 0.364400 0.125612 0.000000
 350000   9   5    95 0.367600 0.095077 0.000000
 350000   9   6    96 0.370100 0.100190 0.000000
 350000   9   7    97 0.373300 0.150965 0.000000
 350000   9   8    98 0.375700 0.117179 0.000000
 350000   9   9    99 0.370600 0.128119 0.000000
 450000   0   0     0 0.314100 0.184080 0.000000
 450000   0   1     1 0.291700 0.170020 0.000000
 450000   0   2     2 0.301400 0.086282 0.000000
 450000   0   3     3 0.301800 0.111455 0.000000
 450000   0   4     4 0.303300 0.173997 0.000000
 450000   0   5     5 0.306500 0.154320 0.000000
 450000   0   6     6 0.306300 0.180564 0.000000
 450000   0   7     7 0.305900 0.162383 0.000000
 450000   0   8     8 0.299400 0.071498 0.000000
 450000   0   9     9 0.304400 0.140038 0.000000
 450000   1   0    10 0.270100 0.110540 0.000000
 450000   1   1    11 0.272700 0.040797 0.000000
 450000   1   2    12 0.259100 0.100372 0.000000
 450000   1   3    13 0.271900 0.056273 0.000000
 450000   1   4    14 0.272500 0.110168 0.000000
 450000   1   5    15 0.276300 0.104378 0.000000
 450000   1   6    16 0.272900 0.102736 0.000000
 450000   1   7    17 0.271600 0.110881 0.000000
 450000   1   8    18 0.268900 0.090051 0.000000
 450000   1   9    19 0.277700 0.067033 0.000000
 450000   2   0    20 0.297200 0.141795 0.000000
 450000   2   1    21 0.306200 0.123951 0.000000
 450000   2   2    22 0.299100 0.115098 0.000000
 450000   2   3    23 0.300800 0.141623 0.000000
 450000   2   4    24 0.301600 0.153723 0.000000
 450000   2   5    25 0.297300 0.107506 0.000000
 450000   2   6    26 0.303500 0.106589 0.000000
 450000   2   7    27 0.296800 0.113724 0.000000
 450000   2   8    28 0.302500 0.149436 0.000000
 450000   2   9    29 0.299700 0.124847 0.000000
 450000   3   0    30 0.277000 0.109755 0.000000
 450000   3   1    31 0.280100 0.053397 0.000000
 450000   3   2    32 0.275100 0.087283 0.000000
 450000   3   3    33 0.270900 0.086640 0.000000
 450000   3   4    34 0.278500 0.132418 0.000000
 450000   3   5    35 0.272300 0.111884 0.000000
 450000   3   6    36 0.276100 0.124846 0.000000
 450000   3   7    37 0.273600 0.127396 0.000000
 450000   3   8    38 0.278400 0.097544 0.000000
 450000   3   9    39 0.279900 0.042874 0.000000
 450000   4   0    40 0.313800 0.124444 0.000000
 450000   4   1    41 0.311300 0.140585 0.000000
 450000   4   2    42 0.318600 0.123933 0.000000
 450000   4   3    43 0.314300 0.159928 0.000000
 450000   4   4    44 0.311300 0.111789 0.000000
 450000   4   5    45 0.320700 0.149032 0.000000
 450000   4   6    46 0.313900 0.165428 0.000000
 450000   4   7    47 0.322500 0.145730 0.000000
 450000   4   8    48 0.306200 0.130930 0.000000
 450000   4   9    49 0.319600 0.057155 0.000000
 450000   5   0    50 0.477400 0.231846 0.000000
 450000   5   1    51 0.484600 0.160377 0.000000
 450000   5   2    52 0.493400 0.195858 0.000000
 450000   5   3    53 0.491200 0.218993 0.000000
 450000   5   4    54 0.494500 0.134237 0.000000
 450000   5   5    55 0.495000 0.135288 0.000000
 450000   5   6    56 0.487900 0.180118 0.000000
 450000   5   7    57 0.480400 0.237249 0.000000
 450000   5   8    58 0.478300 0.231776 0.000000
 450000   5   9    59 0.483700 0.108140 0.000000
 450000   6   0    60 0.155100 0.088129 0.000000
 450000   6   1    61 0.150500 0.086304 0.000000
 450000   6   2    62 0.155300 0.082426 0.000000
 450000   6   3    63 0.157800 0.089021 0.000000
 450000   6   4    64 0.148200 0.028304 0.000000
 450000   6   5    65 0.148600 0.070051 0.000000
 450000   6   6    66 0.148700 0.059335 0.000000
 450000   6   7    67 0.150500 0.043016 0.000000
 450000   6   8    68 0.146800 0.066014 0.000000
 450000   6   9    69 0.149200 0.080627 0.000000
 450000   7   0    70 0.417500 0.160930 0.000000
 450000   7   1    71 0.413400 0.117624 0.000000
 450000   7   2    72 0.413900 0.056344 0.000000
 450000   7   3    73 0.406400 0.161043 0.000000
 450000   7   4    74 0.411700 0.107146 0.000000
 450000   7   5    75 0.418600 0.165410 0.000000
 450000   7   6    76 0.409500 0.087913 0.000000
 450000   7   7    77 0.403900 0.116903 0.000000
 450000   7   8    78 0.412200 0.151467 0.000000
 450000   7   9    79 0.414200 0.115291 0.000000
 450000   8   0    80 0.175800 0.087569 0.000000
 450000   8   1    81 0.171300 0.084363 0.000000
 450000   8   2    82 0.176300 0.068886 0.000000
 450000   8   3    83 0.174200 0.070564 0.000000
 450000   8   4    84 0.166500 0.075445 0.000000
 450000   8   5    85 0.178100 0.082074 0.000000
 450000   8   6    86 0.171800 0.076068 0.000000
 450000   8   7    87 0.171800 0.077965 0.000000
 450000   8   8    88 0.171000 0.063410 0.000000
 450000   8   9    89 0.176900 0.056854 0.000000
 450000   9   0    90 0.164300 0.057971 0.000000
 450000   9   1    91 0.165100 0.063261 0.000000
 450000   9   2    92 0.168200 0.067145 0.000000
 450000   9   3    93 0.168100 0.067034 0.000000
 450000   9   4    94 0.167600 0.069772 0.000000
 450000   9   5    95 0.167600 0.064171 0.000000
 450000   9   6    96 0.169000 0.058438 0.000000
 450000   9   7    97 0.169600 0.077655 0.000000
 450000   9   8    98 0.168500 0.082499 0.000000
 450000   9   9    99 0.160600 0.069188 0.000000
