# target  rep  gen  seed  eff_generation  RESS  eff_identity   (10000 base samples per generation, seed = 10*rep + gen)
  50000   0   0     0 0.108400 0.066407 0.006000
  50000   0   1     1 0.099600 0.061206 0.005100
  50000   0   2     2 0.103400 0.066084 0.006500
  50000   0   3     3 0.103900 0.062671 0.005200
  50000   0   4     4 0.105900 0.065248 0.007500
  50000   0   5     5 0.102300 0.063145 0.005200
  50000   0   6     6 0.098300 0.060567 0.004800
  50000   0   7     7 0.105400 0.062247 0.006000
  50000   0   8     8 0.097300 0.057360 0.005900
  50000   0   9     9 0.102800 0.063755 0.007600
  50000   1   0    10 0.102000 0.063367 0.005600
  50000   1   1    11 0.099700 0.061917 0.004900
  50000   1   2    12 0.096900 0.056320 0.005500
  50000   1   3    13 0.103000 0.063286 0.006100
  50000   1   4    14 0.098600 0.057123 0.005200
  50000   1   5    15 0.100300 0.061354 0.006400
  50000   1   6    16 0.101500 0.058048 0.005200
  50000   1   7    17 0.099600 0.059242 0.006000
  50000   1   8    18 0.103000 0.053447 0.006000
  50000   1   9    19 0.099600 0.058548 0.006200
  50000   2   0    20 0.108700 0.070697 0.005000
  50000   2   1    21 0.109300 0.071280 0.005500
  50000   2   2    22 0.107500 0.063895 0.005700
  50000   2   3    23 0.108100 0.058509 0.005000
  50000   2   4    24 0.105000 0.063500 0.006600
  50000   2   5    25 0.103400 0.063525 0.005500
  50000   2   6    26 0.109000 0.067352 0.005900
  50000   2   7    27 0.101200 0.057477 0.005400
  50000   2   8    28 0.111800 0.071403 0.006400
  50000   2   9    29 0.105600 0.066585 0.006700
  50000   3   0    30 0.105000 0.065321 0.005400
  50000   3   1    31 0.109900 0.069422 0.006600
  50000   3   2    32 0.100500 0.063752 0.005900
  50000   3   3    33 0.105900 0.064868 0.007500
  50000   3   4    34 0.108800 0.064641 0.005600
  50000   3   5    35 0.103200 0.066984 0.005900
  50000   3   6    36 0.104500 0.065957 0.006600
  50000   3   7    37 0.103100 0.065916 0.006300
  50000   3   8    38 0.102000 0.062525 0.006500
  50000   3   9    39 0.107500 0.070670 0.005600
  50000   4   0    40 0.104100 0.066712 0.006200
  50000   4   1    41 0.103500 0.066445 0.005100
  50000   4   2    42 0.101000 0.065125 0.005000
  50000   4   3    43 0.103700 0.064992 0.006100
  50000   4   4    44 0.097200 0.060098 0.005200
  50000   4   5    45 0.098100 0.063301 0.006400
  50000   4   6    46 0.102500 0.054194 0.005900
  50000   4   7    47 0.101800 0.063261 0.006200
  50000   4   8    48 0.096100 0.056638 0.006700
  50000   4   9    49 0.107100 0.068716 0.005600
  50000   5   0    50 0.100000 0.060158 0.005200
  50000   5   1    51 0.107000 0.067924 0.006000
  50000   5   2    52 0.108300 0.067000 0.006000
  50000   5   3    53 0.106600 0.066240 0.005300
  50000   5   4    54 0.102700 0.067414 0.006800
  50000   5   5    55 0.104700 0.057875 0.006500
  50000   5   6    56 0.107200 0.062964 0.006400
  50000   5   7    57 0.103600 0.066250 0.005800
  50000   5   8    58 0.106200 0.067450 0.005300
  50000   5   9    59 0.107100 0.066681 0.007600
  50000   6   0    60 0.093800 0.056005 0.005100
  50000   6   1    61 0.097200 0.060726 0.006600
  50000   6   2    62 0.094400 0.061308 0.005900
  50000   6   3    63 0.096700 0.063377 0.005900
  50000   6   4    64 0.087700 0.055551 0.005300
  50000   6   5    65 0.095400 0.058625 0.006900
  50000   6   6    66 0.093900 0.053935 0.006400
  50000   6   7    67 0.094200 0.059865 0.005700
  50000   6   8    68 0.093600 0.057334 0.006000
  50000   6   9    69 0.092000 0.056449 0.004500
  50000   7   0    70 0.110300 0.070349 0.005200
  50000   7   1    71 0.106700 0.066833 0.006300
  50000   7   2    72 0.110600 0.070409 0.005000
  50000   7   3    73 0.110000 0.067746 0.005800
  50000   7   4    74 0.107100 0.066673 0.006600
  50000   7   5    75 0.107000 0.061253 0.005500
  50000   7   6    76 0.112200 0.068200 0.006700
  50000   7   7    77 0.104500 0.064801 0.005900
  50000   7   8    78 0.112200 0.067302 0.005800
  50000   7   9    79 0.109700 0.066777 0.004800
  50000   8   0    80 0.108700 0.070646 0.006500
  50000   8   1    81 0.106600 0.064943 0.005800
  50000   8   2    82 0.103700 0.061225 0.006500
  50000   8   3    83 0.110200 0.069509 0.005700
  50000   8   4    84 0.104300 0.066090 0.004700
  50000   8   5    85 0.109400 0.067597 0.007100
  50000   8   6    86 0.105100 0.067282 0.006200
  50000   8   7    87 0.104500 0.064260 0.005400
  50000   8   8    88 0.108100 0.068793 0.005800
  50000   8   9    89 0.106900 0.067160 0.006400
  50000   9   0    90 0.108800 0.068644 0.007200
  50000   9   1    91 0.107300 0.064734 0.005600
  50000   9   2    92 0.107900 0.067584 0.005300
  50000   9   3    93 0.109600 0.069294 0.005500
  50000   9   4    94 0.104700 0.062412 0.005300
  50000   9   5    95 0.112000 0.068999 0.007000
  50000   9   6    96 0.114200 0.070081 0.006200
  50000   9   7    97 0.108100 0.066081 0.006800
  50000   9   8    98 0.113500 0.068393 0.004900
  50000   9   9    99 0.109100 0.066666 0.007300
 150000   0   0     0 0.102600 0.040982 0.000000
 150000   0   1     1 0.096100 0.042512 0.000000
 150000   0   2     2 0.099300 0.035156 0.000000
 150000   0   3     3 0.100000 0.038429 0.000000
 150000   0   4     4 0.096600 0.038455 0.000000
 150000   0   5     5 0.101400 0.027960 0.000000
 150000   0   6     6 0.096200 0.034730 0.000000
 150000   0   7     7 0.108500 0.039818 0.000000
 150000   0   8     8 0.100300 0.035744 0.000000
 150000   0   9     9 0.097500 0.036853 0.000000
 150000   1   0    10 0.102600 0.034710 0.000000
 150000   1   1    11 0.108000 0.029556 0.000000
 150000   1   2    12 0.106600 0.044349 0.000000
 150000   1   3    13 0.104700 0.039428 0.000000
 150000   1   4    14 0.101600 0.031160 0.000000
 150000   1   5    15 0.106100 0.042842 0.000000
 150000   1   6    16 0.096300 0.035064 0.000000
 150000   1   7    17 0.108600 0.031155 0.000000
 150000   1   8    18 0.104300 0.044137 0.000000
 150000   1   9    19 0.100300 0.039547 0.000000
 150000   2   0    20 0.102600 0.029320 0.000000
 150000   2   1    21 0.103700 0.018678 0.000000
 150000   2   2    22 0.108900 0.035065 0.000000
 150000   2   3    23 0.107500 0.041299 0.000000
 150000   2   4    24 0.109400 0.038635 0.000000
 150000   2   5    25 0.101600 0.030805 0.000000
 150000   2   6    26 0.108200 0.041052 0.000000
 150000   2   7    27 0.103900 0.027384 0.000000
 150000   2   8    28 0.103700 0.039983 0.000000
 150000   2   9    29 0.109400 0.044467 0.000000
 150000   3   0    30 0.101100 0.047838 0.000000
 150000   3   1    31 0.097000 0.035459 0.000000
 150000   3   2    32 0.103700 0.038358 0.000000
 150000   3   3    33 0.098500 0.038454 0.000000
 150000   3   4    34 0.104300 0.037607 0.000000
 150000   3   5    35 0.101900 0.035636 0.000000
 150000   3   6    36 0.097700 0.018502 0.000000
 150000   3   7    37 0.097800 0.029086 0.000000
 150000   3   8    38 0.100200 0.022205 0.000000
 150000   3   9    39 0.099700 0.038065 0.000000
 150000   4   0    40 0.098700 0.043632 0.000000
 150000   4   1    41 0.097700 0.041489 0.000000
 150000   4   2    42 0.099200 0.040298 0.000000
 150000   4   3    43 0.105500 0.048947 0.000000
 150000   4   4    44 0.096000 0.034412 0.000000
 150000   4   5    45 0.101900 0.042708 0.000000
 150000   4   6    46 0.098900 0.039688 0.000000
 150000   4   7    47 0.093400 0.034960 0.000000
 150000   4   8    48 0.104900 0.038080 0.000000
 150000   4   9    49 0.103600 0.031537 0.000000
 150000   5   0    50 0.106400 0.042153 0.000000
 150000   5   1    51 0.100400 0.027187 0.000000
 150000   5   2    52 0.103200 0.032833 0.000000
 150000   5   3    53 0.102100 0.045005 0.000000
 150000   5   4    54 0.104800 0.049875 0.000000
 150000   5   5    55 0.102700 0.038755 0.000000
 150000   5   6    56 0.094800 0.022576 0.000000
 150000   5   7    57 0.096700 0.047756 0.000000
 150000   5   8    58 0.099100 0.031715 0.000000
 150000   5   9    59 0.097800 0.031754 0.000000
 150000   6   0    60 0.085200 0.032509 0.000000
 150000   6   1    61 0.083700 0.033364 0.000000
 150000   6   2    62 0.089400 0.036275 0.000000
 150000   6   3    63 0.090000 0.019517 0.000000
 150000   6   4    64 0.086800 0.039244 0.000000
 150000   6   5    65 0.083200 0.019471 0.000000
 150000   6   6    66 0.084300 0.031481 0.000000
 150000   6   7    67 0.089600 0.036322 0.000000
 150000   6   8    68 0.091500 0.030161 0.000000
 150000   6   9    69 0.090100 0.036336 0.000000
 150000   7   0    70 0.092100 0.036569 0.000000
 150000   7   1    71 0.090200 0.027673 0.000000
 150000   7   2    72 0.094100 0.027899 0.000000
 150000   7   3    73 0.093000 0.025464 0.000000
 150000   7   4    74 0.092500 0.027771 0.000000
 150000   7   5    75 0.095400 0.020512 0.000000
 150000   7   6    76 0.092500 0.033886 0.000000
 150000   7   7    77 0.093200 0.015694 0.000000
 150000   7   8    78 0.092600 0.029014 0.000000
 150000   7   9    79 0.097000 0.026619 0.000000
 150000   8   0    80 0.091500 0.019189 0.000000
 150000   8   1    81 0.085700 0.034327 0.000000
 150000   8   2    82 0.088900 0.025262 0.000000
 150000   8   3    83 0.090900 0.024481 0.000000
 150000   8   4    84 0.091300 0.035833 0.000000
 150000   8   5    85 0.093000 0.037516 0.000100
 150000   8   6    86 0.091700 0.030106 0.000000
 150000   8   7    87 0.090600 0.037921 0.000000
 150000   8   8    88 0.093800 0.035668 0.000000
 150000   8   9    89 0.089300 0.023453 0.000000
 150000   9   0    90 0.072300 0.019563 0.000000
 150000   9   1    91 0.071800 0.018469 0.000000
 150000   9   2    92 0.075000 0.020592 0.000000
 150000   9   3    93 0.071100 0.018580 0.000000
 150000   9   4    94 0.076300 0.008920 0.000000
 150000   9   5    95 0.069700 0.032701 0.000000
 150000   9   6    96 0.076600 0.026284 0.000000
 150000   9   7    97 0.070500 0.025379 0.000000
 150000   9   8    98 0.070500 0.021530 0.000000
 150000   9   9    99 0.070900 0.025949 0.000000
 250000   0   0     0 0.129200 0.072838 0.000000
 250000   0   1     1 0.128000 0.065698 0.000000
 250000   0   2     2 0.133800 0.068765 0.000000
 250000   0   3     3 0.134900 0.065534 0.000000
 250000   0   4     4 0.139000 0.063435 0.000000
 250000   0   5     5 0.137200 0.065171 0.000000
 250000   0   6     6 0.136600 0.069410 0.000000
 250000   0   7     7 0.133100 0.056016 0.000000
 250000   0   8     8 0.131000 0.066183 0.000000
 250000   0   9     9 0.135400 0.063283 0.000000
 250000   1   0    10 0.088600 0.038986 0.000000
 250000   1   1    11 0.091600 0.039369 0.000000
 250000   1   2    12 0.093800 0.042188 0.000000
 250000   1   3    13 0.086000 0.039628 0.000000
 250000   1   4    14 0.093700 0.047827 0.000000
 250000   1   5    15 0.092300 0.047366 0.000000
 250000   1   6    16 0.089900 0.043267 0.000000
 250000   1   7    17 0.092800 0.042655 0.000000
 250000   1   8    18 0.086900 0.036230 0.000000
 250000   1   9    19 0.090700 0.042985 0.000000
 250000   2   0    20 0.115500 0.063267 0.000000
 250000   2   1    21 0.107700 0.055608 0.000000
 250000   2   2    22 0.110100 0.054116 0.000000
 250000   2   3    23 0.109200 0.046940 0.000000
 250000   2   4    24 0.106000 0.049552 0.000000
 250000   2   5    25 0.108100 0.027381 0.000000
 250000   2   6    26 0.112400 0.057721 0.000000
 250000   2   7    27 0.112700 0.058304 0.000000
 250000   2   8    28 0.107300 0.058390 0.000000
 250000   2   9    29 0.116600 0.062075 0.000000
 250000   3   0    30 0.092800 0.047398 0.000000
 250000   3   1    31 0.093500 0.043634 0.000000
 250000   3   2    32 0.094200 0.049880 0.000000
 250000   3   3    33 0.086500 0.045252 0.000000
 250000   3   4    34 0.089700 0.046555 0.000000
 250000   3   5    35 0.090700 0.049389 0.000000
 250000   3   6    36 0.087500 0.046111 0.000000
 250000   3   7    37 0.092700 0.047490 0.000000
 250000   3   8    38 0.087900 0.048337 0.000000
 250000   3   9    39 0.088200 0.047099 0.000000
 250000   4   0    40 0.120000 0.064401 0.000000
 250000   4   1    41 0.123300 0.056929 0.000000
 250000   4   2    42 0.125000 0.065526 0.000000
 250000   4   3    43 0.130200 0.065397 0.000000
 250000   4   4    44 0.124900 0.061384 0.000000
 250000   4   5    45 0.125000 0.060080 0.000000
 250000   4   6    46 0.126100 0.066272 0.000000
 250000   4   7    47 0.128000 0.066206 0.000000
 250000   4   8    48 0.128600 0.066523 0.000000
 250000   4   9    49 0.128700 0.067101 0.000000
 250000   5   0    50 0.129300 0.059070 0.000000
 250000   5   1    51 0.127700 0.066384 0.000000
 250000   5   2    52 0.128600 0.068618 0.000000
 250000   5   3    53 0.126400 0.062793 0.000000
 250000   5   4    54 0.128200 0.058457 0.000000
 250000   5   5    55 0.127500 0.059248 0.000000
 250000   5   6    56 0.129400 0.064196 0.000000
 250000   5   7    57 0.125100 0.017941 0.000000
 250000   5   8    58 0.124400 0.042304 0.000000
 250000   5   9    59 0.132900 0.053225 0.000000
 250000   6   0    60 0.135900 0.072148 0.000000
 250000   6   1    61 0.136700 0.076558 0.000000
 250000   6   2    62 0.133600 0.067866 0.000000
 250000   6   3    63 0.130500 0.058375 0.000000
 250000   6   4    64 0.132800 0.072045 0.000000
 250000   6   5    65 0.132900 0.071333 0.000000
 250000   6   6    66 0.128200 0.069693 0.000000
 250000   6   7    67 0.132400 0.067445 0.000000
 250000   6   8    68 0.132600 0.067345 0.000000
 250000   6   9    69 0.131600 0.069371 0.000000
 250000   7   0    70 0.095000 0.051104 0.000000
 250000   7   1    71 0.092700 0.040476 0.000000
 250000   7   2    72 0.089600 0.035260 0.000000
 250000   7   3    73 0.091000 0.045461 0.000000
 250000   7   4    74 0.090200 0.048954 0.000000
 250000   7   5    75 0.092000 0.048755 0.000000
 250000   7   6    76 0.091800 0.047969 0.000000
 250000   7   7    77 0.089400 0.043176 0.000000
 250000   7   8    78 0.092600 0.046964 0.000000
 250000   7   9    79 0.090600 0.047264 0.000000
 250000   8   0    80 0.088900 0.044403 0.000000
 250000   8   1    81 0.088200 0.033595 0.000000
 250000   8   2    82 0.086200 0.040707 0.000000
 250000   8   3    83 0.094500 0.046453 0.000000
 250000   8   4    84 0.095600 0.046840 0.000000
 250000   8   5    85 0.096300 0.040601 0.000000
 250000   8   6    86 0.089700 0.032969 0.000000
 250000   8   7    87 0.095900 0.044787 0.000000
 250000   8   8    88 0.091900 0.049574 0.000000
 250000   8   9    89 0.087600 0.045379 0.000000
 250000   9   0    90 0.134500 0.058681 0.000000
 250000   9   1    91 0.132800 0.053288 0.000000
 250000   9   2    92 0.132800 0.053243 0.000000
 250000   9   3    93 0.131400 0.063180 0.000000
 250000   9   4    94 0.135200 0.068378 0.000000
 250000   9   5    95 0.135400 0.068746 0.000000
 250000   9   6    96 0.132900 0.063797 0.000000
 250000   9   7    97 0.140000 0.063799 0.000000
 250000   9   8    98 0.134400 0.069461 0.000000
 250000   9   9    99 0.131900 0.066848 0.000000
 350000   0   0     0 0.049900 0.023642 0.000000
 350000   0   1     1 0.048700 0.023337 0.000000
 350000   0   2     2 0.055800 0.025866 0.000000
 350000   0   3     3 0.058600 0.026215 0.000000
 350000   0   4     4 0.057400 0.025295 0.000000
 350000   0   5     5 0.054100 0.026239 0.000000
 350000   0   6     6 0.053300 0.024300 0.000000
 350000   0   7     7 0.055000 0.025435 0.000000
 350000   0   8     8 0.053800 0.024914 0.000000
 350000   0   9     9 0.053400 0.025117 0.000000
 350000   1   0    10 0.124000 0.075528 0.000000
 350000   1   1    11 0.125100 0.017095 0.000000
 350000   1   2    12 0.128400 0.083677 0.000000
 350000   1   3    13 0.121400 0.080353 0.000000
 350000   1   4    14 0.130700 0.077573 0.000000
 350000   1   5    15 0.122100 0.076608 0.000000
 350000   1   6    16 0.125300 0.081517 0.000000
 350000   1   7    17 0.126100 0.072619 0.000000
 350000   1   8    18 0.126900 0.084505 0.000000
 350000   1   9    19 0.130400 0.066080 0.000000
 350000   2   0    20 0.110900 0.068547 0.000000
 350000   2   1    21 0.111000 0.072124 0.000000
 350000   2   2    22 0.110100 0.066487 0.000000
 350000   2   3    23 0.106000 0.068810 0.000000
 350000   2   4    24 0.100600 0.064083 0.000000
 350000   2   5    25 0.105800 0.069436 0.000000
 350000   2   6    26 0.112900 0.073432 0.000000
 350000   2   7    27 0.109200 0.070870 0.000000
 350000   2   8    28 0.109100 0.069414 0.000000
 350000   2   9    29 0.109400 0.070898 0.000000
 350000   3   0    30 0.064300 0.035849 0.000000
 350000   3   1    31 0.065100 0.033859 0.000000
 350000   3   2    32 0.072700 0.039404 0.000000
 350000   3   3    33 0.062200 0.034587 0.000000
 350000   3   4    34 0.069800 0.040017 0.000000
 350000   3   5    35 0.066200 0.037286 0.000000
 350000   3   6    36 0.064300 0.033117 0.000000
 350000   3   7    37 0.064900 0.033979 0.000000
 350000   3   8    38 0.063900 0.035470 0.000000
 350000   3   9    39 0.067900 0.036362 0.000000
 350000   4   0    40 0.100000 0.047670 0.000000
 350000   4   1    41 0.096000 0.048857 0.000000
 350000   4   2    42 0.098000 0.050972 0.000000
 350000   4   3    43 0.096600 0.049525 0.000000
 350000   4   4    44 0.099500 0.050855 0.000000
 350000   4   5    45 0.099700 0.046459 0.000000
 350000   4   6    46 0.102300 0.053258 0.000000
 350000   4   7    47 0.104700 0.052411 0.000000
 350000   4   8    48 0.098000 0.043877 0.000000
 350000   4   9    49 0.099400 0.049722 0.000000
 350000   5   0    50 0.033200 0.019207 0.000000
 350000   5   1    51 0.027300 0.015452 0.000000
 350000   5   2    52 0.028800 0.017990 0.000000
 350000   5   3    53 0.029200 0.016708 0.000000
 350000   5   4    54 0.026000 0.015691 0.000000
 350000   5   5    55 0.034800 0.022127 0.000000
 350000   5   6    56 0.032600 0.018814 0.000000
 350000   5   7    57 0.030400 0.017515 0.000000
 350000   5   8    58 0.031400 0.019809 0.000000
 350000   5   9    59 0.031000 0.014996 0.000000
 350000   6   0    60 0.048600 0.026332 0.000000
 350000   6   1    61 0.048900 0.025852 0.000000
 350000   6   2    62 0.047700 0.023054 0.000000
 350000   6   3    63 0.045200 0.022664 0.000000
 350000   6   4    64 0.049000 0.024297 0.000000
 350000   6   5    65 0.049000 0.025001 0.000000
 350000   6   6    66 0.047700 0.023224 0.000000
 350000   6   7    67 0.049200 0.026404 0.000000
 350000   6   8    68 0.047600 0.022766 0.000000
 350000   6   9    69 0.048600 0.023169 0.000000
 350000   7   0    70 0.123000 0.069031 0.000000
 350000   7   1    71 0.121800 0.071367 0.000000
 350000   7   2    72 0.120800 0.068577 0.000000
 350000   7   3    73 0.123500 0.064663 0.000000
 350000   7   4    74 0.121400 0.073944 0.000000
 350000   7   5    75 0.128000 0.069505 0.000000
 350000   7   6    76 0.122500 0.066890 0.000000
 350000   7   7    77 0.123600 0.066475 0.000000
 350000   7   8    78 0.118700 0.068436 0.000000
 350000   7   9    79 0.122000 0.068246 0.000000
 350000   8   0    80 0.054900 0.025804 0.000000
 350000   8   1    81 0.047000 0.023899 0.000000
 350000   8   2    82 0.043200 0.022976 0.000000
 350000   8   3    83 0.049600 0.024853 0.000000
 350000   8   4    84 0.047500 0.023489 0.000000
 350000   8   5    85 0.053400 0.027297 0.000000
 350000   8   6    86 0.046700 0.023608 0.000000
 350000   8   7    87 0.052800 0.026935 0.000000
 350000   8   8    88 0.050100 0.025780 0.000000
 350000   8   9    89 0.049000 0.024699 0.000000
 350000   9   0    90 0.115600 0.066135 0.000000
 350000   9   1    91 0.111500 0.064384 0.000000
 350000   9   2    92 0.114600 0.063882 0.000000
 350000   9   3    93 0.121700 0.054379 0.000000
 350000   9   4    94 0.116700 0.046138 0.000000
 350000   9   5    95 0.122700 0.059686 0.000000
 350000   9   6    96 0.117500 0.039957 0.000000
 350000   9   7    97 0.116500 0.068930 0.000000
 350000   9   8    98 0.118500 0.063752 0.000000
 350000   9   9    99 0.116700 0.022323 0.000000
 450000   0   0     0 0.102700 0.054035 0.000000
 450000   0   1     1 0.103700 0.054864 0.000000
 450000   0   2     2 0.097100 0.048828 0.000000
 450000   0   3     3 0.105500 0.047807 0.000000
 450000   0   4     4 0.104600 0.054075 0.000000
 450000   0   5     5 0.104500 0.051414 0.000000
 450000   0   6     6 0.095800 0.050510 0.000000
 450000   0   7     7 0.103600 0.053671 0.000000
 450000   0   8     8 0.094700 0.041096 0.000000
 450000   0   9     9 0.101100 0.055719 0.000000
 450000   1   0    10 0.122000 0.067760 0.000000
 450000   1   1    11 0.120700 0.071817 0.000000
 450000   1   2    12 0.126900 0.076400 0.000000
 450000   1   3    13 0.119900 0.064887 0.000000
 450000   1   4    14 0.121800 0.073071 0.000000
 450000   1   5    15 0.119700 0.068142 0.000000
 450000   1   6    16 0.124900 0.076656 0.000000
 450000   1   7    17 0.119100 0.065361 0.000000
 450000   1   8    18 0.127600 0.074666 0.000000
 450000   1   9    19 0.123500 0.074510 0.000000
 450000   2   0    20 0.072000 0.049529 0.000000
 450000   2   1    21 0.072700 0.047675 0.000000
 450000   2   2    22 0.068300 0.045709 0.000000
 450000   2   3    23 0.078200 0.051966 0.000000
 450000   2   4    24 0.074000 0.050014 0.000000
 450000   2   5    25 0.073000 0.047985 0.000000
 450000   2   6    26 0.072500 0.050714 0.000000
 450000   2   7    27 0.069900 0.046011 0.000000
 450000   2   8    28 0.074000 0.050380 0.000000
 450000   2   9    29 0.070600 0.043484 0.000000
 450000   3   0    30 0.073200 0.045741 0.000000
 450000   3   1    31 0.077000 0.045235 0.000000
 450000   3   2    32 0.075500 0.047978 0.000000
 450000   3   3    33 0.072700 0.044461 0.000000
 450000   3   4    34 0.072200 0.046603 0.000000
 450000   3   5    35 0.068500 0.039939 0.000000
 450000   3   6    36 0.076100 0.047809 0.000000
 450000   3   7    37 0.076300 0.048853 0.000000
 450000   3   8    38 0.075900 0.047629 0.000000
 450000   3   9    39 0.073900 0.043381 0.000000
 450000   4   0    40 0.136800 0.090206 0.000000
 450000   4   1    41 0.141800 0.088567 0.000000
 450000   4   2    42 0.132100 0.085139 0.000000
 450000   4   3    43 0.134400 0.080815 0.000000
 450000   4   4    44 0.133600 0.081714 0.000000
 450000   4   5    45 0.136500 0.086917 0.000000
 450000   4   6    46 0.137800 0.087962 0.000000
 450000   4   7    47 0.136900 0.083896 0.000000
 450000   4   8    48 0.137600 0.084477 0.000000
 450000   4   9    49 0.137600 0.086135 0.000000
 450000   5   0    50 0.072900 0.048618 0.000000
 450000   5   1    51 0.075000 0.048932 0.000000
 450000   5   2    52 0.074600 0.049198 0.000000
 450000   5   3    53 0.074900 0.048477 0.000000
 450000   5   4    54 0.072300 0.046839 0.000000
 450000   5   5    55 0.078900 0.049821 0.000000
 450000   5   6    56 0.078200 0.051960 0.000000
 450000   5   7    57 0.077600 0.052850 0.000000
 450000   5   8    58 0.074000 0.048442 0.000000
 450000   5   9    59 0.077900 0.050922 0.000000
 450000   6   0    60 0.075600 0.044443 0.000000
 450000   6   1    61 0.082000 0.049179 0.000000
 450000   6   2    62 0.078100 0.044285 0.000000
 450000   6   3    63 0.084300 0.049735 0.000000
 450000   6   4    64 0.078400 0.047742 0.000000
 450000   6   5    65 0.081600 0.034235 0.000000
 450000   6   6    66 0.083200 0.052571 0.000000
 450000   6   7    67 0.083300 0.045262 0.000000
 450000   6   8    68 0.085200 0.049081 0.000000
 450000   6   9    69 0.081300 0.046660 0.000000
 450000   7   0    70 0.120900 0.073569 0.000000
 450000   7   1    71 0.122400 0.064629 0.000000
 450000   7   2    72 0.118300 0.066944 0.000000
 450000   7   3    73 0.123500 0.072685 0.000000
 450000   7   4    74 0.118700 0.064632 0.000000
 450000   7   5    75 0.118000 0.070201 0.000000
 450000   7   6    76 0.120900 0.066690 0.000000
 450000   7   7    77 0.124900 0.073131 0.000000
 450000   7   8    78 0.118100 0.069794 0.000000
 450000   7   9    79 0.117900 0.064781 0.000000
 450000   8   0    80 0.073500 0.038394 0.000000
 450000   8   1    81 0.073500 0.045741 0.000000
 450000   8   2    82 0.065700 0.034401 0.000000
 450000   8   3    83 0.064300 0.039403 0.000000
 450000   8   4    84 0.067100 0.041821 0.000000
 450000   8   5    85 0.068100 0.043224 0.000000
 450000   8   6    86 0.066400 0.040480 0.000000
 450000   8   7    87 0.071700 0.043029 0.000000
 450000   8   8    88 0.069100 0.043384 0.000000
 450000   8   9    89 0.068600 0.041571 0.000000
 450000   9   0    90 0.096400 0.065874 0.000000
 450000   9   1    91 0.095700 0.065988 0.000000
 450000   9   2    92 0.098700 0.066420 0.000000
 450000   9   3    93 0.097100 0.066597 0.000000
 450000   9   4    94 0.098900 0.067360 0.000000
 450000   9   5    95 0.099500 0.070813 0.000000
 450000   9   6    96 0.098200 0.066772 0.000000
 450000   9   7    97 0.101000 0.067545 0.000000
 450000   9   8    98 0.097200 0.066127 0.000000
 450000   9   9    99 0.093300 0.064074 0.000000
