# target rep seed eff_generation RESS eff_identity best_epoch best_val_RESS train_h dataset_indices
  50000   0    0 0.105500 0.058890 0.005400  113 0.071681 1.1433 50000,26000,2000
  50000   1    1 0.100800 0.063723 0.006300  107 0.066057 1.1424 50000,26000,2000
  50000   2    2 0.102800 0.061398 0.006800  111 0.070437 1.1542 50000,26000,2000
  50000   3    3 0.104800 0.065060 0.007700  125 0.072621 1.1455 50000,26000,2000
  50000   4    4 0.103600 0.068319 0.006300  116 0.074144 1.1456 50000,26000,2000
  50000   5    5 0.100500 0.063702 0.006400  113 0.061808 1.1240 50000,26000,2000
  50000   6    6 0.094400 0.057507 0.005200  114 0.066349 1.1453 50000,26000,2000
  50000   7    7 0.106900 0.066219 0.006600  120 0.066391 1.1479 50000,26000,2000
  50000   8    8 0.102000 0.063209 0.005900  111 0.065155 1.1667 50000,26000,2000
  50000   9    9 0.103200 0.063521 0.006000  111 0.073872 1.1529 50000,26000,2000
 150000   0    0 0.104700 0.027616 0.000000  110 0.050975 1.1504 150000,126000,102000
 150000   1    1 0.099900 0.039484 0.000000  120 0.045897 1.1604 150000,126000,102000
 150000   2    2 0.108300 0.038082 0.000000  115 0.051977 1.1475 150000,126000,102000
 150000   3    3 0.098600 0.044160 0.000000  120 0.056650 1.1610 150000,126000,102000
 150000   4    4 0.098700 0.038234 0.000000  117 0.046480 1.1480 150000,126000,102000
 150000   5    5 0.102400 0.033586 0.000000  115 0.052120 1.1535 150000,126000,102000
 150000   6    6 0.083400 0.028984 0.000000  109 0.050098 1.1620 150000,126000,102000
 150000   7    7 0.090100 0.028302 0.000000  123 0.042594 1.1648 150000,126000,102000
 150000   8    8 0.086500 0.036287 0.000000  115 0.042991 1.1517 150000,126000,102000
 150000   9    9 0.067200 0.021149 0.000000  112 0.038777 1.1532 150000,126000,102000
 250000   0    0 0.129600 0.067577 0.000000  125 0.071315 1.1596 250000,226000,202000
 250000   1    1 0.087900 0.035778 0.000000  115 0.053749 1.1551 250000,226000,202000
 250000   2    2 0.115200 0.059458 0.000000  123 0.055698 1.1482 250000,226000,202000
 250000   3    3 0.095800 0.050650 0.000000  124 0.053103 1.1524 250000,226000,202000
 250000   4    4 0.123900 0.065098 0.000000  118 0.069240 1.1453 250000,226000,202000
 250000   5    5 0.130700 0.066130 0.000000  111 0.052429 1.1732 250000,226000,202000
 250000   6    6 0.131900 0.028281 0.000000  117 0.079225 1.1458 250000,226000,202000
 250000   7    7 0.091700 0.047137 0.000000  120 0.056937 1.1641 250000,226000,202000
 250000   8    8 0.095100 0.046940 0.000000  116 0.051726 1.1613 250000,226000,202000
 250000   9    9 0.136600 0.067836 0.000000  119 0.078018 1.1451 250000,226000,202000
 350000   0    0 0.053100 0.025888 0.000000  119 0.028370 1.1619 350000,326000,302000
 350000   1    1 0.123200 0.078330 0.000000  123 0.086094 1.1546 350000,326000,302000
 350000   2    2 0.110100 0.067092 0.000000  120 0.059884 1.1652 350000,326000,302000
 350000   3    3 0.062300 0.033424 0.000000  125 0.037524 1.1732 350000,326000,302000
 350000   4    4 0.097800 0.049929 0.000000  123 0.053289 1.1583 350000,326000,302000
 350000   5    5 0.029400 0.017477 0.000000  122 0.020083 1.1667 350000,326000,302000
 350000   6    6 0.050300 0.025090 0.000000  120 0.025724 1.1615 350000,326000,302000
 350000   7    7 0.125200 0.069285 0.000000  121 0.069089 1.1461 350000,326000,302000
 350000   8    8 0.052200 0.027382 0.000000  119 0.027728 1.1548 350000,326000,302000
 350000   9    9 0.121400 0.061598 0.000000  125 0.077506 1.1549 350000,326000,302000
 450000   0    0 0.095100 0.045386 0.000000  110 0.058238 1.1402 450000,426000,402000
 450000   1    1 0.123700 0.072158 0.000000  115 0.081217 1.1848 450000,426000,402000
 450000   2    2 0.070200 0.048090 0.000000  120 0.058893 1.1486 450000,426000,402000
 450000   3    3 0.075300 0.047658 0.000000  125 0.046303 1.1585 450000,426000,402000
 450000   4    4 0.131700 0.082496 0.000000  122 0.089834 1.1766 450000,426000,402000
 450000   5    5 0.075100 0.050303 0.000000  114 0.047150 1.1616 450000,426000,402000
 450000   6    6 0.080300 0.048323 0.000000  123 0.055945 1.1450 450000,426000,402000
 450000   7    7 0.124000 0.073901 0.000000  125 0.066056 1.1609 450000,426000,402000
 450000   8    8 0.063900 0.040459 0.000000  115 0.047662 1.1460 450000,426000,402000
 450000   9    9 0.105400 0.072275 0.000000  124 0.078002 1.1497 450000,426000,402000
