# Generation 31

0 0.00065
1 0.00235
2 0.0026
3 0.0035
4 0.00495
5 0.00595
6 0.0063
7 0.00855
8 0.00875
9 0.0089
10 0.00955
11 0.0096
12 0.0111
13 0.01115
14 0.01175
15 0.0127
16 0.0132
17 0.01585
18 0.01635
19 0.01785
20 0.0187
21 0.02095
22 0.0211
23 0.0221
24 0.02255
25 0.023
26 0.0234
27 0.02405
28 0.0257
29 0.0275
30 0.02775
31 0.03025
32 0.03125
33 0.0329
34 0.0353
35 0.03615
36 0.0383
37 0.0387
38 0.039
39 0.0415
40 0.04235
41 0.04285
42 0.04455
43 0.04495
44 0.04595
45 0.0462
46 0.04675
47 0.0476
48 0.0488
49 0.0498
50 0.0501
51 0.05205
52 0.05335
53 0.05435
54 0.05545
55 0.05665
56 0.0571
57 0.05805
58 0.0591
59 0.05965
60 0.06055
61 0.06285
62 0.0646
63 0.0669
64 0.06825
65 0.0698
66 0.07185
67 0.07245
68 0.07385
69 0.07455
70 0.0751
71 0.0759
72 0.0761
73 0.0776
74 0.07845
75 0.08055
76 0.08195
77 0.08255
78 0.083
79 0.0833
80 0.08405
81 0.08535
82 0.08725
83 0.08785
84 0.08945
85 0.0903
86 0.09065
87 0.0919
88 0.09345
89 0.09475
90 0.0962
91 0.09765
92 0.09925
93 0.10005
94 0.10215
95 0.10315
96 0.1043
97 0.1054
98 0.1072
99 0.1084
100 0.1091
101 0.11035
102 0.1125
103 0.11285
104 0.1143
105 0.1157
106 0.1163
107 0.11675
108 0.11825
109 0.1201
110 0.1209
111 0.1212
112 0.122
113 0.1225
114 0.12255
115 0.1235
116 0.1245
117 0.12575
118 0.1271
119 0.1286
120 0.12945
121 0.13045
122 0.1329
123 0.1337
124 0.13425
125 0.1358
126 0.1366
127 0.13755
128 0.1376
129 0.1403
130 0.1408
131 0.14105
132 0.14225
133 0.1424
134 0.14335
135 0.14455
136 0.1448
137 0.14565
138 0.14635
139 0.148
140 0.1484
141 0.14925
142 0.15
143 0.1509
144 0.15115
145 0.1531
146 0.1539
147 0.15435
148 0.1552
149 0.157
150 0.1586
151 0.15995
152 0.1608
153 0.16105
154 0.1624
155 0.1629
156 0.16405
157 0.16585
158 0.1673
159 0.1696
160 0.17005
161 0.17115
162 0.1718
163 0.1724
164 0.17465
165 0.1764
166 0.17825
167 0.18085
168 0.1823
169 0.18415
170 0.18585
171 0.1862
172 0.18855
173 0.18955
174 0.1911
175 0.1924
176 0.19495
177 0.19635
178 0.1973
179 0.19785
180 0.1988
181 0.1996
182 0.20095
183 0.20215
184 0.20295
185 0.2045
186 0.2058
187 0.207
188 0.2076
189 0.2081
190 0.20855
191 0.20865
192 0.2094
193 0.21045
194 0.2114
195 0.2124
196 0.21365
197 0.2145
198 0.2159
199 0.2187
200 0.219
201 0.2204
202 0.2214
203 0.22255
204 0.22275
205 0.22515
206 0.227
207 0.2286
208 0.2299
209 0.2302
210 0.23065
211 0.2324
212 0.23335
213 0.23395
214 0.2357
215 0.23795
216 0.23945
217 0.2402
218 0.2405
219 0.2413
220 0.2418
221 0.24365
222 0.245
223 0.2462
224 0.24705
225 0.24875
226 0.25075
227 0.25245
228 0.2525
229 0.25315
230 0.2533
231 0.25485
232 0.2554
233 0.2559
234 0.256
235 0.25745
236 0.25825
237 0.25905
238 0.26
239 0.26175
240 0.2625
241 0.2631
242 0.26445
243 0.26495
244 0.26545
245 0.2661
246 0.2669
247 0.2676
248 0.26855
249 0.27085
250 0.27235
251 0.27505
252 0.27585
253 0.27665
254 0.2774
255 0.27815
256 0.2791
257 0.28045
258 0.28095
259 0.28395
260 0.2842
261 0.28545
262 0.28575
263 0.2866
264 0.2889
265 0.28925
266 0.2896
267 0.29385
268 0.29465
269 0.29485
270 0.29625
271 0.2992
272 0.3001
273 0.30045
274 0.30135
275 0.30195
276 0.30305
277 0.3048
278 0.3054
279 0.3065
280 0.30665
281 0.30855
282 0.3103
283 0.3105
284 0.3115
285 0.3121
286 0.3125
287 0.3139
288 0.3142
289 0.31505
290 0.31555
291 0.3167
292 0.3176
293 0.3186
294 0.31865
295 0.3192
296 0.32035
297 0.32175
298 0.3228
299 0.3239
300 0.32525
301 0.326
302 0.32735
303 0.33155
304 0.33165
305 0.33255
306 0.3332
307 0.3347
308 0.33515
309 0.33735
310 0.33945
311 0.34345
312 0.34465
313 0.34575
314 0.34655
315 0.3478
316 0.34855
317 0.35
318 0.3504
319 0.3512
320 0.3521
321 0.35245
322 0.3543
323 0.3563
324 0.35775
325 0.35925
326 0.36065
327 0.3618
328 0.36315
329 0.36395
330 0.3647
331 0.36535
332 0.3664
333 0.36785
334 0.36825
335 0.36955
336 0.3706
337 0.37165
338 0.37235
339 0.37275
340 0.37335
341 0.3735
342 0.3745
343 0.3756
344 0.37705
345 0.37825
346 0.3789
347 0.3795
348 0.3806
349 0.38145
350 0.38225
351 0.38295
352 0.3835
353 0.38475
354 0.3858
355 0.3876
356 0.3879
357 0.3902
358 0.39045
359 0.39065
360 0.3918
361 0.39205
362 0.3942
363 0.39595
364 0.39745
365 0.398
366 0.39825
367 0.39865
368 0.3998
369 0.40105
370 0.4016
371 0.4047
372 0.40485
373 0.40575
374 0.40625
375 0.40695
376 0.4075
377 0.4085
378 0.4098
379 0.4107
380 0.413
381 0.41365
382 0.41435
383 0.41455
384 0.4169
385 0.4174
386 0.4205
387 0.42115
388 0.42185
389 0.42265
390 0.4233
391 0.4245
392 0.4259
393 0.42605
394 0.42735
395 0.4277
396 0.42945
397 0.43045
398 0.43115
399 0.4319
400 0.433
401 0.43475
402 0.43675
403 0.43765
404 0.43895
405 0.4421
406 0.4423
407 0.4433
408 0.4443
409 0.4462
410 0.4483
411 0.4513
412 0.45255
413 0.4533
414 0.45385
415 0.4547
416 0.4558
417 0.45865
418 0.45895
419 0.46095
420 0.46315
421 0.46335
422 0.46395
423 0.46445
424 0.4662
425 0.4669
426 0.46875
427 0.4694
428 0.47185
429 0.473
430 0.47385
431 0.4741
432 0.47545
433 0.47805
434 0.4785
435 0.4803
436 0.48115
437 0.48175
438 0.48275
439 0.4832
440 0.48475
441 0.4871
442 0.4896
443 0.49015
444 0.4904
445 0.49095
446 0.49315
447 0.49455
448 0.4951
449 0.49565
450 0.49705
451 0.4986
452 0.49885
453 0.5017
454 0.50275
455 0.5044
456 0.50565
457 0.5069
458 0.5083
459 0.50865
460 0.50925
461 0.5097
462 0.5116
463 0.51285
464 0.51355
465 0.5147
466 0.5172
467 0.51905
468 0.51945
469 0.51965
470 0.52145
471 0.52205
472 0.5229
473 0.5234
474 0.524
475 0.5241
476 0.52455
477 0.526
478 0.52745
479 0.5288
480 0.52945
481 0.5314
482 0.53195
483 0.53295
484 0.5349
485 0.53575
486 0.53585
487 0.53705
488 0.53815
489 0.54045
490 0.5421
491 0.5425
492 0.54265
493 0.54355
494 0.5456
495 0.5479
496 0.54935
497 0.55025
498 0.551
499 0.55185
500 0.55235
501 0.5527
502 0.5534
503 0.5544
504 0.55465
505 0.556
506 0.5573
507 0.55905
508 0.5594
509 0.5597
510 0.56115
511 0.5614
512 0.56275
513 0.5637
514 0.5645
515 0.56555
516 0.56675
517 0.5685
518 0.5701
519 0.5728
520 0.57435
521 0.575
522 0.57565
523 0.5771
524 0.5795
525 0.5806
526 0.5807
527 0.5819
528 0.58245
529 0.5828
530 0.58395
531 0.58445
532 0.58525
533 0.5868
534 0.5877
535 0.58825
536 0.58875
537 0.58965
538 0.5903
539 0.5912
540 0.59325
541 0.59545
542 0.59605
543 0.59695
544 0.5992
545 0.60235
546 0.6035
547 0.60365
548 0.606
549 0.60675
550 0.60795
551 0.60955
552 0.6106
553 0.61215
554 0.6136
555 0.6169
556 0.6175
557 0.6206
558 0.62285
559 0.62385
560 0.62745
561 0.6281
562 0.6293
563 0.62955
564 0.63035
565 0.63095
566 0.63275
567 0.63445
568 0.6353
569 0.63625
570 0.63735
571 0.6384
572 0.6403
573 0.64145
574 0.64225
575 0.64305
576 0.6451
577 0.64655
578 0.6479
579 0.64955
580 0.65065
581 0.6518
582 0.65285
583 0.6531
584 0.6542
585 0.6551
586 0.6558
587 0.65655
588 0.6583
589 0.6586
590 0.65995
591 0.6602
592 0.66145
593 0.6643
594 0.6646
595 0.66545
596 0.66585
597 0.66675
598 0.6679
599 0.6685
600 0.6692
601 0.6715
602 0.6717
603 0.672
604 0.6724
605 0.67295
606 0.6736
607 0.67505
608 0.67625
609 0.6769
610 0.6782
611 0.67845
612 0.67875
613 0.67905
614 0.67945
615 0.67995
616 0.68075
617 0.68325
618 0.68395
619 0.68435
620 0.685
621 0.68595
622 0.68625
623 0.687
624 0.68805
625 0.6888
626 0.6892
627 0.6896
628 0.691
629 0.694
630 0.6954
631 0.69615
632 0.69725
633 0.6991
634 0.7
635 0.70125
636 0.7024
637 0.7025
638 0.70415
639 0.7059
640 0.70665
641 0.7072
642 0.70815
643 0.7085
644 0.7094
645 0.71085
646 0.71315
647 0.71395
648 0.7146
649 0.71605
650 0.7166
651 0.7169
652 0.7177
653 0.7189
654 0.7213
655 0.7227
656 0.72315
657 0.72485
658 0.72525
659 0.7259
660 0.72665
661 0.7274
662 0.7277
663 0.7286
664 0.72875
665 0.72915
666 0.73005
667 0.7305
668 0.7306
669 0.7309
670 0.7329
671 0.73425
672 0.73435
673 0.7366
674 0.73725
675 0.73805
676 0.7389
677 0.73995
678 0.74095
679 0.742
680 0.7431
681 0.7437
682 0.7449
683 0.7461
684 0.74695
685 0.7478
686 0.74885
687 0.7492
688 0.7501
689 0.7518
690 0.7535
691 0.7537
692 0.75555
693 0.75675
694 0.7592
695 0.7593
696 0.76
697 0.76045
698 0.7618
699 0.7621
700 0.7641
701 0.7649
702 0.76685
703 0.76745
704 0.76825
705 0.76915
706 0.7717
707 0.77275
708 0.773
709 0.7741
710 0.77475
711 0.7758
712 0.77635
713 0.77725
714 0.778
715 0.7781
716 0.77835
717 0.77935
718 0.78035
719 0.78055
720 0.7821
721 0.7829
722 0.78395
723 0.784
724 0.78465
725 0.78765
726 0.78825
727 0.78875
728 0.78985
729 0.79135
730 0.7924
731 0.7939
732 0.795
733 0.7964
734 0.79785
735 0.7989
736 0.80005
737 0.80075
738 0.8017
739 0.80235
740 0.8038
741 0.80455
742 0.80525
743 0.8069
744 0.80815
745 0.80985
746 0.8116
747 0.81265
748 0.8138
749 0.8146
750 0.8152
751 0.8166
752 0.8174
753 0.8193
754 0.82055
755 0.8219
756 0.8234
757 0.8237
758 0.82445
759 0.82475
760 0.82635
761 0.827
762 0.8277
763 0.82805
764 0.8295
765 0.82995
766 0.83095
767 0.83225
768 0.8326
769 0.83315
770 0.8338
771 0.835
772 0.83555
773 0.83585
774 0.837
775 0.8392
776 0.8405
777 0.842
778 0.84265
779 0.8443
780 0.84465
781 0.84575
782 0.8466
783 0.84785
784 0.8497
785 0.85075
786 0.85245
787 0.8528
788 0.8537
789 0.8551
790 0.85525
791 0.85555
792 0.8574
793 0.8593
794 0.8609
795 0.8626
796 0.8634
797 0.8641
798 0.86445
799 0.8653
800 0.86605
801 0.86705
802 0.8686
803 0.8703
804 0.87185
805 0.87225
806 0.87285
807 0.87435
808 0.8749
809 0.8752
810 0.87565
811 0.87675
812 0.87735
813 0.87805
814 0.87825
815 0.87845
816 0.8793
817 0.88025
818 0.8812
819 0.88265
820 0.884
821 0.88515
822 0.88615
823 0.8864
824 0.88825
825 0.8889
826 0.8906
827 0.89165
828 0.8921
829 0.8941
830 0.8944
831 0.8953
832 0.8968
833 0.89935
834 0.9015
835 0.9029
836 0.9035
837 0.9046
838 0.9072
839 0.908
840 0.9082
841 0.90965
842 0.91105
843 0.91235
844 0.91285
845 0.9144
846 0.9164
847 0.9175
848 0.918
849 0.91915
850 0.9199
851 0.9208
852 0.92255
853 0.923
854 0.9235
855 0.9261
856 0.9264
857 0.92765
858 0.9278
859 0.92925
860 0.9308
861 0.9324
862 0.9344
863 0.93475
864 0.9359
865 0.9366
866 0.93695
867 0.93795
868 0.93825
869 0.93895
870 0.9403
871 0.94185
872 0.9437
873 0.94545
874 0.9458
875 0.9472
876 0.9481
877 0.9483
878 0.94975
879 0.95015
880 0.9506
881 0.95265
882 0.95345
883 0.95405
884 0.9545
885 0.95505
886 0.9561
887 0.9569
888 0.95825
889 0.95885
890 0.9597
891 0.96005
892 0.96075
893 0.96115
894 0.9637
895 0.96435
896 0.9658
897 0.9665
898 0.96675
899 0.9673
900 0.96895
901 0.97025
902 0.9715
903 0.9735
904 0.9747
905 0.97615
906 0.97855
907 0.97995
908 0.98205
909 0.98275
910 0.98285
911 0.98415
912 0.98565
913 0.9871
914 0.98865
915 0.99055
916 0.9912
917 0.99185
918 0.99275
919 0.9936
920 0.99425
921 0.99685
922 0.99745
923 0.9981
924 0.9999
925 1.00015
# Generated pool n. 31 for Umax = -16.472990036010742
# Generated a biased pool of 20000 with an acceptance of 0.09371992945671082
# Generated a pool of 20000 with an acceptance of 0.001080075593952482
# Generation repeated 926 times
# Average relative effective sample size: 0.0068744211457669735
# Generation efficiency: 0.0010799136069114472
