# Generation 2

0 0.0061
1 0.01205
2 0.02355
3 0.03945
4 0.05115
5 0.06645
6 0.07615
7 0.0944
8 0.10375
9 0.1142
10 0.12915
11 0.1345
12 0.14215
13 0.1534
14 0.1663
15 0.1761
16 0.18525
17 0.19235
18 0.206
19 0.21705
20 0.2282
21 0.23995
22 0.25505
23 0.26615
24 0.2792
25 0.2874
26 0.30735
27 0.3181
28 0.33015
29 0.339
30 0.35365
31 0.3661
32 0.37835
33 0.3898
34 0.4
35 0.40865
36 0.4252
37 0.43905
38 0.4488
39 0.45965
40 0.47015
41 0.4871
42 0.50125
43 0.50985
44 0.526
45 0.53995
46 0.5483
47 0.561
48 0.5703
49 0.5785
50 0.59465
51 0.61225
52 0.62135
53 0.6313
54 0.64215
55 0.6527
56 0.6624
57 0.6767
58 0.69195
59 0.70015
60 0.70885
61 0.717
62 0.7284
63 0.74395
64 0.7565
65 0.77145
66 0.78615
67 0.7949
68 0.80735
69 0.8213
70 0.82965
71 0.84225
72 0.84835
73 0.8582
74 0.86735
75 0.8755
76 0.88115
77 0.8893
78 0.90085
79 0.9134
80 0.9245
81 0.9387
82 0.954
83 0.96275
84 0.97245
85 0.97875
86 0.98705
87 0.9948
88 1.0034
# Generated pool n. 2 for Umax = 530.3714599609375
# Generated a biased pool of 20000 with an acceptance of 0.14034044742584229
# Generated a pool of 20000 with an acceptance of 0.011274157303370785
# Generation repeated 89 times
# Average relative effective sample size: 0.08514845371246338
# Generation efficiency: 0.011235955056179775
