# Generation 4

0 0.0023
1 0.0063
2 0.00715
3 0.009
4 0.0101
5 0.0129
6 0.0149
7 0.0176
8 0.0209
9 0.026
10 0.02955
11 0.0337
12 0.03685
13 0.04215
14 0.0441
15 0.04785
16 0.05115
17 0.054
18 0.05955
19 0.06235
20 0.06535
21 0.0697
22 0.07295
23 0.076
24 0.0826
25 0.08495
26 0.08915
27 0.0903
28 0.0937
29 0.09775
30 0.10015
31 0.10115
32 0.10425
33 0.10615
34 0.10755
35 0.11165
36 0.11585
37 0.11765
38 0.11955
39 0.12235
40 0.12505
41 0.1269
42 0.12895
43 0.13285
44 0.13575
45 0.1393
46 0.1429
47 0.14595
48 0.1491
49 0.15275
50 0.1559
51 0.1593
52 0.16075
53 0.1639
54 0.1665
55 0.1679
56 0.17005
57 0.17215
58 0.1749
59 0.17645
60 0.17925
61 0.1829
62 0.18525
63 0.18855
64 0.19275
65 0.19695
66 0.19775
67 0.2019
68 0.20635
69 0.2112
70 0.2117
71 0.2139
72 0.216
73 0.21975
74 0.2222
75 0.22425
76 0.22535
77 0.22685
78 0.23
79 0.2347
80 0.2377
81 0.2386
82 0.242
83 0.24625
84 0.2479
85 0.2513
86 0.25495
87 0.2582
88 0.25965
89 0.26345
90 0.2666
91 0.2687
92 0.2718
93 0.2749
94 0.27875
95 0.28055
96 0.28215
97 0.28805
98 0.2906
99 0.2926
100 0.29615
101 0.2998
102 0.30215
103 0.3046
104 0.30635
105 0.31
106 0.3137
107 0.31835
108 0.32045
109 0.3233
110 0.3273
111 0.329
112 0.33015
113 0.3341
114 0.33615
115 0.338
116 0.34075
117 0.34395
118 0.34765
119 0.34955
120 0.35435
121 0.3579
122 0.36285
123 0.36505
124 0.36705
125 0.37095
126 0.37415
127 0.37625
128 0.37865
129 0.38305
130 0.3879
131 0.38945
132 0.3912
133 0.39535
134 0.39805
135 0.40075
136 0.4056
137 0.408
138 0.4111
139 0.4172
140 0.41975
141 0.42345
142 0.4263
143 0.43065
144 0.43445
145 0.4362
146 0.4401
147 0.4441
148 0.44745
149 0.4508
150 0.45515
151 0.45935
152 0.46035
153 0.46325
154 0.4672
155 0.47065
156 0.473
157 0.475
158 0.4784
159 0.48035
160 0.48515
161 0.48735
162 0.4914
163 0.49645
164 0.4982
165 0.5024
166 0.5029
167 0.5066
168 0.5089
169 0.51115
170 0.51445
171 0.51505
172 0.5176
173 0.5218
174 0.5255
175 0.52645
176 0.5299
177 0.5325
178 0.5366
179 0.5408
180 0.5451
181 0.5467
182 0.5497
183 0.5522
184 0.5554
185 0.55815
186 0.55975
187 0.56225
188 0.566
189 0.5669
190 0.5699
191 0.5749
192 0.5772
193 0.5807
194 0.58325
195 0.5851
196 0.59
197 0.5929
198 0.5948
199 0.5976
200 0.6004
201 0.6031
202 0.60835
203 0.61175
204 0.6145
205 0.6176
206 0.61995
207 0.6226
208 0.62505
209 0.6277
210 0.6302
211 0.63455
212 0.63955
213 0.6406
214 0.64145
215 0.64345
216 0.6474
217 0.6512
218 0.6543
219 0.65655
220 0.6595
221 0.66315
222 0.6643
223 0.66805
224 0.67015
225 0.67185
226 0.67355
227 0.6756
228 0.67805
229 0.6826
230 0.6838
231 0.6871
232 0.6914
233 0.69305
234 0.6959
235 0.69765
236 0.69805
237 0.70185
238 0.70625
239 0.7077
240 0.71165
241 0.7135
242 0.7162
243 0.71885
244 0.72235
245 0.7254
246 0.7276
247 0.7302
248 0.7322
249 0.73585
250 0.73735
251 0.7439
252 0.74695
253 0.7525
254 0.75365
255 0.75705
256 0.7598
257 0.76295
258 0.7658
259 0.76685
260 0.7708
261 0.77355
262 0.7749
263 0.7786
264 0.78225
265 0.78435
266 0.78815
267 0.7922
268 0.79595
269 0.7999
270 0.8022
271 0.8046
272 0.80725
273 0.8105
274 0.81335
275 0.8154
276 0.8196
277 0.8225
278 0.8247
279 0.82885
280 0.8303
281 0.832
282 0.83475
283 0.8382
284 0.8399
285 0.84315
286 0.8491
287 0.8528
288 0.8549
289 0.8564
290 0.8581
291 0.86065
292 0.86285
293 0.86395
294 0.8694
295 0.87375
296 0.87645
297 0.8784
298 0.88045
299 0.8849
300 0.8868
301 0.89205
302 0.89435
303 0.8994
304 0.9026
305 0.9046
306 0.90655
307 0.91005
308 0.9133
309 0.91495
310 0.9162
311 0.9176
312 0.92165
313 0.92335
314 0.9266
315 0.9285
316 0.9313
317 0.93435
318 0.9383
319 0.94075
320 0.9426
321 0.945
322 0.94865
323 0.9518
324 0.95335
325 0.9573
326 0.9595
327 0.9638
328 0.96625
329 0.9678
330 0.9708
331 0.9739
332 0.9744
333 0.97815
334 0.9791
335 0.98295
336 0.98545
337 0.98965
338 0.9901
339 0.99365
340 0.9955
341 0.99745
342 1.0007
# Generated pool n. 4 for Umax = 249.5098876953125
# Generated a biased pool of 20000 with an acceptance of 0.05228891223669052
# Generated a pool of 20000 with an acceptance of 0.002917492711370262
# Generation repeated 343 times
# Average relative effective sample size: 0.018872113898396492
# Generation efficiency: 0.0029154518950437317
