# Generation 20

0 0.0009
1 0.00155
2 0.0034
3 0.0053
4 0.00595
5 0.0065
6 0.00755
7 0.0081
8 0.00835
9 0.00935
10 0.00955
11 0.0115
12 0.01295
13 0.01345
14 0.01505
15 0.0156
16 0.01575
17 0.0159
18 0.0174
19 0.0177
20 0.01845
21 0.0191
22 0.0192
23 0.01975
24 0.0208
25 0.02165
26 0.02245
27 0.02345
28 0.02395
29 0.0265
30 0.02665
31 0.02845
32 0.0288
33 0.0294
34 0.03015
35 0.03095
36 0.0319
37 0.0323
38 0.0329
39 0.034
40 0.03515
41 0.0362
42 0.03795
43 0.0385
44 0.039
45 0.0399
46 0.0411
47 0.0413
48 0.0425
49 0.0434
50 0.0442
51 0.0445
52 0.0449
53 0.04565
54 0.04695
55 0.0473
56 0.0474
57 0.0486
58 0.0497
59 0.0506
60 0.0512
61 0.0533
62 0.05345
63 0.055
64 0.0577
65 0.0581
66 0.0584
67 0.05935
68 0.0601
69 0.0609
70 0.06155
71 0.06225
72 0.0638
73 0.06455
74 0.0646
75 0.0648
76 0.0652
77 0.067
78 0.0675
79 0.06905
80 0.07035
81 0.07075
82 0.0713
83 0.07275
84 0.07295
85 0.07465
86 0.0751
87 0.07685
88 0.07835
89 0.0801
90 0.08045
91 0.0821
92 0.0824
93 0.0836
94 0.08435
95 0.0845
96 0.0854
97 0.0861
98 0.0867
99 0.08755
100 0.0892
101 0.0905
102 0.0913
103 0.09155
104 0.0931
105 0.09335
106 0.0935
107 0.09505
108 0.0966
109 0.0983
110 0.0985
111 0.09985
112 0.101
113 0.10165
114 0.1028
115 0.10435
116 0.10605
117 0.1068
118 0.10795
119 0.10845
120 0.1091
121 0.1097
122 0.1109
123 0.11125
124 0.1118
125 0.11295
126 0.11395
127 0.1141
128 0.1174
129 0.1179
130 0.11845
131 0.1194
132 0.1198
133 0.1207
134 0.1216
135 0.1235
136 0.12435
137 0.12555
138 0.12585
139 0.12785
140 0.1285
141 0.1289
142 0.13065
143 0.1315
144 0.13305
145 0.1344
146 0.13485
147 0.1371
148 0.1376
149 0.139
150 0.1393
151 0.13955
152 0.1405
153 0.141
154 0.14155
155 0.1421
156 0.14225
157 0.14255
158 0.14385
159 0.1446
160 0.14545
161 0.14765
162 0.14825
163 0.14855
164 0.1493
165 0.15015
166 0.15125
167 0.15235
168 0.15245
169 0.1539
170 0.15455
171 0.1546
172 0.15565
173 0.1568
174 0.15885
175 0.16155
176 0.16175
177 0.1628
178 0.1632
179 0.16575
180 0.1673
181 0.1676
182 0.1689
183 0.16955
184 0.1709
185 0.17125
186 0.17275
187 0.1741
188 0.17425
189 0.17545
190 0.1765
191 0.1769
192 0.17845
193 0.17965
194 0.17995
195 0.18065
196 0.1817
197 0.18255
198 0.18455
199 0.1861
200 0.1884
201 0.19005
202 0.19055
203 0.19145
204 0.19225
205 0.1923
206 0.1934
207 0.1942
208 0.1969
209 0.1971
210 0.1979
211 0.19865
212 0.19995
213 0.20115
214 0.2024
215 0.2038
216 0.20445
217 0.2047
218 0.2056
219 0.2066
220 0.2073
221 0.20815
222 0.20855
223 0.2096
224 0.20995
225 0.21115
226 0.21185
227 0.21305
228 0.21365
229 0.2145
230 0.21545
231 0.217
232 0.21895
233 0.21935
234 0.21985
235 0.22085
236 0.22135
237 0.22185
238 0.2228
239 0.2233
240 0.2241
241 0.22595
242 0.22625
243 0.22835
244 0.2288
245 0.2302
246 0.2307
247 0.23205
248 0.23265
249 0.2342
250 0.2352
251 0.23555
252 0.23585
253 0.236
254 0.2378
255 0.2388
256 0.23965
257 0.24075
258 0.242
259 0.2424
260 0.24255
261 0.24385
262 0.2444
263 0.24515
264 0.2461
265 0.2464
266 0.247
267 0.2486
268 0.24945
269 0.25115
270 0.2532
271 0.2535
272 0.25395
273 0.25425
274 0.2557
275 0.25695
276 0.2578
277 0.25905
278 0.25975
279 0.26065
280 0.26185
281 0.2621
282 0.26235
283 0.2626
284 0.2632
285 0.26585
286 0.26615
287 0.2668
288 0.2675
289 0.2684
290 0.2698
291 0.27075
292 0.2719
293 0.2728
294 0.27405
295 0.2741
296 0.2747
297 0.27625
298 0.27715
299 0.2779
300 0.27915
301 0.2814
302 0.2822
303 0.28265
304 0.28375
305 0.2844
306 0.2851
307 0.28565
308 0.28655
309 0.2879
310 0.2887
311 0.289
312 0.29025
313 0.29115
314 0.2914
315 0.29215
316 0.29285
317 0.29385
318 0.2965
319 0.2986
320 0.29935
321 0.3012
322 0.30135
323 0.30325
324 0.30375
325 0.30455
326 0.3059
327 0.3064
328 0.30885
329 0.30955
330 0.31125
331 0.31185
332 0.3123
333 0.31315
334 0.31395
335 0.31525
336 0.31635
337 0.31845
338 0.3194
339 0.3203
340 0.32195
341 0.3224
342 0.32335
343 0.32415
344 0.32585
345 0.32665
346 0.32745
347 0.32875
348 0.32915
349 0.3295
350 0.3307
351 0.33095
352 0.33105
353 0.332
354 0.3326
355 0.3328
356 0.33375
357 0.3341
358 0.3361
359 0.33875
360 0.3397
361 0.34105
362 0.34275
363 0.3432
364 0.34435
365 0.3444
366 0.34545
367 0.34775
368 0.3485
369 0.3501
370 0.3512
371 0.3519
372 0.35285
373 0.35375
374 0.35505
375 0.35615
376 0.3567
377 0.35725
378 0.35775
379 0.35975
380 0.36045
381 0.3616
382 0.3618
383 0.3638
384 0.3652
385 0.36595
386 0.3684
387 0.36915
388 0.37065
389 0.37205
390 0.37235
391 0.37265
392 0.37385
393 0.3742
394 0.37495
395 0.37515
396 0.3762
397 0.3771
398 0.37725
399 0.379
400 0.37945
401 0.3805
402 0.38075
403 0.38115
404 0.38325
405 0.38435
406 0.38595
407 0.3864
408 0.38685
409 0.3875
410 0.38935
411 0.3896
412 0.39015
413 0.39125
414 0.3928
415 0.39345
416 0.39515
417 0.39575
418 0.39665
419 0.3979
420 0.39845
421 0.3991
422 0.4006
423 0.40095
424 0.4012
425 0.40195
426 0.4025
427 0.4035
428 0.4047
429 0.4051
430 0.4054
431 0.40625
432 0.40755
433 0.4084
434 0.40885
435 0.4101
436 0.41115
437 0.41145
438 0.4141
439 0.41495
440 0.4157
441 0.41775
442 0.4183
443 0.4187
444 0.41895
445 0.41925
446 0.421
447 0.42175
448 0.4233
449 0.42405
450 0.425
451 0.42695
452 0.4276
453 0.42835
454 0.43005
455 0.4301
456 0.4318
457 0.433
458 0.4343
459 0.43495
460 0.4366
461 0.43675
462 0.4385
463 0.43955
464 0.4404
465 0.44175
466 0.44265
467 0.4429
468 0.44345
469 0.4442
470 0.4445
471 0.44545
472 0.4468
473 0.44905
474 0.4517
475 0.4525
476 0.45335
477 0.4538
478 0.4553
479 0.4564
480 0.4574
481 0.45805
482 0.45935
483 0.461
484 0.46145
485 0.46215
486 0.463
487 0.4635
488 0.4639
489 0.46405
490 0.46485
491 0.4659
492 0.46625
493 0.46855
494 0.4699
495 0.47015
496 0.471
497 0.47105
498 0.4723
499 0.4728
500 0.47435
501 0.4772
502 0.4778
503 0.47805
504 0.47945
505 0.48035
506 0.4817
507 0.4823
508 0.48385
509 0.4842
510 0.48545
511 0.48715
512 0.48785
513 0.4887
514 0.4897
515 0.49
516 0.49045
517 0.49115
518 0.4919
519 0.4924
520 0.4929
521 0.49335
522 0.49475
523 0.49515
524 0.49685
525 0.49815
526 0.4988
527 0.5006
528 0.5009
529 0.5016
530 0.503
531 0.50425
532 0.50615
533 0.50685
534 0.50775
535 0.509
536 0.5096
537 0.5102
538 0.5105
539 0.51215
540 0.5132
541 0.5141
542 0.5145
543 0.5149
544 0.5164
545 0.51725
546 0.5174
547 0.51805
548 0.5188
549 0.5191
550 0.51985
551 0.52205
552 0.52265
553 0.52325
554 0.5237
555 0.526
556 0.5267
557 0.5276
558 0.52875
559 0.5295
560 0.5298
561 0.53105
562 0.53185
563 0.5328
564 0.5334
565 0.53485
566 0.5364
567 0.5377
568 0.5384
569 0.53945
570 0.5406
571 0.5424
572 0.5425
573 0.5429
574 0.5443
575 0.5454
576 0.54645
577 0.5474
578 0.54755
579 0.5488
580 0.55025
581 0.5509
582 0.55225
583 0.5527
584 0.55285
585 0.55305
586 0.55425
587 0.55495
588 0.5556
589 0.5566
590 0.55755
591 0.5577
592 0.55855
593 0.55885
594 0.5591
595 0.5593
596 0.5599
597 0.56095
598 0.56135
599 0.562
600 0.56305
601 0.5644
602 0.5656
603 0.5661
604 0.56675
605 0.5679
606 0.56945
607 0.5704
608 0.5712
609 0.5727
610 0.57335
611 0.5752
612 0.57715
613 0.5798
614 0.58095
615 0.5813
616 0.5825
617 0.5859
618 0.58665
619 0.5873
620 0.5877
621 0.58795
622 0.5885
623 0.59045
624 0.5926
625 0.5939
626 0.5949
627 0.59595
628 0.59715
629 0.59965
630 0.6011
631 0.6022
632 0.6035
633 0.6041
634 0.6046
635 0.60525
636 0.6074
637 0.6077
638 0.60825
639 0.60835
640 0.6089
641 0.61035
642 0.6114
643 0.6123
644 0.61335
645 0.6145
646 0.6148
647 0.61525
648 0.6166
649 0.618
650 0.61895
651 0.61975
652 0.62025
653 0.6214
654 0.62185
655 0.62365
656 0.62505
657 0.62615
658 0.6278
659 0.62845
660 0.62875
661 0.63015
662 0.6309
663 0.63105
664 0.63115
665 0.63175
666 0.6336
667 0.63385
668 0.63565
669 0.63685
670 0.63715
671 0.6384
672 0.63885
673 0.63965
674 0.6423
675 0.643
676 0.64515
677 0.6462
678 0.6463
679 0.64725
680 0.649
681 0.64965
682 0.64995
683 0.65
684 0.65065
685 0.651
686 0.6517
687 0.65225
688 0.65375
689 0.6542
690 0.6557
691 0.656
692 0.65645
693 0.6572
694 0.6583
695 0.65875
696 0.6597
697 0.6609
698 0.6617
699 0.6619
700 0.66235
701 0.6626
702 0.6633
703 0.6639
704 0.66505
705 0.6654
706 0.66765
707 0.66865
708 0.6696
709 0.67055
710 0.6712
711 0.6721
712 0.67365
713 0.6758
714 0.67605
715 0.6764
716 0.67665
717 0.67785
718 0.6779
719 0.6782
720 0.679
721 0.68045
722 0.6806
723 0.68125
724 0.68185
725 0.6837
726 0.6859
727 0.6864
728 0.6866
729 0.68725
730 0.6879
731 0.68855
732 0.6889
733 0.68895
734 0.69
735 0.6904
736 0.69075
737 0.691
738 0.6918
739 0.69185
740 0.69235
741 0.6925
742 0.69315
743 0.6944
744 0.6953
745 0.69575
746 0.6964
747 0.69665
748 0.6981
749 0.69855
750 0.69965
751 0.70045
752 0.70165
753 0.7021
754 0.7041
755 0.70445
756 0.7065
757 0.70885
758 0.70945
759 0.71015
760 0.71085
761 0.7121
762 0.7127
763 0.71315
764 0.71435
765 0.71505
766 0.71605
767 0.7164
768 0.71665
769 0.71705
770 0.7185
771 0.7192
772 0.72
773 0.72155
774 0.7221
775 0.72315
776 0.7245
777 0.7251
778 0.72615
779 0.7266
780 0.7272
781 0.728
782 0.7295
783 0.7321
784 0.73375
785 0.73405
786 0.73465
787 0.73695
788 0.7374
789 0.7388
790 0.7404
791 0.74225
792 0.7428
793 0.7432
794 0.74475
795 0.7456
796 0.74585
797 0.74605
798 0.7469
799 0.74795
800 0.7485
801 0.7487
802 0.749
803 0.75035
804 0.75305
805 0.75345
806 0.75485
807 0.75525
808 0.75595
809 0.75655
810 0.75675
811 0.75865
812 0.7605
813 0.76125
814 0.7624
815 0.7632
816 0.7643
817 0.7654
818 0.7665
819 0.76705
820 0.7678
821 0.76875
822 0.77115
823 0.7718
824 0.77255
825 0.7734
826 0.7753
827 0.77645
828 0.7778
829 0.7798
830 0.78085
831 0.78215
832 0.78275
833 0.78345
834 0.7841
835 0.785
836 0.7853
837 0.78605
838 0.78705
839 0.78875
840 0.7893
841 0.79155
842 0.79275
843 0.7935
844 0.79505
845 0.7966
846 0.79745
847 0.79835
848 0.79895
849 0.80005
850 0.80145
851 0.80205
852 0.804
853 0.80505
854 0.80565
855 0.8083
856 0.80885
857 0.8089
858 0.81155
859 0.81175
860 0.8128
861 0.81475
862 0.8149
863 0.81605
864 0.8177
865 0.81955
866 0.82045
867 0.82125
868 0.8231
869 0.82445
870 0.8246
871 0.82585
872 0.8262
873 0.82725
874 0.8294
875 0.8295
876 0.83165
877 0.83335
878 0.83485
879 0.8354
880 0.836
881 0.83815
882 0.83955
883 0.8406
884 0.8414
885 0.8419
886 0.84205
887 0.84255
888 0.8431
889 0.8438
890 0.84385
891 0.84565
892 0.84755
893 0.84795
894 0.849
895 0.8499
896 0.85125
897 0.85285
898 0.8542
899 0.85505
900 0.8562
901 0.85785
902 0.8587
903 0.8597
904 0.8598
905 0.86255
906 0.86355
907 0.8646
908 0.86495
909 0.8658
910 0.86715
911 0.868
912 0.86885
913 0.8693
914 0.8705
915 0.873
916 0.8735
917 0.8746
918 0.8758
919 0.87725
920 0.87815
921 0.8791
922 0.8812
923 0.88195
924 0.8834
925 0.8846
926 0.88545
927 0.8862
928 0.88695
929 0.88765
930 0.8884
931 0.88965
932 0.8903
933 0.8918
934 0.8942
935 0.89495
936 0.89565
937 0.89615
938 0.8972
939 0.8997
940 0.90025
941 0.9007
942 0.90125
943 0.90205
944 0.9027
945 0.9038
946 0.90455
947 0.90555
948 0.9066
949 0.9072
950 0.90815
951 0.909
952 0.9106
953 0.912
954 0.9136
955 0.9141
956 0.9169
957 0.91725
958 0.91785
959 0.9181
960 0.91965
961 0.9207
962 0.9217
963 0.9228
964 0.9235
965 0.9242
966 0.92555
967 0.9262
968 0.92665
969 0.92785
970 0.92815
971 0.92855
972 0.9292
973 0.9329
974 0.93365
975 0.9347
976 0.93475
977 0.93585
978 0.9362
979 0.93675
980 0.93805
981 0.93975
982 0.94
983 0.94065
984 0.9427
985 0.94325
986 0.94415
987 0.94495
988 0.9466
989 0.94675
990 0.947
991 0.9495
992 0.9502
993 0.95095
994 0.95125
995 0.9519
996 0.9526
997 0.95275
998 0.9537
999 0.95485
1000 0.95705
1001 0.95755
1002 0.9596
1003 0.95985
1004 0.96005
1005 0.9606
1006 0.96145
1007 0.96165
1008 0.9618
1009 0.96325
1010 0.96355
1011 0.9656
1012 0.96765
1013 0.96875
1014 0.97
1015 0.9703
1016 0.97055
1017 0.9708
1018 0.97245
1019 0.97285
1020 0.97325
1021 0.9746
1022 0.97585
1023 0.9763
1024 0.97765
1025 0.9794
1026 0.98055
1027 0.98155
1028 0.98195
1029 0.98235
1030 0.98285
1031 0.98355
1032 0.98535
1033 0.98575
1034 0.9861
1035 0.9869
1036 0.9876
1037 0.98775
1038 0.9887
1039 0.9894
1040 0.9913
1041 0.9935
1042 0.9949
1043 0.99585
1044 0.99645
1045 0.9977
1046 0.99815
1047 0.9988
1048 0.99975
1049 0.99985
1050 1.0003
# Generated pool n. 20 for Umax = -15.389724731445312
# Generated a biased pool of 20000 with an acceptance of 0.0818018689751625
# Generated a pool of 20000 with an acceptance of 0.0009517602283539465
# Generation repeated 1051 times
# Average relative effective sample size: 0.005868597887456417
# Generation efficiency: 0.0009514747859181732
