# Generation 44

0 0.0033
1 0.00655
2 0.00975
3 0.0152
4 0.0187
5 0.02075
6 0.0243
7 0.02565
8 0.0301
9 0.03595
10 0.0417
11 0.04645
12 0.0523
13 0.059
14 0.0626
15 0.0685
16 0.0763
17 0.07975
18 0.0837
19 0.08875
20 0.0942
21 0.0965
22 0.10165
23 0.1065
24 0.11185
25 0.11535
26 0.1214
27 0.1262
28 0.13055
29 0.13935
30 0.14275
31 0.1458
32 0.15315
33 0.15595
34 0.16
35 0.163
36 0.16705
37 0.16995
38 0.17505
39 0.1794
40 0.1859
41 0.1913
42 0.1931
43 0.20405
44 0.21185
45 0.2182
46 0.22565
47 0.22845
48 0.23415
49 0.23875
50 0.23995
51 0.2418
52 0.24475
53 0.2511
54 0.26055
55 0.2658
56 0.27075
57 0.27285
58 0.2783
59 0.28005
60 0.2862
61 0.29005
62 0.29555
63 0.2979
64 0.30155
65 0.306
66 0.3129
67 0.31445
68 0.31705
69 0.32065
70 0.32545
71 0.3271
72 0.3285
73 0.33535
74 0.34105
75 0.34795
76 0.35165
77 0.3554
78 0.3584
79 0.3704
80 0.37695
81 0.38055
82 0.3857
83 0.39445
84 0.39855
85 0.3992
86 0.4055
87 0.40915
88 0.41435
89 0.423
90 0.4272
91 0.43425
92 0.4411
93 0.44815
94 0.45165
95 0.4545
96 0.45875
97 0.4627
98 0.4651
99 0.4704
100 0.4732
101 0.47485
102 0.47915
103 0.4865
104 0.49225
105 0.49365
106 0.50395
107 0.50825
108 0.5159
109 0.5175
110 0.5218
111 0.52415
112 0.52805
113 0.5307
114 0.5327
115 0.5345
116 0.53875
117 0.54665
118 0.54925
119 0.55195
120 0.55995
121 0.56555
122 0.5731
123 0.57725
124 0.5785
125 0.5843
126 0.5863
127 0.5932
128 0.596
129 0.6029
130 0.6093
131 0.6149
132 0.619
133 0.623
134 0.62515
135 0.62905
136 0.634
137 0.6381
138 0.6396
139 0.64445
140 0.64835
141 0.6502
142 0.65285
143 0.6569
144 0.66315
145 0.665
146 0.6701
147 0.67295
148 0.6801
149 0.687
150 0.69255
151 0.7004
152 0.70285
153 0.70945
154 0.71205
155 0.7157
156 0.7223
157 0.72455
158 0.73035
159 0.7362
160 0.7409
161 0.7461
162 0.7518
163 0.75605
164 0.76225
165 0.7678
166 0.77585
167 0.77775
168 0.78025
169 0.7837
170 0.78735
171 0.7937
172 0.8015
173 0.81265
174 0.8147
175 0.81625
176 0.8224
177 0.8246
178 0.8318
179 0.83485
180 0.8387
181 0.83925
182 0.84755
183 0.8501
184 0.85855
185 0.8629
186 0.86395
187 0.8694
188 0.876
189 0.8797
190 0.88365
191 0.8899
192 0.89575
193 0.9029
194 0.9097
195 0.91575
196 0.92065
197 0.92725
198 0.9302
199 0.9322
200 0.94205
201 0.9535
202 0.95845
203 0.96285
204 0.9641
205 0.9646
206 0.96665
207 0.96975
208 0.9727
209 0.97525
210 0.9796
211 0.9868
212 0.99075
213 0.99815
214 1.0065
# Generated pool n. 44 for Umax = -16.80428695678711
# Generated a biased pool of 20000 with an acceptance of 0.3052401542663574
# Generated a pool of 20000 with an acceptance of 0.004681395348837211
# Generation repeated 215 times
# Average relative effective sample size: 0.05736735090613365
# Generation efficiency: 0.004651162790697674
