# Generation 38

0 0.0006
1 0.002
2 0.00255
3 0.00605
4 0.0105
5 0.01255
6 0.0155
7 0.02115
8 0.02625
9 0.0316
10 0.0339
11 0.0405
12 0.0434
13 0.0476
14 0.0522
15 0.05775
16 0.06
17 0.0614
18 0.0649
19 0.0667
20 0.07135
21 0.07515
22 0.07975
23 0.0838
24 0.08815
25 0.0902
26 0.09155
27 0.0949
28 0.0966
29 0.1043
30 0.1088
31 0.1123
32 0.11255
33 0.11465
34 0.11765
35 0.1186
36 0.129
37 0.1295
38 0.13655
39 0.13795
40 0.1416
41 0.1428
42 0.1464
43 0.15035
44 0.15345
45 0.1557
46 0.1583
47 0.1599
48 0.1637
49 0.164
50 0.16545
51 0.16885
52 0.17535
53 0.17635
54 0.17905
55 0.18055
56 0.18365
57 0.1858
58 0.18625
59 0.18855
60 0.1925
61 0.1963
62 0.2005
63 0.2028
64 0.20745
65 0.211
66 0.21475
67 0.2193
68 0.2228
69 0.2245
70 0.226
71 0.2295
72 0.2334
73 0.2348
74 0.23655
75 0.23825
76 0.24085
77 0.24825
78 0.25215
79 0.253
80 0.25775
81 0.2613
82 0.26525
83 0.26725
84 0.2685
85 0.27285
86 0.27585
87 0.2815
88 0.2841
89 0.28485
90 0.2858
91 0.29105
92 0.2934
93 0.2983
94 0.3014
95 0.3048
96 0.3085
97 0.31065
98 0.31395
99 0.31515
100 0.31695
101 0.32315
102 0.329
103 0.3315
104 0.3377
105 0.3433
106 0.3467
107 0.3486
108 0.35145
109 0.3539
110 0.3598
111 0.36485
112 0.3692
113 0.37515
114 0.3787
115 0.3802
116 0.3866
117 0.39005
118 0.39465
119 0.39885
120 0.40025
121 0.40575
122 0.40975
123 0.416
124 0.4228
125 0.42465
126 0.42525
127 0.43115
128 0.43415
129 0.4385
130 0.44105
131 0.44395
132 0.44655
133 0.44985
134 0.4512
135 0.45385
136 0.4575
137 0.45875
138 0.46225
139 0.46525
140 0.4698
141 0.4765
142 0.47935
143 0.4817
144 0.48405
145 0.4866
146 0.49165
147 0.4941
148 0.4949
149 0.49625
150 0.4998
151 0.50205
152 0.50655
153 0.5135
154 0.51815
155 0.5212
156 0.52625
157 0.528
158 0.5295
159 0.5312
160 0.5355
161 0.54
162 0.545
163 0.54655
164 0.54895
165 0.55045
166 0.55215
167 0.5559
168 0.5625
169 0.56445
170 0.56485
171 0.5705
172 0.57185
173 0.5752
174 0.5811
175 0.5831
176 0.58455
177 0.5869
178 0.59135
179 0.5952
180 0.6005
181 0.6052
182 0.6072
183 0.6086
184 0.6103
185 0.61455
186 0.61765
187 0.62325
188 0.6258
189 0.6304
190 0.63435
191 0.64
192 0.6438
193 0.64825
194 0.65025
195 0.6534
196 0.65595
197 0.6597
198 0.66285
199 0.6668
200 0.67305
201 0.6765
202 0.68295
203 0.6837
204 0.68725
205 0.69245
206 0.6973
207 0.7015
208 0.70625
209 0.7083
210 0.71285
211 0.71555
212 0.71835
213 0.7191
214 0.72255
215 0.72425
216 0.72625
217 0.7283
218 0.7334
219 0.736
220 0.73815
221 0.74235
222 0.74415
223 0.74525
224 0.74765
225 0.74865
226 0.75095
227 0.7564
228 0.75745
229 0.7596
230 0.76255
231 0.7626
232 0.7659
233 0.77065
234 0.77195
235 0.77675
236 0.77685
237 0.7784
238 0.78395
239 0.78765
240 0.7938
241 0.79735
242 0.7993
243 0.80235
244 0.81005
245 0.8154
246 0.82055
247 0.82095
248 0.82795
249 0.83185
250 0.83445
251 0.83795
252 0.8394
253 0.84245
254 0.84755
255 0.8476
256 0.8517
257 0.8535
258 0.8549
259 0.8565
260 0.85705
261 0.8578
262 0.86175
263 0.8628
264 0.8665
265 0.86765
266 0.8703
267 0.8766
268 0.8786
269 0.8846
270 0.887
271 0.89145
272 0.892
273 0.8981
274 0.90385
275 0.9082
276 0.9112
277 0.9144
278 0.91975
279 0.92535
280 0.9302
281 0.933
282 0.94015
283 0.942
284 0.945
285 0.94655
286 0.9505
287 0.95215
288 0.95585
289 0.96005
290 0.96305
291 0.96835
292 0.96965
293 0.97375
294 0.97665
295 0.97875
296 0.98265
297 0.9862
298 0.98835
299 0.99635
300 1.0032
# Generated pool n. 38 for Umax = -16.72513771057129
# Generated a biased pool of 20000 with an acceptance of 0.2881266176700592
# Generated a pool of 20000 with an acceptance of 0.0033328903654485068
# Generation repeated 301 times
# Average relative effective sample size: 0.03833359107375145
# Generation efficiency: 0.0033222591362126247
