# Generation 5

0 0.0019
1 0.0027
2 0.0046
3 0.00625
4 0.01015
5 0.01185
6 0.0147
7 0.0172
8 0.0181
9 0.0204
10 0.02365
11 0.02545
12 0.0264
13 0.0301
14 0.03505
15 0.03735
16 0.03925
17 0.04205
18 0.04385
19 0.0466
20 0.04875
21 0.05095
22 0.05245
23 0.05525
24 0.05935
25 0.06105
26 0.06415
27 0.0668
28 0.0682
29 0.0702
30 0.0735
31 0.07735
32 0.0803
33 0.0833
34 0.08705
35 0.0901
36 0.09195
37 0.0944
38 0.09745
39 0.0998
40 0.1019
41 0.10315
42 0.10455
43 0.1079
44 0.1121
45 0.11475
46 0.11715
47 0.11985
48 0.1235
49 0.12725
50 0.1302
51 0.13325
52 0.1345
53 0.13675
54 0.1398
55 0.1443
56 0.14625
57 0.14785
58 0.1515
59 0.15435
60 0.1577
61 0.15975
62 0.1622
63 0.16335
64 0.1642
65 0.1669
66 0.1698
67 0.173
68 0.17435
69 0.17525
70 0.1767
71 0.179
72 0.18115
73 0.1817
74 0.18375
75 0.1859
76 0.1879
77 0.18955
78 0.19275
79 0.196
80 0.19895
81 0.20115
82 0.20225
83 0.20445
84 0.2068
85 0.20825
86 0.20995
87 0.2131
88 0.2142
89 0.21625
90 0.2177
91 0.21925
92 0.22215
93 0.2258
94 0.22785
95 0.2297
96 0.2343
97 0.23675
98 0.2389
99 0.2416
100 0.2451
101 0.2504
102 0.25225
103 0.2551
104 0.25775
105 0.25925
106 0.26185
107 0.2636
108 0.26835
109 0.27015
110 0.2729
111 0.275
112 0.2765
113 0.27955
114 0.28135
115 0.28535
116 0.28775
117 0.2908
118 0.29385
119 0.29735
120 0.3002
121 0.3026
122 0.3059
123 0.3083
124 0.31065
125 0.312
126 0.31425
127 0.3168
128 0.3206
129 0.32425
130 0.3268
131 0.3275
132 0.3314
133 0.3339
134 0.3345
135 0.3366
136 0.33785
137 0.3404
138 0.3431
139 0.344
140 0.34605
141 0.34875
142 0.3509
143 0.3541
144 0.35665
145 0.35725
146 0.35985
147 0.3628
148 0.3654
149 0.36845
150 0.37025
151 0.37195
152 0.37215
153 0.37635
154 0.3784
155 0.3815
156 0.3866
157 0.39095
158 0.39245
159 0.39505
160 0.3976
161 0.40055
162 0.40505
163 0.4089
164 0.41285
165 0.41565
166 0.4169
167 0.41865
168 0.421
169 0.4234
170 0.4262
171 0.4289
172 0.4328
173 0.43445
174 0.4363
175 0.4377
176 0.43975
177 0.4426
178 0.44645
179 0.4494
180 0.45045
181 0.4525
182 0.4548
183 0.45615
184 0.4584
185 0.45985
186 0.4631
187 0.4652
188 0.4678
189 0.47015
190 0.4722
191 0.4764
192 0.47905
193 0.48605
194 0.48775
195 0.4902
196 0.4917
197 0.49395
198 0.4964
199 0.4978
200 0.4989
201 0.5007
202 0.5026
203 0.50585
204 0.50785
205 0.51
206 0.51085
207 0.5132
208 0.51545
209 0.51785
210 0.5197
211 0.5213
212 0.5263
213 0.5271
214 0.5306
215 0.5316
216 0.53455
217 0.5352
218 0.5366
219 0.5385
220 0.54135
221 0.54515
222 0.54645
223 0.5484
224 0.5493
225 0.55255
226 0.55495
227 0.5596
228 0.5642
229 0.5672
230 0.57115
231 0.5732
232 0.5751
233 0.57945
234 0.5809
235 0.58385
236 0.58545
237 0.5872
238 0.5886
239 0.59035
240 0.59275
241 0.5959
242 0.59825
243 0.60155
244 0.6047
245 0.60755
246 0.60955
247 0.61265
248 0.6136
249 0.6159
250 0.6173
251 0.61915
252 0.62195
253 0.6241
254 0.6265
255 0.63135
256 0.6343
257 0.63645
258 0.63785
259 0.64005
260 0.64295
261 0.64655
262 0.6487
263 0.6504
264 0.65435
265 0.657
266 0.65945
267 0.66205
268 0.6651
269 0.66795
270 0.66995
271 0.67155
272 0.6735
273 0.6769
274 0.68
275 0.6843
276 0.68685
277 0.6907
278 0.69375
279 0.69395
280 0.69655
281 0.69875
282 0.6997
283 0.70345
284 0.7052
285 0.70685
286 0.70845
287 0.71115
288 0.71585
289 0.7185
290 0.7198
291 0.7212
292 0.7248
293 0.7279
294 0.7314
295 0.7334
296 0.73455
297 0.73765
298 0.73805
299 0.74115
300 0.7425
301 0.7444
302 0.7471
303 0.7498
304 0.75175
305 0.7538
306 0.75505
307 0.75645
308 0.75975
309 0.76145
310 0.76515
311 0.76635
312 0.7692
313 0.7733
314 0.77555
315 0.77675
316 0.7811
317 0.78205
318 0.7847
319 0.78765
320 0.79075
321 0.79135
322 0.79445
323 0.7969
324 0.80005
325 0.80225
326 0.80355
327 0.8055
328 0.8076
329 0.8089
330 0.81175
331 0.8155
332 0.8171
333 0.81895
334 0.8195
335 0.8207
336 0.82315
337 0.8264
338 0.8288
339 0.831
340 0.83135
341 0.83565
342 0.8384
343 0.83905
344 0.8406
345 0.84405
346 0.846
347 0.8482
348 0.84965
349 0.8518
350 0.85475
351 0.85775
352 0.8596
353 0.86195
354 0.86435
355 0.8682
356 0.86885
357 0.87155
358 0.8729
359 0.8754
360 0.87735
361 0.87895
362 0.88045
363 0.8827
364 0.88685
365 0.8884
366 0.89005
367 0.8923
368 0.89415
369 0.8979
370 0.8997
371 0.9009
372 0.90345
373 0.9051
374 0.90745
375 0.90955
376 0.9127
377 0.91485
378 0.9179
379 0.9201
380 0.9219
381 0.925
382 0.92905
383 0.932
384 0.93425
385 0.9363
386 0.9394
387 0.9416
388 0.9455
389 0.94765
390 0.9516
391 0.95475
392 0.9568
393 0.9606
394 0.96125
395 0.96285
396 0.9656
397 0.96635
398 0.9682
399 0.9696
400 0.9711
401 0.97355
402 0.9757
403 0.9781
404 0.9803
405 0.98235
406 0.9852
407 0.9876
408 0.9922
409 0.99435
410 0.9953
411 0.99775
412 0.99955
413 1.00245
# Generated pool n. 5 for Umax = 159.90798950195312
# Generated a biased pool of 20000 with an acceptance of 0.043614231050014496
# Generated a pool of 20000 with an acceptance of 0.0024213768115942027
# Generation repeated 414 times
# Average relative effective sample size: 0.014175986871123314
# Generation efficiency: 0.0024154589371980675
