# Generation 43

0 0.004
1 0.0053
2 0.00985
3 0.0184
4 0.02655
5 0.0325
6 0.0389
7 0.04395
8 0.0454
9 0.0487
10 0.05475
11 0.06095
12 0.06725
13 0.0719
14 0.0789
15 0.087
16 0.0894
17 0.0941
18 0.09775
19 0.10345
20 0.1067
21 0.1109
22 0.11135
23 0.1176
24 0.12415
25 0.1287
26 0.13925
27 0.144
28 0.1481
29 0.15545
30 0.1576
31 0.1615
32 0.16595
33 0.1679
34 0.1707
35 0.1744
36 0.1794
37 0.1841
38 0.1867
39 0.1887
40 0.19415
41 0.1957
42 0.1984
43 0.2009
44 0.20585
45 0.20635
46 0.20805
47 0.21495
48 0.2195
49 0.2293
50 0.23175
51 0.2371
52 0.24125
53 0.2461
54 0.2476
55 0.254
56 0.25955
57 0.263
58 0.26645
59 0.27295
60 0.279
61 0.28245
62 0.29055
63 0.2937
64 0.29815
65 0.3
66 0.3077
67 0.3096
68 0.3157
69 0.3215
70 0.32705
71 0.32995
72 0.3335
73 0.3372
74 0.3427
75 0.3471
76 0.35385
77 0.3566
78 0.3619
79 0.36995
80 0.3759
81 0.38495
82 0.39045
83 0.3921
84 0.3954
85 0.39965
86 0.4073
87 0.41355
88 0.41645
89 0.41905
90 0.4251
91 0.4314
92 0.43735
93 0.43955
94 0.44035
95 0.4449
96 0.44715
97 0.4521
98 0.45495
99 0.45555
100 0.4593
101 0.4643
102 0.47
103 0.477
104 0.4778
105 0.481
106 0.48465
107 0.48895
108 0.48945
109 0.49105
110 0.4939
111 0.4957
112 0.5022
113 0.5046
114 0.51065
115 0.51245
116 0.5159
117 0.51885
118 0.525
119 0.526
120 0.52865
121 0.5314
122 0.53455
123 0.53665
124 0.54185
125 0.5485
126 0.5549
127 0.56045
128 0.56705
129 0.56965
130 0.57345
131 0.57665
132 0.5833
133 0.5854
134 0.5883
135 0.5897
136 0.59305
137 0.5975
138 0.6004
139 0.60415
140 0.6072
141 0.6144
142 0.6179
143 0.62135
144 0.62615
145 0.6311
146 0.6367
147 0.6405
148 0.64345
149 0.6443
150 0.6459
151 0.65395
152 0.6558
153 0.65965
154 0.6604
155 0.6676
156 0.67145
157 0.67615
158 0.6824
159 0.68755
160 0.68925
161 0.6949
162 0.70255
163 0.7113
164 0.7146
165 0.71945
166 0.72365
167 0.7264
168 0.7284
169 0.73005
170 0.7336
171 0.7366
172 0.74425
173 0.749
174 0.7539
175 0.75855
176 0.7607
177 0.7631
178 0.76535
179 0.7699
180 0.7715
181 0.77835
182 0.78505
183 0.7867
184 0.7925
185 0.79825
186 0.8016
187 0.8097
188 0.81235
189 0.8181
190 0.82315
191 0.83105
192 0.83615
193 0.83935
194 0.84365
195 0.84715
196 0.8524
197 0.8584
198 0.8604
199 0.8636
200 0.86445
201 0.8727
202 0.8793
203 0.8833
204 0.88655
205 0.8937
206 0.89655
207 0.90205
208 0.90815
209 0.91435
210 0.91515
211 0.92125
212 0.92795
213 0.93295
214 0.94265
215 0.9455
216 0.9539
217 0.9557
218 0.96065
219 0.96205
220 0.96745
221 0.9707
222 0.973
223 0.9759
224 0.98025
225 0.98295
226 0.98955
227 0.9928
228 0.9951
229 0.99925
230 1.00585
# Generated pool n. 43 for Umax = -16.795724868774414
# Generated a biased pool of 20000 with an acceptance of 0.3263183534145355
# Generated a pool of 20000 with an acceptance of 0.004354329004329008
# Generation repeated 231 times
# Average relative effective sample size: 0.05377761647105217
# Generation efficiency: 0.004329004329004329
