# Generation 42

0 0.0028
1 0.00915
2 0.01865
3 0.03165
4 0.0391
5 0.04145
6 0.0515
7 0.05735
8 0.0658
9 0.0696
10 0.07675
11 0.0794
12 0.08595
13 0.0921
14 0.09925
15 0.1003
16 0.10055
17 0.10715
18 0.11345
19 0.11535
20 0.12135
21 0.1234
22 0.1258
23 0.13105
24 0.13325
25 0.13455
26 0.1414
27 0.14985
28 0.15475
29 0.15985
30 0.16435
31 0.16875
32 0.1743
33 0.17945
34 0.1909
35 0.198
36 0.20315
37 0.21095
38 0.219
39 0.22715
40 0.23775
41 0.2434
42 0.2534
43 0.26045
44 0.2711
45 0.2799
46 0.29125
47 0.2989
48 0.30545
49 0.30795
50 0.3185
51 0.3245
52 0.3276
53 0.33345
54 0.336
55 0.3406
56 0.34275
57 0.34605
58 0.3521
59 0.3567
60 0.36415
61 0.3709
62 0.37945
63 0.38185
64 0.3864
65 0.3885
66 0.3955
67 0.3979
68 0.404
69 0.4063
70 0.4084
71 0.40925
72 0.4139
73 0.41575
74 0.4216
75 0.42495
76 0.4287
77 0.4328
78 0.43855
79 0.4461
80 0.45315
81 0.4631
82 0.4662
83 0.4707
84 0.47405
85 0.48365
86 0.48775
87 0.49135
88 0.4973
89 0.5017
90 0.5048
91 0.50785
92 0.51625
93 0.5234
94 0.5283
95 0.5356
96 0.5383
97 0.5422
98 0.55275
99 0.562
100 0.5668
101 0.5731
102 0.57965
103 0.5811
104 0.5875
105 0.5912
106 0.596
107 0.60165
108 0.6054
109 0.6112
110 0.61345
111 0.6218
112 0.6258
113 0.62665
114 0.63445
115 0.63515
116 0.6392
117 0.64465
118 0.65745
119 0.66335
120 0.66725
121 0.6757
122 0.6808
123 0.68485
124 0.68865
125 0.69315
126 0.6995
127 0.708
128 0.71035
129 0.71285
130 0.71975
131 0.72225
132 0.7313
133 0.73805
134 0.74135
135 0.74765
136 0.7527
137 0.7612
138 0.7685
139 0.77285
140 0.77995
141 0.7868
142 0.7891
143 0.7935
144 0.7943
145 0.7977
146 0.80765
147 0.8167
148 0.81955
149 0.82235
150 0.8308
151 0.8351
152 0.8393
153 0.84415
154 0.84855
155 0.85175
156 0.8565
157 0.86115
158 0.8684
159 0.87945
160 0.88385
161 0.88785
162 0.89235
163 0.89875
164 0.9076
165 0.90985
166 0.91195
167 0.91415
168 0.9172
169 0.9198
170 0.9293
171 0.9372
172 0.94235
173 0.9461
174 0.95055
175 0.95805
176 0.96005
177 0.9639
178 0.97015
179 0.9709
180 0.97915
181 0.98095
182 0.98755
183 0.9919
184 0.99265
185 0.9963
186 1.0038
# Generated pool n. 42 for Umax = -16.785749435424805
# Generated a biased pool of 20000 with an acceptance of 0.3441319763660431
# Generated a pool of 20000 with an acceptance of 0.0053679144385026705
# Generation repeated 187 times
# Average relative effective sample size: 0.06748811900615692
# Generation efficiency: 0.0053475935828877
