# Generation 16

0 0.0025
1 0.00345
2 0.0038
3 0.0043
4 0.0065
5 0.0076
6 0.00825
7 0.00845
8 0.00885
9 0.00975
10 0.01105
11 0.01195
12 0.0133
13 0.01475
14 0.01545
15 0.01695
16 0.0175
17 0.0188
18 0.01915
19 0.02045
20 0.02135
21 0.02195
22 0.02245
23 0.0243
24 0.02485
25 0.0268
26 0.02915
27 0.0308
28 0.0316
29 0.0326
30 0.03305
31 0.03315
32 0.0344
33 0.0352
34 0.0368
35 0.038
36 0.03805
37 0.0398
38 0.0412
39 0.0427
40 0.044
41 0.04695
42 0.0478
43 0.0487
44 0.04975
45 0.04985
46 0.0517
47 0.05195
48 0.05215
49 0.0527
50 0.0529
51 0.0536
52 0.0539
53 0.0543
54 0.05555
55 0.05605
56 0.05625
57 0.057
58 0.0583
59 0.0596
60 0.0599
61 0.06095
62 0.06225
63 0.06325
64 0.0638
65 0.06395
66 0.066
67 0.0666
68 0.0686
69 0.06865
70 0.069
71 0.06965
72 0.0704
73 0.07075
74 0.0726
75 0.07315
76 0.0741
77 0.07505
78 0.0754
79 0.07625
80 0.07825
81 0.08
82 0.08095
83 0.08135
84 0.0819
85 0.08255
86 0.0834
87 0.08475
88 0.0853
89 0.08555
90 0.0862
91 0.0874
92 0.0883
93 0.08905
94 0.08985
95 0.09185
96 0.0933
97 0.0945
98 0.0951
99 0.09535
100 0.09575
101 0.09695
102 0.09895
103 0.10065
104 0.101
105 0.10115
106 0.10295
107 0.1038
108 0.1042
109 0.10545
110 0.10565
111 0.107
112 0.1076
113 0.1083
114 0.11005
115 0.11085
116 0.1125
117 0.11385
118 0.11485
119 0.11605
120 0.11735
121 0.11905
122 0.12035
123 0.12065
124 0.12265
125 0.123
126 0.1236
127 0.1237
128 0.12505
129 0.1272
130 0.1276
131 0.12855
132 0.13055
133 0.13155
134 0.1334
135 0.13495
136 0.1358
137 0.1374
138 0.1384
139 0.13985
140 0.14155
141 0.1416
142 0.14285
143 0.1436
144 0.14545
145 0.1468
146 0.1483
147 0.1493
148 0.1499
149 0.1506
150 0.15125
151 0.15185
152 0.15395
153 0.15485
154 0.1558
155 0.15775
156 0.1585
157 0.16005
158 0.1611
159 0.1622
160 0.1631
161 0.165
162 0.1668
163 0.16795
164 0.1685
165 0.1687
166 0.1693
167 0.1697
168 0.1702
169 0.1711
170 0.17165
171 0.1745
172 0.1756
173 0.17575
174 0.1772
175 0.1778
176 0.1788
177 0.1796
178 0.182
179 0.183
180 0.184
181 0.1853
182 0.18585
183 0.1872
184 0.18915
185 0.1899
186 0.19045
187 0.19115
188 0.1919
189 0.1929
190 0.1933
191 0.1939
192 0.1944
193 0.19485
194 0.1962
195 0.19675
196 0.1972
197 0.19885
198 0.2002
199 0.2004
200 0.2011
201 0.20375
202 0.20485
203 0.20585
204 0.20615
205 0.2086
206 0.21005
207 0.21035
208 0.21155
209 0.21235
210 0.2144
211 0.2151
212 0.2167
213 0.21765
214 0.2197
215 0.2215
216 0.2227
217 0.2236
218 0.22505
219 0.2259
220 0.2262
221 0.2265
222 0.22805
223 0.229
224 0.22935
225 0.23025
226 0.2317
227 0.2324
228 0.23465
229 0.2351
230 0.2354
231 0.2355
232 0.236
233 0.2373
234 0.23785
235 0.2388
236 0.239
237 0.24045
238 0.24175
239 0.24235
240 0.2437
241 0.2455
242 0.2464
243 0.2469
244 0.2481
245 0.2484
246 0.24895
247 0.24965
248 0.25035
249 0.2505
250 0.2513
251 0.2517
252 0.25295
253 0.2534
254 0.25365
255 0.25505
256 0.2575
257 0.2582
258 0.2591
259 0.2592
260 0.261
261 0.2614
262 0.26245
263 0.264
264 0.2658
265 0.2672
266 0.26805
267 0.2692
268 0.2696
269 0.2702
270 0.2711
271 0.27145
272 0.27155
273 0.27195
274 0.27305
275 0.27355
276 0.2747
277 0.27505
278 0.2757
279 0.27645
280 0.2771
281 0.28025
282 0.28085
283 0.28295
284 0.28325
285 0.2833
286 0.28395
287 0.2842
288 0.28525
289 0.28535
290 0.28595
291 0.28605
292 0.28675
293 0.28695
294 0.28845
295 0.28895
296 0.2903
297 0.29125
298 0.2914
299 0.2919
300 0.2932
301 0.29375
302 0.2953
303 0.29625
304 0.2968
305 0.29865
306 0.2993
307 0.2996
308 0.3
309 0.3009
310 0.3015
311 0.30285
312 0.3037
313 0.30505
314 0.3057
315 0.30685
316 0.30755
317 0.30825
318 0.3094
319 0.31095
320 0.3112
321 0.31175
322 0.31275
323 0.3131
324 0.31375
325 0.31395
326 0.3148
327 0.31555
328 0.31625
329 0.31715
330 0.3173
331 0.31735
332 0.3186
333 0.3192
334 0.31945
335 0.3208
336 0.32225
337 0.32385
338 0.3246
339 0.32585
340 0.32765
341 0.32975
342 0.3304
343 0.33175
344 0.3336
345 0.33465
346 0.33505
347 0.33655
348 0.33815
349 0.3388
350 0.3396
351 0.33995
352 0.3404
353 0.3409
354 0.3415
355 0.3421
356 0.34295
357 0.34355
358 0.34385
359 0.344
360 0.34525
361 0.34555
362 0.3462
363 0.3474
364 0.3497
365 0.35055
366 0.3515
367 0.3533
368 0.35395
369 0.3549
370 0.35525
371 0.3564
372 0.35755
373 0.359
374 0.3592
375 0.35985
376 0.3611
377 0.3621
378 0.3627
379 0.3637
380 0.3654
381 0.366
382 0.36705
383 0.36845
384 0.3694
385 0.37055
386 0.3712
387 0.37325
388 0.3737
389 0.37495
390 0.3752
391 0.3763
392 0.377
393 0.3777
394 0.37955
395 0.3805
396 0.3823
397 0.3834
398 0.38575
399 0.38635
400 0.3868
401 0.38705
402 0.388
403 0.3891
404 0.3902
405 0.3921
406 0.3926
407 0.39315
408 0.3943
409 0.3957
410 0.39795
411 0.3991
412 0.4013
413 0.4018
414 0.4032
415 0.4051
416 0.40635
417 0.4067
418 0.4098
419 0.40995
420 0.41045
421 0.41155
422 0.41275
423 0.4161
424 0.4172
425 0.41825
426 0.41905
427 0.42
428 0.4205
429 0.42095
430 0.4224
431 0.4227
432 0.42365
433 0.42395
434 0.4259
435 0.4269
436 0.4281
437 0.42925
438 0.4304
439 0.43155
440 0.43255
441 0.4328
442 0.43345
443 0.43415
444 0.4344
445 0.4347
446 0.43545
447 0.4364
448 0.4369
449 0.43795
450 0.43915
451 0.44025
452 0.4412
453 0.4421
454 0.4428
455 0.44325
456 0.44425
457 0.44455
458 0.44555
459 0.4476
460 0.4492
461 0.45065
462 0.452
463 0.45265
464 0.4537
465 0.456
466 0.45675
467 0.45765
468 0.4579
469 0.4583
470 0.4605
471 0.46205
472 0.4633
473 0.4637
474 0.46535
475 0.46645
476 0.46715
477 0.46815
478 0.46895
479 0.4694
480 0.46955
481 0.47095
482 0.4711
483 0.47175
484 0.472
485 0.4739
486 0.4751
487 0.47605
488 0.47755
489 0.4792
490 0.48045
491 0.4812
492 0.48215
493 0.48345
494 0.4835
495 0.4849
496 0.48745
497 0.4877
498 0.48845
499 0.489
500 0.4906
501 0.492
502 0.4925
503 0.49415
504 0.4949
505 0.4954
506 0.49675
507 0.49715
508 0.4981
509 0.49925
510 0.4999
511 0.50075
512 0.50185
513 0.5019
514 0.503
515 0.5049
516 0.50545
517 0.5065
518 0.50695
519 0.5082
520 0.5094
521 0.5107
522 0.51215
523 0.5137
524 0.5147
525 0.5159
526 0.5163
527 0.51665
528 0.51715
529 0.5201
530 0.5215
531 0.5224
532 0.52275
533 0.52305
534 0.52485
535 0.5285
536 0.5297
537 0.53105
538 0.53145
539 0.5317
540 0.5328
541 0.53415
542 0.5346
543 0.535
544 0.53555
545 0.5368
546 0.5375
547 0.53795
548 0.5386
549 0.53885
550 0.5408
551 0.541
552 0.54195
553 0.5428
554 0.54315
555 0.54335
556 0.54505
557 0.5462
558 0.54695
559 0.54885
560 0.55055
561 0.55115
562 0.5518
563 0.5536
564 0.55455
565 0.55505
566 0.55575
567 0.5588
568 0.5601
569 0.5606
570 0.561
571 0.56175
572 0.56265
573 0.56375
574 0.56525
575 0.5658
576 0.56655
577 0.5676
578 0.56855
579 0.56915
580 0.57025
581 0.5705
582 0.57075
583 0.57155
584 0.57325
585 0.57405
586 0.57485
587 0.5751
588 0.57595
589 0.57665
590 0.5771
591 0.5775
592 0.5791
593 0.5799
594 0.58045
595 0.58215
596 0.5842
597 0.5849
598 0.58655
599 0.58745
600 0.58765
601 0.5896
602 0.5907
603 0.59125
604 0.59185
605 0.5932
606 0.59435
607 0.59535
608 0.59655
609 0.5973
610 0.59855
611 0.5996
612 0.60105
613 0.6029
614 0.60355
615 0.60505
616 0.6062
617 0.6069
618 0.60785
619 0.609
620 0.61035
621 0.61295
622 0.6143
623 0.6162
624 0.61805
625 0.6194
626 0.6199
627 0.62205
628 0.6239
629 0.6252
630 0.62595
631 0.6267
632 0.6277
633 0.629
634 0.6301
635 0.6315
636 0.6328
637 0.6345
638 0.63605
639 0.63715
640 0.63835
641 0.64075
642 0.64165
643 0.64275
644 0.6443
645 0.6468
646 0.6477
647 0.64855
648 0.6502
649 0.65145
650 0.6523
651 0.65245
652 0.6528
653 0.6532
654 0.6549
655 0.6559
656 0.6563
657 0.65765
658 0.65925
659 0.6599
660 0.66075
661 0.6615
662 0.66205
663 0.6638
664 0.66515
665 0.66545
666 0.66565
667 0.6662
668 0.6672
669 0.66765
670 0.66915
671 0.6705
672 0.67155
673 0.67295
674 0.6737
675 0.67565
676 0.67715
677 0.67755
678 0.67845
679 0.67895
680 0.68065
681 0.68095
682 0.6818
683 0.68225
684 0.68295
685 0.6843
686 0.6845
687 0.68525
688 0.68575
689 0.6864
690 0.687
691 0.68725
692 0.6882
693 0.6897
694 0.6919
695 0.693
696 0.69395
697 0.6941
698 0.6949
699 0.69665
700 0.69745
701 0.69925
702 0.7006
703 0.702
704 0.70235
705 0.70455
706 0.7059
707 0.70665
708 0.70685
709 0.7077
710 0.70875
711 0.7092
712 0.70965
713 0.7103
714 0.7109
715 0.7119
716 0.71405
717 0.7152
718 0.7165
719 0.7178
720 0.71865
721 0.72005
722 0.72035
723 0.7224
724 0.72365
725 0.7263
726 0.72685
727 0.7269
728 0.72775
729 0.729
730 0.7309
731 0.7314
732 0.73175
733 0.73415
734 0.73485
735 0.7353
736 0.7363
737 0.7377
738 0.73825
739 0.73935
740 0.73985
741 0.74055
742 0.741
743 0.7429
744 0.7432
745 0.7438
746 0.745
747 0.7458
748 0.74725
749 0.74815
750 0.74875
751 0.74995
752 0.75155
753 0.753
754 0.7538
755 0.75445
756 0.75515
757 0.75725
758 0.758
759 0.7589
760 0.75965
761 0.7607
762 0.7615
763 0.76275
764 0.76305
765 0.7648
766 0.7651
767 0.76585
768 0.76735
769 0.7677
770 0.76865
771 0.7698
772 0.77015
773 0.77095
774 0.77325
775 0.7748
776 0.77485
777 0.77595
778 0.7785
779 0.77915
780 0.78025
781 0.78285
782 0.78455
783 0.7847
784 0.7859
785 0.78785
786 0.7885
787 0.78915
788 0.7898
789 0.7902
790 0.79105
791 0.7917
792 0.7923
793 0.7933
794 0.7936
795 0.7938
796 0.79445
797 0.7969
798 0.7973
799 0.7983
800 0.8005
801 0.80065
802 0.8027
803 0.80365
804 0.80385
805 0.80655
806 0.8075
807 0.8084
808 0.80905
809 0.81185
810 0.8124
811 0.81265
812 0.8129
813 0.81355
814 0.81605
815 0.81705
816 0.81825
817 0.81935
818 0.82065
819 0.8213
820 0.82165
821 0.8224
822 0.82305
823 0.82415
824 0.82475
825 0.8262
826 0.82785
827 0.8282
828 0.82855
829 0.8291
830 0.8305
831 0.83365
832 0.835
833 0.8357
834 0.83715
835 0.83795
836 0.83905
837 0.83935
838 0.84095
839 0.8429
840 0.84335
841 0.84575
842 0.8466
843 0.84705
844 0.8475
845 0.8488
846 0.8491
847 0.85085
848 0.853
849 0.85445
850 0.85495
851 0.85565
852 0.8575
853 0.85795
854 0.85845
855 0.85895
856 0.85965
857 0.86085
858 0.8611
859 0.86175
860 0.8625
861 0.8636
862 0.86445
863 0.86525
864 0.86615
865 0.8681
866 0.86925
867 0.87075
868 0.8731
869 0.87455
870 0.8752
871 0.8766
872 0.877
873 0.87755
874 0.8794
875 0.87975
876 0.8802
877 0.8822
878 0.8824
879 0.88245
880 0.88455
881 0.8858
882 0.88625
883 0.8877
884 0.8885
885 0.88965
886 0.88985
887 0.89035
888 0.8914
889 0.8932
890 0.89515
891 0.8964
892 0.8969
893 0.8981
894 0.89885
895 0.9
896 0.9002
897 0.90085
898 0.90165
899 0.9019
900 0.90255
901 0.9049
902 0.90565
903 0.9069
904 0.90925
905 0.90945
906 0.91085
907 0.91165
908 0.9132
909 0.9138
910 0.9158
911 0.91695
912 0.9182
913 0.9189
914 0.9198
915 0.922
916 0.9225
917 0.92255
918 0.92285
919 0.92345
920 0.92425
921 0.92565
922 0.92665
923 0.92775
924 0.92875
925 0.9297
926 0.93025
927 0.93205
928 0.9352
929 0.93545
930 0.9358
931 0.93635
932 0.93655
933 0.93695
934 0.9374
935 0.93845
936 0.93955
937 0.9403
938 0.94165
939 0.94285
940 0.9444
941 0.9454
942 0.9462
943 0.9468
944 0.9481
945 0.9487
946 0.9496
947 0.95075
948 0.95115
949 0.95125
950 0.9516
951 0.95245
952 0.9528
953 0.9547
954 0.9555
955 0.95685
956 0.95745
957 0.95905
958 0.95975
959 0.961
960 0.96275
961 0.96365
962 0.9651
963 0.9664
964 0.9671
965 0.96805
966 0.96915
967 0.9707
968 0.9715
969 0.9731
970 0.9736
971 0.97505
972 0.97605
973 0.9772
974 0.97985
975 0.98095
976 0.98215
977 0.98295
978 0.9844
979 0.9848
980 0.9859
981 0.9868
982 0.989
983 0.99095
984 0.9913
985 0.99295
986 0.9937
987 0.99485
988 0.996
989 0.99615
990 0.9979
991 0.99985
992 1.00035
# Generated pool n. 16 for Umax = -14.027828216552734
# Generated a biased pool of 20000 with an acceptance of 0.07773063331842422
# Generated a pool of 20000 with an acceptance of 0.001007401812688819
# Generation repeated 993 times
# Average relative effective sample size: 0.00625671586021781
# Generation efficiency: 0.0010070493454179255
