# Generation 30

0 0.0004
1 0.00135
2 0.00195
3 0.0038
4 0.00525
5 0.00615
6 0.0067
7 0.00785
8 0.00935
9 0.00965
10 0.01115
11 0.0119
12 0.0131
13 0.0149
14 0.01605
15 0.01755
16 0.0182
17 0.01845
18 0.01875
19 0.0191
20 0.0214
21 0.02235
22 0.02405
23 0.0247
24 0.0263
25 0.02805
26 0.03045
27 0.03115
28 0.03175
29 0.0327
30 0.0336
31 0.0347
32 0.0367
33 0.03815
34 0.03945
35 0.04125
36 0.0437
37 0.0455
38 0.04675
39 0.0475
40 0.0489
41 0.0497
42 0.05015
43 0.05075
44 0.0526
45 0.0544
46 0.05665
47 0.0573
48 0.0588
49 0.05945
50 0.0607
51 0.0608
52 0.0632
53 0.0641
54 0.06485
55 0.0659
56 0.06645
57 0.06665
58 0.06685
59 0.0675
60 0.0677
61 0.0679
62 0.0687
63 0.0696
64 0.07135
65 0.0717
66 0.0724
67 0.07255
68 0.0735
69 0.07425
70 0.0757
71 0.0768
72 0.07805
73 0.0795
74 0.07975
75 0.08005
76 0.08065
77 0.0814
78 0.0826
79 0.08355
80 0.08445
81 0.08575
82 0.0861
83 0.08725
84 0.0886
85 0.09015
86 0.09145
87 0.09155
88 0.0927
89 0.0938
90 0.094
91 0.09535
92 0.09635
93 0.0968
94 0.0979
95 0.09935
96 0.1009
97 0.10125
98 0.1015
99 0.1035
100 0.1041
101 0.1044
102 0.10475
103 0.1069
104 0.10785
105 0.1083
106 0.10895
107 0.1094
108 0.11015
109 0.111
110 0.1116
111 0.11345
112 0.11385
113 0.115
114 0.116
115 0.11705
116 0.1176
117 0.11905
118 0.1193
119 0.1194
120 0.12035
121 0.1204
122 0.1215
123 0.1221
124 0.1235
125 0.12575
126 0.127
127 0.1279
128 0.12845
129 0.12865
130 0.1304
131 0.13185
132 0.132
133 0.13235
134 0.13285
135 0.1341
136 0.13485
137 0.136
138 0.13675
139 0.13845
140 0.13865
141 0.1389
142 0.1393
143 0.1398
144 0.1404
145 0.14185
146 0.14305
147 0.14395
148 0.14455
149 0.14485
150 0.14645
151 0.1465
152 0.14855
153 0.1498
154 0.1505
155 0.15125
156 0.1533
157 0.1546
158 0.15505
159 0.15635
160 0.1573
161 0.15745
162 0.1596
163 0.1608
164 0.1611
165 0.1612
166 0.164
167 0.16405
168 0.1654
169 0.1663
170 0.16795
171 0.16835
172 0.16955
173 0.1704
174 0.1713
175 0.17315
176 0.1735
177 0.17535
178 0.1754
179 0.17635
180 0.17775
181 0.1787
182 0.1804
183 0.18055
184 0.1824
185 0.1833
186 0.1836
187 0.18435
188 0.1876
189 0.18775
190 0.1884
191 0.1887
192 0.19055
193 0.1911
194 0.19145
195 0.1922
196 0.193
197 0.19365
198 0.194
199 0.1947
200 0.19505
201 0.1962
202 0.1973
203 0.1978
204 0.19805
205 0.19885
206 0.19935
207 0.19945
208 0.2
209 0.20055
210 0.2016
211 0.20315
212 0.20465
213 0.2069
214 0.2079
215 0.2099
216 0.2106
217 0.21235
218 0.21445
219 0.2159
220 0.21845
221 0.2189
222 0.21935
223 0.22025
224 0.22175
225 0.22505
226 0.22675
227 0.22715
228 0.2285
229 0.22995
230 0.23035
231 0.23205
232 0.2326
233 0.23395
234 0.23485
235 0.23605
236 0.23785
237 0.23915
238 0.2411
239 0.2416
240 0.24265
241 0.2439
242 0.2445
243 0.24675
244 0.2482
245 0.24905
246 0.24995
247 0.2518
248 0.2528
249 0.25335
250 0.25505
251 0.25615
252 0.2563
253 0.25645
254 0.2573
255 0.2599
256 0.26115
257 0.2625
258 0.26535
259 0.2665
260 0.26715
261 0.2673
262 0.26895
263 0.2693
264 0.27055
265 0.2714
266 0.2732
267 0.27425
268 0.27455
269 0.2754
270 0.2767
271 0.27805
272 0.28095
273 0.28105
274 0.2824
275 0.2832
276 0.28405
277 0.28535
278 0.2865
279 0.28655
280 0.2873
281 0.28755
282 0.28855
283 0.28985
284 0.29045
285 0.29185
286 0.29215
287 0.29235
288 0.29275
289 0.2935
290 0.2954
291 0.2966
292 0.297
293 0.2976
294 0.2993
295 0.2996
296 0.3005
297 0.3023
298 0.30285
299 0.30305
300 0.30375
301 0.30435
302 0.305
303 0.30545
304 0.30615
305 0.3085
306 0.3087
307 0.30965
308 0.31025
309 0.31055
310 0.31095
311 0.3115
312 0.3122
313 0.31395
314 0.31425
315 0.3143
316 0.31505
317 0.3164
318 0.31765
319 0.3183
320 0.319
321 0.3196
322 0.31975
323 0.32
324 0.32115
325 0.32265
326 0.32285
327 0.32375
328 0.32575
329 0.3261
330 0.32855
331 0.32955
332 0.3323
333 0.3333
334 0.3346
335 0.3352
336 0.33655
337 0.3376
338 0.33875
339 0.33945
340 0.3402
341 0.34095
342 0.34125
343 0.3423
344 0.34305
345 0.34355
346 0.34375
347 0.3445
348 0.3455
349 0.34705
350 0.3476
351 0.34785
352 0.35035
353 0.3525
354 0.35295
355 0.3538
356 0.35535
357 0.3557
358 0.3562
359 0.3574
360 0.3587
361 0.3597
362 0.3616
363 0.3623
364 0.3634
365 0.36545
366 0.3668
367 0.36735
368 0.369
369 0.36945
370 0.37065
371 0.37095
372 0.37105
373 0.3717
374 0.3718
375 0.37335
376 0.374
377 0.37515
378 0.3755
379 0.3765
380 0.37675
381 0.37725
382 0.37735
383 0.37865
384 0.38075
385 0.38195
386 0.38235
387 0.38345
388 0.3843
389 0.3852
390 0.38655
391 0.388
392 0.38845
393 0.3891
394 0.39115
395 0.3925
396 0.39305
397 0.39385
398 0.39455
399 0.3949
400 0.39545
401 0.3963
402 0.3971
403 0.39905
404 0.40055
405 0.40105
406 0.4023
407 0.40325
408 0.40425
409 0.40495
410 0.40725
411 0.40815
412 0.40935
413 0.4112
414 0.41175
415 0.41305
416 0.4131
417 0.41345
418 0.4169
419 0.4177
420 0.41795
421 0.4184
422 0.4187
423 0.41985
424 0.42065
425 0.42095
426 0.42195
427 0.4221
428 0.42235
429 0.42245
430 0.4234
431 0.4248
432 0.42555
433 0.42615
434 0.4266
435 0.42685
436 0.42695
437 0.42765
438 0.4283
439 0.4292
440 0.4304
441 0.43085
442 0.43145
443 0.43415
444 0.4351
445 0.43575
446 0.43745
447 0.4381
448 0.43855
449 0.43925
450 0.44085
451 0.4412
452 0.4426
453 0.44355
454 0.44475
455 0.44555
456 0.4466
457 0.4487
458 0.4498
459 0.45085
460 0.4514
461 0.4519
462 0.45195
463 0.45355
464 0.45425
465 0.45475
466 0.4554
467 0.45635
468 0.45725
469 0.45875
470 0.46
471 0.46035
472 0.4615
473 0.4639
474 0.46405
475 0.4647
476 0.465
477 0.46625
478 0.46735
479 0.4676
480 0.4697
481 0.47055
482 0.4721
483 0.47215
484 0.47315
485 0.4751
486 0.4765
487 0.47725
488 0.47785
489 0.4781
490 0.4791
491 0.47975
492 0.48
493 0.48085
494 0.48285
495 0.48345
496 0.4842
497 0.48485
498 0.4865
499 0.48755
500 0.4895
501 0.4917
502 0.4925
503 0.49295
504 0.495
505 0.4952
506 0.4965
507 0.49765
508 0.49915
509 0.4998
510 0.50055
511 0.5007
512 0.50175
513 0.50345
514 0.50455
515 0.50465
516 0.5052
517 0.50535
518 0.50675
519 0.50855
520 0.5094
521 0.5101
522 0.5113
523 0.51175
524 0.5124
525 0.51455
526 0.51715
527 0.51895
528 0.5201
529 0.52135
530 0.52255
531 0.52365
532 0.5239
533 0.52535
534 0.52685
535 0.5278
536 0.52805
537 0.52815
538 0.529
539 0.5298
540 0.53055
541 0.5308
542 0.5318
543 0.5331
544 0.5339
545 0.53405
546 0.5345
547 0.5354
548 0.5358
549 0.53625
550 0.5383
551 0.5393
552 0.54045
553 0.5405
554 0.54085
555 0.54255
556 0.5439
557 0.54525
558 0.54575
559 0.547
560 0.54795
561 0.5486
562 0.55075
563 0.55315
564 0.5551
565 0.55705
566 0.55785
567 0.5588
568 0.5597
569 0.56155
570 0.5627
571 0.56485
572 0.56605
573 0.5669
574 0.5678
575 0.57055
576 0.57265
577 0.5735
578 0.57485
579 0.57665
580 0.57735
581 0.5781
582 0.5794
583 0.58025
584 0.58175
585 0.58295
586 0.58415
587 0.5846
588 0.5849
589 0.5857
590 0.5858
591 0.5865
592 0.587
593 0.5883
594 0.5892
595 0.59085
596 0.59255
597 0.59335
598 0.595
599 0.5954
600 0.59655
601 0.5976
602 0.5977
603 0.5993
604 0.601
605 0.6026
606 0.6035
607 0.6054
608 0.6063
609 0.60785
610 0.60805
611 0.60995
612 0.61115
613 0.61215
614 0.6132
615 0.61405
616 0.6146
617 0.6148
618 0.61565
619 0.61575
620 0.6159
621 0.61785
622 0.6188
623 0.61995
624 0.62155
625 0.6218
626 0.62205
627 0.6225
628 0.6237
629 0.62375
630 0.6239
631 0.62595
632 0.62785
633 0.6298
634 0.63075
635 0.63215
636 0.6327
637 0.63425
638 0.6345
639 0.63585
640 0.63655
641 0.6366
642 0.6372
643 0.63835
644 0.64035
645 0.64125
646 0.64265
647 0.6442
648 0.64455
649 0.6464
650 0.6469
651 0.6487
652 0.6498
653 0.65035
654 0.6514
655 0.65185
656 0.6528
657 0.65455
658 0.6555
659 0.65665
660 0.65795
661 0.65885
662 0.659
663 0.6607
664 0.66135
665 0.6616
666 0.6629
667 0.66365
668 0.66495
669 0.66615
670 0.66725
671 0.66825
672 0.66895
673 0.66965
674 0.67015
675 0.6704
676 0.671
677 0.6714
678 0.6722
679 0.6728
680 0.6747
681 0.67535
682 0.6759
683 0.6762
684 0.6767
685 0.67705
686 0.6772
687 0.6791
688 0.67955
689 0.68065
690 0.68095
691 0.6822
692 0.68395
693 0.68535
694 0.6877
695 0.68825
696 0.69095
697 0.69135
698 0.69205
699 0.6921
700 0.69225
701 0.69295
702 0.69405
703 0.6951
704 0.6955
705 0.6972
706 0.69765
707 0.69835
708 0.69945
709 0.7002
710 0.7008
711 0.70355
712 0.70445
713 0.70675
714 0.70685
715 0.7084
716 0.7091
717 0.71125
718 0.7118
719 0.7122
720 0.71335
721 0.7151
722 0.71625
723 0.7172
724 0.71745
725 0.7188
726 0.7193
727 0.71965
728 0.7208
729 0.7234
730 0.7243
731 0.72455
732 0.7254
733 0.727
734 0.7272
735 0.72895
736 0.7292
737 0.7297
738 0.7307
739 0.73225
740 0.73265
741 0.73495
742 0.73655
743 0.73785
744 0.7381
745 0.73855
746 0.73895
747 0.74035
748 0.74125
749 0.7416
750 0.74205
751 0.74285
752 0.7441
753 0.7445
754 0.74495
755 0.74555
756 0.746
757 0.74775
758 0.7482
759 0.74945
760 0.7497
761 0.751
762 0.75185
763 0.75385
764 0.75415
765 0.75445
766 0.75505
767 0.7556
768 0.7558
769 0.75655
770 0.75695
771 0.758
772 0.7609
773 0.762
774 0.763
775 0.76565
776 0.76655
777 0.7674
778 0.7676
779 0.76795
780 0.76875
781 0.76915
782 0.77065
783 0.77235
784 0.7733
785 0.77495
786 0.77555
787 0.77605
788 0.77675
789 0.7776
790 0.77805
791 0.7782
792 0.7787
793 0.7793
794 0.78185
795 0.78295
796 0.78495
797 0.7857
798 0.78735
799 0.78795
800 0.7887
801 0.79005
802 0.79105
803 0.79275
804 0.7942
805 0.7959
806 0.7965
807 0.7989
808 0.79955
809 0.80045
810 0.80115
811 0.80155
812 0.8028
813 0.80365
814 0.8056
815 0.8066
816 0.80685
817 0.80755
818 0.8086
819 0.80945
820 0.81095
821 0.8121
822 0.81285
823 0.81425
824 0.8147
825 0.81605
826 0.818
827 0.81835
828 0.81855
829 0.8204
830 0.8206
831 0.8226
832 0.8247
833 0.82505
834 0.82575
835 0.8272
836 0.82985
837 0.8302
838 0.83065
839 0.8309
840 0.8312
841 0.83285
842 0.83565
843 0.83625
844 0.83695
845 0.8373
846 0.8379
847 0.83815
848 0.8403
849 0.84055
850 0.84085
851 0.84195
852 0.84205
853 0.84305
854 0.84465
855 0.8459
856 0.84745
857 0.84905
858 0.8504
859 0.8507
860 0.8522
861 0.85235
862 0.8532
863 0.8539
864 0.8554
865 0.85615
866 0.8576
867 0.8607
868 0.8628
869 0.8647
870 0.86535
871 0.86595
872 0.86615
873 0.8672
874 0.8675
875 0.86845
876 0.8688
877 0.86965
878 0.8704
879 0.87295
880 0.87545
881 0.8755
882 0.8766
883 0.8775
884 0.87905
885 0.8809
886 0.8817
887 0.88185
888 0.8825
889 0.88425
890 0.88535
891 0.88605
892 0.88725
893 0.88795
894 0.88965
895 0.89065
896 0.89095
897 0.892
898 0.8934
899 0.894
900 0.8951
901 0.89585
902 0.8975
903 0.89825
904 0.89975
905 0.90135
906 0.9017
907 0.90205
908 0.9037
909 0.9046
910 0.905
911 0.9056
912 0.9063
913 0.90675
914 0.9076
915 0.9083
916 0.91015
917 0.91235
918 0.91405
919 0.9149
920 0.91535
921 0.9155
922 0.916
923 0.9166
924 0.91725
925 0.91805
926 0.91885
927 0.91995
928 0.92125
929 0.92215
930 0.9223
931 0.92235
932 0.9229
933 0.9234
934 0.9239
935 0.9253
936 0.9259
937 0.9265
938 0.927
939 0.92755
940 0.928
941 0.9287
942 0.92905
943 0.92985
944 0.9309
945 0.93195
946 0.9326
947 0.93425
948 0.93565
949 0.9359
950 0.93715
951 0.9389
952 0.93985
953 0.9412
954 0.94225
955 0.9428
956 0.94425
957 0.9448
958 0.9458
959 0.94735
960 0.9478
961 0.94865
962 0.94995
963 0.95005
964 0.9509
965 0.9516
966 0.9532
967 0.9537
968 0.9545
969 0.955
970 0.9556
971 0.95585
972 0.9566
973 0.95805
974 0.95905
975 0.9592
976 0.95965
977 0.9599
978 0.96005
979 0.961
980 0.96185
981 0.9623
982 0.9634
983 0.96365
984 0.96475
985 0.9661
986 0.96675
987 0.9672
988 0.96735
989 0.96795
990 0.9684
991 0.96905
992 0.96945
993 0.97015
994 0.97055
995 0.97085
996 0.9741
997 0.9753
998 0.9762
999 0.97635
1000 0.9768
1001 0.9772
1002 0.97885
1003 0.97925
1004 0.98045
1005 0.9813
1006 0.9831
1007 0.98475
1008 0.98555
1009 0.986
1010 0.98665
1011 0.9881
1012 0.98945
1013 0.99105
1014 0.99185
1015 0.99255
1016 0.99445
1017 0.995
1018 0.99555
1019 0.99675
1020 0.99775
1021 0.999
1022 1.00005
# Generated pool n. 30 for Umax = -16.414518356323242
# Generated a biased pool of 20000 with an acceptance of 0.07327179610729218
# Generated a pool of 20000 with an acceptance of 0.0009775659824046905
# Generation repeated 1023 times
# Average relative effective sample size: 0.005580534692853689
# Generation efficiency: 0.0009775171065493646
