# Generation 12

0 0.001
1 0.00175
2 0.00335
3 0.00585
4 0.0072
5 0.0088
6 0.0102
7 0.0118
8 0.01275
9 0.0139
10 0.01595
11 0.01625
12 0.01775
13 0.0185
14 0.0188
15 0.0194
16 0.01965
17 0.0211
18 0.02125
19 0.0216
20 0.02215
21 0.0225
22 0.02275
23 0.02395
24 0.0252
25 0.02675
26 0.0284
27 0.0298
28 0.0304
29 0.0311
30 0.0317
31 0.0325
32 0.0328
33 0.03355
34 0.03425
35 0.03715
36 0.03765
37 0.0386
38 0.04
39 0.04025
40 0.04055
41 0.04095
42 0.04125
43 0.0425
44 0.0436
45 0.04445
46 0.04565
47 0.048
48 0.04845
49 0.04905
50 0.0509
51 0.05115
52 0.05255
53 0.05335
54 0.0545
55 0.05475
56 0.05595
57 0.05765
58 0.05805
59 0.0594
60 0.06215
61 0.06295
62 0.064
63 0.0651
64 0.0664
65 0.06695
66 0.06795
67 0.0694
68 0.06945
69 0.07055
70 0.071
71 0.07195
72 0.07285
73 0.07475
74 0.07555
75 0.0759
76 0.07875
77 0.0796
78 0.0807
79 0.08155
80 0.08195
81 0.083
82 0.08365
83 0.0843
84 0.08655
85 0.0874
86 0.08865
87 0.09085
88 0.09225
89 0.0927
90 0.09375
91 0.0954
92 0.0974
93 0.0987
94 0.0996
95 0.0999
96 0.09995
97 0.10055
98 0.10185
99 0.10255
100 0.10345
101 0.1045
102 0.10515
103 0.1062
104 0.10675
105 0.1076
106 0.1088
107 0.10995
108 0.1106
109 0.113
110 0.1137
111 0.11385
112 0.11445
113 0.11545
114 0.11745
115 0.1182
116 0.11895
117 0.12
118 0.12105
119 0.1219
120 0.124
121 0.1248
122 0.1264
123 0.1267
124 0.1275
125 0.12765
126 0.12895
127 0.1294
128 0.13
129 0.1302
130 0.1308
131 0.1321
132 0.13265
133 0.1341
134 0.1346
135 0.13575
136 0.13605
137 0.13645
138 0.13725
139 0.1373
140 0.13815
141 0.1393
142 0.14075
143 0.1414
144 0.1421
145 0.1433
146 0.14435
147 0.1456
148 0.14725
149 0.1491
150 0.1511
151 0.1516
152 0.1526
153 0.15325
154 0.15435
155 0.15485
156 0.1568
157 0.1576
158 0.1596
159 0.161
160 0.16175
161 0.1628
162 0.16395
163 0.1651
164 0.16555
165 0.1662
166 0.16895
167 0.1701
168 0.1714
169 0.1722
170 0.17285
171 0.17355
172 0.17455
173 0.1756
174 0.17705
175 0.17775
176 0.1803
177 0.18065
178 0.1822
179 0.1833
180 0.18345
181 0.18545
182 0.1864
183 0.1875
184 0.18865
185 0.1897
186 0.19125
187 0.19195
188 0.19245
189 0.193
190 0.1943
191 0.19625
192 0.19665
193 0.1975
194 0.1982
195 0.19965
196 0.19995
197 0.2013
198 0.20215
199 0.20245
200 0.2029
201 0.2035
202 0.2047
203 0.20665
204 0.20825
205 0.20915
206 0.20955
207 0.212
208 0.21255
209 0.21365
210 0.2157
211 0.216
212 0.21705
213 0.2173
214 0.2183
215 0.21995
216 0.22065
217 0.2212
218 0.2218
219 0.223
220 0.22505
221 0.22565
222 0.2263
223 0.2267
224 0.22805
225 0.23045
226 0.2308
227 0.23185
228 0.23315
229 0.2347
230 0.2353
231 0.23595
232 0.2361
233 0.2374
234 0.23855
235 0.23985
236 0.24025
237 0.2413
238 0.2432
239 0.24435
240 0.2449
241 0.24765
242 0.2485
243 0.2489
244 0.2495
245 0.2502
246 0.2517
247 0.2522
248 0.2531
249 0.2547
250 0.25505
251 0.2567
252 0.25715
253 0.2577
254 0.2581
255 0.2593
256 0.26075
257 0.26155
258 0.26185
259 0.26285
260 0.26455
261 0.2655
262 0.2669
263 0.2673
264 0.26775
265 0.27015
266 0.2706
267 0.27155
268 0.272
269 0.2724
270 0.2742
271 0.276
272 0.27705
273 0.2788
274 0.28025
275 0.2816
276 0.2831
277 0.2839
278 0.28545
279 0.28645
280 0.2868
281 0.28725
282 0.28815
283 0.2889
284 0.28955
285 0.2901
286 0.29255
287 0.2935
288 0.2963
289 0.2973
290 0.29905
291 0.30005
292 0.3014
293 0.3016
294 0.30165
295 0.3027
296 0.30305
297 0.3048
298 0.3049
299 0.3055
300 0.30665
301 0.30735
302 0.30875
303 0.31045
304 0.31205
305 0.3131
306 0.31505
307 0.31545
308 0.3156
309 0.31595
310 0.31695
311 0.3177
312 0.3182
313 0.3189
314 0.32
315 0.32085
316 0.32165
317 0.3243
318 0.3252
319 0.32585
320 0.32765
321 0.3289
322 0.3307
323 0.3317
324 0.3326
325 0.33455
326 0.33495
327 0.33635
328 0.3369
329 0.33795
330 0.3399
331 0.34105
332 0.342
333 0.34235
334 0.3428
335 0.3439
336 0.3453
337 0.3456
338 0.3469
339 0.3483
340 0.35035
341 0.3524
342 0.35325
343 0.3556
344 0.35635
345 0.35715
346 0.35745
347 0.35765
348 0.3598
349 0.36115
350 0.36165
351 0.36295
352 0.36345
353 0.3649
354 0.3655
355 0.36675
356 0.36705
357 0.36755
358 0.36795
359 0.36965
360 0.37125
361 0.37255
362 0.3743
363 0.37555
364 0.3776
365 0.3778
366 0.37885
367 0.37965
368 0.3804
369 0.38185
370 0.3826
371 0.38345
372 0.3842
373 0.3855
374 0.3868
375 0.3877
376 0.3889
377 0.3902
378 0.39145
379 0.3919
380 0.39315
381 0.3942
382 0.39535
383 0.39625
384 0.3965
385 0.3978
386 0.39805
387 0.39875
388 0.399
389 0.4012
390 0.4032
391 0.4043
392 0.4044
393 0.4048
394 0.4057
395 0.40685
396 0.408
397 0.4089
398 0.4099
399 0.41035
400 0.4114
401 0.4119
402 0.4124
403 0.4137
404 0.41425
405 0.41505
406 0.41535
407 0.4177
408 0.4198
409 0.42015
410 0.4205
411 0.42115
412 0.4216
413 0.4228
414 0.4229
415 0.42445
416 0.4246
417 0.42485
418 0.426
419 0.42725
420 0.42815
421 0.42985
422 0.4301
423 0.43145
424 0.4325
425 0.433
426 0.434
427 0.43565
428 0.43665
429 0.43745
430 0.43925
431 0.44035
432 0.44185
433 0.4427
434 0.44465
435 0.44585
436 0.44635
437 0.4469
438 0.44805
439 0.45075
440 0.45175
441 0.45365
442 0.45495
443 0.45665
444 0.45945
445 0.46045
446 0.46095
447 0.46205
448 0.46345
449 0.4643
450 0.46725
451 0.4686
452 0.46925
453 0.46975
454 0.4709
455 0.4723
456 0.47365
457 0.4759
458 0.4779
459 0.4797
460 0.48045
461 0.48145
462 0.4826
463 0.48495
464 0.48695
465 0.48895
466 0.4895
467 0.49095
468 0.49235
469 0.4926
470 0.49285
471 0.49365
472 0.49475
473 0.4962
474 0.4982
475 0.49885
476 0.5001
477 0.5015
478 0.50175
479 0.50205
480 0.5032
481 0.50515
482 0.5059
483 0.5063
484 0.50705
485 0.5078
486 0.5097
487 0.5113
488 0.51295
489 0.51365
490 0.51435
491 0.51525
492 0.51565
493 0.5162
494 0.51785
495 0.5185
496 0.519
497 0.5194
498 0.52035
499 0.5213
500 0.5224
501 0.5232
502 0.52445
503 0.526
504 0.5276
505 0.52855
506 0.52885
507 0.53015
508 0.53085
509 0.5321
510 0.5326
511 0.5336
512 0.53455
513 0.5359
514 0.53645
515 0.5375
516 0.53785
517 0.53835
518 0.539
519 0.5411
520 0.54225
521 0.54345
522 0.5441
523 0.5449
524 0.54665
525 0.5473
526 0.54815
527 0.549
528 0.55005
529 0.55125
530 0.5531
531 0.5532
532 0.5543
533 0.5546
534 0.5548
535 0.5556
536 0.55595
537 0.55685
538 0.55765
539 0.55945
540 0.5602
541 0.5605
542 0.56275
543 0.5638
544 0.56475
545 0.56575
546 0.56645
547 0.5692
548 0.56945
549 0.57005
550 0.57185
551 0.5726
552 0.5736
553 0.5748
554 0.576
555 0.57745
556 0.57785
557 0.5788
558 0.57885
559 0.57975
560 0.5816
561 0.58215
562 0.583
563 0.58355
564 0.58375
565 0.5846
566 0.58475
567 0.58485
568 0.5863
569 0.58755
570 0.5879
571 0.5885
572 0.5889
573 0.58995
574 0.59065
575 0.59145
576 0.59245
577 0.5951
578 0.5957
579 0.59725
580 0.59875
581 0.59895
582 0.59955
583 0.6002
584 0.60065
585 0.6023
586 0.60345
587 0.60405
588 0.60415
589 0.60475
590 0.60555
591 0.60695
592 0.60855
593 0.6094
594 0.61005
595 0.6106
596 0.6111
597 0.6118
598 0.61285
599 0.6138
600 0.616
601 0.61715
602 0.6185
603 0.6204
604 0.6214
605 0.6234
606 0.62365
607 0.62505
608 0.62545
609 0.6262
610 0.62765
611 0.62835
612 0.62935
613 0.63055
614 0.63185
615 0.63285
616 0.6333
617 0.6348
618 0.63555
619 0.6359
620 0.63715
621 0.6374
622 0.6383
623 0.6391
624 0.64035
625 0.64065
626 0.64155
627 0.6423
628 0.64345
629 0.64445
630 0.64495
631 0.64565
632 0.64785
633 0.6487
634 0.6496
635 0.6516
636 0.65205
637 0.65255
638 0.6534
639 0.65455
640 0.6546
641 0.65665
642 0.65845
643 0.6597
644 0.6616
645 0.66305
646 0.66395
647 0.66465
648 0.6656
649 0.66715
650 0.66965
651 0.67055
652 0.67175
653 0.672
654 0.6726
655 0.67335
656 0.6749
657 0.67645
658 0.678
659 0.6789
660 0.67955
661 0.6801
662 0.6818
663 0.6825
664 0.68375
665 0.6849
666 0.6861
667 0.687
668 0.68715
669 0.68805
670 0.6896
671 0.68975
672 0.69085
673 0.6923
674 0.69365
675 0.69565
676 0.69625
677 0.6975
678 0.69925
679 0.70035
680 0.70145
681 0.7033
682 0.7047
683 0.706
684 0.70805
685 0.70845
686 0.71055
687 0.7111
688 0.71275
689 0.71295
690 0.71375
691 0.71415
692 0.7146
693 0.71495
694 0.7152
695 0.7157
696 0.71615
697 0.71635
698 0.717
699 0.7178
700 0.71935
701 0.72085
702 0.72225
703 0.7248
704 0.7263
705 0.72735
706 0.72845
707 0.7287
708 0.7288
709 0.73025
710 0.7311
711 0.73175
712 0.73255
713 0.7344
714 0.7366
715 0.7371
716 0.73785
717 0.7382
718 0.73895
719 0.73905
720 0.74015
721 0.74085
722 0.7436
723 0.74425
724 0.7458
725 0.74655
726 0.74765
727 0.75005
728 0.7514
729 0.75225
730 0.75305
731 0.75405
732 0.75505
733 0.7553
734 0.7563
735 0.7571
736 0.7588
737 0.76025
738 0.762
739 0.76315
740 0.76435
741 0.7652
742 0.76535
743 0.76685
744 0.76815
745 0.77025
746 0.77085
747 0.7716
748 0.77405
749 0.775
750 0.7758
751 0.7773
752 0.7775
753 0.7795
754 0.78035
755 0.78185
756 0.7827
757 0.78385
758 0.785
759 0.7857
760 0.78625
761 0.7865
762 0.78725
763 0.7885
764 0.78935
765 0.7901
766 0.79065
767 0.79125
768 0.79215
769 0.79365
770 0.79395
771 0.7942
772 0.795
773 0.79615
774 0.79745
775 0.7998
776 0.8011
777 0.8023
778 0.80305
779 0.80495
780 0.8059
781 0.8078
782 0.80885
783 0.80955
784 0.8106
785 0.81215
786 0.8137
787 0.81475
788 0.81605
789 0.8168
790 0.81805
791 0.8182
792 0.8196
793 0.82035
794 0.82185
795 0.82335
796 0.8239
797 0.8249
798 0.82605
799 0.82655
800 0.8268
801 0.8282
802 0.8298
803 0.83045
804 0.83175
805 0.8328
806 0.8346
807 0.83515
808 0.83595
809 0.83655
810 0.83755
811 0.83825
812 0.8388
813 0.8407
814 0.84115
815 0.843
816 0.84425
817 0.84565
818 0.8475
819 0.84835
820 0.8486
821 0.8494
822 0.85045
823 0.85125
824 0.8517
825 0.85295
826 0.85345
827 0.85525
828 0.85615
829 0.8567
830 0.8586
831 0.85895
832 0.86015
833 0.86045
834 0.8619
835 0.86275
836 0.8635
837 0.8648
838 0.8666
839 0.86735
840 0.86785
841 0.8695
842 0.87015
843 0.871
844 0.87285
845 0.8732
846 0.87365
847 0.8739
848 0.8756
849 0.8762
850 0.8769
851 0.87755
852 0.87845
853 0.8795
854 0.8796
855 0.8806
856 0.8819
857 0.8825
858 0.8831
859 0.8836
860 0.88415
861 0.88495
862 0.88615
863 0.88715
864 0.8875
865 0.88805
866 0.88905
867 0.8895
868 0.89085
869 0.8917
870 0.8928
871 0.89395
872 0.89425
873 0.89495
874 0.89545
875 0.8965
876 0.89715
877 0.8976
878 0.89775
879 0.8996
880 0.90055
881 0.90125
882 0.9026
883 0.904
884 0.9052
885 0.90615
886 0.90675
887 0.90775
888 0.90805
889 0.90975
890 0.9116
891 0.91255
892 0.91295
893 0.9147
894 0.91585
895 0.9175
896 0.9201
897 0.9213
898 0.92215
899 0.9237
900 0.9245
901 0.92475
902 0.92555
903 0.9269
904 0.92995
905 0.9306
906 0.931
907 0.9312
908 0.93285
909 0.93385
910 0.936
911 0.9363
912 0.93675
913 0.93885
914 0.9398
915 0.94065
916 0.94135
917 0.9431
918 0.9447
919 0.9466
920 0.94735
921 0.94825
922 0.94835
923 0.9495
924 0.95125
925 0.95325
926 0.954
927 0.9553
928 0.9562
929 0.95705
930 0.95755
931 0.95845
932 0.9595
933 0.96015
934 0.9614
935 0.9624
936 0.9636
937 0.9643
938 0.96525
939 0.9668
940 0.9672
941 0.96835
942 0.9691
943 0.9694
944 0.9706
945 0.971
946 0.97195
947 0.9732
948 0.97475
949 0.9755
950 0.97655
951 0.9778
952 0.9792
953 0.97955
954 0.97995
955 0.98065
956 0.98125
957 0.98195
958 0.98405
959 0.9853
960 0.98665
961 0.9877
962 0.9883
963 0.98995
964 0.99115
965 0.99315
966 0.9935
967 0.9947
968 0.9954
969 0.99645
970 0.9971
971 0.99815
972 0.9996
973 1.00005
# Generated pool n. 12 for Umax = -8.815407752990723
# Generated a biased pool of 20000 with an acceptance of 0.04902948439121246
# Generated a pool of 20000 with an acceptance of 0.0010267453798767968
# Generation repeated 974 times
# Average relative effective sample size: 0.005700015462934971
# Generation efficiency: 0.001026694045174538
