# Generation 32

0 0.0005
1 0.00185
2 0.00265
3 0.0033
4 0.0042
5 0.00605
6 0.0087
7 0.01005
8 0.01115
9 0.01255
10 0.0139
11 0.01565
12 0.0166
13 0.01835
14 0.0204
15 0.0221
16 0.02265
17 0.02345
18 0.0249
19 0.0261
20 0.02875
21 0.02895
22 0.02915
23 0.0307
24 0.03215
25 0.0336
26 0.03565
27 0.0358
28 0.03675
29 0.0382
30 0.0413
31 0.04215
32 0.04265
33 0.04425
34 0.0447
35 0.0466
36 0.04765
37 0.04825
38 0.0485
39 0.04925
40 0.05105
41 0.0524
42 0.05375
43 0.0556
44 0.05685
45 0.0588
46 0.05945
47 0.061
48 0.06355
49 0.0648
50 0.06535
51 0.06595
52 0.0688
53 0.06965
54 0.0704
55 0.07075
56 0.07205
57 0.0735
58 0.07515
59 0.07655
60 0.07735
61 0.07815
62 0.0789
63 0.0797
64 0.08085
65 0.0833
66 0.0856
67 0.08575
68 0.0885
69 0.0905
70 0.0912
71 0.09215
72 0.09235
73 0.0939
74 0.0942
75 0.09535
76 0.0969
77 0.0981
78 0.09885
79 0.09965
80 0.10095
81 0.1017
82 0.10185
83 0.1024
84 0.1034
85 0.1051
86 0.10605
87 0.10765
88 0.10845
89 0.1102
90 0.1106
91 0.11225
92 0.11355
93 0.11445
94 0.1164
95 0.1174
96 0.1202
97 0.12075
98 0.1235
99 0.1258
100 0.1275
101 0.1282
102 0.12895
103 0.13
104 0.13155
105 0.1334
106 0.13555
107 0.1368
108 0.13905
109 0.1393
110 0.1416
111 0.14225
112 0.14365
113 0.14435
114 0.14495
115 0.1476
116 0.14965
117 0.1507
118 0.1514
119 0.15185
120 0.1541
121 0.15565
122 0.15635
123 0.1579
124 0.1588
125 0.1623
126 0.16275
127 0.1634
128 0.16435
129 0.1665
130 0.16855
131 0.17025
132 0.1725
133 0.17435
134 0.1753
135 0.1762
136 0.17645
137 0.17925
138 0.18125
139 0.18185
140 0.18225
141 0.18255
142 0.18405
143 0.1852
144 0.1857
145 0.18595
146 0.1871
147 0.18755
148 0.18765
149 0.18865
150 0.1893
151 0.1906
152 0.19215
153 0.19355
154 0.1941
155 0.1949
156 0.19725
157 0.1992
158 0.19945
159 0.20045
160 0.20135
161 0.2017
162 0.20235
163 0.20265
164 0.20485
165 0.20595
166 0.2071
167 0.2079
168 0.20815
169 0.2093
170 0.21015
171 0.21065
172 0.21115
173 0.21225
174 0.2132
175 0.21475
176 0.21575
177 0.21625
178 0.21645
179 0.2182
180 0.219
181 0.2204
182 0.2221
183 0.22345
184 0.2252
185 0.22715
186 0.2291
187 0.23025
188 0.2321
189 0.2325
190 0.23495
191 0.23655
192 0.2377
193 0.2398
194 0.23985
195 0.2416
196 0.24275
197 0.2429
198 0.24565
199 0.2461
200 0.2479
201 0.2488
202 0.2498
203 0.25005
204 0.25065
205 0.25205
206 0.25435
207 0.255
208 0.2569
209 0.2578
210 0.25865
211 0.2596
212 0.2609
213 0.2612
214 0.26185
215 0.26235
216 0.26355
217 0.2659
218 0.2675
219 0.26795
220 0.26855
221 0.2697
222 0.27055
223 0.27285
224 0.27345
225 0.2748
226 0.27705
227 0.2779
228 0.2793
229 0.2801
230 0.28175
231 0.282
232 0.2824
233 0.28405
234 0.2852
235 0.28595
236 0.2865
237 0.28775
238 0.2897
239 0.2913
240 0.29395
241 0.2973
242 0.2981
243 0.29935
244 0.2996
245 0.30025
246 0.3016
247 0.3033
248 0.30505
249 0.30615
250 0.3078
251 0.30895
252 0.3099
253 0.3116
254 0.312
255 0.31365
256 0.3151
257 0.31585
258 0.31755
259 0.31995
260 0.32065
261 0.3215
262 0.3225
263 0.3236
264 0.32585
265 0.32695
266 0.32735
267 0.32905
268 0.3299
269 0.3308
270 0.3312
271 0.33145
272 0.3337
273 0.3349
274 0.3355
275 0.3366
276 0.338
277 0.33865
278 0.3398
279 0.3399
280 0.3416
281 0.34175
282 0.34305
283 0.34435
284 0.34515
285 0.34575
286 0.3468
287 0.34795
288 0.34855
289 0.34895
290 0.34945
291 0.3521
292 0.3529
293 0.3543
294 0.35515
295 0.3569
296 0.35855
297 0.35945
298 0.3611
299 0.36245
300 0.36405
301 0.3654
302 0.3665
303 0.36715
304 0.36825
305 0.3698
306 0.3723
307 0.3726
308 0.374
309 0.3752
310 0.3766
311 0.37945
312 0.3819
313 0.38225
314 0.38255
315 0.3831
316 0.3833
317 0.38565
318 0.3865
319 0.38705
320 0.3873
321 0.3877
322 0.38855
323 0.3905
324 0.391
325 0.39185
326 0.3934
327 0.395
328 0.39575
329 0.3973
330 0.3977
331 0.3999
332 0.4001
333 0.4007
334 0.4017
335 0.40185
336 0.40335
337 0.40355
338 0.40735
339 0.409
340 0.4095
341 0.41
342 0.4115
343 0.41195
344 0.4138
345 0.41585
346 0.4171
347 0.4177
348 0.4185
349 0.42035
350 0.42165
351 0.4225
352 0.4236
353 0.4246
354 0.4262
355 0.4272
356 0.4283
357 0.4284
358 0.42935
359 0.43035
360 0.4317
361 0.4318
362 0.4324
363 0.43365
364 0.43415
365 0.4348
366 0.4362
367 0.43665
368 0.4375
369 0.43935
370 0.44035
371 0.4427
372 0.44585
373 0.4477
374 0.44785
375 0.4486
376 0.44955
377 0.4521
378 0.45325
379 0.45375
380 0.4545
381 0.45625
382 0.4572
383 0.45765
384 0.45895
385 0.4599
386 0.46025
387 0.4614
388 0.4615
389 0.4625
390 0.4633
391 0.4638
392 0.46445
393 0.4653
394 0.4665
395 0.4683
396 0.4694
397 0.4702
398 0.47045
399 0.4738
400 0.4745
401 0.4753
402 0.4789
403 0.48025
404 0.4817
405 0.48185
406 0.4828
407 0.4848
408 0.4858
409 0.48615
410 0.4867
411 0.4871
412 0.4873
413 0.4891
414 0.4929
415 0.49445
416 0.49495
417 0.49615
418 0.49775
419 0.49845
420 0.5002
421 0.5017
422 0.50315
423 0.5044
424 0.5051
425 0.506
426 0.5074
427 0.50775
428 0.50915
429 0.50995
430 0.51015
431 0.51195
432 0.5139
433 0.5157
434 0.5166
435 0.51665
436 0.51715
437 0.5191
438 0.5198
439 0.5202
440 0.5206
441 0.52085
442 0.52125
443 0.52245
444 0.52405
445 0.52495
446 0.5261
447 0.5277
448 0.52845
449 0.5302
450 0.53125
451 0.53485
452 0.5355
453 0.53655
454 0.5369
455 0.5381
456 0.53925
457 0.54035
458 0.54325
459 0.544
460 0.5455
461 0.5479
462 0.5501
463 0.551
464 0.5519
465 0.552
466 0.5524
467 0.5551
468 0.5562
469 0.5588
470 0.5603
471 0.5639
472 0.5653
473 0.5666
474 0.56695
475 0.56885
476 0.5699
477 0.5719
478 0.57205
479 0.5732
480 0.5734
481 0.57575
482 0.5766
483 0.57765
484 0.58055
485 0.58145
486 0.5817
487 0.5822
488 0.58325
489 0.58435
490 0.5851
491 0.58565
492 0.5887
493 0.58895
494 0.5893
495 0.5905
496 0.591
497 0.5911
498 0.5919
499 0.593
500 0.5935
501 0.59505
502 0.5954
503 0.59675
504 0.5991
505 0.59985
506 0.6014
507 0.60255
508 0.605
509 0.6068
510 0.6077
511 0.6087
512 0.6096
513 0.61
514 0.6118
515 0.6143
516 0.6146
517 0.6156
518 0.61705
519 0.61955
520 0.62115
521 0.6221
522 0.6233
523 0.62335
524 0.62375
525 0.62455
526 0.62475
527 0.62495
528 0.62635
529 0.62945
530 0.63095
531 0.63205
532 0.6324
533 0.63325
534 0.63595
535 0.6361
536 0.63685
537 0.6383
538 0.63905
539 0.6412
540 0.64365
541 0.64495
542 0.64565
543 0.64665
544 0.6467
545 0.64815
546 0.64845
547 0.6487
548 0.6491
549 0.65065
550 0.65255
551 0.65315
552 0.65715
553 0.6578
554 0.6602
555 0.66095
556 0.6626
557 0.66425
558 0.66675
559 0.66865
560 0.66895
561 0.67095
562 0.6713
563 0.6731
564 0.67655
565 0.6768
566 0.68025
567 0.6816
568 0.68435
569 0.6859
570 0.68845
571 0.69125
572 0.69175
573 0.6919
574 0.6934
575 0.69355
576 0.69455
577 0.6957
578 0.6973
579 0.69815
580 0.6985
581 0.6997
582 0.7013
583 0.7018
584 0.7021
585 0.7035
586 0.70435
587 0.7046
588 0.7062
589 0.70675
590 0.7083
591 0.71025
592 0.7113
593 0.7117
594 0.71415
595 0.715
596 0.7156
597 0.7165
598 0.7173
599 0.71795
600 0.7197
601 0.72065
602 0.7209
603 0.72155
604 0.72365
605 0.7253
606 0.7258
607 0.72835
608 0.73
609 0.73045
610 0.73105
611 0.73185
612 0.7328
613 0.73465
614 0.73625
615 0.73665
616 0.73775
617 0.7391
618 0.74035
619 0.7425
620 0.743
621 0.745
622 0.7465
623 0.7491
624 0.7516
625 0.7537
626 0.75465
627 0.7559
628 0.75755
629 0.76045
630 0.7614
631 0.76245
632 0.7628
633 0.76455
634 0.765
635 0.7655
636 0.76615
637 0.76745
638 0.768
639 0.7688
640 0.77025
641 0.77185
642 0.77255
643 0.7743
644 0.77525
645 0.77885
646 0.77985
647 0.7804
648 0.78305
649 0.78415
650 0.7845
651 0.78535
652 0.78585
653 0.7875
654 0.7884
655 0.789
656 0.78975
657 0.7908
658 0.79095
659 0.792
660 0.79255
661 0.7943
662 0.79535
663 0.7985
664 0.7992
665 0.8003
666 0.80115
667 0.8015
668 0.80235
669 0.803
670 0.8046
671 0.8066
672 0.8095
673 0.8112
674 0.8126
675 0.81325
676 0.8137
677 0.8153
678 0.81605
679 0.81685
680 0.8182
681 0.81935
682 0.8203
683 0.82215
684 0.82255
685 0.82535
686 0.82855
687 0.8289
688 0.8295
689 0.83035
690 0.83255
691 0.83355
692 0.8344
693 0.8355
694 0.83645
695 0.8382
696 0.8389
697 0.8391
698 0.83925
699 0.8405
700 0.8412
701 0.84125
702 0.8418
703 0.84255
704 0.84415
705 0.8446
706 0.8462
707 0.8472
708 0.84845
709 0.84895
710 0.84965
711 0.851
712 0.8519
713 0.85425
714 0.85495
715 0.85635
716 0.85745
717 0.8595
718 0.85955
719 0.85965
720 0.8606
721 0.8635
722 0.86365
723 0.86575
724 0.8667
725 0.86765
726 0.8683
727 0.8699
728 0.8718
729 0.87195
730 0.8742
731 0.87515
732 0.8756
733 0.87705
734 0.87855
735 0.88075
736 0.8828
737 0.883
738 0.8834
739 0.88485
740 0.8849
741 0.8862
742 0.888
743 0.88815
744 0.8889
745 0.89
746 0.89055
747 0.8921
748 0.8922
749 0.8944
750 0.89455
751 0.89605
752 0.8968
753 0.89835
754 0.89855
755 0.90035
756 0.90345
757 0.9049
758 0.9057
759 0.90645
760 0.9072
761 0.90805
762 0.90835
763 0.9096
764 0.91135
765 0.91175
766 0.9131
767 0.9136
768 0.9151
769 0.91625
770 0.91745
771 0.9196
772 0.9225
773 0.9229
774 0.92485
775 0.9281
776 0.92915
777 0.9298
778 0.93105
779 0.93255
780 0.933
781 0.93595
782 0.93655
783 0.93715
784 0.93795
785 0.9384
786 0.93865
787 0.9396
788 0.94255
789 0.9441
790 0.9453
791 0.94775
792 0.94905
793 0.9496
794 0.9505
795 0.95335
796 0.95365
797 0.9549
798 0.9554
799 0.9576
800 0.9587
801 0.96035
802 0.9616
803 0.9624
804 0.963
805 0.9639
806 0.9647
807 0.9658
808 0.96595
809 0.9673
810 0.9675
811 0.9685
812 0.9695
813 0.97095
814 0.97175
815 0.97225
816 0.97395
817 0.97525
818 0.976
819 0.9773
820 0.9786
821 0.9792
822 0.9808
823 0.9824
824 0.983
825 0.9844
826 0.98525
827 0.98545
828 0.9866
829 0.98685
830 0.9901
831 0.99185
832 0.99285
833 0.9939
834 0.995
835 0.99545
836 0.9963
837 0.9967
838 0.9984
839 0.99935
840 0.9998
841 1.00035
# Generated pool n. 32 for Umax = -16.524438858032227
# Generated a biased pool of 20000 with an acceptance of 0.09726420789957047
# Generated a pool of 20000 with an acceptance of 0.0011880641330166252
# Generation repeated 842 times
# Average relative effective sample size: 0.007726503536105156
# Generation efficiency: 0.0011876484560570072
