# Generation 25

0 0.00015
1 0.0009
2 0.0022
3 0.00285
4 0.003
5 0.00365
6 0.0038
7 0.00445
8 0.0049
9 0.0056
10 0.00725
11 0.00785
12 0.00945
13 0.00955
14 0.01005
15 0.0114
16 0.0117
17 0.01355
18 0.01385
19 0.01395
20 0.0152
21 0.01575
22 0.01585
23 0.0167
24 0.01695
25 0.01725
26 0.0175
27 0.01805
28 0.01825
29 0.01835
30 0.01865
31 0.01905
32 0.01995
33 0.0202
34 0.02075
35 0.0224
36 0.0228
37 0.023
38 0.02525
39 0.0263
40 0.02755
41 0.02775
42 0.0289
43 0.02945
44 0.0298
45 0.02985
46 0.03095
47 0.03175
48 0.0322
49 0.0333
50 0.03455
51 0.03525
52 0.0354
53 0.0361
54 0.0362
55 0.0367
56 0.03825
57 0.03895
58 0.03905
59 0.0396
60 0.0399
61 0.04115
62 0.04235
63 0.04395
64 0.0445
65 0.0447
66 0.04595
67 0.04675
68 0.04785
69 0.0483
70 0.0497
71 0.051
72 0.05145
73 0.0528
74 0.05415
75 0.0548
76 0.05585
77 0.056
78 0.05655
79 0.0573
80 0.05845
81 0.0589
82 0.0593
83 0.0601
84 0.06135
85 0.0622
86 0.0631
87 0.0636
88 0.0652
89 0.06615
90 0.0674
91 0.06815
92 0.06885
93 0.0697
94 0.07075
95 0.07185
96 0.07285
97 0.0744
98 0.0749
99 0.07525
100 0.0763
101 0.0769
102 0.0771
103 0.0776
104 0.07825
105 0.0784
106 0.0799
107 0.081
108 0.08235
109 0.08335
110 0.08395
111 0.08475
112 0.08635
113 0.08675
114 0.0873
115 0.088
116 0.0882
117 0.0887
118 0.08915
119 0.09035
120 0.0905
121 0.09165
122 0.0918
123 0.0919
124 0.0939
125 0.09475
126 0.09625
127 0.09715
128 0.09735
129 0.09795
130 0.0982
131 0.0991
132 0.1014
133 0.1016
134 0.10195
135 0.1028
136 0.1047
137 0.1052
138 0.1058
139 0.10745
140 0.1078
141 0.1091
142 0.1109
143 0.1111
144 0.11155
145 0.112
146 0.1122
147 0.1126
148 0.11315
149 0.11405
150 0.11415
151 0.1144
152 0.1154
153 0.11625
154 0.11695
155 0.1174
156 0.11755
157 0.1181
158 0.1194
159 0.11985
160 0.1221
161 0.1233
162 0.1237
163 0.12585
164 0.126
165 0.12635
166 0.1267
167 0.1282
168 0.12865
169 0.1292
170 0.1302
171 0.13175
172 0.13205
173 0.1342
174 0.1346
175 0.1363
176 0.13665
177 0.13715
178 0.1377
179 0.1385
180 0.13855
181 0.1391
182 0.13925
183 0.13995
184 0.14005
185 0.14215
186 0.1424
187 0.14385
188 0.14455
189 0.1451
190 0.14565
191 0.14625
192 0.14735
193 0.14845
194 0.14915
195 0.15
196 0.15075
197 0.1514
198 0.15195
199 0.1535
200 0.15405
201 0.15545
202 0.1571
203 0.15815
204 0.15895
205 0.15985
206 0.1607
207 0.1618
208 0.16345
209 0.1636
210 0.1641
211 0.16435
212 0.1645
213 0.1664
214 0.1665
215 0.1676
216 0.1687
217 0.16955
218 0.1697
219 0.17065
220 0.1709
221 0.1713
222 0.1719
223 0.17235
224 0.174
225 0.1749
226 0.1762
227 0.1764
228 0.1778
229 0.17815
230 0.17865
231 0.1787
232 0.17965
233 0.1807
234 0.182
235 0.18245
236 0.18285
237 0.18465
238 0.1851
239 0.18525
240 0.186
241 0.1869
242 0.18695
243 0.18725
244 0.18865
245 0.19025
246 0.19035
247 0.1913
248 0.1921
249 0.19235
250 0.1926
251 0.19345
252 0.19405
253 0.1947
254 0.19535
255 0.19695
256 0.1975
257 0.198
258 0.1987
259 0.19935
260 0.20055
261 0.2016
262 0.2028
263 0.20285
264 0.20335
265 0.2047
266 0.2049
267 0.205
268 0.2052
269 0.20555
270 0.2068
271 0.2071
272 0.20725
273 0.20755
274 0.2091
275 0.2092
276 0.21035
277 0.21125
278 0.21135
279 0.2127
280 0.2137
281 0.2144
282 0.21495
283 0.2152
284 0.2165
285 0.21805
286 0.2196
287 0.22125
288 0.2221
289 0.2228
290 0.22525
291 0.2256
292 0.2264
293 0.22875
294 0.22915
295 0.2295
296 0.2304
297 0.2308
298 0.23145
299 0.2322
300 0.23295
301 0.23415
302 0.2348
303 0.236
304 0.2362
305 0.23655
306 0.2373
307 0.2377
308 0.2381
309 0.2384
310 0.2387
311 0.2392
312 0.23985
313 0.24065
314 0.241
315 0.24235
316 0.2435
317 0.2443
318 0.2445
319 0.2446
320 0.24485
321 0.24505
322 0.24525
323 0.24765
324 0.2478
325 0.2479
326 0.2483
327 0.249
328 0.24985
329 0.25025
330 0.251
331 0.25195
332 0.253
333 0.25335
334 0.25525
335 0.25595
336 0.2563
337 0.25725
338 0.2575
339 0.25805
340 0.2588
341 0.25955
342 0.25985
343 0.26
344 0.2601
345 0.26145
346 0.2618
347 0.2626
348 0.26345
349 0.2637
350 0.2642
351 0.26505
352 0.26635
353 0.26665
354 0.26755
355 0.268
356 0.2696
357 0.2713
358 0.2727
359 0.2744
360 0.27465
361 0.2751
362 0.277
363 0.2785
364 0.2789
365 0.2792
366 0.2799
367 0.2808
368 0.2826
369 0.2835
370 0.2852
371 0.2865
372 0.2871
373 0.2884
374 0.2885
375 0.2892
376 0.29085
377 0.29155
378 0.2933
379 0.29465
380 0.2948
381 0.2952
382 0.29595
383 0.2965
384 0.2966
385 0.29805
386 0.29895
387 0.29935
388 0.2996
389 0.3004
390 0.30075
391 0.30105
392 0.3013
393 0.30175
394 0.30335
395 0.30515
396 0.3055
397 0.30675
398 0.30795
399 0.30925
400 0.3101
401 0.31145
402 0.3127
403 0.31375
404 0.3152
405 0.3164
406 0.31685
407 0.3172
408 0.31825
409 0.31935
410 0.32005
411 0.32015
412 0.321
413 0.32205
414 0.3225
415 0.3227
416 0.3232
417 0.32435
418 0.325
419 0.32575
420 0.3266
421 0.3273
422 0.3275
423 0.3279
424 0.3289
425 0.3293
426 0.32945
427 0.3297
428 0.3322
429 0.33235
430 0.33325
431 0.33365
432 0.33415
433 0.33425
434 0.3355
435 0.33655
436 0.3374
437 0.3378
438 0.33915
439 0.33965
440 0.3404
441 0.3412
442 0.34235
443 0.3435
444 0.34415
445 0.3444
446 0.34525
447 0.34605
448 0.3482
449 0.3497
450 0.35105
451 0.3525
452 0.35255
453 0.3545
454 0.35505
455 0.35635
456 0.3574
457 0.35955
458 0.35975
459 0.35985
460 0.3607
461 0.36155
462 0.3631
463 0.3632
464 0.36385
465 0.3658
466 0.3667
467 0.36835
468 0.36865
469 0.36875
470 0.36975
471 0.3705
472 0.3715
473 0.37365
474 0.37445
475 0.3754
476 0.37665
477 0.37675
478 0.37695
479 0.37835
480 0.3792
481 0.37975
482 0.38085
483 0.38105
484 0.38215
485 0.3827
486 0.3834
487 0.3845
488 0.38465
489 0.385
490 0.38515
491 0.38525
492 0.38555
493 0.38585
494 0.3864
495 0.3868
496 0.3876
497 0.38765
498 0.38885
499 0.3896
500 0.3912
501 0.39265
502 0.3933
503 0.39395
504 0.39485
505 0.39525
506 0.39605
507 0.3966
508 0.3972
509 0.39815
510 0.39845
511 0.3993
512 0.4019
513 0.40365
514 0.40385
515 0.40395
516 0.40445
517 0.40485
518 0.4052
519 0.40645
520 0.40695
521 0.4072
522 0.40895
523 0.40935
524 0.41045
525 0.41105
526 0.4126
527 0.4128
528 0.4129
529 0.41305
530 0.4133
531 0.41515
532 0.4158
533 0.4164
534 0.41755
535 0.42035
536 0.4207
537 0.421
538 0.4227
539 0.4252
540 0.4259
541 0.42675
542 0.4276
543 0.42775
544 0.42865
545 0.42925
546 0.43005
547 0.4303
548 0.4315
549 0.4316
550 0.4331
551 0.43365
552 0.4339
553 0.4342
554 0.4349
555 0.4363
556 0.4378
557 0.4381
558 0.43905
559 0.44105
560 0.4417
561 0.4422
562 0.44345
563 0.44365
564 0.44445
565 0.44465
566 0.44515
567 0.4464
568 0.44665
569 0.44725
570 0.448
571 0.44825
572 0.4505
573 0.451
574 0.4527
575 0.453
576 0.45435
577 0.4548
578 0.45575
579 0.4566
580 0.45795
581 0.4586
582 0.4588
583 0.4594
584 0.4602
585 0.4617
586 0.4625
587 0.46315
588 0.4639
589 0.4644
590 0.46475
591 0.4656
592 0.46605
593 0.4674
594 0.46815
595 0.4682
596 0.46895
597 0.4693
598 0.4703
599 0.4714
600 0.47255
601 0.47375
602 0.4739
603 0.4755
604 0.47615
605 0.47675
606 0.4771
607 0.47815
608 0.4791
609 0.4792
610 0.47945
611 0.4799
612 0.48085
613 0.4819
614 0.4824
615 0.48255
616 0.4842
617 0.4846
618 0.48535
619 0.4855
620 0.48575
621 0.48665
622 0.48705
623 0.4879
624 0.4885
625 0.4893
626 0.48985
627 0.491
628 0.4915
629 0.49315
630 0.49365
631 0.49425
632 0.49455
633 0.4961
634 0.4969
635 0.4974
636 0.49805
637 0.49965
638 0.5016
639 0.5023
640 0.50325
641 0.5043
642 0.5049
643 0.5055
644 0.506
645 0.5066
646 0.50705
647 0.5071
648 0.5089
649 0.5091
650 0.5102
651 0.5104
652 0.51135
653 0.51175
654 0.51355
655 0.51395
656 0.51465
657 0.5154
658 0.51615
659 0.51735
660 0.518
661 0.51825
662 0.51905
663 0.5204
664 0.5214
665 0.5221
666 0.5223
667 0.52315
668 0.5246
669 0.5253
670 0.5261
671 0.527
672 0.5275
673 0.52805
674 0.52835
675 0.5291
676 0.53015
677 0.53155
678 0.53285
679 0.53375
680 0.5352
681 0.53565
682 0.536
683 0.5367
684 0.5376
685 0.53865
686 0.53935
687 0.5394
688 0.5397
689 0.54015
690 0.54145
691 0.5417
692 0.5429
693 0.54425
694 0.54645
695 0.5468
696 0.5477
697 0.5484
698 0.5491
699 0.5506
700 0.5508
701 0.5523
702 0.5535
703 0.5537
704 0.55425
705 0.55565
706 0.556
707 0.55745
708 0.55775
709 0.5581
710 0.5588
711 0.5594
712 0.56015
713 0.5608
714 0.5618
715 0.562
716 0.5634
717 0.56375
718 0.56475
719 0.5659
720 0.5662
721 0.56645
722 0.56785
723 0.56945
724 0.57025
725 0.57075
726 0.5711
727 0.5716
728 0.5732
729 0.5737
730 0.57415
731 0.57515
732 0.57595
733 0.57665
734 0.57755
735 0.5792
736 0.57935
737 0.5803
738 0.5809
739 0.5815
740 0.58315
741 0.58405
742 0.5852
743 0.58565
744 0.5862
745 0.58685
746 0.5873
747 0.58925
748 0.5899
749 0.5904
750 0.5915
751 0.5925
752 0.5931
753 0.5937
754 0.5942
755 0.5943
756 0.5945
757 0.59485
758 0.59555
759 0.5959
760 0.5963
761 0.598
762 0.59855
763 0.5999
764 0.60055
765 0.60085
766 0.6014
767 0.60275
768 0.60305
769 0.6035
770 0.6044
771 0.6046
772 0.60525
773 0.60635
774 0.607
775 0.60805
776 0.6081
777 0.6085
778 0.60885
779 0.60905
780 0.60945
781 0.60975
782 0.60995
783 0.61015
784 0.6102
785 0.61055
786 0.61145
787 0.61275
788 0.6131
789 0.61325
790 0.6139
791 0.61445
792 0.6155
793 0.6157
794 0.6162
795 0.61675
796 0.6171
797 0.6179
798 0.61915
799 0.6194
800 0.62065
801 0.6212
802 0.6216
803 0.62325
804 0.6236
805 0.62365
806 0.62385
807 0.62475
808 0.625
809 0.62555
810 0.62725
811 0.6273
812 0.6274
813 0.628
814 0.62855
815 0.62975
816 0.63015
817 0.6323
818 0.63325
819 0.63425
820 0.63585
821 0.6361
822 0.6366
823 0.63685
824 0.6376
825 0.638
826 0.63845
827 0.6391
828 0.63925
829 0.63985
830 0.6411
831 0.64125
832 0.6426
833 0.6433
834 0.64345
835 0.6457
836 0.64595
837 0.6469
838 0.64815
839 0.6487
840 0.6495
841 0.65075
842 0.65135
843 0.65215
844 0.65235
845 0.65245
846 0.65265
847 0.6532
848 0.65395
849 0.6541
850 0.6556
851 0.65685
852 0.65765
853 0.6588
854 0.6605
855 0.66135
856 0.66185
857 0.66215
858 0.6633
859 0.6642
860 0.6643
861 0.6648
862 0.66555
863 0.667
864 0.6682
865 0.66965
866 0.6702
867 0.67045
868 0.67085
869 0.67105
870 0.6715
871 0.6716
872 0.6722
873 0.67285
874 0.6741
875 0.6753
876 0.677
877 0.6778
878 0.6782
879 0.67915
880 0.68025
881 0.68085
882 0.6822
883 0.6828
884 0.6831
885 0.6841
886 0.68415
887 0.6863
888 0.6878
889 0.6883
890 0.68875
891 0.6894
892 0.68995
893 0.69185
894 0.6931
895 0.6934
896 0.6941
897 0.6959
898 0.6962
899 0.6994
900 0.70095
901 0.70155
902 0.7029
903 0.70345
904 0.7047
905 0.70505
906 0.70675
907 0.70685
908 0.7077
909 0.70945
910 0.7097
911 0.70985
912 0.7106
913 0.71065
914 0.71095
915 0.71115
916 0.7115
917 0.7124
918 0.7127
919 0.7132
920 0.71375
921 0.71395
922 0.7142
923 0.71465
924 0.71555
925 0.7168
926 0.71715
927 0.71755
928 0.71855
929 0.71895
930 0.71925
931 0.71965
932 0.7197
933 0.72055
934 0.72125
935 0.72225
936 0.7232
937 0.7238
938 0.72515
939 0.72775
940 0.7284
941 0.72845
942 0.72875
943 0.72925
944 0.73015
945 0.73105
946 0.73215
947 0.7326
948 0.7335
949 0.7343
950 0.73455
951 0.7353
952 0.73635
953 0.7371
954 0.7372
955 0.7381
956 0.73975
957 0.74035
958 0.74095
959 0.7422
960 0.7425
961 0.7435
962 0.74425
963 0.7453
964 0.746
965 0.7464
966 0.7472
967 0.7475
968 0.748
969 0.74845
970 0.74935
971 0.75145
972 0.7522
973 0.7542
974 0.7544
975 0.75515
976 0.75535
977 0.7568
978 0.7572
979 0.759
980 0.75955
981 0.75965
982 0.7599
983 0.76045
984 0.7608
985 0.76105
986 0.76135
987 0.76175
988 0.76255
989 0.763
990 0.76345
991 0.7637
992 0.7638
993 0.7641
994 0.76475
995 0.76505
996 0.7653
997 0.76605
998 0.76635
999 0.76775
1000 0.76955
1001 0.7702
1002 0.7707
1003 0.7718
1004 0.7728
1005 0.77335
1006 0.7739
1007 0.7755
1008 0.77565
1009 0.77765
1010 0.7781
1011 0.7789
1012 0.77935
1013 0.77965
1014 0.78065
1015 0.78275
1016 0.7832
1017 0.78425
1018 0.785
1019 0.78555
1020 0.7871
1021 0.788
1022 0.78935
1023 0.79025
1024 0.7905
1025 0.7923
1026 0.7938
1027 0.7946
1028 0.79525
1029 0.79555
1030 0.7966
1031 0.7968
1032 0.7984
1033 0.79945
1034 0.8002
1035 0.8007
1036 0.8021
1037 0.80225
1038 0.8029
1039 0.80295
1040 0.8032
1041 0.80495
1042 0.8052
1043 0.80545
1044 0.8057
1045 0.8067
1046 0.80685
1047 0.80785
1048 0.80875
1049 0.8098
1050 0.8114
1051 0.81165
1052 0.81185
1053 0.81215
1054 0.8127
1055 0.81415
1056 0.8144
1057 0.81475
1058 0.81565
1059 0.8163
1060 0.8183
1061 0.8188
1062 0.81945
1063 0.82035
1064 0.82055
1065 0.82115
1066 0.82165
1067 0.82185
1068 0.82235
1069 0.82295
1070 0.8238
1071 0.82385
1072 0.8255
1073 0.82585
1074 0.82605
1075 0.82665
1076 0.8267
1077 0.8279
1078 0.8282
1079 0.8297
1080 0.8304
1081 0.8313
1082 0.8322
1083 0.8329
1084 0.8346
1085 0.83465
1086 0.83595
1087 0.83765
1088 0.8384
1089 0.8391
1090 0.8395
1091 0.8401
1092 0.8406
1093 0.84075
1094 0.8415
1095 0.8417
1096 0.8435
1097 0.8439
1098 0.8443
1099 0.8451
1100 0.84595
1101 0.8465
1102 0.849
1103 0.84925
1104 0.84995
1105 0.85075
1106 0.8513
1107 0.852
1108 0.8522
1109 0.8526
1110 0.85345
1111 0.8543
1112 0.85435
1113 0.8548
1114 0.85555
1115 0.8557
1116 0.8563
1117 0.8569
1118 0.8572
1119 0.8582
1120 0.859
1121 0.85915
1122 0.8596
1123 0.8597
1124 0.86045
1125 0.8617
1126 0.8619
1127 0.86245
1128 0.8629
1129 0.8638
1130 0.8653
1131 0.86595
1132 0.86665
1133 0.86735
1134 0.86815
1135 0.869
1136 0.86965
1137 0.87065
1138 0.8717
1139 0.87225
1140 0.87355
1141 0.8743
1142 0.87465
1143 0.87605
1144 0.8768
1145 0.87705
1146 0.8773
1147 0.87765
1148 0.87875
1149 0.87925
1150 0.87945
1151 0.88025
1152 0.88205
1153 0.88235
1154 0.8831
1155 0.884
1156 0.885
1157 0.8861
1158 0.8875
1159 0.88795
1160 0.8888
1161 0.88915
1162 0.89055
1163 0.89095
1164 0.8919
1165 0.89205
1166 0.89255
1167 0.8936
1168 0.8943
1169 0.89435
1170 0.895
1171 0.89635
1172 0.8971
1173 0.8974
1174 0.89785
1175 0.89855
1176 0.899
1177 0.8995
1178 0.89955
1179 0.90035
1180 0.9021
1181 0.9026
1182 0.9034
1183 0.90405
1184 0.90475
1185 0.90585
1186 0.90655
1187 0.9069
1188 0.9081
1189 0.90945
1190 0.9104
1191 0.9107
1192 0.9109
1193 0.9119
1194 0.91255
1195 0.9138
1196 0.91405
1197 0.9141
1198 0.9153
1199 0.9171
1200 0.91745
1201 0.9175
1202 0.918
1203 0.9187
1204 0.9192
1205 0.92015
1206 0.9205
1207 0.9222
1208 0.9235
1209 0.92465
1210 0.9254
1211 0.92555
1212 0.92665
1213 0.92715
1214 0.92775
1215 0.92855
1216 0.929
1217 0.92905
1218 0.9292
1219 0.93005
1220 0.9302
1221 0.9311
1222 0.9314
1223 0.9321
1224 0.9325
1225 0.9339
1226 0.93405
1227 0.93415
1228 0.9349
1229 0.93585
1230 0.93625
1231 0.93785
1232 0.9389
1233 0.9394
1234 0.93985
1235 0.9404
1236 0.9411
1237 0.9426
1238 0.94475
1239 0.945
1240 0.94625
1241 0.9469
1242 0.94765
1243 0.94835
1244 0.9498
1245 0.95025
1246 0.9511
1247 0.95155
1248 0.95205
1249 0.9525
1250 0.95265
1251 0.95325
1252 0.9542
1253 0.9545
1254 0.9549
1255 0.95545
1256 0.95585
1257 0.95715
1258 0.95845
1259 0.95925
1260 0.95965
1261 0.9602
1262 0.96165
1263 0.96225
1264 0.96285
1265 0.9634
1266 0.9646
1267 0.96535
1268 0.96575
1269 0.96615
1270 0.96775
1271 0.96905
1272 0.96995
1273 0.9708
1274 0.9709
1275 0.97185
1276 0.9725
1277 0.97285
1278 0.973
1279 0.9737
1280 0.974
1281 0.9743
1282 0.9744
1283 0.97625
1284 0.9764
1285 0.9771
1286 0.9779
1287 0.97855
1288 0.9788
1289 0.97905
1290 0.97975
1291 0.9799
1292 0.9808
1293 0.98195
1294 0.9821
1295 0.98285
1296 0.984
1297 0.9852
1298 0.98585
1299 0.9875
1300 0.9878
1301 0.9882
1302 0.99015
1303 0.9905
1304 0.99095
1305 0.99185
1306 0.9926
1307 0.9929
1308 0.9935
1309 0.9949
1310 0.9952
1311 0.99525
1312 0.99545
1313 0.99575
1314 0.99695
1315 0.9972
1316 0.9975
1317 0.9979
1318 0.9991
1319 0.99975
1320 1.0008
# Generated pool n. 25 for Umax = -16.061033248901367
# Generated a biased pool of 20000 with an acceptance of 0.06619556993246078
# Generated a pool of 20000 with an acceptance of 0.0007576078728236153
# Generation repeated 1321 times
# Average relative effective sample size: 0.00402470538392663
# Generation efficiency: 0.000757002271006813
