# Generation 28

0 5e-05
1 0.00015
2 0.0008
3 0.00085
4 0.00115
5 0.00205
6 0.0036
7 0.0045
8 0.00535
9 0.00715
10 0.00755
11 0.00805
12 0.0082
13 0.0085
14 0.0088
15 0.01115
16 0.01195
17 0.0126
18 0.01305
19 0.014
20 0.01405
21 0.01505
22 0.01535
23 0.01625
24 0.0164
25 0.0173
26 0.0179
27 0.0181
28 0.0189
29 0.0196
30 0.01985
31 0.02045
32 0.0216
33 0.02355
34 0.02405
35 0.0245
36 0.0266
37 0.02695
38 0.0278
39 0.0291
40 0.0297
41 0.0298
42 0.0308
43 0.03235
44 0.0337
45 0.0343
46 0.03575
47 0.0362
48 0.0367
49 0.03695
50 0.0382
51 0.03855
52 0.03945
53 0.03985
54 0.04015
55 0.04085
56 0.04095
57 0.0417
58 0.04195
59 0.04225
60 0.0431
61 0.0441
62 0.04435
63 0.0447
64 0.04675
65 0.0478
66 0.04825
67 0.05005
68 0.05025
69 0.05115
70 0.05365
71 0.05465
72 0.0558
73 0.05695
74 0.0573
75 0.05795
76 0.0588
77 0.05945
78 0.06
79 0.0602
80 0.0616
81 0.06215
82 0.0625
83 0.06275
84 0.06345
85 0.06375
86 0.0639
87 0.0651
88 0.0654
89 0.06625
90 0.0664
91 0.0675
92 0.06765
93 0.0689
94 0.0699
95 0.07035
96 0.0707
97 0.0712
98 0.07135
99 0.0722
100 0.07275
101 0.07315
102 0.07365
103 0.0738
104 0.07535
105 0.0754
106 0.0764
107 0.0771
108 0.0777
109 0.07795
110 0.0785
111 0.07955
112 0.0811
113 0.08205
114 0.08265
115 0.0829
116 0.08325
117 0.08355
118 0.0847
119 0.08525
120 0.0857
121 0.0866
122 0.0871
123 0.0878
124 0.08785
125 0.0889
126 0.0896
127 0.0902
128 0.09095
129 0.09205
130 0.093
131 0.09315
132 0.0946
133 0.09475
134 0.095
135 0.09545
136 0.0965
137 0.09705
138 0.098
139 0.0985
140 0.09865
141 0.09955
142 0.10115
143 0.10195
144 0.10295
145 0.1032
146 0.1037
147 0.1039
148 0.1041
149 0.1043
150 0.105
151 0.1053
152 0.1056
153 0.1061
154 0.10645
155 0.1066
156 0.10675
157 0.10695
158 0.1074
159 0.10815
160 0.1088
161 0.10955
162 0.1102
163 0.11155
164 0.1118
165 0.11235
166 0.1127
167 0.11325
168 0.1145
169 0.11475
170 0.115
171 0.1159
172 0.1164
173 0.11685
174 0.11735
175 0.1182
176 0.11865
177 0.12015
178 0.12025
179 0.1206
180 0.12065
181 0.121
182 0.123
183 0.12435
184 0.1247
185 0.12585
186 0.12605
187 0.1266
188 0.1271
189 0.1276
190 0.12875
191 0.12995
192 0.1305
193 0.1313
194 0.13285
195 0.13355
196 0.13395
197 0.13485
198 0.13525
199 0.13575
200 0.13685
201 0.13735
202 0.1389
203 0.1398
204 0.1405
205 0.14175
206 0.1427
207 0.14465
208 0.1451
209 0.1455
210 0.14555
211 0.14615
212 0.14785
213 0.14855
214 0.14895
215 0.15045
216 0.1513
217 0.1527
218 0.15375
219 0.1544
220 0.15495
221 0.1552
222 0.15545
223 0.15625
224 0.1565
225 0.1577
226 0.1584
227 0.15895
228 0.15935
229 0.1599
230 0.1601
231 0.1605
232 0.1609
233 0.1612
234 0.16205
235 0.16405
236 0.1645
237 0.1647
238 0.16535
239 0.1656
240 0.16605
241 0.16635
242 0.16675
243 0.16755
244 0.1681
245 0.16935
246 0.16985
247 0.17145
248 0.1719
249 0.17245
250 0.1725
251 0.1733
252 0.174
253 0.17475
254 0.17515
255 0.1758
256 0.1765
257 0.17655
258 0.17665
259 0.1775
260 0.1781
261 0.1782
262 0.1786
263 0.17905
264 0.17925
265 0.17985
266 0.1813
267 0.1817
268 0.1819
269 0.18325
270 0.1861
271 0.18795
272 0.18855
273 0.18925
274 0.18965
275 0.1907
276 0.192
277 0.1923
278 0.19345
279 0.19405
280 0.19555
281 0.1964
282 0.19725
283 0.1975
284 0.19825
285 0.1988
286 0.199
287 0.1998
288 0.2002
289 0.20035
290 0.2005
291 0.2016
292 0.20235
293 0.20355
294 0.20425
295 0.2049
296 0.205
297 0.20525
298 0.206
299 0.20645
300 0.2069
301 0.2081
302 0.20815
303 0.20975
304 0.2111
305 0.21135
306 0.2121
307 0.21305
308 0.2136
309 0.2144
310 0.21485
311 0.21595
312 0.2161
313 0.21665
314 0.2175
315 0.218
316 0.2187
317 0.21935
318 0.2203
319 0.2212
320 0.2217
321 0.22215
322 0.22265
323 0.224
324 0.2244
325 0.22455
326 0.2255
327 0.22615
328 0.2276
329 0.22765
330 0.2288
331 0.22885
332 0.2295
333 0.23095
334 0.23155
335 0.23245
336 0.23345
337 0.234
338 0.2354
339 0.23615
340 0.23695
341 0.2385
342 0.23955
343 0.23965
344 0.24005
345 0.2404
346 0.24055
347 0.2413
348 0.24155
349 0.2423
350 0.2427
351 0.24275
352 0.2434
353 0.2455
354 0.2462
355 0.24655
356 0.24665
357 0.24725
358 0.24785
359 0.24945
360 0.25015
361 0.25065
362 0.2512
363 0.2517
364 0.25255
365 0.2537
366 0.25435
367 0.2549
368 0.2557
369 0.25755
370 0.25805
371 0.25895
372 0.2595
373 0.2599
374 0.26115
375 0.2621
376 0.26275
377 0.2636
378 0.2638
379 0.2648
380 0.2656
381 0.26595
382 0.2673
383 0.2681
384 0.26865
385 0.26925
386 0.26985
387 0.2712
388 0.27175
389 0.2725
390 0.2733
391 0.27445
392 0.2748
393 0.27505
394 0.27625
395 0.2766
396 0.2776
397 0.2789
398 0.27975
399 0.2804
400 0.28075
401 0.28135
402 0.2829
403 0.285
404 0.2854
405 0.2859
406 0.28625
407 0.28705
408 0.2875
409 0.28775
410 0.2884
411 0.2897
412 0.2904
413 0.29115
414 0.2913
415 0.292
416 0.2922
417 0.2935
418 0.2943
419 0.2952
420 0.29575
421 0.2965
422 0.297
423 0.2971
424 0.29735
425 0.29775
426 0.298
427 0.2981
428 0.29835
429 0.2986
430 0.299
431 0.29915
432 0.29995
433 0.30035
434 0.3016
435 0.30225
436 0.3026
437 0.3031
438 0.3035
439 0.30415
440 0.30435
441 0.30445
442 0.30585
443 0.30675
444 0.3069
445 0.3083
446 0.30895
447 0.30925
448 0.3106
449 0.31155
450 0.31165
451 0.3129
452 0.31375
453 0.31395
454 0.3149
455 0.3156
456 0.3167
457 0.3174
458 0.3182
459 0.31915
460 0.3197
461 0.32005
462 0.3207
463 0.3215
464 0.32265
465 0.32345
466 0.32425
467 0.3247
468 0.32495
469 0.32545
470 0.32595
471 0.3269
472 0.3274
473 0.32805
474 0.32975
475 0.3314
476 0.33245
477 0.33305
478 0.3351
479 0.3359
480 0.33765
481 0.3381
482 0.3387
483 0.33905
484 0.3396
485 0.34005
486 0.34045
487 0.3414
488 0.34295
489 0.3435
490 0.34355
491 0.34435
492 0.34455
493 0.3455
494 0.34635
495 0.34705
496 0.34745
497 0.34755
498 0.3487
499 0.34875
500 0.3494
501 0.34995
502 0.3503
503 0.35125
504 0.35195
505 0.3534
506 0.35395
507 0.3547
508 0.3572
509 0.3576
510 0.35805
511 0.3589
512 0.35975
513 0.3601
514 0.36185
515 0.36315
516 0.3633
517 0.3646
518 0.3652
519 0.36535
520 0.3663
521 0.367
522 0.3677
523 0.3691
524 0.3694
525 0.3702
526 0.37135
527 0.37235
528 0.373
529 0.3747
530 0.37505
531 0.3765
532 0.37675
533 0.3775
534 0.3781
535 0.3784
536 0.379
537 0.3791
538 0.37975
539 0.3806
540 0.38065
541 0.3809
542 0.3814
543 0.3819
544 0.38235
545 0.38355
546 0.3837
547 0.3844
548 0.3857
549 0.38665
550 0.3874
551 0.38785
552 0.38825
553 0.3895
554 0.39005
555 0.39135
556 0.3918
557 0.39325
558 0.3939
559 0.39615
560 0.3966
561 0.39685
562 0.39765
563 0.39835
564 0.3993
565 0.39975
566 0.40055
567 0.40145
568 0.40175
569 0.40285
570 0.40335
571 0.404
572 0.40485
573 0.4049
574 0.40555
575 0.40595
576 0.40675
577 0.40755
578 0.40775
579 0.4083
580 0.40835
581 0.409
582 0.4094
583 0.4099
584 0.41025
585 0.4106
586 0.41105
587 0.4115
588 0.41195
589 0.4126
590 0.41335
591 0.4138
592 0.41405
593 0.41535
594 0.4155
595 0.41615
596 0.417
597 0.4172
598 0.41735
599 0.41825
600 0.4192
601 0.4197
602 0.4213
603 0.4226
604 0.423
605 0.42375
606 0.4247
607 0.4251
608 0.42525
609 0.42595
610 0.42725
611 0.4277
612 0.42925
613 0.43035
614 0.43105
615 0.4317
616 0.43305
617 0.4338
618 0.4345
619 0.43525
620 0.43555
621 0.4359
622 0.43665
623 0.43755
624 0.4376
625 0.43775
626 0.438
627 0.4395
628 0.4404
629 0.44155
630 0.4422
631 0.4429
632 0.44315
633 0.44385
634 0.4449
635 0.44575
636 0.44595
637 0.4463
638 0.4467
639 0.44725
640 0.44775
641 0.4485
642 0.44915
643 0.44955
644 0.4504
645 0.45145
646 0.45225
647 0.45335
648 0.4548
649 0.4551
650 0.4567
651 0.45725
652 0.45785
653 0.4593
654 0.4595
655 0.4599
656 0.4603
657 0.4606
658 0.46095
659 0.46125
660 0.46165
661 0.46205
662 0.46235
663 0.46265
664 0.46325
665 0.4639
666 0.4649
667 0.46535
668 0.46545
669 0.46655
670 0.46735
671 0.4675
672 0.46755
673 0.46865
674 0.4689
675 0.46915
676 0.46955
677 0.4696
678 0.4705
679 0.47175
680 0.47255
681 0.4731
682 0.4738
683 0.4749
684 0.47505
685 0.4756
686 0.47695
687 0.4775
688 0.47815
689 0.4783
690 0.47845
691 0.47905
692 0.4795
693 0.4805
694 0.48155
695 0.48185
696 0.4826
697 0.48345
698 0.48405
699 0.48475
700 0.48515
701 0.4864
702 0.4885
703 0.48945
704 0.48985
705 0.49015
706 0.49035
707 0.49165
708 0.4921
709 0.4929
710 0.4931
711 0.4932
712 0.49385
713 0.495
714 0.496
715 0.4963
716 0.4972
717 0.49785
718 0.4985
719 0.49935
720 0.4997
721 0.5001
722 0.50115
723 0.50145
724 0.5029
725 0.5038
726 0.5041
727 0.50495
728 0.50595
729 0.50685
730 0.5071
731 0.5078
732 0.5082
733 0.5086
734 0.51085
735 0.51115
736 0.51195
737 0.51245
738 0.5136
739 0.51405
740 0.51455
741 0.5155
742 0.51595
743 0.5165
744 0.51765
745 0.51855
746 0.51875
747 0.51975
748 0.52095
749 0.52205
750 0.5225
751 0.52285
752 0.5235
753 0.52415
754 0.52535
755 0.52545
756 0.52575
757 0.52625
758 0.5266
759 0.52755
760 0.52775
761 0.52815
762 0.52895
763 0.5297
764 0.52975
765 0.5313
766 0.53155
767 0.532
768 0.53255
769 0.53275
770 0.534
771 0.5348
772 0.5349
773 0.53595
774 0.5372
775 0.5375
776 0.53855
777 0.5389
778 0.5392
779 0.53965
780 0.53985
781 0.5411
782 0.54215
783 0.5423
784 0.54295
785 0.5432
786 0.5437
787 0.5451
788 0.54595
789 0.5468
790 0.54795
791 0.54845
792 0.54885
793 0.54935
794 0.5497
795 0.55055
796 0.55105
797 0.55195
798 0.55245
799 0.55315
800 0.5537
801 0.555
802 0.55525
803 0.55555
804 0.55575
805 0.55665
806 0.5573
807 0.5581
808 0.5582
809 0.55845
810 0.55915
811 0.55965
812 0.56075
813 0.5619
814 0.56225
815 0.56255
816 0.56295
817 0.5638
818 0.56425
819 0.5651
820 0.56615
821 0.56645
822 0.5669
823 0.567
824 0.5675
825 0.5681
826 0.5686
827 0.5689
828 0.56935
829 0.57015
830 0.57075
831 0.57115
832 0.57135
833 0.57165
834 0.5725
835 0.5738
836 0.5742
837 0.5745
838 0.5752
839 0.5756
840 0.5763
841 0.57675
842 0.57725
843 0.5777
844 0.5779
845 0.578
846 0.57865
847 0.57925
848 0.57965
849 0.58025
850 0.5808
851 0.58155
852 0.583
853 0.5839
854 0.58445
855 0.5846
856 0.5848
857 0.5849
858 0.5854
859 0.58575
860 0.587
861 0.58725
862 0.58835
863 0.589
864 0.5908
865 0.5917
866 0.5926
867 0.59275
868 0.59345
869 0.5946
870 0.59515
871 0.5955
872 0.59605
873 0.5967
874 0.59735
875 0.59805
876 0.599
877 0.5998
878 0.6007
879 0.6022
880 0.6026
881 0.6029
882 0.6039
883 0.60425
884 0.6048
885 0.60515
886 0.60655
887 0.6074
888 0.60805
889 0.6084
890 0.61085
891 0.6116
892 0.6119
893 0.61335
894 0.6139
895 0.6147
896 0.61575
897 0.6167
898 0.6174
899 0.6181
900 0.6188
901 0.6189
902 0.6212
903 0.62135
904 0.62165
905 0.62215
906 0.62285
907 0.62405
908 0.6242
909 0.6248
910 0.6255
911 0.62555
912 0.626
913 0.6273
914 0.6284
915 0.62985
916 0.6308
917 0.63165
918 0.63175
919 0.63215
920 0.63245
921 0.63275
922 0.63335
923 0.63385
924 0.63445
925 0.63595
926 0.63685
927 0.63955
928 0.64035
929 0.641
930 0.64115
931 0.64215
932 0.6425
933 0.64335
934 0.64405
935 0.64455
936 0.64505
937 0.64585
938 0.64595
939 0.64675
940 0.64705
941 0.6474
942 0.64785
943 0.64895
944 0.6497
945 0.64975
946 0.6505
947 0.6509
948 0.6526
949 0.65375
950 0.6543
951 0.6548
952 0.65515
953 0.6565
954 0.6579
955 0.65795
956 0.65845
957 0.65995
958 0.66075
959 0.6611
960 0.66145
961 0.66175
962 0.66345
963 0.6638
964 0.6647
965 0.6652
966 0.6655
967 0.66575
968 0.66715
969 0.6681
970 0.6683
971 0.6697
972 0.6709
973 0.6716
974 0.6721
975 0.6739
976 0.67415
977 0.6755
978 0.6761
979 0.6765
980 0.67655
981 0.6771
982 0.67735
983 0.6774
984 0.67775
985 0.6783
986 0.6791
987 0.6798
988 0.67995
989 0.68075
990 0.6814
991 0.68295
992 0.6832
993 0.6845
994 0.6855
995 0.68575
996 0.6871
997 0.6875
998 0.6882
999 0.68845
1000 0.6885
1001 0.6891
1002 0.6895
1003 0.69
1004 0.6901
1005 0.69055
1006 0.6906
1007 0.69115
1008 0.6918
1009 0.69265
1010 0.6932
1011 0.69335
1012 0.6945
1013 0.69555
1014 0.6957
1015 0.6961
1016 0.6971
1017 0.6979
1018 0.698
1019 0.6981
1020 0.69885
1021 0.6989
1022 0.69965
1023 0.70045
1024 0.7021
1025 0.7031
1026 0.70375
1027 0.70415
1028 0.7051
1029 0.7068
1030 0.70735
1031 0.70745
1032 0.7083
1033 0.70915
1034 0.7095
1035 0.70985
1036 0.71105
1037 0.712
1038 0.71265
1039 0.7133
1040 0.71365
1041 0.7143
1042 0.71445
1043 0.7154
1044 0.7159
1045 0.71675
1046 0.71715
1047 0.7182
1048 0.7194
1049 0.71985
1050 0.7202
1051 0.7215
1052 0.722
1053 0.7228
1054 0.723
1055 0.7233
1056 0.724
1057 0.72505
1058 0.7253
1059 0.72715
1060 0.72775
1061 0.7282
1062 0.72915
1063 0.72985
1064 0.73045
1065 0.73065
1066 0.73085
1067 0.731
1068 0.732
1069 0.7324
1070 0.7336
1071 0.73385
1072 0.73435
1073 0.73455
1074 0.73525
1075 0.7355
1076 0.73625
1077 0.7369
1078 0.7373
1079 0.7383
1080 0.74
1081 0.74145
1082 0.74215
1083 0.74345
1084 0.74405
1085 0.7447
1086 0.7455
1087 0.7456
1088 0.7457
1089 0.74695
1090 0.74795
1091 0.74855
1092 0.7494
1093 0.7497
1094 0.7502
1095 0.75035
1096 0.75185
1097 0.7526
1098 0.75335
1099 0.75385
1100 0.75445
1101 0.7545
1102 0.75595
1103 0.7561
1104 0.75625
1105 0.758
1106 0.7585
1107 0.7597
1108 0.761
1109 0.76205
1110 0.76235
1111 0.76275
1112 0.76385
1113 0.7645
1114 0.7652
1115 0.7667
1116 0.76805
1117 0.7688
1118 0.76965
1119 0.77015
1120 0.771
1121 0.77125
1122 0.7723
1123 0.7729
1124 0.77375
1125 0.77445
1126 0.775
1127 0.77555
1128 0.77575
1129 0.7759
1130 0.77625
1131 0.77765
1132 0.7783
1133 0.77915
1134 0.7792
1135 0.78005
1136 0.78065
1137 0.7812
1138 0.78135
1139 0.7821
1140 0.78225
1141 0.7826
1142 0.78295
1143 0.7836
1144 0.7839
1145 0.78465
1146 0.78505
1147 0.7852
1148 0.78595
1149 0.7865
1150 0.78695
1151 0.78765
1152 0.78795
1153 0.789
1154 0.7894
1155 0.7904
1156 0.79095
1157 0.79135
1158 0.79255
1159 0.793
1160 0.79395
1161 0.79405
1162 0.795
1163 0.7955
1164 0.7961
1165 0.7969
1166 0.79705
1167 0.79795
1168 0.7984
1169 0.7989
1170 0.7998
1171 0.8
1172 0.8006
1173 0.8015
1174 0.8025
1175 0.80325
1176 0.80405
1177 0.8042
1178 0.8054
1179 0.8062
1180 0.80655
1181 0.80705
1182 0.8088
1183 0.80945
1184 0.8104
1185 0.8108
1186 0.8118
1187 0.8124
1188 0.81265
1189 0.81385
1190 0.81475
1191 0.8161
1192 0.81615
1193 0.8163
1194 0.8173
1195 0.81825
1196 0.8198
1197 0.82025
1198 0.82075
1199 0.8217
1200 0.82305
1201 0.82345
1202 0.8238
1203 0.82415
1204 0.8245
1205 0.82555
1206 0.82655
1207 0.82675
1208 0.827
1209 0.82785
1210 0.82925
1211 0.83
1212 0.8301
1213 0.8312
1214 0.83225
1215 0.8325
1216 0.83305
1217 0.8337
1218 0.8339
1219 0.83405
1220 0.83565
1221 0.8368
1222 0.8382
1223 0.8385
1224 0.83895
1225 0.8393
1226 0.83965
1227 0.8406
1228 0.84125
1229 0.84225
1230 0.8423
1231 0.84275
1232 0.84355
1233 0.8439
1234 0.8442
1235 0.84435
1236 0.845
1237 0.84555
1238 0.8458
1239 0.8473
1240 0.84775
1241 0.84805
1242 0.84905
1243 0.84945
1244 0.8498
1245 0.8507
1246 0.8515
1247 0.85185
1248 0.8521
1249 0.8538
1250 0.85435
1251 0.855
1252 0.8554
1253 0.85565
1254 0.85625
1255 0.8572
1256 0.85785
1257 0.8584
1258 0.8586
1259 0.85975
1260 0.861
1261 0.8617
1262 0.8628
1263 0.8633
1264 0.86355
1265 0.8648
1266 0.86525
1267 0.8661
1268 0.86695
1269 0.8683
1270 0.86855
1271 0.8692
1272 0.8711
1273 0.87135
1274 0.87215
1275 0.87285
1276 0.8743
1277 0.87465
1278 0.8764
1279 0.8771
1280 0.8775
1281 0.87845
1282 0.8789
1283 0.8791
1284 0.87955
1285 0.88015
1286 0.8807
1287 0.8813
1288 0.88155
1289 0.88235
1290 0.88285
1291 0.88335
1292 0.8844
1293 0.88525
1294 0.88625
1295 0.8867
1296 0.88725
1297 0.88805
1298 0.88855
1299 0.8889
1300 0.88905
1301 0.8891
1302 0.8903
1303 0.89095
1304 0.89165
1305 0.89195
1306 0.8931
1307 0.8933
1308 0.8934
1309 0.89455
1310 0.89515
1311 0.89765
1312 0.8982
1313 0.8987
1314 0.8995
1315 0.89995
1316 0.90115
1317 0.90145
1318 0.90225
1319 0.9026
1320 0.90365
1321 0.9041
1322 0.9044
1323 0.9046
1324 0.90485
1325 0.90495
1326 0.9054
1327 0.9055
1328 0.90565
1329 0.9069
1330 0.9076
1331 0.90765
1332 0.90815
1333 0.9085
1334 0.9087
1335 0.9098
1336 0.9107
1337 0.9109
1338 0.91165
1339 0.91265
1340 0.9134
1341 0.9143
1342 0.9163
1343 0.917
1344 0.9175
1345 0.9176
1346 0.9178
1347 0.9184
1348 0.9188
1349 0.9194
1350 0.9198
1351 0.92095
1352 0.9216
1353 0.92185
1354 0.9236
1355 0.9243
1356 0.9257
1357 0.92625
1358 0.92685
1359 0.92755
1360 0.92825
1361 0.92885
1362 0.92955
1363 0.9305
1364 0.9312
1365 0.9323
1366 0.9338
1367 0.9351
1368 0.9356
1369 0.93585
1370 0.9379
1371 0.939
1372 0.9399
1373 0.94
1374 0.9405
1375 0.94145
1376 0.94185
1377 0.9438
1378 0.9449
1379 0.94515
1380 0.94585
1381 0.94715
1382 0.94745
1383 0.94785
1384 0.94805
1385 0.9484
1386 0.9489
1387 0.9492
1388 0.94945
1389 0.95005
1390 0.9505
1391 0.95075
1392 0.95105
1393 0.95135
1394 0.9521
1395 0.9528
1396 0.9539
1397 0.95485
1398 0.95555
1399 0.95605
1400 0.95715
1401 0.9585
1402 0.95895
1403 0.95915
1404 0.95965
1405 0.96
1406 0.96085
1407 0.9611
1408 0.9612
1409 0.9618
1410 0.96275
1411 0.96305
1412 0.96335
1413 0.96345
1414 0.96455
1415 0.96565
1416 0.96595
1417 0.96625
1418 0.9682
1419 0.96885
1420 0.9689
1421 0.96935
1422 0.9705
1423 0.9711
1424 0.9715
1425 0.9725
1426 0.9731
1427 0.97345
1428 0.9737
1429 0.9741
1430 0.97615
1431 0.9764
1432 0.97715
1433 0.97755
1434 0.97785
1435 0.97895
1436 0.98055
1437 0.9815
1438 0.9824
1439 0.98245
1440 0.9844
1441 0.9849
1442 0.9852
1443 0.98565
1444 0.9868
1445 0.9888
1446 0.99025
1447 0.99095
1448 0.99195
1449 0.99245
1450 0.99275
1451 0.9934
1452 0.9941
1453 0.99495
1454 0.99535
1455 0.9956
1456 0.9966
1457 0.99725
1458 0.9979
1459 0.9984
1460 0.9994
1461 1.0012
# Generated pool n. 28 for Umax = -16.286195755004883
# Generated a biased pool of 20000 with an acceptance of 0.053115423768758774
# Generated a pool of 20000 with an acceptance of 0.000684815321477424
# Generation repeated 1462 times
# Average relative effective sample size: 0.003430718556046486
# Generation efficiency: 0.0006839945280437756
