# Generation 37

0 0.00275
1 0.0046
2 0.0059
3 0.01235
4 0.0157
5 0.01675
6 0.02265
7 0.0257
8 0.0291
9 0.0294
10 0.03405
11 0.03695
12 0.04065
13 0.04685
14 0.0513
15 0.0542
16 0.05745
17 0.06
18 0.06425
19 0.0669
20 0.06785
21 0.07225
22 0.077
23 0.0816
24 0.0835
25 0.0883
26 0.09105
27 0.0942
28 0.09865
29 0.10295
30 0.11
31 0.11405
32 0.11515
33 0.1192
34 0.12395
35 0.12585
36 0.12745
37 0.12815
38 0.1305
39 0.1333
40 0.1339
41 0.13865
42 0.14045
43 0.14275
44 0.1444
45 0.14745
46 0.1537
47 0.15615
48 0.1635
49 0.1658
50 0.16945
51 0.172
52 0.1752
53 0.17755
54 0.1788
55 0.18385
56 0.18645
57 0.1904
58 0.19085
59 0.19585
60 0.20155
61 0.2056
62 0.20815
63 0.21295
64 0.2184
65 0.22285
66 0.2256
67 0.23015
68 0.23525
69 0.2396
70 0.2432
71 0.2464
72 0.24875
73 0.2519
74 0.253
75 0.25795
76 0.2609
77 0.2657
78 0.271
79 0.27185
80 0.27295
81 0.2748
82 0.27905
83 0.28455
84 0.2866
85 0.2912
86 0.2941
87 0.29675
88 0.29785
89 0.3028
90 0.3052
91 0.309
92 0.3102
93 0.31465
94 0.31545
95 0.3188
96 0.3216
97 0.32285
98 0.3279
99 0.33025
100 0.3315
101 0.33325
102 0.33905
103 0.34205
104 0.34685
105 0.347
106 0.35145
107 0.35315
108 0.3554
109 0.36035
110 0.3624
111 0.3701
112 0.37075
113 0.3721
114 0.37345
115 0.37855
116 0.38345
117 0.38555
118 0.38655
119 0.38845
120 0.3914
121 0.3933
122 0.3967
123 0.39875
124 0.40015
125 0.40315
126 0.4065
127 0.41135
128 0.4166
129 0.41675
130 0.4207
131 0.42415
132 0.4281
133 0.43115
134 0.4334
135 0.43425
136 0.43635
137 0.4407
138 0.4428
139 0.4464
140 0.4509
141 0.4531
142 0.4546
143 0.4581
144 0.461
145 0.46185
146 0.4636
147 0.4676
148 0.46795
149 0.4699
150 0.47535
151 0.4763
152 0.47755
153 0.4784
154 0.4801
155 0.48455
156 0.48845
157 0.4928
158 0.495
159 0.4972
160 0.50215
161 0.50395
162 0.5053
163 0.5101
164 0.51145
165 0.5123
166 0.5178
167 0.5209
168 0.52725
169 0.52855
170 0.53055
171 0.5392
172 0.54415
173 0.54595
174 0.5463
175 0.549
176 0.54975
177 0.55155
178 0.5531
179 0.55585
180 0.55745
181 0.55895
182 0.5645
183 0.5656
184 0.5701
185 0.57245
186 0.574
187 0.5769
188 0.57945
189 0.5804
190 0.58285
191 0.58825
192 0.5941
193 0.5972
194 0.5994
195 0.60455
196 0.609
197 0.60965
198 0.6125
199 0.61695
200 0.62015
201 0.6231
202 0.6256
203 0.6279
204 0.6282
205 0.63175
206 0.63455
207 0.63645
208 0.64185
209 0.6443
210 0.6481
211 0.65405
212 0.65765
213 0.6624
214 0.66445
215 0.6675
216 0.66795
217 0.67085
218 0.676
219 0.6793
220 0.6851
221 0.69145
222 0.692
223 0.6959
224 0.70045
225 0.70225
226 0.7074
227 0.7092
228 0.71145
229 0.7141
230 0.71595
231 0.71735
232 0.72
233 0.72295
234 0.7256
235 0.72765
236 0.72965
237 0.7335
238 0.73765
239 0.74105
240 0.7451
241 0.74895
242 0.7512
243 0.7535
244 0.7576
245 0.76135
246 0.7666
247 0.7687
248 0.7722
249 0.77365
250 0.7762
251 0.77645
252 0.7802
253 0.7827
254 0.78555
255 0.78725
256 0.78955
257 0.79565
258 0.79825
259 0.80275
260 0.8088
261 0.811
262 0.81565
263 0.8235
264 0.8258
265 0.82675
266 0.82955
267 0.8307
268 0.8328
269 0.8365
270 0.8401
271 0.84225
272 0.84565
273 0.8461
274 0.85185
275 0.8583
276 0.8591
277 0.8602
278 0.86475
279 0.86555
280 0.8691
281 0.8731
282 0.87915
283 0.88225
284 0.8834
285 0.8839
286 0.8874
287 0.88795
288 0.8886
289 0.8925
290 0.8949
291 0.898
292 0.9017
293 0.9047
294 0.9086
295 0.91095
296 0.91345
297 0.91625
298 0.9203
299 0.9225
300 0.92525
301 0.92685
302 0.93225
303 0.93465
304 0.9368
305 0.9397
306 0.9428
307 0.9452
308 0.9477
309 0.9492
310 0.953
311 0.9557
312 0.9621
313 0.9658
314 0.9673
315 0.9733
316 0.97565
317 0.9786
318 0.98455
319 0.98525
320 0.98985
321 0.99345
322 0.9963
323 0.99785
324 1.00245
# Generated pool n. 37 for Umax = -16.70272445678711
# Generated a biased pool of 20000 with an acceptance of 0.2606942355632782
# Generated a pool of 20000 with an acceptance of 0.0030844615384615385
# Generation repeated 325 times
# Average relative effective sample size: 0.03375040739774704
# Generation efficiency: 0.003076923076923077
