# Generation 6

0 0.00235
1 0.0038
2 0.005
3 0.0066
4 0.0078
5 0.00995
6 0.01235
7 0.01435
8 0.01615
9 0.01875
10 0.02195
11 0.02475
12 0.02615
13 0.02775
14 0.0311
15 0.032
16 0.0329
17 0.03445
18 0.03555
19 0.0369
20 0.03845
21 0.0402
22 0.0425
23 0.0452
24 0.0462
25 0.04745
26 0.0494
27 0.05185
28 0.05405
29 0.05625
30 0.0582
31 0.05935
32 0.06195
33 0.0631
34 0.06535
35 0.0682
36 0.07
37 0.0715
38 0.07345
39 0.07535
40 0.0772
41 0.07945
42 0.08175
43 0.08305
44 0.08485
45 0.08755
46 0.08875
47 0.0905
48 0.0917
49 0.0938
50 0.0951
51 0.09635
52 0.0989
53 0.1007
54 0.10325
55 0.1049
56 0.10655
57 0.10995
58 0.11165
59 0.11315
60 0.114
61 0.11555
62 0.11645
63 0.11765
64 0.1186
65 0.1199
66 0.12095
67 0.1231
68 0.1249
69 0.1267
70 0.12875
71 0.12955
72 0.13055
73 0.1319
74 0.1332
75 0.13425
76 0.13675
77 0.1385
78 0.13955
79 0.1409
80 0.1427
81 0.14395
82 0.148
83 0.14955
84 0.1522
85 0.15385
86 0.1546
87 0.15665
88 0.1577
89 0.16005
90 0.16305
91 0.165
92 0.16645
93 0.16795
94 0.16845
95 0.17275
96 0.1744
97 0.1751
98 0.1773
99 0.1778
100 0.17895
101 0.18175
102 0.1827
103 0.18415
104 0.185
105 0.18755
106 0.188
107 0.18915
108 0.19075
109 0.1936
110 0.1949
111 0.1954
112 0.19785
113 0.2
114 0.20105
115 0.2019
116 0.2041
117 0.2055
118 0.20735
119 0.2083
120 0.21
121 0.2118
122 0.213
123 0.21385
124 0.2158
125 0.2169
126 0.2185
127 0.2199
128 0.2208
129 0.2222
130 0.22385
131 0.2259
132 0.22725
133 0.2287
134 0.23075
135 0.2309
136 0.23295
137 0.2343
138 0.23615
139 0.23715
140 0.23845
141 0.2397
142 0.241
143 0.24305
144 0.24405
145 0.24485
146 0.2453
147 0.2468
148 0.24835
149 0.24875
150 0.24935
151 0.2519
152 0.25345
153 0.2567
154 0.25785
155 0.25935
156 0.26185
157 0.26335
158 0.2644
159 0.265
160 0.26705
161 0.26905
162 0.2708
163 0.27205
164 0.27455
165 0.2761
166 0.2776
167 0.2784
168 0.28
169 0.28185
170 0.28255
171 0.28415
172 0.2864
173 0.28815
174 0.2895
175 0.2926
176 0.29435
177 0.29715
178 0.29815
179 0.2998
180 0.3017
181 0.3032
182 0.3044
183 0.3065
184 0.30735
185 0.30915
186 0.31055
187 0.31235
188 0.31485
189 0.31755
190 0.3188
191 0.3199
192 0.3211
193 0.3227
194 0.3237
195 0.32555
196 0.3262
197 0.327
198 0.32885
199 0.33095
200 0.3317
201 0.33245
202 0.33365
203 0.33495
204 0.3361
205 0.3381
206 0.3386
207 0.3397
208 0.34135
209 0.3446
210 0.346
211 0.34695
212 0.3485
213 0.34945
214 0.35145
215 0.3539
216 0.3565
217 0.35745
218 0.3588
219 0.35995
220 0.3623
221 0.36575
222 0.36735
223 0.36855
224 0.3702
225 0.37125
226 0.37265
227 0.37395
228 0.3761
229 0.37725
230 0.37825
231 0.3806
232 0.382
233 0.38355
234 0.38625
235 0.3877
236 0.38885
237 0.3905
238 0.39135
239 0.39275
240 0.39445
241 0.39645
242 0.3978
243 0.3989
244 0.4
245 0.40295
246 0.40375
247 0.40575
248 0.408
249 0.40825
250 0.4097
251 0.41105
252 0.41255
253 0.41435
254 0.41595
255 0.4183
256 0.41915
257 0.41945
258 0.42055
259 0.4215
260 0.42385
261 0.4257
262 0.428
263 0.4302
264 0.43125
265 0.4335
266 0.4345
267 0.4365
268 0.4379
269 0.43905
270 0.4407
271 0.4415
272 0.4447
273 0.4462
274 0.44745
275 0.44875
276 0.45155
277 0.4538
278 0.45595
279 0.45715
280 0.4581
281 0.46105
282 0.4624
283 0.4638
284 0.465
285 0.46605
286 0.4663
287 0.4674
288 0.4684
289 0.46965
290 0.4715
291 0.4732
292 0.4744
293 0.4763
294 0.47775
295 0.47845
296 0.47935
297 0.4799
298 0.48185
299 0.48275
300 0.4836
301 0.4845
302 0.48575
303 0.48685
304 0.48765
305 0.48775
306 0.4895
307 0.49075
308 0.49265
309 0.4947
310 0.4953
311 0.49735
312 0.4985
313 0.4998
314 0.5018
315 0.50295
316 0.5045
317 0.50585
318 0.5088
319 0.51005
320 0.5118
321 0.51425
322 0.51555
323 0.5189
324 0.51925
325 0.521
326 0.5222
327 0.52415
328 0.525
329 0.52615
330 0.52685
331 0.52765
332 0.52835
333 0.5299
334 0.53055
335 0.53465
336 0.53635
337 0.53795
338 0.53845
339 0.5404
340 0.5408
341 0.5421
342 0.54365
343 0.54525
344 0.54755
345 0.54985
346 0.55165
347 0.5539
348 0.5565
349 0.56065
350 0.5627
351 0.56365
352 0.56555
353 0.56715
354 0.56825
355 0.5702
356 0.5718
357 0.5738
358 0.57675
359 0.5787
360 0.5796
361 0.5813
362 0.58175
363 0.58325
364 0.5838
365 0.58485
366 0.587
367 0.588
368 0.5888
369 0.59035
370 0.59265
371 0.5956
372 0.59785
373 0.5991
374 0.60265
375 0.60425
376 0.60505
377 0.60705
378 0.60745
379 0.6093
380 0.6103
381 0.61125
382 0.6119
383 0.61245
384 0.6161
385 0.61705
386 0.62
387 0.62105
388 0.6223
389 0.62325
390 0.62485
391 0.62565
392 0.627
393 0.6293
394 0.63045
395 0.63255
396 0.6336
397 0.635
398 0.6374
399 0.6407
400 0.6413
401 0.6424
402 0.64315
403 0.64495
404 0.64615
405 0.64665
406 0.64945
407 0.6507
408 0.65215
409 0.6536
410 0.6554
411 0.6566
412 0.65795
413 0.6601
414 0.6623
415 0.66335
416 0.66455
417 0.667
418 0.66945
419 0.6709
420 0.6718
421 0.6727
422 0.6734
423 0.6755
424 0.6769
425 0.6786
426 0.6797
427 0.681
428 0.6826
429 0.68405
430 0.68575
431 0.6882
432 0.6893
433 0.69075
434 0.69285
435 0.6938
436 0.6949
437 0.6968
438 0.69765
439 0.69895
440 0.7
441 0.7027
442 0.70385
443 0.70595
444 0.70775
445 0.70885
446 0.7096
447 0.7122
448 0.7136
449 0.7147
450 0.71605
451 0.7175
452 0.7204
453 0.72255
454 0.72545
455 0.72625
456 0.7288
457 0.7315
458 0.73305
459 0.73455
460 0.73615
461 0.73845
462 0.7399
463 0.7414
464 0.74345
465 0.7444
466 0.746
467 0.7468
468 0.74855
469 0.7502
470 0.7516
471 0.7536
472 0.75615
473 0.75715
474 0.75865
475 0.7594
476 0.7605
477 0.763
478 0.76575
479 0.767
480 0.76885
481 0.77215
482 0.77345
483 0.7752
484 0.7764
485 0.7783
486 0.7804
487 0.78345
488 0.78425
489 0.78575
490 0.78665
491 0.7885
492 0.7897
493 0.7914
494 0.7934
495 0.7938
496 0.7944
497 0.79605
498 0.79705
499 0.80045
500 0.8013
501 0.80285
502 0.8037
503 0.8053
504 0.80685
505 0.8092
506 0.80975
507 0.81115
508 0.81285
509 0.81435
510 0.81505
511 0.81515
512 0.8168
513 0.8176
514 0.81845
515 0.8206
516 0.82195
517 0.8233
518 0.8247
519 0.82685
520 0.8277
521 0.8288
522 0.83085
523 0.83175
524 0.83355
525 0.8339
526 0.83705
527 0.83795
528 0.8404
529 0.842
530 0.84535
531 0.8474
532 0.84835
533 0.84875
534 0.8509
535 0.85195
536 0.85365
537 0.85555
538 0.8563
539 0.85705
540 0.8584
541 0.86005
542 0.86085
543 0.8641
544 0.8651
545 0.86655
546 0.86755
547 0.86895
548 0.8698
549 0.8717
550 0.87365
551 0.8752
552 0.87755
553 0.8786
554 0.8803
555 0.88205
556 0.88355
557 0.88415
558 0.8859
559 0.8867
560 0.8897
561 0.89105
562 0.8933
563 0.89495
564 0.89675
565 0.89855
566 0.89945
567 0.90135
568 0.9032
569 0.9039
570 0.9046
571 0.9069
572 0.9085
573 0.91035
574 0.91205
575 0.9133
576 0.91415
577 0.91555
578 0.9181
579 0.91885
580 0.9209
581 0.92305
582 0.9247
583 0.92675
584 0.9279
585 0.93025
586 0.9323
587 0.93265
588 0.93395
589 0.93445
590 0.9361
591 0.937
592 0.939
593 0.94065
594 0.94165
595 0.9441
596 0.946
597 0.9472
598 0.95
599 0.9508
600 0.95395
601 0.955
602 0.956
603 0.95815
604 0.95975
605 0.96105
606 0.96175
607 0.96305
608 0.96485
609 0.9671
610 0.96995
611 0.97105
612 0.97325
613 0.9747
614 0.97635
615 0.9776
616 0.9794
617 0.9806
618 0.9847
619 0.98595
620 0.98675
621 0.99
622 0.9912
623 0.9937
624 0.9955
625 0.9961
626 0.99715
627 0.99745
628 0.9988
629 1.0
# Generated pool n. 6 for Umax = 93.79987335205078
# Generated a biased pool of 20000 with an acceptance of 0.03488954156637192
# Generated a pool of 20000 with an acceptance of 0.0015873015873015869
# Generation repeated 630 times
# Average relative effective sample size: 0.008755888789892197
# Generation efficiency: 0.0015873015873015873
