# Generation 36

0 0.00045
1 0.00285
2 0.00395
3 0.0068
4 0.01165
5 0.0128
6 0.01345
7 0.0167
8 0.0197
9 0.0218
10 0.02335
11 0.02555
12 0.02725
13 0.02905
14 0.0299
15 0.03195
16 0.03505
17 0.0364
18 0.03715
19 0.04
20 0.04205
21 0.04385
22 0.04465
23 0.04695
24 0.04875
25 0.04925
26 0.0502
27 0.0525
28 0.05335
29 0.0541
30 0.057
31 0.0586
32 0.061
33 0.06155
34 0.0628
35 0.06335
36 0.06915
37 0.0738
38 0.07575
39 0.0765
40 0.07775
41 0.0804
42 0.0822
43 0.08265
44 0.0851
45 0.0881
46 0.08995
47 0.0919
48 0.09425
49 0.09595
50 0.0995
51 0.1013
52 0.10345
53 0.1037
54 0.1064
55 0.1116
56 0.11175
57 0.11475
58 0.11615
59 0.11685
60 0.11995
61 0.121
62 0.12175
63 0.1255
64 0.12735
65 0.1291
66 0.1306
67 0.1341
68 0.1353
69 0.1356
70 0.1368
71 0.1402
72 0.14025
73 0.1431
74 0.14345
75 0.145
76 0.1469
77 0.14865
78 0.1514
79 0.15445
80 0.15805
81 0.1588
82 0.1604
83 0.1618
84 0.16645
85 0.1681
86 0.17295
87 0.1769
88 0.1776
89 0.18025
90 0.1814
91 0.1815
92 0.1849
93 0.18845
94 0.1894
95 0.1907
96 0.1932
97 0.19525
98 0.19685
99 0.19945
100 0.2019
101 0.20505
102 0.2061
103 0.2062
104 0.2074
105 0.2099
106 0.2129
107 0.21395
108 0.21785
109 0.2184
110 0.2202
111 0.227
112 0.229
113 0.2333
114 0.23535
115 0.23915
116 0.2411
117 0.2436
118 0.24465
119 0.25
120 0.25075
121 0.2532
122 0.2548
123 0.25695
124 0.261
125 0.26415
126 0.2659
127 0.26905
128 0.2743
129 0.27835
130 0.2785
131 0.2806
132 0.28225
133 0.28635
134 0.2902
135 0.29345
136 0.2961
137 0.29695
138 0.2972
139 0.29965
140 0.3031
141 0.30635
142 0.30695
143 0.3079
144 0.3085
145 0.3092
146 0.3112
147 0.31215
148 0.3126
149 0.31715
150 0.3203
151 0.32385
152 0.3266
153 0.3275
154 0.3287
155 0.3303
156 0.33275
157 0.337
158 0.3399
159 0.3412
160 0.3434
161 0.34545
162 0.35015
163 0.3535
164 0.3556
165 0.35605
166 0.35925
167 0.36185
168 0.36475
169 0.36985
170 0.3705
171 0.37305
172 0.37585
173 0.3765
174 0.37725
175 0.3791
176 0.3828
177 0.38345
178 0.3865
179 0.38995
180 0.3922
181 0.3957
182 0.3966
183 0.3983
184 0.4013
185 0.40335
186 0.4064
187 0.4082
188 0.4118
189 0.41245
190 0.4141
191 0.41915
192 0.4223
193 0.4265
194 0.4362
195 0.4407
196 0.44325
197 0.4441
198 0.44695
199 0.44795
200 0.45235
201 0.4536
202 0.4572
203 0.45915
204 0.4607
205 0.46375
206 0.464
207 0.4696
208 0.4734
209 0.47545
210 0.47905
211 0.48155
212 0.4823
213 0.4854
214 0.4878
215 0.48885
216 0.49315
217 0.49475
218 0.49865
219 0.4997
220 0.50075
221 0.5035
222 0.5036
223 0.50595
224 0.50755
225 0.50965
226 0.5129
227 0.51895
228 0.52335
229 0.5266
230 0.5278
231 0.5289
232 0.534
233 0.53995
234 0.54085
235 0.54555
236 0.54645
237 0.5484
238 0.55265
239 0.55695
240 0.5582
241 0.5603
242 0.56445
243 0.5658
244 0.56865
245 0.5695
246 0.57165
247 0.57255
248 0.57265
249 0.5755
250 0.5764
251 0.5805
252 0.58215
253 0.5829
254 0.58585
255 0.5881
256 0.59035
257 0.59175
258 0.5964
259 0.5995
260 0.6009
261 0.6047
262 0.6075
263 0.6095
264 0.613
265 0.6153
266 0.6173
267 0.6217
268 0.62605
269 0.6273
270 0.631
271 0.63645
272 0.63865
273 0.6396
274 0.644
275 0.6462
276 0.64825
277 0.6488
278 0.6544
279 0.65795
280 0.6609
281 0.66445
282 0.66665
283 0.67115
284 0.6736
285 0.67495
286 0.6761
287 0.6788
288 0.6794
289 0.6835
290 0.6838
291 0.6867
292 0.68815
293 0.6926
294 0.69365
295 0.6957
296 0.69625
297 0.6971
298 0.69855
299 0.70115
300 0.70395
301 0.70825
302 0.70945
303 0.71225
304 0.7146
305 0.71675
306 0.72085
307 0.72115
308 0.7223
309 0.7229
310 0.72585
311 0.7291
312 0.731
313 0.73395
314 0.73475
315 0.7391
316 0.74225
317 0.74695
318 0.74775
319 0.7516
320 0.75395
321 0.7562
322 0.76325
323 0.7641
324 0.76445
325 0.76895
326 0.77315
327 0.7765
328 0.7792
329 0.78035
330 0.7835
331 0.78655
332 0.7891
333 0.79085
334 0.79175
335 0.79415
336 0.7951
337 0.7987
338 0.8023
339 0.80445
340 0.80765
341 0.8087
342 0.8103
343 0.81325
344 0.81425
345 0.81835
346 0.82015
347 0.8215
348 0.8227
349 0.82395
350 0.82685
351 0.82995
352 0.8352
353 0.8381
354 0.8395
355 0.8404
356 0.8434
357 0.84495
358 0.84725
359 0.84785
360 0.85075
361 0.85385
362 0.8541
363 0.85425
364 0.85645
365 0.8569
366 0.8575
367 0.8605
368 0.86115
369 0.86475
370 0.8663
371 0.8711
372 0.87285
373 0.875
374 0.87755
375 0.88185
376 0.8838
377 0.88795
378 0.88955
379 0.89385
380 0.89745
381 0.8982
382 0.9019
383 0.9031
384 0.90545
385 0.90895
386 0.9129
387 0.91635
388 0.91905
389 0.92005
390 0.9237
391 0.92485
392 0.92895
393 0.9306
394 0.9352
395 0.93695
396 0.94155
397 0.94505
398 0.94815
399 0.95025
400 0.95255
401 0.95635
402 0.95805
403 0.96065
404 0.9609
405 0.96605
406 0.9703
407 0.9709
408 0.9733
409 0.9739
410 0.9771
411 0.9797
412 0.9798
413 0.98475
414 0.98625
415 0.9898
416 0.9912
417 0.99285
418 0.99445
419 0.99985
420 1.00225
# Generated pool n. 36 for Umax = -16.676389694213867
# Generated a biased pool of 20000 with an acceptance of 0.2376934140920639
# Generated a pool of 20000 with an acceptance of 0.0023806413301662695
# Generation repeated 421 times
# Average relative effective sample size: 0.023982619866728783
# Generation efficiency: 0.0023752969121140144
