# Generation 19

0 0.0011
1 0.002
2 0.0044
3 0.0055
4 0.00665
5 0.0071
6 0.0077
7 0.0091
8 0.01055
9 0.01185
10 0.01275
11 0.0131
12 0.0135
13 0.0146
14 0.01595
15 0.01695
16 0.01735
17 0.01755
18 0.01785
19 0.02005
20 0.0213
21 0.0223
22 0.02365
23 0.0245
24 0.02625
25 0.02645
26 0.02685
27 0.02755
28 0.02895
29 0.0292
30 0.02995
31 0.03065
32 0.0314
33 0.033
34 0.03415
35 0.0347
36 0.03535
37 0.03605
38 0.0371
39 0.0385
40 0.039
41 0.03955
42 0.0416
43 0.0422
44 0.04355
45 0.0456
46 0.04715
47 0.049
48 0.0505
49 0.05275
50 0.0532
51 0.05365
52 0.05475
53 0.05575
54 0.0567
55 0.05795
56 0.05845
57 0.05895
58 0.0593
59 0.0599
60 0.06025
61 0.06135
62 0.0622
63 0.06365
64 0.06505
65 0.06535
66 0.06735
67 0.068
68 0.0684
69 0.06885
70 0.0697
71 0.07045
72 0.0707
73 0.07145
74 0.0719
75 0.0722
76 0.07305
77 0.0741
78 0.0742
79 0.075
80 0.07605
81 0.07755
82 0.07795
83 0.07855
84 0.0789
85 0.07935
86 0.08
87 0.0811
88 0.08125
89 0.08325
90 0.08465
91 0.08615
92 0.0865
93 0.08725
94 0.08835
95 0.08925
96 0.0899
97 0.0911
98 0.0923
99 0.09455
100 0.09615
101 0.09705
102 0.0977
103 0.0995
104 0.09995
105 0.10155
106 0.10205
107 0.10275
108 0.10295
109 0.1045
110 0.10495
111 0.10665
112 0.10685
113 0.10965
114 0.1105
115 0.11195
116 0.1126
117 0.1131
118 0.1143
119 0.1149
120 0.11645
121 0.1178
122 0.11825
123 0.11855
124 0.1187
125 0.1198
126 0.1203
127 0.1207
128 0.12325
129 0.1248
130 0.1269
131 0.1273
132 0.12805
133 0.12955
134 0.13035
135 0.1311
136 0.13195
137 0.13255
138 0.1346
139 0.13605
140 0.1376
141 0.13785
142 0.13835
143 0.14045
144 0.1421
145 0.1424
146 0.14385
147 0.146
148 0.14775
149 0.14855
150 0.14945
151 0.15025
152 0.151
153 0.15185
154 0.1533
155 0.1541
156 0.1555
157 0.1571
158 0.1584
159 0.15905
160 0.1608
161 0.1615
162 0.16285
163 0.16555
164 0.1678
165 0.16925
166 0.17005
167 0.17155
168 0.17375
169 0.17475
170 0.1752
171 0.1769
172 0.1773
173 0.1786
174 0.17955
175 0.1812
176 0.1818
177 0.18215
178 0.18275
179 0.18305
180 0.1836
181 0.184
182 0.18465
183 0.185
184 0.1865
185 0.1899
186 0.1902
187 0.19115
188 0.19145
189 0.192
190 0.19315
191 0.1933
192 0.1952
193 0.1969
194 0.198
195 0.19825
196 0.20065
197 0.2011
198 0.203
199 0.204
200 0.20555
201 0.2063
202 0.2078
203 0.21055
204 0.2106
205 0.21295
206 0.2136
207 0.2156
208 0.2177
209 0.21855
210 0.22005
211 0.22075
212 0.2214
213 0.22225
214 0.22515
215 0.22605
216 0.227
217 0.2274
218 0.2277
219 0.22905
220 0.22965
221 0.231
222 0.2332
223 0.23335
224 0.2337
225 0.23385
226 0.23435
227 0.23585
228 0.23665
229 0.23925
230 0.2396
231 0.24125
232 0.24265
233 0.24375
234 0.2446
235 0.24525
236 0.24625
237 0.24655
238 0.2482
239 0.24895
240 0.2497
241 0.2525
242 0.25345
243 0.2538
244 0.2547
245 0.2558
246 0.2566
247 0.2583
248 0.2585
249 0.2593
250 0.26025
251 0.261
252 0.2618
253 0.26215
254 0.2634
255 0.26415
256 0.2652
257 0.2662
258 0.26685
259 0.26805
260 0.26905
261 0.27065
262 0.27145
263 0.2716
264 0.2741
265 0.27435
266 0.27465
267 0.2749
268 0.27525
269 0.2772
270 0.27755
271 0.27805
272 0.2784
273 0.2796
274 0.28035
275 0.28115
276 0.28245
277 0.28385
278 0.28615
279 0.28835
280 0.28965
281 0.29155
282 0.29235
283 0.29305
284 0.2942
285 0.29605
286 0.29805
287 0.2984
288 0.299
289 0.2993
290 0.29995
291 0.3016
292 0.3028
293 0.3042
294 0.3045
295 0.3051
296 0.30625
297 0.30805
298 0.31075
299 0.3108
300 0.31085
301 0.31205
302 0.31245
303 0.31255
304 0.31345
305 0.31485
306 0.315
307 0.317
308 0.3188
309 0.31975
310 0.32085
311 0.32125
312 0.3221
313 0.32235
314 0.323
315 0.32545
316 0.3266
317 0.32735
318 0.32755
319 0.3278
320 0.3292
321 0.32965
322 0.3308
323 0.3334
324 0.33485
325 0.33535
326 0.33685
327 0.33765
328 0.33825
329 0.33945
330 0.3399
331 0.34065
332 0.3416
333 0.34275
334 0.343
335 0.345
336 0.34515
337 0.3461
338 0.3485
339 0.3499
340 0.35035
341 0.35055
342 0.35135
343 0.35235
344 0.3543
345 0.3555
346 0.35635
347 0.3566
348 0.3576
349 0.3579
350 0.35825
351 0.35925
352 0.3609
353 0.36225
354 0.3625
355 0.36275
356 0.3641
357 0.36575
358 0.36605
359 0.3665
360 0.36795
361 0.36805
362 0.3686
363 0.3698
364 0.3705
365 0.3712
366 0.3716
367 0.37205
368 0.3724
369 0.3727
370 0.37505
371 0.3756
372 0.37585
373 0.37795
374 0.37845
375 0.3797
376 0.38075
377 0.3812
378 0.3824
379 0.38335
380 0.38345
381 0.3838
382 0.38515
383 0.3864
384 0.3878
385 0.3883
386 0.3892
387 0.38975
388 0.39145
389 0.39295
390 0.39395
391 0.3947
392 0.3953
393 0.39555
394 0.39625
395 0.3988
396 0.39955
397 0.40125
398 0.4019
399 0.4026
400 0.4048
401 0.4057
402 0.4062
403 0.40665
404 0.40795
405 0.40875
406 0.41015
407 0.41105
408 0.4114
409 0.4134
410 0.41385
411 0.41415
412 0.4145
413 0.4159
414 0.4171
415 0.41745
416 0.41755
417 0.418
418 0.4182
419 0.41875
420 0.42085
421 0.42105
422 0.42185
423 0.42385
424 0.4242
425 0.4249
426 0.42635
427 0.42885
428 0.43
429 0.4305
430 0.4311
431 0.4314
432 0.43145
433 0.432
434 0.43355
435 0.4345
436 0.43535
437 0.4362
438 0.4364
439 0.4378
440 0.43795
441 0.4383
442 0.4397
443 0.44025
444 0.4411
445 0.4417
446 0.4421
447 0.44315
448 0.4433
449 0.44385
450 0.44455
451 0.4453
452 0.44695
453 0.4482
454 0.44875
455 0.4489
456 0.4503
457 0.4512
458 0.45205
459 0.45315
460 0.4545
461 0.45515
462 0.45635
463 0.4567
464 0.45845
465 0.45885
466 0.45955
467 0.46085
468 0.46125
469 0.463
470 0.46435
471 0.46445
472 0.46515
473 0.46655
474 0.46735
475 0.4675
476 0.46795
477 0.4683
478 0.4695
479 0.4699
480 0.4713
481 0.4745
482 0.47455
483 0.47495
484 0.47595
485 0.4764
486 0.47735
487 0.4775
488 0.4786
489 0.4788
490 0.4798
491 0.4808
492 0.48185
493 0.4828
494 0.48365
495 0.4843
496 0.4846
497 0.4856
498 0.48695
499 0.48795
500 0.48825
501 0.4895
502 0.49095
503 0.49305
504 0.4931
505 0.4939
506 0.49455
507 0.49555
508 0.49665
509 0.4976
510 0.49785
511 0.4993
512 0.50025
513 0.50075
514 0.50205
515 0.5027
516 0.5029
517 0.50315
518 0.5038
519 0.50595
520 0.5063
521 0.5066
522 0.50735
523 0.50765
524 0.50795
525 0.50845
526 0.5098
527 0.51055
528 0.51175
529 0.5121
530 0.5125
531 0.513
532 0.5133
533 0.5137
534 0.516
535 0.5168
536 0.5171
537 0.51735
538 0.5184
539 0.51885
540 0.5196
541 0.5203
542 0.5204
543 0.52265
544 0.5237
545 0.52565
546 0.52715
547 0.5294
548 0.53115
549 0.53235
550 0.53265
551 0.5333
552 0.53365
553 0.5351
554 0.536
555 0.5368
556 0.53775
557 0.5395
558 0.5414
559 0.54305
560 0.5433
561 0.54355
562 0.54455
563 0.54555
564 0.5457
565 0.547
566 0.54705
567 0.54745
568 0.54805
569 0.5495
570 0.5513
571 0.55235
572 0.55345
573 0.5538
574 0.554
575 0.55415
576 0.55505
577 0.55545
578 0.5562
579 0.55665
580 0.55695
581 0.55795
582 0.56035
583 0.5609
584 0.5616
585 0.56275
586 0.56365
587 0.56525
588 0.56755
589 0.56785
590 0.5685
591 0.5693
592 0.5697
593 0.5709
594 0.57155
595 0.57315
596 0.57385
597 0.5745
598 0.57485
599 0.5768
600 0.5776
601 0.57935
602 0.58065
603 0.58305
604 0.58455
605 0.5861
606 0.588
607 0.58955
608 0.59065
609 0.59215
610 0.59235
611 0.593
612 0.59425
613 0.59495
614 0.59615
615 0.59805
616 0.59905
617 0.59975
618 0.6004
619 0.6017
620 0.60235
621 0.6025
622 0.60275
623 0.6043
624 0.6055
625 0.60605
626 0.6085
627 0.6091
628 0.6103
629 0.61075
630 0.611
631 0.6132
632 0.6143
633 0.616
634 0.6162
635 0.61785
636 0.61805
637 0.6194
638 0.6196
639 0.6203
640 0.6222
641 0.6227
642 0.62395
643 0.6254
644 0.6258
645 0.6272
646 0.6278
647 0.62855
648 0.62915
649 0.63005
650 0.63115
651 0.6319
652 0.63215
653 0.6335
654 0.63425
655 0.6352
656 0.63665
657 0.6374
658 0.6382
659 0.6397
660 0.64095
661 0.6422
662 0.6431
663 0.6434
664 0.64395
665 0.64485
666 0.64535
667 0.64575
668 0.6463
669 0.64755
670 0.6487
671 0.6504
672 0.65135
673 0.6515
674 0.6529
675 0.6542
676 0.65495
677 0.65675
678 0.6575
679 0.658
680 0.65875
681 0.65935
682 0.65975
683 0.66065
684 0.6619
685 0.6635
686 0.6643
687 0.6646
688 0.66515
689 0.6662
690 0.66635
691 0.66865
692 0.669
693 0.6703
694 0.671
695 0.67185
696 0.6723
697 0.67275
698 0.67325
699 0.6744
700 0.6753
701 0.67645
702 0.67735
703 0.6781
704 0.67875
705 0.67915
706 0.6792
707 0.6806
708 0.6831
709 0.68345
710 0.6845
711 0.68665
712 0.6871
713 0.68915
714 0.69005
715 0.69085
716 0.6922
717 0.69245
718 0.6929
719 0.69415
720 0.6962
721 0.69665
722 0.6976
723 0.6979
724 0.69865
725 0.699
726 0.7007
727 0.70135
728 0.70185
729 0.70275
730 0.7029
731 0.7043
732 0.70495
733 0.7055
734 0.7063
735 0.70715
736 0.7081
737 0.7101
738 0.7112
739 0.71205
740 0.71235
741 0.7128
742 0.7137
743 0.71425
744 0.71505
745 0.7163
746 0.7173
747 0.7192
748 0.72095
749 0.72365
750 0.72395
751 0.7244
752 0.72555
753 0.72675
754 0.7273
755 0.7274
756 0.72805
757 0.7289
758 0.7316
759 0.7322
760 0.7344
761 0.7355
762 0.7361
763 0.7363
764 0.73785
765 0.74055
766 0.7414
767 0.7422
768 0.7437
769 0.7445
770 0.74515
771 0.7461
772 0.74765
773 0.74825
774 0.7498
775 0.75015
776 0.752
777 0.7527
778 0.75345
779 0.75395
780 0.7557
781 0.75705
782 0.75835
783 0.76085
784 0.76235
785 0.76265
786 0.7632
787 0.7637
788 0.76555
789 0.76605
790 0.7662
791 0.7675
792 0.7694
793 0.77065
794 0.77285
795 0.77315
796 0.7735
797 0.7744
798 0.7753
799 0.77715
800 0.7795
801 0.78
802 0.78145
803 0.78305
804 0.78395
805 0.78495
806 0.7852
807 0.78735
808 0.79005
809 0.7903
810 0.79085
811 0.7909
812 0.7916
813 0.793
814 0.79405
815 0.79455
816 0.79475
817 0.79505
818 0.7964
819 0.7976
820 0.7987
821 0.79895
822 0.79975
823 0.80035
824 0.80145
825 0.8035
826 0.8037
827 0.805
828 0.8056
829 0.8063
830 0.8078
831 0.8081
832 0.8095
833 0.8116
834 0.8126
835 0.814
836 0.8156
837 0.81705
838 0.8174
839 0.8176
840 0.8188
841 0.8199
842 0.82
843 0.821
844 0.8215
845 0.8226
846 0.82335
847 0.8249
848 0.8253
849 0.8265
850 0.8267
851 0.8273
852 0.8274
853 0.82775
854 0.82905
855 0.83045
856 0.8316
857 0.83235
858 0.83305
859 0.83325
860 0.83415
861 0.8349
862 0.83605
863 0.8364
864 0.8375
865 0.8387
866 0.83895
867 0.84035
868 0.8404
869 0.84145
870 0.84345
871 0.84425
872 0.84485
873 0.8467
874 0.8477
875 0.84805
876 0.85005
877 0.85135
878 0.8516
879 0.8528
880 0.85345
881 0.8551
882 0.8562
883 0.8568
884 0.8572
885 0.8588
886 0.8598
887 0.8609
888 0.86165
889 0.8629
890 0.8646
891 0.8655
892 0.8662
893 0.8669
894 0.86725
895 0.8688
896 0.86955
897 0.87215
898 0.8729
899 0.8734
900 0.8741
901 0.8766
902 0.8783
903 0.87845
904 0.8788
905 0.88045
906 0.88405
907 0.88445
908 0.88505
909 0.88655
910 0.8871
911 0.88845
912 0.88945
913 0.8898
914 0.8905
915 0.89075
916 0.8915
917 0.8933
918 0.89435
919 0.89455
920 0.8956
921 0.897
922 0.89795
923 0.8984
924 0.90175
925 0.90315
926 0.90415
927 0.90465
928 0.9049
929 0.90505
930 0.90745
931 0.9079
932 0.90885
933 0.9118
934 0.91225
935 0.91295
936 0.91365
937 0.91565
938 0.9177
939 0.91955
940 0.91985
941 0.9207
942 0.92085
943 0.92295
944 0.9248
945 0.9262
946 0.9274
947 0.9275
948 0.9285
949 0.92925
950 0.9303
951 0.9306
952 0.93215
953 0.93265
954 0.93385
955 0.9345
956 0.9356
957 0.93635
958 0.9377
959 0.93805
960 0.9384
961 0.9398
962 0.9416
963 0.94275
964 0.9443
965 0.945
966 0.9457
967 0.94725
968 0.94835
969 0.94995
970 0.95
971 0.95125
972 0.9513
973 0.9516
974 0.9524
975 0.95345
976 0.9545
977 0.9559
978 0.9572
979 0.95775
980 0.9583
981 0.95875
982 0.9599
983 0.96185
984 0.96325
985 0.9637
986 0.96605
987 0.9674
988 0.96885
989 0.9713
990 0.9719
991 0.97385
992 0.9758
993 0.9767
994 0.9777
995 0.97815
996 0.9783
997 0.97965
998 0.9812
999 0.9819
1000 0.98315
1001 0.9842
1002 0.9854
1003 0.98675
1004 0.9881
1005 0.9886
1006 0.9891
1007 0.98975
1008 0.99025
1009 0.9908
1010 0.9924
1011 0.99315
1012 0.9935
1013 0.9936
1014 0.9941
1015 0.99455
1016 0.99475
1017 0.99555
1018 0.9971
1019 0.999
1020 0.99975
1021 1.00085
# Generated pool n. 19 for Umax = -15.174295425415039
# Generated a biased pool of 20000 with an acceptance of 0.07776976376771927
# Generated a pool of 20000 with an acceptance of 0.0009793052837573357
# Generation repeated 1022 times
# Average relative effective sample size: 0.006022536661475897
# Generation efficiency: 0.0009784735812133072
