# Generation 26

0 0.00115
1 0.00315
2 0.0037
3 0.0045
4 0.0053
5 0.00625
6 0.00705
7 0.00755
8 0.00805
9 0.00945
10 0.01045
11 0.0106
12 0.01095
13 0.01215
14 0.01395
15 0.0143
16 0.0146
17 0.01475
18 0.01585
19 0.01625
20 0.0164
21 0.01815
22 0.0184
23 0.01875
24 0.0197
25 0.02005
26 0.02095
27 0.0217
28 0.0228
29 0.02285
30 0.0242
31 0.0249
32 0.02575
33 0.0269
34 0.0272
35 0.02795
36 0.0286
37 0.0292
38 0.02955
39 0.0301
40 0.03115
41 0.03215
42 0.0329
43 0.03335
44 0.0334
45 0.0339
46 0.0348
47 0.03575
48 0.03695
49 0.0372
50 0.0378
51 0.03805
52 0.03915
53 0.03975
54 0.04025
55 0.04125
56 0.04235
57 0.04305
58 0.04335
59 0.04345
60 0.04395
61 0.04555
62 0.0456
63 0.0475
64 0.048
65 0.0485
66 0.0494
67 0.04955
68 0.05
69 0.0501
70 0.05145
71 0.05255
72 0.0531
73 0.05335
74 0.05455
75 0.05485
76 0.05635
77 0.0568
78 0.057
79 0.05785
80 0.05865
81 0.05905
82 0.0597
83 0.05985
84 0.0601
85 0.06135
86 0.06145
87 0.06335
88 0.06415
89 0.06545
90 0.06575
91 0.0661
92 0.06665
93 0.067
94 0.06725
95 0.0675
96 0.0678
97 0.0683
98 0.06925
99 0.06975
100 0.07025
101 0.0709
102 0.07225
103 0.0726
104 0.07345
105 0.07405
106 0.07425
107 0.0746
108 0.07535
109 0.0762
110 0.07645
111 0.0767
112 0.0772
113 0.0782
114 0.07895
115 0.08005
116 0.08105
117 0.0818
118 0.08195
119 0.0821
120 0.0827
121 0.08315
122 0.0833
123 0.08385
124 0.08435
125 0.0863
126 0.08705
127 0.0876
128 0.088
129 0.08855
130 0.08925
131 0.0901
132 0.0907
133 0.09105
134 0.09145
135 0.09205
136 0.09235
137 0.0925
138 0.093
139 0.0935
140 0.0941
141 0.0945
142 0.09545
143 0.09615
144 0.0964
145 0.09665
146 0.09835
147 0.1006
148 0.10125
149 0.1016
150 0.1017
151 0.10225
152 0.10365
153 0.1043
154 0.1047
155 0.10525
156 0.10565
157 0.1058
158 0.1072
159 0.1094
160 0.1098
161 0.1113
162 0.11195
163 0.1123
164 0.11265
165 0.1132
166 0.11385
167 0.1145
168 0.11535
169 0.1154
170 0.11645
171 0.117
172 0.1173
173 0.11765
174 0.11795
175 0.11885
176 0.1189
177 0.1193
178 0.1201
179 0.12095
180 0.12125
181 0.1214
182 0.12155
183 0.12205
184 0.12325
185 0.12375
186 0.1241
187 0.1254
188 0.12585
189 0.1267
190 0.127
191 0.12785
192 0.12865
193 0.1292
194 0.12955
195 0.1302
196 0.13085
197 0.13145
198 0.132
199 0.13215
200 0.1322
201 0.13225
202 0.1327
203 0.1332
204 0.13415
205 0.1349
206 0.1373
207 0.13915
208 0.1393
209 0.14
210 0.14145
211 0.1426
212 0.1428
213 0.1441
214 0.1454
215 0.146
216 0.14605
217 0.1466
218 0.14685
219 0.1473
220 0.1481
221 0.14855
222 0.14875
223 0.14965
224 0.15015
225 0.1516
226 0.15275
227 0.1532
228 0.1538
229 0.15405
230 0.15455
231 0.15485
232 0.15565
233 0.1564
234 0.1572
235 0.15735
236 0.1579
237 0.15875
238 0.16
239 0.1604
240 0.16205
241 0.1623
242 0.16375
243 0.1646
244 0.16505
245 0.16545
246 0.16645
247 0.16795
248 0.16895
249 0.16915
250 0.1694
251 0.1701
252 0.17075
253 0.1717
254 0.17285
255 0.17315
256 0.17405
257 0.1746
258 0.1764
259 0.17665
260 0.177
261 0.1775
262 0.1783
263 0.179
264 0.1802
265 0.181
266 0.1819
267 0.18245
268 0.18255
269 0.18395
270 0.18455
271 0.18535
272 0.18555
273 0.18575
274 0.18685
275 0.18765
276 0.18795
277 0.1884
278 0.1887
279 0.18885
280 0.18915
281 0.1906
282 0.19075
283 0.19105
284 0.19235
285 0.19315
286 0.19495
287 0.19635
288 0.1973
289 0.19865
290 0.19945
291 0.2006
292 0.2015
293 0.203
294 0.2033
295 0.2042
296 0.2044
297 0.2053
298 0.2063
299 0.2075
300 0.20765
301 0.2087
302 0.20895
303 0.20915
304 0.21075
305 0.2119
306 0.2124
307 0.213
308 0.21395
309 0.2146
310 0.2154
311 0.2159
312 0.2163
313 0.217
314 0.218
315 0.21905
316 0.21945
317 0.2205
318 0.2213
319 0.2218
320 0.222
321 0.2234
322 0.2241
323 0.225
324 0.2269
325 0.2275
326 0.22845
327 0.22935
328 0.2318
329 0.2321
330 0.2332
331 0.23415
332 0.2356
333 0.2359
334 0.238
335 0.2395
336 0.24
337 0.24035
338 0.2409
339 0.24145
340 0.2425
341 0.24295
342 0.24425
343 0.2445
344 0.2451
345 0.2461
346 0.24695
347 0.24775
348 0.2479
349 0.2488
350 0.24955
351 0.2508
352 0.2516
353 0.2525
354 0.25265
355 0.2532
356 0.2537
357 0.25475
358 0.2549
359 0.2559
360 0.25605
361 0.25635
362 0.25685
363 0.2573
364 0.25775
365 0.2584
366 0.25885
367 0.26015
368 0.2603
369 0.2608
370 0.26135
371 0.26185
372 0.263
373 0.26415
374 0.26435
375 0.26495
376 0.26565
377 0.26605
378 0.26625
379 0.26655
380 0.26705
381 0.2688
382 0.26905
383 0.26925
384 0.27055
385 0.271
386 0.27245
387 0.2729
388 0.2732
389 0.27435
390 0.2751
391 0.2758
392 0.27585
393 0.276
394 0.2765
395 0.2773
396 0.2781
397 0.279
398 0.2792
399 0.27925
400 0.27955
401 0.28045
402 0.2809
403 0.2819
404 0.28315
405 0.2847
406 0.2852
407 0.2853
408 0.2861
409 0.2865
410 0.28665
411 0.28695
412 0.2882
413 0.2885
414 0.2889
415 0.2899
416 0.29005
417 0.2903
418 0.29105
419 0.29285
420 0.29335
421 0.29405
422 0.2953
423 0.2954
424 0.2965
425 0.2973
426 0.29885
427 0.299
428 0.29905
429 0.3009
430 0.3011
431 0.30175
432 0.30185
433 0.3024
434 0.30295
435 0.3038
436 0.30395
437 0.3045
438 0.30515
439 0.30625
440 0.30745
441 0.30875
442 0.3092
443 0.30975
444 0.3102
445 0.3103
446 0.31125
447 0.31215
448 0.31255
449 0.313
450 0.3138
451 0.3139
452 0.31495
453 0.3157
454 0.31655
455 0.31725
456 0.3179
457 0.3189
458 0.31985
459 0.32075
460 0.32115
461 0.32165
462 0.32255
463 0.323
464 0.32345
465 0.32375
466 0.32385
467 0.3245
468 0.325
469 0.3255
470 0.32605
471 0.327
472 0.3281
473 0.3288
474 0.32995
475 0.3301
476 0.33105
477 0.3324
478 0.3326
479 0.3327
480 0.33355
481 0.3342
482 0.335
483 0.33605
484 0.33615
485 0.3373
486 0.33825
487 0.33905
488 0.33955
489 0.3399
490 0.3401
491 0.3407
492 0.3412
493 0.34185
494 0.34245
495 0.3435
496 0.344
497 0.34445
498 0.34525
499 0.34625
500 0.34665
501 0.34775
502 0.3481
503 0.3489
504 0.35045
505 0.3507
506 0.35085
507 0.35155
508 0.35225
509 0.35295
510 0.35375
511 0.35485
512 0.3559
513 0.3571
514 0.35715
515 0.3583
516 0.35875
517 0.3592
518 0.3594
519 0.3603
520 0.3605
521 0.3615
522 0.36205
523 0.36355
524 0.36415
525 0.3646
526 0.3647
527 0.36525
528 0.3657
529 0.3658
530 0.36625
531 0.36645
532 0.36765
533 0.3677
534 0.3683
535 0.36865
536 0.3691
537 0.36975
538 0.37
539 0.37175
540 0.37205
541 0.37325
542 0.37425
543 0.3745
544 0.37475
545 0.375
546 0.37555
547 0.3766
548 0.378
549 0.37825
550 0.37885
551 0.3792
552 0.38005
553 0.38105
554 0.3813
555 0.3818
556 0.3821
557 0.38235
558 0.3825
559 0.38325
560 0.38365
561 0.38475
562 0.38505
563 0.3852
564 0.386
565 0.3867
566 0.3874
567 0.38815
568 0.3889
569 0.3898
570 0.39065
571 0.39095
572 0.3921
573 0.39285
574 0.393
575 0.39355
576 0.39445
577 0.3951
578 0.3953
579 0.39605
580 0.3962
581 0.3966
582 0.39695
583 0.3975
584 0.3981
585 0.3984
586 0.39945
587 0.4004
588 0.4017
589 0.40335
590 0.404
591 0.4044
592 0.40465
593 0.4049
594 0.4056
595 0.40665
596 0.40775
597 0.40785
598 0.409
599 0.40945
600 0.4101
601 0.41125
602 0.4119
603 0.4125
604 0.4129
605 0.413
606 0.41395
607 0.4141
608 0.4144
609 0.41485
610 0.41495
611 0.41565
612 0.41705
613 0.41775
614 0.41815
615 0.4187
616 0.41925
617 0.4199
618 0.42085
619 0.4213
620 0.4223
621 0.4233
622 0.42355
623 0.42385
624 0.4247
625 0.4252
626 0.42565
627 0.42615
628 0.42635
629 0.42735
630 0.42805
631 0.42875
632 0.4292
633 0.43025
634 0.4309
635 0.4314
636 0.43245
637 0.43355
638 0.4343
639 0.4349
640 0.436
641 0.4375
642 0.4378
643 0.4386
644 0.4395
645 0.43965
646 0.44015
647 0.44065
648 0.4409
649 0.4418
650 0.44195
651 0.4429
652 0.44335
653 0.44385
654 0.44425
655 0.4461
656 0.44735
657 0.44785
658 0.44845
659 0.4486
660 0.4498
661 0.4508
662 0.45135
663 0.4525
664 0.4534
665 0.45365
666 0.45445
667 0.45455
668 0.45635
669 0.4564
670 0.45735
671 0.45845
672 0.45855
673 0.45885
674 0.45955
675 0.4598
676 0.4601
677 0.4605
678 0.4609
679 0.46165
680 0.46205
681 0.46315
682 0.4638
683 0.46435
684 0.4647
685 0.46525
686 0.4662
687 0.4668
688 0.46705
689 0.4672
690 0.4674
691 0.46765
692 0.4679
693 0.4684
694 0.4687
695 0.46905
696 0.47105
697 0.47135
698 0.47155
699 0.47215
700 0.4731
701 0.4732
702 0.4739
703 0.47495
704 0.4755
705 0.47705
706 0.4776
707 0.47815
708 0.47975
709 0.48
710 0.48065
711 0.4808
712 0.48115
713 0.48125
714 0.48165
715 0.4821
716 0.48365
717 0.4846
718 0.48495
719 0.4852
720 0.48595
721 0.487
722 0.48715
723 0.4876
724 0.4881
725 0.4884
726 0.48885
727 0.4899
728 0.49
729 0.4916
730 0.49345
731 0.49355
732 0.49445
733 0.49505
734 0.4958
735 0.49595
736 0.4963
737 0.4965
738 0.4967
739 0.4971
740 0.49865
741 0.49935
742 0.49945
743 0.5004
744 0.5014
745 0.50295
746 0.5045
747 0.505
748 0.50535
749 0.50575
750 0.50595
751 0.50645
752 0.50675
753 0.50745
754 0.5076
755 0.5083
756 0.50915
757 0.50965
758 0.51005
759 0.51075
760 0.5111
761 0.51115
762 0.5128
763 0.51345
764 0.5145
765 0.5159
766 0.5181
767 0.5183
768 0.5202
769 0.5203
770 0.5211
771 0.52145
772 0.52205
773 0.52255
774 0.52355
775 0.5247
776 0.52515
777 0.52535
778 0.5272
779 0.5282
780 0.52925
781 0.5304
782 0.53125
783 0.5335
784 0.53405
785 0.5351
786 0.53585
787 0.53615
788 0.53795
789 0.539
790 0.5399
791 0.54065
792 0.54145
793 0.5419
794 0.5426
795 0.5429
796 0.5437
797 0.54505
798 0.5454
799 0.5455
800 0.54635
801 0.54705
802 0.54745
803 0.54785
804 0.5479
805 0.54825
806 0.549
807 0.54975
808 0.5512
809 0.5525
810 0.55275
811 0.55315
812 0.5552
813 0.5566
814 0.5572
815 0.55795
816 0.55905
817 0.55915
818 0.55925
819 0.5594
820 0.5597
821 0.56025
822 0.5612
823 0.5618
824 0.56225
825 0.56255
826 0.56415
827 0.5647
828 0.5655
829 0.5663
830 0.5672
831 0.56885
832 0.5692
833 0.5694
834 0.57015
835 0.5704
836 0.57155
837 0.5721
838 0.57455
839 0.5753
840 0.5765
841 0.5781
842 0.5783
843 0.5794
844 0.58045
845 0.58075
846 0.5809
847 0.58215
848 0.5841
849 0.5854
850 0.5856
851 0.58625
852 0.5868
853 0.5871
854 0.58805
855 0.5884
856 0.58915
857 0.59015
858 0.59035
859 0.59085
860 0.5917
861 0.5921
862 0.5925
863 0.59275
864 0.59285
865 0.5939
866 0.59435
867 0.5953
868 0.5958
869 0.59625
870 0.5973
871 0.5977
872 0.5979
873 0.5988
874 0.5991
875 0.5996
876 0.60005
877 0.6006
878 0.60125
879 0.6016
880 0.60215
881 0.603
882 0.6039
883 0.60405
884 0.6047
885 0.6062
886 0.6067
887 0.60795
888 0.60835
889 0.60855
890 0.6091
891 0.6094
892 0.61005
893 0.6104
894 0.61085
895 0.6119
896 0.6127
897 0.6139
898 0.6143
899 0.61575
900 0.6163
901 0.61695
902 0.61885
903 0.61895
904 0.61915
905 0.62015
906 0.6206
907 0.62095
908 0.6222
909 0.62225
910 0.6231
911 0.62355
912 0.6238
913 0.6249
914 0.62585
915 0.62665
916 0.62675
917 0.62715
918 0.6293
919 0.6296
920 0.62985
921 0.6302
922 0.63105
923 0.63125
924 0.6317
925 0.6322
926 0.63325
927 0.63335
928 0.6349
929 0.636
930 0.63685
931 0.63875
932 0.63945
933 0.63975
934 0.64065
935 0.642
936 0.6424
937 0.6439
938 0.64525
939 0.64545
940 0.6455
941 0.6459
942 0.6461
943 0.6465
944 0.6468
945 0.64705
946 0.648
947 0.64905
948 0.6498
949 0.65075
950 0.65185
951 0.6531
952 0.6533
953 0.65405
954 0.65445
955 0.6555
956 0.65615
957 0.6567
958 0.657
959 0.65735
960 0.6592
961 0.6602
962 0.66125
963 0.66235
964 0.6628
965 0.66395
966 0.66455
967 0.66485
968 0.6654
969 0.66595
970 0.6666
971 0.6667
972 0.66725
973 0.6682
974 0.6689
975 0.66915
976 0.6707
977 0.671
978 0.67115
979 0.6715
980 0.6717
981 0.67205
982 0.67285
983 0.6734
984 0.67465
985 0.67565
986 0.6759
987 0.6768
988 0.6781
989 0.6782
990 0.67865
991 0.6797
992 0.6801
993 0.68065
994 0.68105
995 0.68165
996 0.68275
997 0.68335
998 0.68405
999 0.6843
1000 0.68545
1001 0.68645
1002 0.68655
1003 0.6868
1004 0.6875
1005 0.6882
1006 0.68865
1007 0.6892
1008 0.68995
1009 0.69065
1010 0.691
1011 0.69155
1012 0.69215
1013 0.6934
1014 0.69455
1015 0.6949
1016 0.6958
1017 0.696
1018 0.6974
1019 0.69865
1020 0.69905
1021 0.70005
1022 0.70025
1023 0.70045
1024 0.7006
1025 0.70135
1026 0.70205
1027 0.7031
1028 0.70465
1029 0.70565
1030 0.7058
1031 0.70595
1032 0.70615
1033 0.7078
1034 0.7082
1035 0.70875
1036 0.70905
1037 0.70955
1038 0.70995
1039 0.7101
1040 0.7119
1041 0.7134
1042 0.714
1043 0.71475
1044 0.71495
1045 0.716
1046 0.71765
1047 0.7181
1048 0.71875
1049 0.71985
1050 0.72005
1051 0.72015
1052 0.7208
1053 0.7226
1054 0.7236
1055 0.72655
1056 0.727
1057 0.7272
1058 0.7275
1059 0.72785
1060 0.7281
1061 0.72895
1062 0.72975
1063 0.7305
1064 0.73215
1065 0.7323
1066 0.7333
1067 0.73385
1068 0.73455
1069 0.73535
1070 0.73615
1071 0.73655
1072 0.7371
1073 0.73745
1074 0.73875
1075 0.7398
1076 0.7403
1077 0.74055
1078 0.74155
1079 0.74215
1080 0.7431
1081 0.7435
1082 0.74455
1083 0.74495
1084 0.74605
1085 0.7472
1086 0.74755
1087 0.7485
1088 0.7488
1089 0.74925
1090 0.74965
1091 0.75095
1092 0.75165
1093 0.75225
1094 0.7531
1095 0.75395
1096 0.75595
1097 0.75675
1098 0.7573
1099 0.7579
1100 0.7588
1101 0.75895
1102 0.7595
1103 0.75975
1104 0.7603
1105 0.76095
1106 0.76165
1107 0.7625
1108 0.7627
1109 0.76285
1110 0.7645
1111 0.7662
1112 0.767
1113 0.76825
1114 0.7701
1115 0.77045
1116 0.7725
1117 0.77395
1118 0.7747
1119 0.77525
1120 0.77675
1121 0.777
1122 0.7778
1123 0.77815
1124 0.77895
1125 0.77945
1126 0.7804
1127 0.78115
1128 0.7818
1129 0.78195
1130 0.7822
1131 0.78365
1132 0.78445
1133 0.78485
1134 0.7851
1135 0.7854
1136 0.7861
1137 0.7871
1138 0.78815
1139 0.7885
1140 0.7892
1141 0.7894
1142 0.78995
1143 0.7904
1144 0.79055
1145 0.79085
1146 0.7913
1147 0.7916
1148 0.7931
1149 0.7938
1150 0.7953
1151 0.7966
1152 0.79685
1153 0.79845
1154 0.79925
1155 0.80005
1156 0.80065
1157 0.802
1158 0.80245
1159 0.80305
1160 0.8035
1161 0.80445
1162 0.8046
1163 0.8052
1164 0.80615
1165 0.8074
1166 0.80775
1167 0.8081
1168 0.80845
1169 0.80865
1170 0.8093
1171 0.8109
1172 0.81125
1173 0.81145
1174 0.81195
1175 0.81355
1176 0.81375
1177 0.81415
1178 0.81515
1179 0.8165
1180 0.8171
1181 0.8178
1182 0.8179
1183 0.8184
1184 0.81945
1185 0.81995
1186 0.82015
1187 0.821
1188 0.8212
1189 0.8219
1190 0.822
1191 0.8226
1192 0.8233
1193 0.8245
1194 0.8252
1195 0.8254
1196 0.82825
1197 0.8287
1198 0.8291
1199 0.83
1200 0.8303
1201 0.83115
1202 0.83275
1203 0.83355
1204 0.8338
1205 0.83395
1206 0.8341
1207 0.83455
1208 0.83585
1209 0.8363
1210 0.83655
1211 0.8371
1212 0.83815
1213 0.83895
1214 0.83945
1215 0.8396
1216 0.83985
1217 0.84055
1218 0.84105
1219 0.84135
1220 0.8422
1221 0.8433
1222 0.84375
1223 0.84455
1224 0.8452
1225 0.8457
1226 0.84585
1227 0.84625
1228 0.84695
1229 0.84755
1230 0.848
1231 0.84845
1232 0.84935
1233 0.8494
1234 0.84945
1235 0.84955
1236 0.8506
1237 0.8507
1238 0.8512
1239 0.8529
1240 0.85345
1241 0.85495
1242 0.85605
1243 0.85655
1244 0.85705
1245 0.85725
1246 0.8576
1247 0.85785
1248 0.85835
1249 0.85875
1250 0.8593
1251 0.8605
1252 0.8613
1253 0.8615
1254 0.8623
1255 0.8632
1256 0.86335
1257 0.8639
1258 0.8648
1259 0.865
1260 0.8668
1261 0.8669
1262 0.86755
1263 0.8678
1264 0.86815
1265 0.86875
1266 0.8688
1267 0.86915
1268 0.8699
1269 0.8701
1270 0.87025
1271 0.87125
1272 0.87255
1273 0.8731
1274 0.8744
1275 0.875
1276 0.8761
1277 0.87745
1278 0.878
1279 0.87865
1280 0.87925
1281 0.8803
1282 0.88155
1283 0.88195
1284 0.88265
1285 0.8832
1286 0.8839
1287 0.8843
1288 0.88515
1289 0.886
1290 0.88715
1291 0.8873
1292 0.8877
1293 0.88865
1294 0.88925
1295 0.89045
1296 0.892
1297 0.893
1298 0.89415
1299 0.89625
1300 0.89645
1301 0.89775
1302 0.89835
1303 0.89895
1304 0.8993
1305 0.8998
1306 0.9004
1307 0.90115
1308 0.90135
1309 0.9025
1310 0.9032
1311 0.90345
1312 0.9041
1313 0.90475
1314 0.9051
1315 0.9064
1316 0.9065
1317 0.90815
1318 0.90855
1319 0.90925
1320 0.91
1321 0.9108
1322 0.9112
1323 0.91205
1324 0.9126
1325 0.9139
1326 0.9142
1327 0.9147
1328 0.91535
1329 0.9155
1330 0.9161
1331 0.91635
1332 0.91725
1333 0.9184
1334 0.9187
1335 0.91905
1336 0.9193
1337 0.91945
1338 0.91965
1339 0.91995
1340 0.9206
1341 0.9216
1342 0.922
1343 0.92295
1344 0.9237
1345 0.92405
1346 0.9245
1347 0.92525
1348 0.9257
1349 0.92625
1350 0.92795
1351 0.9285
1352 0.92875
1353 0.92885
1354 0.9299
1355 0.93025
1356 0.93085
1357 0.93145
1358 0.9316
1359 0.93255
1360 0.9338
1361 0.93435
1362 0.93515
1363 0.9354
1364 0.936
1365 0.937
1366 0.9374
1367 0.93785
1368 0.93815
1369 0.9394
1370 0.94045
1371 0.9406
1372 0.941
1373 0.94145
1374 0.942
1375 0.94255
1376 0.94335
1377 0.94355
1378 0.9447
1379 0.9453
1380 0.946
1381 0.9462
1382 0.9463
1383 0.9468
1384 0.9473
1385 0.9481
1386 0.949
1387 0.95
1388 0.9504
1389 0.9512
1390 0.95145
1391 0.95235
1392 0.9526
1393 0.95355
1394 0.95405
1395 0.9547
1396 0.95585
1397 0.956
1398 0.95615
1399 0.95665
1400 0.95855
1401 0.95875
1402 0.95975
1403 0.96005
1404 0.96035
1405 0.9615
1406 0.96225
1407 0.9623
1408 0.96305
1409 0.9636
1410 0.9639
1411 0.9642
1412 0.9643
1413 0.96515
1414 0.96565
1415 0.9662
1416 0.96665
1417 0.96805
1418 0.96855
1419 0.96945
1420 0.96965
1421 0.96995
1422 0.97085
1423 0.97105
1424 0.9714
1425 0.9723
1426 0.9728
1427 0.97295
1428 0.97435
1429 0.97465
1430 0.9763
1431 0.9766
1432 0.9773
1433 0.97845
1434 0.9789
1435 0.97935
1436 0.97995
1437 0.98035
1438 0.98165
1439 0.9821
1440 0.98375
1441 0.9847
1442 0.98555
1443 0.98575
1444 0.9867
1445 0.987
1446 0.9878
1447 0.98815
1448 0.98875
1449 0.98945
1450 0.99005
1451 0.9906
1452 0.99075
1453 0.99165
1454 0.9917
1455 0.9919
1456 0.99245
1457 0.99315
1458 0.99525
1459 0.9953
1460 0.9956
1461 0.99575
1462 0.99595
1463 0.9963
1464 0.99755
1465 0.9978
1466 0.99885
1467 1.0008
# Generated pool n. 26 for Umax = -16.145179748535156
# Generated a biased pool of 20000 with an acceptance of 0.06188689172267914
# Generated a pool of 20000 with an acceptance of 0.0006817438692098055
# Generation repeated 1468 times
# Average relative effective sample size: 0.003555311355739832
# Generation efficiency: 0.0006811989100817438
