# Generation 22

0 0.00105
1 0.0018
2 0.0031
3 0.00465
4 0.0064
5 0.0067
6 0.0074
7 0.00845
8 0.00935
9 0.0112
10 0.01215
11 0.0129
12 0.01405
13 0.01455
14 0.0149
15 0.01545
16 0.01675
17 0.0175
18 0.01925
19 0.0204
20 0.02095
21 0.02135
22 0.022
23 0.02285
24 0.0233
25 0.0235
26 0.0246
27 0.0254
28 0.0263
29 0.0266
30 0.0274
31 0.02855
32 0.02925
33 0.03185
34 0.0325
35 0.03265
36 0.03335
37 0.03375
38 0.0349
39 0.0358
40 0.03615
41 0.0366
42 0.03755
43 0.03825
44 0.0389
45 0.04035
46 0.04335
47 0.04385
48 0.0462
49 0.0477
50 0.048
51 0.04935
52 0.05045
53 0.0511
54 0.0524
55 0.05315
56 0.0544
57 0.0559
58 0.05635
59 0.0569
60 0.05735
61 0.0576
62 0.05775
63 0.0586
64 0.0592
65 0.0596
66 0.05965
67 0.0602
68 0.0606
69 0.06085
70 0.0623
71 0.0628
72 0.0631
73 0.06375
74 0.06435
75 0.06455
76 0.0667
77 0.06745
78 0.06815
79 0.0689
80 0.07005
81 0.0704
82 0.07105
83 0.0729
84 0.07395
85 0.07425
86 0.0749
87 0.0754
88 0.0759
89 0.07775
90 0.07795
91 0.0786
92 0.07895
93 0.079
94 0.0793
95 0.08245
96 0.08265
97 0.08435
98 0.0861
99 0.08675
100 0.0874
101 0.08795
102 0.0885
103 0.08915
104 0.08975
105 0.0918
106 0.0925
107 0.0934
108 0.0952
109 0.0955
110 0.09665
111 0.09775
112 0.0986
113 0.10055
114 0.10105
115 0.10115
116 0.1014
117 0.103
118 0.1033
119 0.104
120 0.1053
121 0.1055
122 0.1063
123 0.10725
124 0.10775
125 0.1085
126 0.1089
127 0.1105
128 0.112
129 0.11325
130 0.11425
131 0.1154
132 0.11615
133 0.1165
134 0.11795
135 0.1185
136 0.11905
137 0.11965
138 0.11985
139 0.12075
140 0.12135
141 0.12305
142 0.1235
143 0.12485
144 0.12575
145 0.12635
146 0.12695
147 0.12795
148 0.1283
149 0.12905
150 0.13005
151 0.13095
152 0.1313
153 0.13155
154 0.13425
155 0.1355
156 0.1367
157 0.1374
158 0.13865
159 0.1398
160 0.14065
161 0.1419
162 0.14245
163 0.1431
164 0.14395
165 0.14425
166 0.14485
167 0.14665
168 0.14775
169 0.1479
170 0.1487
171 0.15
172 0.1507
173 0.1517
174 0.15395
175 0.1545
176 0.15475
177 0.15525
178 0.15615
179 0.1568
180 0.157
181 0.15825
182 0.1591
183 0.1595
184 0.15975
185 0.162
186 0.1627
187 0.1635
188 0.16395
189 0.16485
190 0.16535
191 0.1665
192 0.1693
193 0.171
194 0.172
195 0.1724
196 0.1738
197 0.1756
198 0.1762
199 0.17655
200 0.17675
201 0.1779
202 0.17835
203 0.18015
204 0.18095
205 0.1816
206 0.1818
207 0.1825
208 0.1834
209 0.18375
210 0.1841
211 0.18515
212 0.1856
213 0.18695
214 0.1882
215 0.18855
216 0.18965
217 0.19005
218 0.191
219 0.1924
220 0.19275
221 0.1931
222 0.194
223 0.19515
224 0.19545
225 0.19605
226 0.1977
227 0.1991
228 0.1996
229 0.1998
230 0.20155
231 0.20205
232 0.2025
233 0.2028
234 0.204
235 0.20445
236 0.2048
237 0.20625
238 0.2067
239 0.20725
240 0.209
241 0.2097
242 0.2098
243 0.21075
244 0.21145
245 0.2123
246 0.21265
247 0.2129
248 0.21315
249 0.21465
250 0.2147
251 0.2151
252 0.2173
253 0.21865
254 0.2199
255 0.22075
256 0.2214
257 0.2222
258 0.2229
259 0.22325
260 0.224
261 0.22465
262 0.2247
263 0.2257
264 0.22655
265 0.22675
266 0.2284
267 0.22925
268 0.22955
269 0.23005
270 0.2307
271 0.23105
272 0.2315
273 0.2325
274 0.23375
275 0.23445
276 0.2357
277 0.237
278 0.23795
279 0.23965
280 0.2404
281 0.2409
282 0.2419
283 0.24265
284 0.2437
285 0.2457
286 0.24685
287 0.24725
288 0.2482
289 0.2484
290 0.24895
291 0.25125
292 0.25325
293 0.2536
294 0.2543
295 0.25575
296 0.25615
297 0.2573
298 0.25805
299 0.2582
300 0.25935
301 0.2598
302 0.2604
303 0.26115
304 0.26135
305 0.26155
306 0.26395
307 0.2644
308 0.26485
309 0.2652
310 0.26605
311 0.26675
312 0.267
313 0.26725
314 0.2681
315 0.26825
316 0.26845
317 0.2693
318 0.27045
319 0.2709
320 0.2716
321 0.27215
322 0.27255
323 0.27365
324 0.275
325 0.27515
326 0.27585
327 0.27675
328 0.27825
329 0.27985
330 0.28
331 0.28085
332 0.2817
333 0.282
334 0.2831
335 0.28415
336 0.2846
337 0.285
338 0.28575
339 0.28605
340 0.28665
341 0.2878
342 0.28995
343 0.29145
344 0.2924
345 0.2927
346 0.29365
347 0.29415
348 0.2951
349 0.29595
350 0.2964
351 0.29655
352 0.29705
353 0.29755
354 0.2983
355 0.29875
356 0.2989
357 0.2995
358 0.30025
359 0.3017
360 0.3021
361 0.3023
362 0.3036
363 0.30525
364 0.30605
365 0.30775
366 0.3085
367 0.31015
368 0.31055
369 0.3111
370 0.3125
371 0.31275
372 0.3129
373 0.31305
374 0.31515
375 0.3153
376 0.3164
377 0.3181
378 0.31875
379 0.31915
380 0.3195
381 0.3198
382 0.3209
383 0.32175
384 0.32255
385 0.3228
386 0.32405
387 0.3245
388 0.32495
389 0.32575
390 0.3271
391 0.32885
392 0.33
393 0.33175
394 0.33235
395 0.33365
396 0.3339
397 0.33605
398 0.33795
399 0.33805
400 0.33835
401 0.33875
402 0.3395
403 0.33995
404 0.3403
405 0.34065
406 0.34145
407 0.34185
408 0.34215
409 0.34325
410 0.34475
411 0.3456
412 0.34585
413 0.3465
414 0.3476
415 0.34775
416 0.3492
417 0.3493
418 0.3501
419 0.35195
420 0.353
421 0.3533
422 0.35365
423 0.35395
424 0.355
425 0.35545
426 0.35645
427 0.35665
428 0.3581
429 0.35885
430 0.3595
431 0.3606
432 0.36095
433 0.36185
434 0.3625
435 0.3634
436 0.3637
437 0.3642
438 0.36595
439 0.36665
440 0.36825
441 0.3691
442 0.36975
443 0.37135
444 0.372
445 0.3721
446 0.3725
447 0.37275
448 0.37335
449 0.37375
450 0.3739
451 0.37565
452 0.3767
453 0.37745
454 0.3777
455 0.378
456 0.37885
457 0.3799
458 0.37995
459 0.3808
460 0.38215
461 0.38275
462 0.38325
463 0.38345
464 0.38435
465 0.3851
466 0.38545
467 0.3864
468 0.38725
469 0.38875
470 0.3888
471 0.38895
472 0.39
473 0.39035
474 0.39075
475 0.39135
476 0.39235
477 0.39295
478 0.39335
479 0.3936
480 0.3947
481 0.39475
482 0.39555
483 0.3968
484 0.39735
485 0.39765
486 0.3985
487 0.39945
488 0.40145
489 0.4019
490 0.40245
491 0.4041
492 0.4053
493 0.40595
494 0.40605
495 0.407
496 0.4076
497 0.40785
498 0.40825
499 0.4088
500 0.4092
501 0.4103
502 0.41165
503 0.4125
504 0.414
505 0.41425
506 0.41525
507 0.4166
508 0.4186
509 0.4201
510 0.42065
511 0.4214
512 0.4221
513 0.42255
514 0.42345
515 0.42365
516 0.42445
517 0.4261
518 0.4269
519 0.42765
520 0.42925
521 0.4299
522 0.4308
523 0.43095
524 0.4323
525 0.43325
526 0.4343
527 0.4348
528 0.4356
529 0.43585
530 0.4372
531 0.43825
532 0.43875
533 0.43965
534 0.4402
535 0.4417
536 0.44255
537 0.44265
538 0.44315
539 0.44475
540 0.44525
541 0.447
542 0.44765
543 0.44815
544 0.44885
545 0.4492
546 0.44925
547 0.45035
548 0.4511
549 0.4519
550 0.45375
551 0.45455
552 0.45495
553 0.4567
554 0.45775
555 0.4589
556 0.46025
557 0.46155
558 0.4622
559 0.4636
560 0.46405
561 0.46445
562 0.4651
563 0.46515
564 0.46575
565 0.4664
566 0.46685
567 0.4671
568 0.4675
569 0.4681
570 0.4691
571 0.4697
572 0.47025
573 0.4705
574 0.4706
575 0.4717
576 0.47215
577 0.4726
578 0.47345
579 0.47545
580 0.4755
581 0.47835
582 0.47875
583 0.47925
584 0.47995
585 0.48025
586 0.48065
587 0.48155
588 0.48315
589 0.4833
590 0.48385
591 0.4846
592 0.48495
593 0.48605
594 0.48705
595 0.48755
596 0.48805
597 0.4885
598 0.4891
599 0.4895
600 0.49225
601 0.49325
602 0.49395
603 0.49615
604 0.49685
605 0.49715
606 0.4977
607 0.49875
608 0.49925
609 0.5005
610 0.50155
611 0.503
612 0.50485
613 0.5056
614 0.5063
615 0.50705
616 0.508
617 0.5085
618 0.5097
619 0.5102
620 0.51145
621 0.5122
622 0.51445
623 0.51525
624 0.5161
625 0.5177
626 0.51835
627 0.519
628 0.5213
629 0.52175
630 0.523
631 0.5234
632 0.52355
633 0.5254
634 0.5265
635 0.52825
636 0.52845
637 0.53045
638 0.5323
639 0.5338
640 0.5341
641 0.5351
642 0.53575
643 0.5365
644 0.5369
645 0.53715
646 0.5385
647 0.5394
648 0.5399
649 0.54045
650 0.5405
651 0.5413
652 0.5428
653 0.5438
654 0.5442
655 0.54545
656 0.54565
657 0.54615
658 0.54755
659 0.54845
660 0.5486
661 0.54915
662 0.5501
663 0.55035
664 0.55145
665 0.5519
666 0.55225
667 0.55315
668 0.55415
669 0.5549
670 0.5553
671 0.55615
672 0.5571
673 0.5579
674 0.55845
675 0.559
676 0.5591
677 0.5598
678 0.56115
679 0.5634
680 0.56405
681 0.56445
682 0.5653
683 0.56575
684 0.5666
685 0.568
686 0.57035
687 0.5708
688 0.5715
689 0.5716
690 0.57195
691 0.57275
692 0.57505
693 0.57545
694 0.5757
695 0.57725
696 0.57875
697 0.5799
698 0.58065
699 0.58155
700 0.58245
701 0.58315
702 0.58515
703 0.5853
704 0.58695
705 0.58765
706 0.58965
707 0.5903
708 0.5924
709 0.59285
710 0.5931
711 0.59345
712 0.5939
713 0.5948
714 0.5963
715 0.59715
716 0.59925
717 0.60005
718 0.6018
719 0.60205
720 0.6046
721 0.60525
722 0.60705
723 0.6072
724 0.60945
725 0.6105
726 0.6109
727 0.6113
728 0.61215
729 0.6127
730 0.61405
731 0.61425
732 0.61485
733 0.61495
734 0.61515
735 0.6154
736 0.6166
737 0.61685
738 0.61715
739 0.6189
740 0.6199
741 0.621
742 0.6219
743 0.62275
744 0.62415
745 0.62495
746 0.62545
747 0.62565
748 0.6275
749 0.6283
750 0.6294
751 0.6305
752 0.63145
753 0.63175
754 0.63195
755 0.63375
756 0.6346
757 0.63535
758 0.63545
759 0.63675
760 0.6375
761 0.63785
762 0.6386
763 0.63895
764 0.63945
765 0.63995
766 0.6408
767 0.6416
768 0.64305
769 0.6435
770 0.64465
771 0.6447
772 0.64655
773 0.6475
774 0.649
775 0.64935
776 0.65005
777 0.6506
778 0.65095
779 0.65105
780 0.65205
781 0.65325
782 0.65435
783 0.65605
784 0.65675
785 0.6578
786 0.6583
787 0.65865
788 0.6601
789 0.66095
790 0.6617
791 0.6624
792 0.6631
793 0.66325
794 0.66605
795 0.667
796 0.66875
797 0.6695
798 0.6717
799 0.672
800 0.6727
801 0.67435
802 0.67495
803 0.67525
804 0.67545
805 0.67625
806 0.6775
807 0.6779
808 0.6789
809 0.67945
810 0.6805
811 0.6831
812 0.68365
813 0.68445
814 0.6847
815 0.68515
816 0.68645
817 0.68685
818 0.68745
819 0.68805
820 0.68865
821 0.68955
822 0.69035
823 0.69145
824 0.69195
825 0.69255
826 0.6929
827 0.69335
828 0.69405
829 0.6944
830 0.6951
831 0.6961
832 0.6974
833 0.69935
834 0.7004
835 0.70055
836 0.70115
837 0.7012
838 0.7019
839 0.70205
840 0.7028
841 0.7031
842 0.705
843 0.7054
844 0.70615
845 0.7067
846 0.7081
847 0.70875
848 0.70945
849 0.70995
850 0.7107
851 0.7117
852 0.7131
853 0.7132
854 0.71385
855 0.71445
856 0.7149
857 0.71535
858 0.71745
859 0.71805
860 0.71905
861 0.7199
862 0.71995
863 0.72035
864 0.7214
865 0.72195
866 0.723
867 0.72475
868 0.72555
869 0.72805
870 0.7287
871 0.72955
872 0.73025
873 0.7303
874 0.7305
875 0.7325
876 0.7339
877 0.7344
878 0.73625
879 0.737
880 0.7382
881 0.7389
882 0.7402
883 0.74125
884 0.7434
885 0.74425
886 0.74525
887 0.74575
888 0.74755
889 0.748
890 0.7494
891 0.75065
892 0.7515
893 0.75195
894 0.7522
895 0.7524
896 0.7535
897 0.75485
898 0.75555
899 0.75635
900 0.75735
901 0.7584
902 0.7589
903 0.75945
904 0.76005
905 0.7602
906 0.76065
907 0.7608
908 0.76105
909 0.76235
910 0.76355
911 0.76385
912 0.76505
913 0.76555
914 0.7666
915 0.76675
916 0.7678
917 0.7694
918 0.76975
919 0.7705
920 0.7715
921 0.77185
922 0.77405
923 0.775
924 0.776
925 0.77625
926 0.77675
927 0.7775
928 0.77795
929 0.77865
930 0.7798
931 0.7821
932 0.78245
933 0.78385
934 0.7849
935 0.78495
936 0.7853
937 0.7867
938 0.7874
939 0.78755
940 0.788
941 0.7884
942 0.78845
943 0.79015
944 0.7905
945 0.7914
946 0.792
947 0.7929
948 0.7939
949 0.79565
950 0.79585
951 0.79675
952 0.79825
953 0.7983
954 0.79845
955 0.7993
956 0.79995
957 0.80015
958 0.80035
959 0.8008
960 0.80145
961 0.802
962 0.8026
963 0.80345
964 0.8043
965 0.8046
966 0.8051
967 0.80605
968 0.8062
969 0.80675
970 0.8082
971 0.80835
972 0.80935
973 0.8097
974 0.8104
975 0.81135
976 0.8128
977 0.8134
978 0.8143
979 0.8145
980 0.8152
981 0.81575
982 0.81625
983 0.8165
984 0.8178
985 0.81965
986 0.82095
987 0.8217
988 0.82205
989 0.82345
990 0.8239
991 0.8247
992 0.82585
993 0.8266
994 0.82905
995 0.82945
996 0.8297
997 0.83015
998 0.831
999 0.83355
1000 0.8349
1001 0.83625
1002 0.83695
1003 0.8374
1004 0.83815
1005 0.8385
1006 0.8394
1007 0.83965
1008 0.8408
1009 0.8412
1010 0.8426
1011 0.8432
1012 0.8437
1013 0.84385
1014 0.8444
1015 0.84455
1016 0.84525
1017 0.84595
1018 0.8463
1019 0.8467
1020 0.84675
1021 0.847
1022 0.84735
1023 0.84865
1024 0.85025
1025 0.85185
1026 0.8524
1027 0.8532
1028 0.85345
1029 0.85525
1030 0.8553
1031 0.8561
1032 0.85655
1033 0.85815
1034 0.8594
1035 0.85945
1036 0.8596
1037 0.8606
1038 0.8618
1039 0.86215
1040 0.86285
1041 0.863
1042 0.8641
1043 0.86435
1044 0.8646
1045 0.8658
1046 0.8668
1047 0.86745
1048 0.86805
1049 0.8696
1050 0.86965
1051 0.87035
1052 0.8716
1053 0.87275
1054 0.873
1055 0.8734
1056 0.8738
1057 0.87405
1058 0.87495
1059 0.87565
1060 0.87605
1061 0.8763
1062 0.8765
1063 0.8775
1064 0.87825
1065 0.8793
1066 0.8803
1067 0.88045
1068 0.8812
1069 0.8817
1070 0.88315
1071 0.8834
1072 0.88565
1073 0.8866
1074 0.8868
1075 0.8874
1076 0.8881
1077 0.88865
1078 0.88965
1079 0.89025
1080 0.89075
1081 0.8909
1082 0.89185
1083 0.8919
1084 0.8921
1085 0.894
1086 0.89495
1087 0.896
1088 0.89625
1089 0.89785
1090 0.89835
1091 0.89975
1092 0.90165
1093 0.90265
1094 0.9034
1095 0.9052
1096 0.90555
1097 0.9068
1098 0.90735
1099 0.90855
1100 0.9095
1101 0.9114
1102 0.91305
1103 0.91395
1104 0.91625
1105 0.9169
1106 0.91785
1107 0.9189
1108 0.9197
1109 0.9212
1110 0.92215
1111 0.92335
1112 0.9237
1113 0.9253
1114 0.9256
1115 0.92595
1116 0.92655
1117 0.92685
1118 0.9269
1119 0.9277
1120 0.9283
1121 0.9288
1122 0.9292
1123 0.92955
1124 0.93065
1125 0.9313
1126 0.93155
1127 0.9326
1128 0.9334
1129 0.93385
1130 0.93395
1131 0.93485
1132 0.9351
1133 0.9365
1134 0.9371
1135 0.93725
1136 0.93795
1137 0.939
1138 0.93935
1139 0.9403
1140 0.9416
1141 0.94195
1142 0.94255
1143 0.9431
1144 0.9444
1145 0.9458
1146 0.94675
1147 0.9469
1148 0.9476
1149 0.9482
1150 0.94915
1151 0.94965
1152 0.952
1153 0.95275
1154 0.95355
1155 0.9538
1156 0.95455
1157 0.95575
1158 0.95655
1159 0.958
1160 0.9585
1161 0.9586
1162 0.95995
1163 0.9602
1164 0.96065
1165 0.96185
1166 0.96215
1167 0.9631
1168 0.9648
1169 0.9657
1170 0.9659
1171 0.9665
1172 0.96715
1173 0.96735
1174 0.96815
1175 0.96855
1176 0.9687
1177 0.97085
1178 0.97175
1179 0.97345
1180 0.97425
1181 0.9745
1182 0.97535
1183 0.97545
1184 0.97615
1185 0.97635
1186 0.9769
1187 0.9774
1188 0.97785
1189 0.97865
1190 0.9796
1191 0.9814
1192 0.98265
1193 0.98315
1194 0.98365
1195 0.98525
1196 0.9861
1197 0.9862
1198 0.98695
1199 0.9882
1200 0.9904
1201 0.99155
1202 0.9928
1203 0.99355
1204 0.9948
1205 0.9956
1206 0.9967
1207 0.99705
1208 0.99865
1209 0.9992
1210 0.99945
1211 0.99975
1212 0.99985
1213 1.0013
# Generated pool n. 22 for Umax = -15.718008041381836
# Generated a biased pool of 20000 with an acceptance of 0.07133699208498001
# Generated a pool of 20000 with an acceptance of 0.0008247940691927483
# Generation repeated 1214 times
# Average relative effective sample size: 0.004653356038033962
# Generation efficiency: 0.0008237232289950577
