# Generation 23

0 0.0007
1 0.00165
2 0.0021
3 0.0025
4 0.00375
5 0.00455
6 0.0056
7 0.00665
8 0.0074
9 0.00775
10 0.00875
11 0.00925
12 0.0102
13 0.0104
14 0.011
15 0.01185
16 0.01295
17 0.0142
18 0.01605
19 0.0172
20 0.0176
21 0.01785
22 0.0179
23 0.0189
24 0.02025
25 0.02035
26 0.0208
27 0.02125
28 0.02155
29 0.0223
30 0.0234
31 0.0238
32 0.0247
33 0.025
34 0.02605
35 0.02675
36 0.0274
37 0.02785
38 0.0289
39 0.0292
40 0.02995
41 0.0302
42 0.031
43 0.03135
44 0.03255
45 0.03295
46 0.0339
47 0.03395
48 0.03415
49 0.0346
50 0.0352
51 0.03605
52 0.03625
53 0.03755
54 0.03765
55 0.039
56 0.03965
57 0.0405
58 0.0413
59 0.04155
60 0.0422
61 0.0435
62 0.0439
63 0.04455
64 0.0451
65 0.0456
66 0.0471
67 0.04725
68 0.0476
69 0.04775
70 0.05005
71 0.05095
72 0.0517
73 0.0519
74 0.0521
75 0.0532
76 0.05425
77 0.0555
78 0.05595
79 0.05685
80 0.0585
81 0.05915
82 0.05945
83 0.05965
84 0.0606
85 0.06195
86 0.0624
87 0.0634
88 0.06425
89 0.06625
90 0.06725
91 0.0678
92 0.0697
93 0.07095
94 0.07145
95 0.07155
96 0.07205
97 0.07345
98 0.07365
99 0.0746
100 0.07495
101 0.07615
102 0.07625
103 0.07665
104 0.0778
105 0.07835
106 0.079
107 0.07905
108 0.08
109 0.08045
110 0.08235
111 0.0837
112 0.08425
113 0.08485
114 0.0851
115 0.08545
116 0.0859
117 0.08745
118 0.0877
119 0.0895
120 0.0898
121 0.0909
122 0.09135
123 0.0914
124 0.09195
125 0.0925
126 0.09315
127 0.09355
128 0.094
129 0.09485
130 0.0957
131 0.09595
132 0.0962
133 0.0968
134 0.09795
135 0.09865
136 0.0998
137 0.1024
138 0.10315
139 0.10325
140 0.10355
141 0.10475
142 0.10505
143 0.1064
144 0.1066
145 0.1075
146 0.1083
147 0.10865
148 0.1091
149 0.10935
150 0.11055
151 0.11255
152 0.11385
153 0.1146
154 0.11575
155 0.1169
156 0.11705
157 0.1171
158 0.11715
159 0.11795
160 0.11865
161 0.1201
162 0.1211
163 0.1212
164 0.1227
165 0.1237
166 0.12405
167 0.12535
168 0.12685
169 0.1272
170 0.12825
171 0.1286
172 0.1289
173 0.1296
174 0.1305
175 0.13225
176 0.13305
177 0.13365
178 0.1343
179 0.1361
180 0.1365
181 0.13725
182 0.13805
183 0.13855
184 0.13975
185 0.14035
186 0.1411
187 0.1418
188 0.14295
189 0.14365
190 0.1448
191 0.1449
192 0.145
193 0.14595
194 0.14645
195 0.14675
196 0.148
197 0.14845
198 0.15065
199 0.15125
200 0.15135
201 0.1522
202 0.15245
203 0.153
204 0.1533
205 0.15365
206 0.15405
207 0.15515
208 0.1553
209 0.1556
210 0.1559
211 0.1574
212 0.1593
213 0.15975
214 0.16085
215 0.16155
216 0.16185
217 0.16245
218 0.163
219 0.16405
220 0.16505
221 0.166
222 0.16625
223 0.16685
224 0.1677
225 0.16865
226 0.1692
227 0.17095
228 0.17105
229 0.1722
230 0.17245
231 0.1736
232 0.17425
233 0.17475
234 0.17515
235 0.1756
236 0.1766
237 0.1788
238 0.1793
239 0.18045
240 0.1809
241 0.1826
242 0.18315
243 0.1844
244 0.1847
245 0.1852
246 0.186
247 0.18635
248 0.18675
249 0.1877
250 0.18905
251 0.18925
252 0.18965
253 0.1905
254 0.191
255 0.19215
256 0.1925
257 0.19275
258 0.19285
259 0.1941
260 0.1944
261 0.1952
262 0.1958
263 0.19735
264 0.1981
265 0.1986
266 0.19895
267 0.1997
268 0.20145
269 0.2022
270 0.2029
271 0.2035
272 0.2045
273 0.2046
274 0.2052
275 0.20675
276 0.20765
277 0.20855
278 0.2096
279 0.20995
280 0.21005
281 0.21065
282 0.21175
283 0.21325
284 0.2145
285 0.21505
286 0.21575
287 0.2165
288 0.21715
289 0.2176
290 0.2181
291 0.21855
292 0.21945
293 0.21985
294 0.2203
295 0.2211
296 0.22185
297 0.22255
298 0.2238
299 0.224
300 0.2241
301 0.22475
302 0.22595
303 0.2262
304 0.2279
305 0.2286
306 0.2288
307 0.2303
308 0.2309
309 0.232
310 0.2323
311 0.2329
312 0.23355
313 0.2347
314 0.23515
315 0.2367
316 0.23715
317 0.2383
318 0.2384
319 0.239
320 0.2403
321 0.243
322 0.24415
323 0.24455
324 0.24475
325 0.24585
326 0.2461
327 0.2464
328 0.2472
329 0.24905
330 0.25
331 0.25025
332 0.25165
333 0.2523
334 0.2529
335 0.2535
336 0.254
337 0.25515
338 0.2566
339 0.2576
340 0.258
341 0.25865
342 0.25925
343 0.25995
344 0.261
345 0.26225
346 0.26275
347 0.26325
348 0.26425
349 0.2655
350 0.26615
351 0.267
352 0.2677
353 0.26795
354 0.26865
355 0.2696
356 0.2711
357 0.27285
358 0.2736
359 0.27455
360 0.2753
361 0.2756
362 0.2774
363 0.27845
364 0.2786
365 0.27885
366 0.28005
367 0.28155
368 0.28185
369 0.28235
370 0.28405
371 0.28515
372 0.28575
373 0.2863
374 0.28705
375 0.2872
376 0.28815
377 0.2892
378 0.28945
379 0.29145
380 0.292
381 0.2938
382 0.2949
383 0.29515
384 0.2962
385 0.29835
386 0.2986
387 0.2994
388 0.30125
389 0.30135
390 0.30175
391 0.3021
392 0.3027
393 0.303
394 0.30425
395 0.30475
396 0.30505
397 0.30525
398 0.30595
399 0.30645
400 0.30665
401 0.3081
402 0.30875
403 0.31025
404 0.3112
405 0.31245
406 0.31355
407 0.3136
408 0.31445
409 0.3147
410 0.3156
411 0.31585
412 0.3163
413 0.31665
414 0.3173
415 0.31815
416 0.31875
417 0.3194
418 0.32
419 0.3203
420 0.32085
421 0.32165
422 0.3229
423 0.32355
424 0.3236
425 0.3247
426 0.3252
427 0.3257
428 0.3267
429 0.32845
430 0.32885
431 0.3289
432 0.32905
433 0.3301
434 0.3314
435 0.3319
436 0.33235
437 0.3326
438 0.33355
439 0.33425
440 0.3358
441 0.33615
442 0.33635
443 0.33705
444 0.33805
445 0.33865
446 0.33935
447 0.3399
448 0.34005
449 0.34115
450 0.34245
451 0.34375
452 0.34395
453 0.3454
454 0.34565
455 0.3462
456 0.34655
457 0.34685
458 0.3485
459 0.34925
460 0.34985
461 0.35065
462 0.3512
463 0.3524
464 0.3531
465 0.3541
466 0.3542
467 0.35555
468 0.356
469 0.35655
470 0.3568
471 0.35735
472 0.35835
473 0.35925
474 0.35965
475 0.36075
476 0.3612
477 0.36185
478 0.363
479 0.36345
480 0.36425
481 0.3643
482 0.3644
483 0.3661
484 0.36725
485 0.36895
486 0.3694
487 0.37025
488 0.3709
489 0.37195
490 0.3731
491 0.374
492 0.37445
493 0.37535
494 0.3763
495 0.37695
496 0.37815
497 0.38005
498 0.3805
499 0.38135
500 0.3819
501 0.3822
502 0.3836
503 0.3844
504 0.3852
505 0.38625
506 0.3887
507 0.3897
508 0.3901
509 0.3907
510 0.39135
511 0.3924
512 0.3926
513 0.394
514 0.39405
515 0.3951
516 0.39645
517 0.3982
518 0.3985
519 0.39915
520 0.39955
521 0.39965
522 0.4007
523 0.4016
524 0.40205
525 0.4023
526 0.4027
527 0.4031
528 0.40415
529 0.4053
530 0.40695
531 0.40795
532 0.40935
533 0.41
534 0.4104
535 0.411
536 0.4116
537 0.41235
538 0.41275
539 0.41315
540 0.41355
541 0.4139
542 0.4145
543 0.4156
544 0.4172
545 0.418
546 0.4181
547 0.4195
548 0.42125
549 0.42145
550 0.4223
551 0.4227
552 0.42305
553 0.42455
554 0.42655
555 0.4273
556 0.428
557 0.42805
558 0.43025
559 0.43105
560 0.43155
561 0.43235
562 0.43355
563 0.4342
564 0.43565
565 0.43615
566 0.4377
567 0.43855
568 0.439
569 0.4394
570 0.4399
571 0.4407
572 0.4409
573 0.4417
574 0.44275
575 0.4434
576 0.44515
577 0.44625
578 0.44775
579 0.4478
580 0.4499
581 0.4514
582 0.452
583 0.45225
584 0.4525
585 0.453
586 0.4541
587 0.45475
588 0.45485
589 0.45545
590 0.45605
591 0.4574
592 0.45785
593 0.4585
594 0.45925
595 0.46005
596 0.4608
597 0.46115
598 0.46195
599 0.46285
600 0.46395
601 0.46425
602 0.46515
603 0.46615
604 0.4672
605 0.46745
606 0.4677
607 0.46855
608 0.46895
609 0.4696
610 0.46985
611 0.4713
612 0.4722
613 0.4725
614 0.47285
615 0.47355
616 0.47475
617 0.47525
618 0.47645
619 0.47675
620 0.47715
621 0.4777
622 0.47855
623 0.47905
624 0.48115
625 0.4817
626 0.48265
627 0.4833
628 0.4839
629 0.4852
630 0.4863
631 0.48735
632 0.4878
633 0.48805
634 0.4888
635 0.48925
636 0.4904
637 0.4906
638 0.491
639 0.49155
640 0.492
641 0.49215
642 0.4945
643 0.4954
644 0.49565
645 0.49795
646 0.4989
647 0.4996
648 0.4999
649 0.5005
650 0.50185
651 0.5029
652 0.50465
653 0.50575
654 0.50695
655 0.5076
656 0.50835
657 0.50895
658 0.5097
659 0.5115
660 0.51205
661 0.5122
662 0.5135
663 0.51405
664 0.51495
665 0.51585
666 0.51705
667 0.5178
668 0.5179
669 0.51855
670 0.5191
671 0.51915
672 0.52085
673 0.52165
674 0.52225
675 0.5237
676 0.52425
677 0.5244
678 0.5256
679 0.52615
680 0.52765
681 0.52805
682 0.5291
683 0.5308
684 0.5319
685 0.5329
686 0.53325
687 0.53365
688 0.5347
689 0.536
690 0.53705
691 0.5379
692 0.53865
693 0.53935
694 0.5396
695 0.54065
696 0.5407
697 0.5414
698 0.5427
699 0.5428
700 0.54345
701 0.54545
702 0.5469
703 0.54735
704 0.5489
705 0.549
706 0.5497
707 0.5501
708 0.55145
709 0.55165
710 0.55195
711 0.55215
712 0.5526
713 0.553
714 0.5538
715 0.5544
716 0.5547
717 0.55485
718 0.5552
719 0.55595
720 0.5568
721 0.55835
722 0.5591
723 0.55975
724 0.5607
725 0.5617
726 0.563
727 0.56445
728 0.5656
729 0.566
730 0.5666
731 0.56755
732 0.568
733 0.56865
734 0.5697
735 0.5698
736 0.5708
737 0.57175
738 0.5733
739 0.5739
740 0.57545
741 0.57555
742 0.576
743 0.57715
744 0.57775
745 0.57785
746 0.5784
747 0.5795
748 0.5807
749 0.58085
750 0.5816
751 0.5823
752 0.58325
753 0.5836
754 0.58645
755 0.58675
756 0.5873
757 0.5878
758 0.58885
759 0.5906
760 0.59075
761 0.591
762 0.5912
763 0.5929
764 0.59355
765 0.594
766 0.5948
767 0.5949
768 0.59525
769 0.596
770 0.5971
771 0.59775
772 0.59915
773 0.59935
774 0.6009
775 0.6018
776 0.60205
777 0.60245
778 0.604
779 0.6041
780 0.60515
781 0.60585
782 0.6063
783 0.60745
784 0.6081
785 0.60875
786 0.6101
787 0.61025
788 0.6116
789 0.61255
790 0.61355
791 0.6138
792 0.6147
793 0.6155
794 0.6169
795 0.6175
796 0.6184
797 0.6191
798 0.6193
799 0.6199
800 0.62025
801 0.622
802 0.6233
803 0.6237
804 0.625
805 0.62595
806 0.62605
807 0.6274
808 0.62845
809 0.6291
810 0.6304
811 0.63055
812 0.63135
813 0.63275
814 0.6334
815 0.6338
816 0.63515
817 0.63545
818 0.6362
819 0.6369
820 0.63735
821 0.63835
822 0.6391
823 0.63945
824 0.64005
825 0.6405
826 0.6411
827 0.64185
828 0.643
829 0.64355
830 0.64415
831 0.6448
832 0.6455
833 0.6472
834 0.6481
835 0.64885
836 0.65095
837 0.65195
838 0.6531
839 0.6536
840 0.6546
841 0.65525
842 0.65575
843 0.6571
844 0.6574
845 0.65775
846 0.6584
847 0.6588
848 0.6593
849 0.66035
850 0.661
851 0.6623
852 0.66285
853 0.6635
854 0.664
855 0.66415
856 0.6662
857 0.6677
858 0.66905
859 0.6691
860 0.67015
861 0.6703
862 0.67105
863 0.67135
864 0.67195
865 0.6722
866 0.6727
867 0.6733
868 0.6737
869 0.67445
870 0.6754
871 0.6763
872 0.6772
873 0.6775
874 0.6778
875 0.67845
876 0.6787
877 0.68065
878 0.68205
879 0.6825
880 0.68305
881 0.6839
882 0.68435
883 0.6853
884 0.6854
885 0.6859
886 0.6875
887 0.6882
888 0.68845
889 0.6887
890 0.6891
891 0.6897
892 0.6898
893 0.69075
894 0.6921
895 0.6925
896 0.69285
897 0.69295
898 0.69515
899 0.69685
900 0.69755
901 0.69845
902 0.69905
903 0.70055
904 0.7013
905 0.70145
906 0.7015
907 0.70155
908 0.70235
909 0.7037
910 0.70375
911 0.7047
912 0.70495
913 0.70515
914 0.7058
915 0.7068
916 0.70865
917 0.7096
918 0.71055
919 0.7111
920 0.71185
921 0.71215
922 0.71225
923 0.71325
924 0.7144
925 0.715
926 0.71605
927 0.71655
928 0.7184
929 0.7194
930 0.7197
931 0.7208
932 0.72205
933 0.72295
934 0.7232
935 0.72395
936 0.72445
937 0.7256
938 0.7271
939 0.72785
940 0.7286
941 0.72965
942 0.7301
943 0.73035
944 0.7308
945 0.7323
946 0.7328
947 0.7348
948 0.7352
949 0.7367
950 0.73705
951 0.73875
952 0.73965
953 0.7409
954 0.7417
955 0.74255
956 0.7442
957 0.74525
958 0.74535
959 0.74545
960 0.7459
961 0.74645
962 0.7476
963 0.748
964 0.74805
965 0.75015
966 0.75035
967 0.75095
968 0.7519
969 0.7533
970 0.75385
971 0.75415
972 0.7547
973 0.7559
974 0.75625
975 0.757
976 0.75815
977 0.7592
978 0.7603
979 0.76065
980 0.7615
981 0.76185
982 0.76245
983 0.7631
984 0.76315
985 0.76345
986 0.7652
987 0.7663
988 0.7671
989 0.7691
990 0.7694
991 0.7695
992 0.7698
993 0.7704
994 0.77055
995 0.7711
996 0.77255
997 0.77295
998 0.7734
999 0.7738
1000 0.77405
1001 0.77455
1002 0.77545
1003 0.7768
1004 0.7774
1005 0.7782
1006 0.77925
1007 0.7798
1008 0.7814
1009 0.7818
1010 0.7822
1011 0.78325
1012 0.78355
1013 0.784
1014 0.78465
1015 0.78495
1016 0.78525
1017 0.7862
1018 0.78685
1019 0.788
1020 0.7891
1021 0.7892
1022 0.7909
1023 0.79125
1024 0.7915
1025 0.7924
1026 0.79335
1027 0.79435
1028 0.79495
1029 0.7958
1030 0.79675
1031 0.7977
1032 0.79915
1033 0.8002
1034 0.80135
1035 0.8024
1036 0.80285
1037 0.8029
1038 0.805
1039 0.8051
1040 0.80565
1041 0.8063
1042 0.8069
1043 0.80745
1044 0.80795
1045 0.8094
1046 0.8101
1047 0.81125
1048 0.81175
1049 0.8129
1050 0.81395
1051 0.81465
1052 0.81545
1053 0.8163
1054 0.8171
1055 0.81805
1056 0.8189
1057 0.8197
1058 0.82065
1059 0.823
1060 0.8231
1061 0.82365
1062 0.8239
1063 0.82415
1064 0.8251
1065 0.82595
1066 0.8268
1067 0.8272
1068 0.8273
1069 0.8281
1070 0.8295
1071 0.8317
1072 0.8324
1073 0.83255
1074 0.833
1075 0.834
1076 0.83465
1077 0.8352
1078 0.83635
1079 0.837
1080 0.83835
1081 0.83885
1082 0.8394
1083 0.84005
1084 0.84185
1085 0.8428
1086 0.8439
1087 0.84435
1088 0.8453
1089 0.8463
1090 0.84725
1091 0.8475
1092 0.84805
1093 0.849
1094 0.8493
1095 0.84985
1096 0.85015
1097 0.8508
1098 0.8511
1099 0.85285
1100 0.85315
1101 0.8539
1102 0.8546
1103 0.85595
1104 0.8568
1105 0.8577
1106 0.85775
1107 0.85815
1108 0.8589
1109 0.8592
1110 0.86005
1111 0.86075
1112 0.8617
1113 0.86195
1114 0.863
1115 0.8634
1116 0.86435
1117 0.86475
1118 0.8661
1119 0.86665
1120 0.8678
1121 0.8687
1122 0.8696
1123 0.87005
1124 0.87135
1125 0.8719
1126 0.8723
1127 0.8733
1128 0.8735
1129 0.87415
1130 0.87475
1131 0.8752
1132 0.87525
1133 0.8762
1134 0.87675
1135 0.8773
1136 0.8777
1137 0.87865
1138 0.87915
1139 0.87985
1140 0.8807
1141 0.8819
1142 0.884
1143 0.88445
1144 0.88505
1145 0.8853
1146 0.8864
1147 0.88705
1148 0.8876
1149 0.8887
1150 0.8891
1151 0.88925
1152 0.88985
1153 0.8917
1154 0.89295
1155 0.89355
1156 0.89445
1157 0.89525
1158 0.8964
1159 0.8975
1160 0.898
1161 0.8981
1162 0.8994
1163 0.9004
1164 0.9012
1165 0.9016
1166 0.9029
1167 0.90335
1168 0.90505
1169 0.90525
1170 0.906
1171 0.9068
1172 0.90695
1173 0.9072
1174 0.9092
1175 0.9102
1176 0.91155
1177 0.91175
1178 0.9143
1179 0.91575
1180 0.9162
1181 0.91715
1182 0.91835
1183 0.9214
1184 0.92275
1185 0.9243
1186 0.92485
1187 0.92565
1188 0.9261
1189 0.92625
1190 0.92705
1191 0.9287
1192 0.9296
1193 0.93045
1194 0.93235
1195 0.9329
1196 0.9349
1197 0.9358
1198 0.93705
1199 0.9373
1200 0.9388
1201 0.9399
1202 0.94045
1203 0.9405
1204 0.9421
1205 0.9427
1206 0.9429
1207 0.9437
1208 0.94415
1209 0.94535
1210 0.9466
1211 0.9468
1212 0.9482
1213 0.9486
1214 0.94895
1215 0.94935
1216 0.94965
1217 0.95075
1218 0.95095
1219 0.9523
1220 0.95335
1221 0.95355
1222 0.95425
1223 0.95455
1224 0.95595
1225 0.95615
1226 0.95715
1227 0.9578
1228 0.95815
1229 0.95845
1230 0.9589
1231 0.95925
1232 0.9595
1233 0.9613
1234 0.9622
1235 0.96345
1236 0.9644
1237 0.96495
1238 0.9663
1239 0.96715
1240 0.96775
1241 0.96825
1242 0.9692
1243 0.9697
1244 0.97015
1245 0.9715
1246 0.97185
1247 0.9721
1248 0.9724
1249 0.9731
1250 0.9738
1251 0.97515
1252 0.9757
1253 0.9772
1254 0.9774
1255 0.9785
1256 0.9798
1257 0.9808
1258 0.98135
1259 0.98205
1260 0.9823
1261 0.9833
1262 0.98405
1263 0.9848
1264 0.98585
1265 0.98765
1266 0.98815
1267 0.98895
1268 0.99025
1269 0.99155
1270 0.9918
1271 0.99225
1272 0.99325
1273 0.99415
1274 0.99535
1275 0.99545
1276 0.99595
1277 0.9962
1278 0.99745
1279 0.9992
1280 1.00015
# Generated pool n. 23 for Umax = -15.850992202758789
# Generated a biased pool of 20000 with an acceptance of 0.06274009495973587
# Generated a pool of 20000 with an acceptance of 0.0007807572209211528
# Generation repeated 1281 times
# Average relative effective sample size: 0.004180776886641979
# Generation efficiency: 0.00078064012490242
