# Generation 21

0 0.0002
1 0.0012
2 0.00175
3 0.00325
4 0.005
5 0.00675
6 0.0073
7 0.0092
8 0.01035
9 0.0114
10 0.01255
11 0.01405
12 0.01505
13 0.0153
14 0.0157
15 0.01655
16 0.01675
17 0.01685
18 0.01695
19 0.0177
20 0.01855
21 0.01925
22 0.0203
23 0.02065
24 0.0214
25 0.02355
26 0.02375
27 0.02445
28 0.0255
29 0.0261
30 0.02805
31 0.02845
32 0.02985
33 0.03085
34 0.03195
35 0.03255
36 0.033
37 0.03405
38 0.0342
39 0.0344
40 0.03555
41 0.0365
42 0.0367
43 0.03845
44 0.03865
45 0.0393
46 0.04015
47 0.0403
48 0.04085
49 0.04095
50 0.04195
51 0.0425
52 0.04275
53 0.0436
54 0.04505
55 0.04595
56 0.0478
57 0.04815
58 0.04835
59 0.049
60 0.04965
61 0.04995
62 0.05025
63 0.0509
64 0.0511
65 0.05165
66 0.05245
67 0.0533
68 0.0541
69 0.0543
70 0.05505
71 0.05515
72 0.05625
73 0.05755
74 0.0599
75 0.0613
76 0.06235
77 0.0625
78 0.063
79 0.0638
80 0.0642
81 0.0647
82 0.0675
83 0.06775
84 0.06815
85 0.06945
86 0.07085
87 0.072
88 0.07245
89 0.0729
90 0.07465
91 0.07505
92 0.07605
93 0.07675
94 0.07795
95 0.07885
96 0.0807
97 0.0821
98 0.08365
99 0.08465
100 0.0848
101 0.08635
102 0.0873
103 0.08745
104 0.08935
105 0.0894
106 0.08985
107 0.0914
108 0.0931
109 0.0941
110 0.0946
111 0.0956
112 0.09615
113 0.0975
114 0.0997
115 0.101
116 0.1018
117 0.10195
118 0.10255
119 0.1029
120 0.1054
121 0.1064
122 0.1073
123 0.1091
124 0.11005
125 0.11085
126 0.11175
127 0.1129
128 0.11425
129 0.11615
130 0.11665
131 0.11725
132 0.11755
133 0.11795
134 0.1192
135 0.11955
136 0.12
137 0.1211
138 0.1214
139 0.1224
140 0.12425
141 0.1248
142 0.1249
143 0.12615
144 0.1274
145 0.12765
146 0.1282
147 0.1298
148 0.1312
149 0.1323
150 0.1328
151 0.1342
152 0.13465
153 0.13545
154 0.1366
155 0.1374
156 0.13865
157 0.1394
158 0.1397
159 0.14045
160 0.14145
161 0.14275
162 0.14405
163 0.14475
164 0.1451
165 0.14655
166 0.1469
167 0.1478
168 0.14805
169 0.1483
170 0.1492
171 0.1497
172 0.15195
173 0.1524
174 0.1533
175 0.15425
176 0.1547
177 0.1555
178 0.15565
179 0.1559
180 0.15745
181 0.1582
182 0.15895
183 0.1597
184 0.1602
185 0.16025
186 0.1618
187 0.1622
188 0.16315
189 0.16485
190 0.16515
191 0.16695
192 0.1683
193 0.169
194 0.16935
195 0.16965
196 0.17015
197 0.1722
198 0.1735
199 0.1743
200 0.1747
201 0.1761
202 0.17675
203 0.1771
204 0.17755
205 0.1791
206 0.1809
207 0.1823
208 0.1827
209 0.183
210 0.1843
211 0.1848
212 0.18585
213 0.18695
214 0.1873
215 0.1884
216 0.1885
217 0.18945
218 0.19125
219 0.1932
220 0.1933
221 0.19395
222 0.1949
223 0.19515
224 0.1957
225 0.19635
226 0.1967
227 0.19675
228 0.1985
229 0.1988
230 0.1993
231 0.19985
232 0.20085
233 0.20145
234 0.2016
235 0.20475
236 0.2061
237 0.20875
238 0.2099
239 0.21085
240 0.2117
241 0.2122
242 0.21325
243 0.21385
244 0.21565
245 0.2162
246 0.2165
247 0.21735
248 0.21765
249 0.2183
250 0.21905
251 0.21965
252 0.22015
253 0.2216
254 0.2217
255 0.22205
256 0.22325
257 0.22355
258 0.2239
259 0.22425
260 0.22495
261 0.2259
262 0.227
263 0.2282
264 0.22995
265 0.23105
266 0.23125
267 0.2323
268 0.23265
269 0.23335
270 0.2343
271 0.235
272 0.23595
273 0.23685
274 0.23745
275 0.2381
276 0.2384
277 0.2391
278 0.2396
279 0.24085
280 0.24205
281 0.24315
282 0.2441
283 0.2445
284 0.24455
285 0.24635
286 0.24705
287 0.24815
288 0.24935
289 0.2499
290 0.25
291 0.25075
292 0.251
293 0.25175
294 0.25195
295 0.25315
296 0.25415
297 0.25455
298 0.25485
299 0.2551
300 0.2557
301 0.2563
302 0.25775
303 0.25855
304 0.26025
305 0.26045
306 0.2612
307 0.2615
308 0.26245
309 0.26255
310 0.26375
311 0.26445
312 0.2655
313 0.2657
314 0.26615
315 0.26665
316 0.2673
317 0.2684
318 0.26855
319 0.2687
320 0.26905
321 0.2696
322 0.27035
323 0.27125
324 0.27195
325 0.2733
326 0.27355
327 0.27375
328 0.27425
329 0.27505
330 0.2752
331 0.27565
332 0.2758
333 0.2766
334 0.2773
335 0.27785
336 0.279
337 0.2794
338 0.28005
339 0.2811
340 0.2817
341 0.2819
342 0.2832
343 0.2839
344 0.2858
345 0.2867
346 0.2869
347 0.28695
348 0.2893
349 0.2904
350 0.29125
351 0.29135
352 0.29185
353 0.29305
354 0.29385
355 0.29575
356 0.29635
357 0.2969
358 0.29725
359 0.29885
360 0.3007
361 0.3011
362 0.3027
363 0.30365
364 0.3044
365 0.3045
366 0.30485
367 0.3053
368 0.3064
369 0.307
370 0.30805
371 0.30885
372 0.30895
373 0.3101
374 0.31165
375 0.31265
376 0.31315
377 0.3137
378 0.31575
379 0.31695
380 0.31725
381 0.31975
382 0.32045
383 0.3213
384 0.3223
385 0.3227
386 0.32355
387 0.32395
388 0.32435
389 0.32505
390 0.3265
391 0.3273
392 0.3285
393 0.32945
394 0.3296
395 0.331
396 0.3315
397 0.3329
398 0.3336
399 0.33445
400 0.3346
401 0.3354
402 0.336
403 0.33645
404 0.3378
405 0.33865
406 0.33965
407 0.33985
408 0.34175
409 0.3425
410 0.3437
411 0.34385
412 0.34425
413 0.3443
414 0.34615
415 0.34675
416 0.3479
417 0.34825
418 0.3485
419 0.3494
420 0.3498
421 0.3511
422 0.3515
423 0.3518
424 0.3527
425 0.35275
426 0.3549
427 0.35545
428 0.35585
429 0.3566
430 0.35765
431 0.36065
432 0.36125
433 0.3621
434 0.3632
435 0.36395
436 0.3659
437 0.36775
438 0.3681
439 0.3689
440 0.37005
441 0.37025
442 0.37095
443 0.3716
444 0.3722
445 0.3729
446 0.3745
447 0.375
448 0.3762
449 0.3775
450 0.37885
451 0.3792
452 0.382
453 0.38255
454 0.38335
455 0.38385
456 0.3855
457 0.38765
458 0.38955
459 0.38975
460 0.3901
461 0.3908
462 0.39125
463 0.3923
464 0.3924
465 0.39255
466 0.39375
467 0.394
468 0.39525
469 0.39605
470 0.397
471 0.39765
472 0.39785
473 0.3983
474 0.3993
475 0.40085
476 0.40205
477 0.40215
478 0.4033
479 0.4045
480 0.4047
481 0.4057
482 0.4063
483 0.4069
484 0.408
485 0.40805
486 0.4089
487 0.40985
488 0.41005
489 0.41065
490 0.41075
491 0.4123
492 0.41335
493 0.4138
494 0.41485
495 0.4157
496 0.41655
497 0.41815
498 0.4183
499 0.41895
500 0.42025
501 0.4209
502 0.42225
503 0.42275
504 0.4231
505 0.42415
506 0.4253
507 0.42595
508 0.4272
509 0.4277
510 0.4285
511 0.42895
512 0.42945
513 0.43055
514 0.4319
515 0.4334
516 0.4339
517 0.43605
518 0.43735
519 0.43945
520 0.4396
521 0.4416
522 0.44335
523 0.44465
524 0.44495
525 0.446
526 0.4469
527 0.44755
528 0.44855
529 0.4504
530 0.4512
531 0.45285
532 0.4537
533 0.45505
534 0.4556
535 0.4564
536 0.4566
537 0.45765
538 0.458
539 0.4597
540 0.4609
541 0.46165
542 0.4629
543 0.4633
544 0.4636
545 0.46425
546 0.465
547 0.4656
548 0.4666
549 0.4668
550 0.46725
551 0.46805
552 0.46865
553 0.47015
554 0.471
555 0.4722
556 0.47335
557 0.4737
558 0.4761
559 0.47745
560 0.4781
561 0.4783
562 0.47905
563 0.47965
564 0.48085
565 0.48225
566 0.4828
567 0.48395
568 0.48495
569 0.4863
570 0.48745
571 0.48875
572 0.4892
573 0.48935
574 0.4915
575 0.4935
576 0.4951
577 0.4964
578 0.4976
579 0.4985
580 0.4997
581 0.5001
582 0.5015
583 0.5021
584 0.504
585 0.5065
586 0.50725
587 0.508
588 0.50885
589 0.50985
590 0.51015
591 0.5109
592 0.51135
593 0.51145
594 0.51215
595 0.51325
596 0.5137
597 0.51445
598 0.51465
599 0.51605
600 0.51615
601 0.51695
602 0.5181
603 0.51875
604 0.5195
605 0.52065
606 0.52295
607 0.52305
608 0.5239
609 0.52475
610 0.5253
611 0.52615
612 0.527
613 0.5281
614 0.52855
615 0.52885
616 0.53035
617 0.53095
618 0.53175
619 0.53255
620 0.5336
621 0.53415
622 0.5366
623 0.5375
624 0.5388
625 0.53905
626 0.54015
627 0.54055
628 0.54135
629 0.5425
630 0.5441
631 0.54485
632 0.5464
633 0.54825
634 0.54875
635 0.5499
636 0.5518
637 0.55405
638 0.55595
639 0.5568
640 0.55755
641 0.55955
642 0.55995
643 0.56035
644 0.5608
645 0.561
646 0.56175
647 0.56245
648 0.56315
649 0.56435
650 0.56555
651 0.566
652 0.56635
653 0.56645
654 0.5671
655 0.56735
656 0.5676
657 0.56825
658 0.5686
659 0.56965
660 0.57125
661 0.5722
662 0.5725
663 0.57295
664 0.5737
665 0.5749
666 0.575
667 0.57615
668 0.5776
669 0.57835
670 0.5795
671 0.58005
672 0.58045
673 0.58075
674 0.5815
675 0.58255
676 0.5827
677 0.5829
678 0.58465
679 0.58585
680 0.5861
681 0.5875
682 0.58785
683 0.5883
684 0.5891
685 0.58925
686 0.59065
687 0.5909
688 0.59105
689 0.59225
690 0.5924
691 0.59435
692 0.59535
693 0.59565
694 0.59805
695 0.5994
696 0.60075
697 0.6017
698 0.60185
699 0.60295
700 0.60375
701 0.6041
702 0.60545
703 0.60575
704 0.60685
705 0.6069
706 0.6073
707 0.60815
708 0.60905
709 0.60925
710 0.60965
711 0.61045
712 0.6105
713 0.6113
714 0.6118
715 0.6122
716 0.61325
717 0.61515
718 0.6161
719 0.617
720 0.61835
721 0.61855
722 0.61975
723 0.6206
724 0.62195
725 0.6226
726 0.62275
727 0.62485
728 0.62495
729 0.62565
730 0.62625
731 0.62795
732 0.62815
733 0.6292
734 0.6294
735 0.63025
736 0.63075
737 0.63145
738 0.633
739 0.63375
740 0.6345
741 0.6351
742 0.6357
743 0.6368
744 0.637
745 0.6376
746 0.6387
747 0.63945
748 0.64005
749 0.64065
750 0.64085
751 0.64145
752 0.643
753 0.645
754 0.6457
755 0.64695
756 0.6477
757 0.6486
758 0.6496
759 0.6503
760 0.6512
761 0.65135
762 0.65175
763 0.6524
764 0.6541
765 0.6543
766 0.6552
767 0.65575
768 0.6559
769 0.6564
770 0.6572
771 0.65795
772 0.6583
773 0.65925
774 0.66
775 0.66065
776 0.6613
777 0.662
778 0.6621
779 0.66265
780 0.66305
781 0.66335
782 0.66565
783 0.66585
784 0.66625
785 0.6674
786 0.66825
787 0.66835
788 0.669
789 0.66945
790 0.6697
791 0.67055
792 0.67135
793 0.67195
794 0.6735
795 0.6741
796 0.6746
797 0.6753
798 0.6755
799 0.676
800 0.67675
801 0.6772
802 0.67795
803 0.6784
804 0.67845
805 0.6802
806 0.68085
807 0.68175
808 0.68305
809 0.68345
810 0.68425
811 0.68465
812 0.6853
813 0.6855
814 0.68585
815 0.6866
816 0.68725
817 0.68785
818 0.6881
819 0.6884
820 0.68995
821 0.69025
822 0.69105
823 0.6914
824 0.6926
825 0.6932
826 0.69375
827 0.69385
828 0.69425
829 0.6959
830 0.69645
831 0.6971
832 0.69895
833 0.7011
834 0.70155
835 0.7019
836 0.70265
837 0.70275
838 0.70355
839 0.7042
840 0.70575
841 0.7068
842 0.7073
843 0.70825
844 0.70865
845 0.70885
846 0.7093
847 0.7095
848 0.71035
849 0.7113
850 0.71185
851 0.7129
852 0.71385
853 0.71555
854 0.71715
855 0.71805
856 0.7197
857 0.72045
858 0.72195
859 0.7227
860 0.7244
861 0.72605
862 0.72745
863 0.72785
864 0.7297
865 0.73115
866 0.73165
867 0.732
868 0.7325
869 0.73395
870 0.7355
871 0.7358
872 0.7363
873 0.7372
874 0.73885
875 0.7396
876 0.7412
877 0.74225
878 0.74345
879 0.745
880 0.74505
881 0.7468
882 0.7488
883 0.7493
884 0.74945
885 0.75145
886 0.75205
887 0.7521
888 0.7523
889 0.75335
890 0.7542
891 0.75505
892 0.75645
893 0.75675
894 0.75805
895 0.75865
896 0.75895
897 0.7603
898 0.7607
899 0.7616
900 0.7627
901 0.76335
902 0.76435
903 0.76585
904 0.7666
905 0.7674
906 0.7677
907 0.76815
908 0.76975
909 0.7704
910 0.77075
911 0.77125
912 0.7736
913 0.7742
914 0.7744
915 0.775
916 0.77515
917 0.7753
918 0.7756
919 0.77715
920 0.7789
921 0.77945
922 0.78
923 0.782
924 0.78415
925 0.78485
926 0.7854
927 0.78585
928 0.787
929 0.7886
930 0.7894
931 0.7921
932 0.79385
933 0.79415
934 0.79495
935 0.79585
936 0.7961
937 0.7974
938 0.79795
939 0.79855
940 0.7996
941 0.801
942 0.8021
943 0.80235
944 0.8045
945 0.8052
946 0.80595
947 0.8068
948 0.80705
949 0.8077
950 0.8103
951 0.81095
952 0.8121
953 0.81215
954 0.8129
955 0.81305
956 0.8137
957 0.81445
958 0.81615
959 0.81655
960 0.81685
961 0.8184
962 0.81925
963 0.82015
964 0.82095
965 0.82265
966 0.8227
967 0.8238
968 0.8245
969 0.8259
970 0.8273
971 0.8287
972 0.8313
973 0.83265
974 0.8343
975 0.83525
976 0.83595
977 0.83735
978 0.8378
979 0.83815
980 0.83885
981 0.83995
982 0.84065
983 0.84205
984 0.84215
985 0.84465
986 0.84555
987 0.8468
988 0.8481
989 0.84815
990 0.84965
991 0.84995
992 0.8514
993 0.85155
994 0.85585
995 0.8565
996 0.8576
997 0.85815
998 0.85875
999 0.859
1000 0.8605
1001 0.8609
1002 0.861
1003 0.86425
1004 0.8644
1005 0.8649
1006 0.8656
1007 0.8657
1008 0.86735
1009 0.86785
1010 0.8691
1011 0.8696
1012 0.87065
1013 0.87135
1014 0.8721
1015 0.873
1016 0.8736
1017 0.87585
1018 0.87625
1019 0.87785
1020 0.8783
1021 0.87915
1022 0.87935
1023 0.88045
1024 0.881
1025 0.88135
1026 0.88275
1027 0.8833
1028 0.8838
1029 0.88445
1030 0.88475
1031 0.88515
1032 0.8866
1033 0.88755
1034 0.8882
1035 0.88925
1036 0.8896
1037 0.8899
1038 0.8924
1039 0.89315
1040 0.89395
1041 0.89475
1042 0.8958
1043 0.89725
1044 0.89815
1045 0.8995
1046 0.90155
1047 0.9022
1048 0.90325
1049 0.9039
1050 0.90405
1051 0.9045
1052 0.90585
1053 0.90615
1054 0.9071
1055 0.9079
1056 0.90885
1057 0.9094
1058 0.91025
1059 0.911
1060 0.91225
1061 0.91325
1062 0.9152
1063 0.9157
1064 0.9162
1065 0.9171
1066 0.9177
1067 0.91895
1068 0.92005
1069 0.9211
1070 0.92215
1071 0.92365
1072 0.92425
1073 0.92465
1074 0.92575
1075 0.9272
1076 0.92805
1077 0.92875
1078 0.92905
1079 0.93015
1080 0.93125
1081 0.93155
1082 0.93175
1083 0.9322
1084 0.93365
1085 0.9337
1086 0.93425
1087 0.9359
1088 0.9367
1089 0.9376
1090 0.93805
1091 0.93905
1092 0.9399
1093 0.9417
1094 0.9434
1095 0.94405
1096 0.94425
1097 0.94515
1098 0.9463
1099 0.947
1100 0.9473
1101 0.9477
1102 0.9482
1103 0.9484
1104 0.9488
1105 0.9497
1106 0.95185
1107 0.9526
1108 0.9531
1109 0.955
1110 0.95615
1111 0.9565
1112 0.95675
1113 0.9574
1114 0.9587
1115 0.9598
1116 0.96025
1117 0.96075
1118 0.96155
1119 0.9628
1120 0.9642
1121 0.9651
1122 0.96585
1123 0.96655
1124 0.9676
1125 0.96795
1126 0.9683
1127 0.96845
1128 0.96935
1129 0.9706
1130 0.97075
1131 0.97135
1132 0.97215
1133 0.97305
1134 0.97405
1135 0.97455
1136 0.975
1137 0.9755
1138 0.9764
1139 0.9768
1140 0.9773
1141 0.9782
1142 0.9801
1143 0.98085
1144 0.98165
1145 0.98225
1146 0.98235
1147 0.98335
1148 0.985
1149 0.98595
1150 0.9861
1151 0.98805
1152 0.98845
1153 0.98865
1154 0.989
1155 0.98905
1156 0.9891
1157 0.98945
1158 0.98995
1159 0.9901
1160 0.9903
1161 0.9907
1162 0.99195
1163 0.99435
1164 0.995
1165 0.99705
1166 0.9984
1167 0.9994
1168 0.9997
1169 1.00035
# Generated pool n. 21 for Umax = -15.566118240356445
# Generated a biased pool of 20000 with an acceptance of 0.0742744579911232
# Generated a pool of 20000 with an acceptance of 0.0008549999999999976
# Generation repeated 1170 times
# Average relative effective sample size: 0.00499588530510664
# Generation efficiency: 0.0008547008547008547
