# Run started: 2026-09-27 20:13:43.849266
# 
# STD_NS	NF_NS	TRAIN	GENER
9.636741999999999919e+00 0.000000000000000000e+00 2.649654709999999795e+02 7.474053999999999753e+00
8.827821999999999392e+00 1.803683099999999939e+01 2.619656689999999912e+02 3.414770000000000039e+01
8.822136000000000422e+00 1.801756299999999911e+01 2.804755759999999896e+02 9.501116199999999878e+01
8.845534999999999926e+00 1.806958600000000104e+01 2.801196699999999851e+02 2.006556280000000072e+02
8.867445000000000022e+00 1.796743299999999977e+01 2.785704049999999938e+02 3.654256229999999732e+02
8.852354999999999308e+00 1.824054800000000043e+01 2.781340129999999817e+02 4.415787359999999921e+02
8.803098000000000312e+00 2.220457299999999989e+01 2.791281839999999761e+02 6.705077740000000404e+02
8.847015999999999991e+00 1.789111099999999865e+01 2.792882870000000253e+02 7.122641159999999445e+02
8.807372000000000867e+00 1.798727600000000137e+01 2.763582000000000107e+02 8.133597909999999729e+02
8.792023000000000366e+00 1.823860499999999973e+01 2.782006579999999758e+02 9.163859410000000025e+02
8.820012000000000185e+00 1.801667199999999980e+01 2.771484590000000026e+02 1.037593881999999894e+03
8.814975000000000449e+00 1.833225799999999950e+01 2.782923930000000041e+02 1.190247820000000047e+03
8.751467999999999137e+00 1.830068599999999890e+01 2.780569310000000200e+02 1.039076471999999967e+03
8.801017999999999120e+00 1.826899799999999985e+01 2.779400989999999751e+02 9.892035080000000562e+02
8.797174000000000049e+00 1.825970900000000086e+01 2.800252469999999789e+02 9.756179049999999506e+02
8.802740999999999261e+00 1.815724700000000169e+01 2.791936820000000239e+02 9.409330760000000282e+02
8.809338000000000335e+00 1.815808699999999831e+01 2.782420309999999972e+02 1.058412974999999960e+03
8.828523000000000565e+00 1.813896799999999843e+01 2.804737460000000056e+02 9.254000300000000152e+02
8.793464000000000169e+00 1.809024700000000152e+01 2.778698989999999753e+02 1.084368613999999980e+03
8.789203000000000543e+00 1.807082099999999869e+01 2.792666209999999865e+02 1.089661112999999887e+03
8.842060000000000031e+00 1.798339500000000157e+01 2.789436329999999771e+02 1.120477763999999979e+03
8.797083999999999904e+00 1.813106499999999954e+01 2.797542169999999828e+02 1.247362476999999899e+03
8.815832000000000335e+00 1.795545200000000108e+01 2.773746429999999918e+02 1.292395132999999987e+03
8.805733000000000033e+00 1.792298100000000005e+01 2.782063800000000242e+02 1.365509469999999965e+03
8.946662999999999144e+00 1.808868299999999962e+01 2.801565299999999752e+02 1.350404903000000104e+03
8.800867000000000218e+00 1.782688900000000132e+01 2.797330150000000231e+02 1.409054636000000073e+03
8.790141999999999456e+00 1.784382899999999950e+01 2.794998709999999846e+02 1.564531780999999910e+03
8.811930999999999514e+00 1.778118500000000068e+01 2.782840419999999995e+02 1.535365301999999929e+03
8.733397000000000077e+00 1.795111899999999849e+01 2.779812979999999811e+02 1.559522294999999986e+03
8.758960999999999331e+00 1.789508899999999869e+01 2.788131619999999771e+02 2.043662761000000046e+03
8.864917000000000158e+00 1.806489200000000039e+01 2.801995539999999778e+02 1.091509688999999980e+03
8.796504000000000545e+00 1.790405799999999914e+01 2.800658619999999814e+02 9.875758049999999457e+02
8.788828999999999780e+00 1.844660899999999870e+01 2.813045759999999973e+02 9.069123429999999644e+02
8.780077000000000353e+00 1.797994399999999970e+01 2.824971649999999954e+02 6.821919609999999921e+02
8.776738999999999180e+00 1.794579500000000039e+01 2.818179690000000051e+02 6.130559110000000373e+02
8.835978000000000776e+00 1.821440399999999826e+01 2.854623310000000060e+02 4.322295340000000010e+02
8.813776000000000721e+00 1.815925000000000011e+01 2.839402779999999780e+02 4.520056650000000218e+02
8.990916000000000352e+00 1.848313900000000132e+01 2.823529819999999972e+02 3.491625809999999888e+02
9.018691000000000457e+00 1.782590199999999925e+01 2.867049830000000270e+02 3.228448440000000232e+02
8.925589999999999691e+00 1.861168999999999940e+01 2.893182840000000056e+02 2.193094780000000128e+02
9.091780999999999224e+00 1.934163200000000060e+01 2.858266560000000140e+02 2.093425249999999949e+02
8.911464000000000496e+00 1.780546100000000109e+01 2.874084639999999808e+02 2.136831239999999923e+02
9.044482000000000355e+00 1.816994000000000042e+01 2.916365620000000263e+02 2.007030680000000018e+02
9.111513000000000417e+00 1.834932999999999836e+01 2.866676800000000185e+02 2.481258339999999976e+02
8.980252999999999375e+00 1.830126999999999882e+01 2.884804579999999987e+02 2.313796189999999910e+02
# Run ended: 2026-09-28 10:07:58.297980
# Elapsed time: 13:54:14.448714
