# epoch	step	nll	ecut	ecut_viol	grad_norm	val_nll	val_ecut	val_ecut_viol	val_ress_zx	LR
1	27	-1.5696544647216797	0.0	0.0	9.52544116973877	-1.6293972730636597	636.8785400390625	634.76220703125	0.017971660941839218	9.757729755661011e-05
2	54	-1.6917173862457275	0.0	0.0	10.05803394317627	-1.7106021642684937	622.6761474609375	620.557373046875	0.014426900073885918	9.05463412215599e-05
3	81	-1.7041375637054443	0.0	0.0	11.442133903503418	-1.7439206838607788	614.99365234375	612.77978515625	0.009780381806194782	7.959536998847742e-05
4	108	-1.779418706893921	0.0	0.0	11.740471839904785	-1.818449854850769	595.4910888671875	593.24951171875	0.017197271808981895	6.57963412215599e-05
5	135	-1.8314074277877808	0.0	0.0	11.151656150817871	-1.8606793880462646	592.39501953125	590.1435546875	0.018588174134492874	5.05e-05
6	162	-1.8590240478515625	0.0	0.0	12.220952987670898	-1.8870470523834229	577.6893920898438	575.4000854492188	0.019650539383292198	3.5203658778440106e-05
7	189	-1.8982212543487549	0.0	0.0	9.439509391784668	-1.9370689392089844	574.2314453125	571.9495239257812	0.01910983771085739	2.1404630011522586e-05
8	216	-1.9642677307128906	0.0	0.0	10.942054748535156	-1.9700696468353271	566.8028564453125	564.5279541015625	0.01761312037706375	1.0453658778440107e-05
9	243	-2.0021843910217285	0.0	0.0	9.034482955932617	-1.992590308189392	565.3238525390625	563.0497436523438	0.021650483831763268	3.4227024433899e-06
10	270	-1.9633469581604004	0.0	0.0	9.358372688293457	-2.0009164810180664	563.9733276367188	561.68701171875	0.0210423581302166	1e-06
# Best epoch: 9
