# epoch	step	nll	ecut	ecut_viol	grad_norm	val_nll	val_ecut	val_ecut_viol	val_ress_zx	LR
1	27	-14.699797630310059	0.0	0.0	133.60787963867188	-14.638914108276367	179.32115173339844	165.0875701904297	0.003902525408193469	9.757729755661011e-05
2	54	-15.10440731048584	0.0	0.0	126.45506286621094	-15.125633239746094	156.03823852539062	141.17459106445312	0.013691763393580914	9.05463412215599e-05
3	81	-15.163381576538086	0.0	0.0	199.73947143554688	-15.295846939086914	153.50958251953125	138.85165405273438	0.00980325136333704	7.959536998847742e-05
4	108	-15.070297241210938	0.0	0.0	172.718017578125	-15.285272598266602	160.57289123535156	145.76564025878906	0.009963608346879482	6.57963412215599e-05
5	135	-15.210311889648438	0.0	0.0	97.16287231445312	-15.296911239624023	143.7275390625	128.97677612304688	0.00816020555794239	5.05e-05
6	162	-15.569937705993652	0.0	0.0	146.2698211669922	-15.607481002807617	133.87417602539062	118.87928771972656	0.008994713425636292	3.5203658778440106e-05
7	189	-15.822090148925781	0.0	0.0	224.2218780517578	-15.8275146484375	129.81932067871094	114.5403060913086	0.03289644047617912	2.1404630011522586e-05
8	216	-15.778544425964355	0.0	0.0	95.73707580566406	-15.896764755249023	124.03184509277344	108.6294174194336	0.02755683660507202	1.0453658778440107e-05
9	243	-16.022483825683594	0.0	0.0	209.0325164794922	-16.031269073486328	120.28912353515625	104.80860900878906	0.026084918528795242	3.4227024433899e-06
10	270	-16.073896408081055	0.0	0.0	130.368896484375	-16.089096069335938	116.8136215209961	101.28770446777344	0.02605670690536499	1e-06
# Best epoch: 7
