# epoch	step	nll	ecut	ecut_viol	grad_norm	val_nll	val_ecut	val_ecut_viol	val_ress_zx	LR
1	27	-25.072866439819336	0.0	0.0	195.9945526123047	-25.35114288330078	136.80120849609375	114.8514633178711	0.004614982753992081	9.757729755661011e-05
2	54	-25.895851135253906	0.0	0.0	190.92381286621094	-25.893362045288086	115.30560302734375	92.39073181152344	0.004147857427597046	9.05463412215599e-05
3	81	-26.10561180114746	0.0	0.0	195.97096252441406	-26.03759002685547	116.25360107421875	92.83497619628906	0.00534409936517477	7.959536998847742e-05
4	108	-26.295391082763672	0.0	0.0	205.22096252441406	-26.269460678100586	103.1710205078125	79.61766815185547	0.005937687586992979	6.57963412215599e-05
5	135	-26.41469383239746	0.0	0.0	229.55166625976562	-26.542327880859375	105.93795013427734	81.9756088256836	0.005225279834121466	5.05e-05
6	162	-26.659038543701172	0.0	0.0	433.3172912597656	-26.61825180053711	105.53790283203125	81.27044677734375	0.009006253443658352	3.5203658778440106e-05
7	189	-27.04779815673828	0.0	0.0	161.9795684814453	-27.30396842956543	96.21307373046875	71.46914672851562	0.006839869078248739	2.1404630011522586e-05
8	216	-27.289546966552734	0.0	0.0	147.02322387695312	-27.25033187866211	93.96255493164062	68.99543762207031	0.0058721210807561874	1.0453658778440107e-05
9	243	-27.393447875976562	0.0	0.0	193.78668212890625	-27.532072067260742	91.25374603271484	66.04986572265625	0.00852290354669094	3.4227024433899e-06
10	270	-27.6832275390625	0.0	0.0	140.5692596435547	-27.6197566986084	91.38764953613281	66.23228454589844	0.008906517177820206	1e-06
# Best epoch: 6
