# epoch	step	nll	ecut	ecut_viol	grad_norm	val_nll	val_ecut	val_ecut_viol	val_ress_zx	LR
1	27	-1.0734871625900269	0.0	0.0	7.288403511047363	-1.0740160942077637	613.898193359375	612.3627319335938	0.0262941624969244	9.757729755661011e-05
2	54	-1.0790319442749023	0.0	0.0	5.809368133544922	-1.1090710163116455	601.1345825195312	599.5245361328125	0.02083471044898033	9.05463412215599e-05
3	81	-1.1912996768951416	0.0	0.0	5.392714500427246	-1.1522610187530518	586.572509765625	584.957275390625	0.026744205504655838	7.959536998847742e-05
4	108	-1.2199406623840332	0.0	0.0	8.24592399597168	-1.2067216634750366	569.89306640625	568.204345703125	0.02784787118434906	6.57963412215599e-05
5	135	-1.2864983081817627	0.0	0.0	11.414790153503418	-1.243586540222168	561.9569091796875	560.3043212890625	0.021070808172225952	5.05e-05
6	162	-1.29079008102417	0.0	0.0	9.491181373596191	-1.270061731338501	560.2167358398438	558.5615234375	0.026714861392974854	3.5203658778440106e-05
7	189	-1.304752230644226	0.0	0.0	7.939558029174805	-1.3055181503295898	553.1505737304688	551.4490966796875	0.019519513472914696	2.1404630011522586e-05
8	216	-1.3661220073699951	0.0	0.0	8.64328670501709	-1.3151785135269165	552.1569213867188	550.474853515625	0.016674943268299103	1.0453658778440107e-05
9	243	-1.3281621932983398	0.0	0.0	5.932689189910889	-1.332444667816162	547.8452758789062	546.1503295898438	0.01755603961646557	3.4227024433899e-06
10	270	-1.3733524084091187	0.0	0.0	5.1540374755859375	-1.3406766653060913	546.7966918945312	545.08837890625	0.0272458977997303	1e-06
# Best epoch: 4
