# epoch	step	nll	ecut	ecut_viol	grad_norm	val_nll	val_ecut	val_ecut_viol	val_ress_zx	LR
1	27	-12.560077667236328	0.0	0.0	114.29224395751953	-12.507070541381836	216.37950134277344	204.24966430664062	0.007092008367180824	9.757729755661011e-05
2	54	-12.701018333435059	0.0	0.0	62.727272033691406	-12.891666412353516	198.752197265625	186.49728393554688	0.009590099565684795	9.05463412215599e-05
3	81	-12.58299446105957	0.0	0.0	101.79674530029297	-12.787633895874023	198.92051696777344	186.4449920654297	0.010800889693200588	7.959536998847742e-05
4	108	-13.048898696899414	0.0	0.0	104.68433380126953	-12.987066268920898	177.6818084716797	165.04380798339844	0.004331369884312153	6.57963412215599e-05
5	135	-13.149246215820312	0.0	0.0	341.37359619140625	-12.929424285888672	174.9793701171875	161.8369598388672	0.007973436266183853	5.05e-05
6	162	-13.326717376708984	0.0	0.0	68.49720001220703	-13.278305053710938	164.3825225830078	151.4317626953125	0.011967944912612438	3.5203658778440106e-05
7	189	-13.405155181884766	0.0	0.0	82.73400115966797	-13.469938278198242	162.11776733398438	148.94354248046875	0.009936545044183731	2.1404630011522586e-05
8	216	-13.574666976928711	0.0	0.0	47.49179458618164	-13.512678146362305	160.4060516357422	147.1022186279297	0.02359148859977722	1.0453658778440107e-05
9	243	-13.750312805175781	0.0	0.0	76.24928283691406	-13.67945671081543	156.22616577148438	142.9720458984375	0.01145225390791893	3.4227024433899e-06
10	270	-13.786906242370605	0.0	0.0	180.21702575683594	-13.7301664352417	153.97344970703125	140.67991638183594	0.01945888251066208	1e-06
# Best epoch: 8
