# epoch	step	nll	ecut	ecut_viol	grad_norm	val_nll	val_ecut	val_ecut_viol	val_ress_zx	LR
1	27	-13.5999755859375	0.0	0.0	82.39569854736328	-13.656951904296875	196.96102905273438	183.59149169921875	0.010121498256921768	9.757729755661011e-05
2	54	-13.815447807312012	0.0	0.0	104.45417022705078	-13.749959945678711	183.47666931152344	170.31231689453125	0.005011121742427349	9.05463412215599e-05
3	81	-13.61847972869873	0.0	0.0	141.31668090820312	-13.695928573608398	181.61093139648438	168.41241455078125	0.004738131538033485	7.959536998847742e-05
4	108	-14.083425521850586	0.0	0.0	71.045654296875	-14.094077110290527	157.32933044433594	143.4688720703125	0.012986315414309502	6.57963412215599e-05
5	135	-14.461872100830078	0.0	0.0	198.08169555664062	-14.374624252319336	142.0867156982422	128.06295776367188	0.014740226790308952	5.05e-05
6	162	-14.469337463378906	0.0	0.0	87.65753936767578	-14.476219177246094	146.50135803222656	132.5871124267578	0.01652233861386776	3.5203658778440106e-05
7	189	-14.673694610595703	0.0	0.0	90.28917694091797	-14.660612106323242	137.34432983398438	123.1095199584961	0.020366182550787926	2.1404630011522586e-05
8	216	-14.712759971618652	0.0	0.0	116.4904556274414	-14.73829174041748	140.28024291992188	126.08805847167969	0.02538471668958664	1.0453658778440107e-05
9	243	-14.810988426208496	0.0	0.0	100.06400299072266	-14.878497123718262	131.19908142089844	116.82981872558594	0.014925523661077023	3.4227024433899e-06
10	270	-14.962836265563965	0.0	0.0	94.25506591796875	-14.906400680541992	131.545166015625	117.11662292480469	0.025489820167422295	1e-06
# Best epoch: 10
