# epoch	step	nll	ecut	ecut_viol	grad_norm	val_nll	val_ecut	val_ecut_viol	val_ress_zx	LR
1	27	-23.296920776367188	0.0	0.0	293.68304443359375	-23.286117553710938	118.91746520996094	97.67082214355469	0.004345799796283245	9.757729755661011e-05
2	54	-23.6123046875	0.0	0.0	155.9009552001953	-23.783292770385742	104.0510482788086	82.42312622070312	0.00383925624191761	9.05463412215599e-05
3	81	-23.772216796875	0.0	0.0	385.56378173828125	-23.597881317138672	109.49800109863281	87.89016723632812	0.003174690529704094	7.959536998847742e-05
4	108	-23.805538177490234	0.0	0.0	169.0514373779297	-24.06787109375	105.78553771972656	84.1961898803711	0.007686007767915726	6.57963412215599e-05
5	135	-23.936962127685547	0.0	0.0	194.4662628173828	-24.320531845092773	102.958984375	81.0684814453125	0.004436270333826542	5.05e-05
6	162	-24.043264389038086	0.0	0.0	193.66551208496094	-24.491308212280273	92.55216979980469	70.07633972167969	0.008586125448346138	3.5203658778440106e-05
7	189	-24.681026458740234	0.0	0.0	148.4288787841797	-24.791706085205078	91.99732971191406	69.34213256835938	0.006449864711612463	2.1404630011522586e-05
8	216	-25.017087936401367	0.0	0.0	106.48397064208984	-25.191944122314453	87.26173400878906	64.19542694091797	0.01501420047134161	1.0453658778440107e-05
9	243	-25.252302169799805	0.0	0.0	138.6149139404297	-25.31899642944336	83.1743392944336	59.955013275146484	0.014330677688121796	3.4227024433899e-06
10	270	-25.2957763671875	0.0	0.0	274.88531494140625	-25.37892723083496	83.90469360351562	60.71006774902344	0.015083231031894684	1e-06
# Best epoch: 10
