# epoch	step	nll	ecut	ecut_viol	grad_norm	val_nll	val_ecut	val_ecut_viol	val_ress_zx	LR
1	27	-17.338584899902344	0.0	0.0	166.66217041015625	-17.01747703552246	146.86532592773438	130.90968322753906	0.0024695286992937326	9.757729755661011e-05
2	54	-17.169355392456055	0.0	0.0	160.08311462402344	-17.5418701171875	132.649169921875	115.96605682373047	0.0045889499597251415	9.05463412215599e-05
3	81	-17.80664825439453	0.0	0.0	139.69161987304688	-18.007389068603516	118.1326904296875	101.02501678466797	0.011678874492645264	7.959536998847742e-05
4	108	-18.097152709960938	0.0	0.0	131.3187255859375	-18.091861724853516	115.76249694824219	98.40617370605469	0.010611924342811108	6.57963412215599e-05
5	135	-18.403919219970703	0.0	0.0	120.59651184082031	-18.291549682617188	109.07611083984375	91.74079895019531	0.006060013081878424	5.05e-05
6	162	-18.39653778076172	0.0	0.0	164.46945190429688	-18.48293685913086	106.27105712890625	88.86500549316406	0.013332325033843517	3.5203658778440106e-05
7	189	-18.7096004486084	0.0	0.0	99.19326782226562	-18.695283889770508	100.09160614013672	82.23690032958984	0.007057601120322943	2.1404630011522586e-05
8	216	-18.82514190673828	0.0	0.0	142.63833618164062	-18.91501235961914	99.75029754638672	81.78434753417969	0.016423098742961884	1.0453658778440107e-05
9	243	-19.090946197509766	0.0	0.0	131.43893432617188	-19.00098991394043	100.5872802734375	82.56615447998047	0.019825570285320282	3.4227024433899e-06
10	270	-19.171772003173828	0.0	0.0	286.0924377441406	-19.04290771484375	98.17654418945312	80.04908752441406	0.014754335395991802	1e-06
# Best epoch: 9
