# epoch	step	nll	ecut	ecut_viol	grad_norm	val_nll	val_ecut	val_ecut_viol	val_ress_zx	LR
1	27	-11.37504768371582	0.0	0.0	45.5801887512207	-11.376768112182617	254.93548583984375	244.0676727294922	0.008388366550207138	9.757729755661011e-05
2	54	-11.5623197555542	0.0	0.0	147.2993621826172	-11.455512046813965	235.9263916015625	224.60006713867188	0.010851948522031307	9.05463412215599e-05
3	81	-11.885478973388672	0.0	0.0	122.45438385009766	-11.591796875	232.2191619873047	220.9803924560547	0.004264612216502428	7.959536998847742e-05
4	108	-12.005671501159668	0.0	0.0	768.7234497070312	-11.732973098754883	216.250732421875	204.8450164794922	0.008598780259490013	6.57963412215599e-05
5	135	-12.159876823425293	0.0	0.0	84.97647857666016	-11.901870727539062	209.49981689453125	197.8670654296875	0.010943206958472729	5.05e-05
6	162	-12.235553741455078	0.0	0.0	65.34110260009766	-12.165298461914062	197.38389587402344	185.602294921875	0.012783999554812908	3.5203658778440106e-05
7	189	-12.332948684692383	0.0	0.0	73.76416015625	-12.230392456054688	192.0491943359375	180.14773559570312	0.01587790623307228	2.1404630011522586e-05
8	216	-12.524554252624512	0.0	0.0	59.56373977661133	-12.34779167175293	186.097900390625	174.1324920654297	0.02062850259244442	1.0453658778440107e-05
9	243	-12.56876277923584	0.0	0.0	68.54621124267578	-12.459585189819336	181.9490203857422	169.87615966796875	0.022911615669727325	3.4227024433899e-06
10	270	-12.682294845581055	0.0	0.0	51.88487243652344	-12.507170677185059	181.86871337890625	169.78648376464844	0.017259888350963593	1e-06
# Best epoch: 9
