# epoch	step	nll	ecut	ecut_viol	grad_norm	val_nll	val_ecut	val_ecut_viol	val_ress_zx	LR
1	27	-26.413015365600586	0.0	0.0	152.2520751953125	-26.72314453125	125.83415222167969	102.23098754882812	0.0026929350569844246	9.757729755661011e-05
2	54	-27.0948543548584	0.0	0.0	366.85614013671875	-27.074277877807617	110.73434448242188	86.68527221679688	0.005089979153126478	9.05463412215599e-05
3	81	-26.65945053100586	0.0	0.0	285.02557373046875	-26.872230529785156	107.88224792480469	83.48667907714844	0.0037695998325943947	7.959536998847742e-05
4	108	-27.158763885498047	0.0	0.0	226.23643493652344	-27.572324752807617	102.92312622070312	77.59868621826172	0.006080948747694492	6.57963412215599e-05
5	135	-27.741249084472656	0.0	0.0	165.39813232421875	-27.975452423095703	104.49650573730469	79.53777313232422	0.009061409160494804	5.05e-05
6	162	-28.199249267578125	0.0	0.0	239.84820556640625	-27.831817626953125	98.73486328125	73.1357421875	0.007648366503417492	3.5203658778440106e-05
7	189	-28.265262603759766	0.0	0.0	147.00601196289062	-28.405094146728516	95.82804870605469	70.27568054199219	0.0076850890181958675	2.1404630011522586e-05
8	216	-28.784988403320312	0.0	0.0	124.66339111328125	-28.791898727416992	92.5382080078125	66.20504760742188	0.008467169478535652	1.0453658778440107e-05
9	243	-28.72207260131836	0.0	0.0	411.5242614746094	-28.922786712646484	88.12274169921875	61.636348724365234	0.019111208617687225	3.4227024433899e-06
10	270	-28.78278160095215	0.0	0.0	78.51850891113281	-29.016149520874023	86.850341796875	60.23569869995117	0.01693609543144703	1e-06
# Best epoch: 9
