# epoch	step	nll	ecut	ecut_viol	grad_norm	val_nll	val_ecut	val_ecut_viol	val_ress_zx	LR
1	27	-35.867977142333984	0.0	0.0	234.41046142578125	-35.863555908203125	125.52694702148438	93.76790618896484	0.009336123242974281	9.757729755661011e-05
2	54	-36.88933563232422	0.0	0.0	525.7595825195312	-36.091163635253906	108.62413024902344	74.5655517578125	0.007470662705600262	9.05463412215599e-05
3	81	-36.093299865722656	0.0	0.0	336.27081298828125	-36.77543258666992	108.08614349365234	73.48309326171875	0.01343546062707901	7.959536998847742e-05
4	108	-37.78273010253906	0.0	0.0	398.3282775878906	-37.380428314208984	97.08399963378906	61.416465759277344	0.022322040051221848	6.57963412215599e-05
5	135	-37.64739990234375	0.0	0.0	684.1808471679688	-36.305091857910156	93.713623046875	58.82592010498047	0.015450315549969673	5.05e-05
6	162	-37.987037658691406	0.0	0.0	311.2877502441406	-38.00199890136719	89.98251342773438	53.75507736206055	0.03201254829764366	3.5203658778440106e-05
7	189	-38.30033874511719	0.0	0.0	380.83599853515625	-38.166038513183594	84.90560913085938	48.044219970703125	0.020590297877788544	2.1404630011522586e-05
8	216	-38.73749542236328	0.0	0.0	126.33541107177734	-38.545162200927734	83.37583923339844	46.27546310424805	0.061125077307224274	1.0453658778440107e-05
9	243	-38.76620101928711	0.0	0.0	136.88973999023438	-38.72354507446289	83.18721771240234	45.73438262939453	0.06906172633171082	3.4227024433899e-06
10	270	-38.959815979003906	0.0	0.0	110.40872955322266	-38.82839584350586	82.39242553710938	44.755035400390625	0.0427967868745327	1e-06
# Best epoch: 9
