# epoch	step	nll	ecut	ecut_viol	grad_norm	val_nll	val_ecut	val_ecut_viol	val_ress_zx	LR
1	27	-20.466510772705078	0.0	0.0	183.52928161621094	-20.84346580505371	139.95693969726562	120.8646469116211	0.006008058786392212	9.757729755661011e-05
2	54	-21.505178451538086	0.0	0.0	197.32150268554688	-21.616567611694336	114.1091537475586	94.2420654296875	0.006751801818609238	9.05463412215599e-05
3	81	-22.098751068115234	0.0	0.0	244.95611572265625	-21.9796199798584	114.38414001464844	94.39028930664062	0.003860220080241561	7.959536998847742e-05
4	108	-21.957225799560547	0.0	0.0	204.3160400390625	-21.599035263061523	115.23313903808594	95.76802062988281	0.005968700163066387	6.57963412215599e-05
5	135	-22.30605125427246	0.0	0.0	110.97887420654297	-22.28762435913086	104.3680419921875	83.28279113769531	0.0033339993096888065	5.05e-05
6	162	-22.468358993530273	0.0	0.0	172.09129333496094	-22.742734909057617	99.363037109375	78.54829406738281	0.00998971238732338	3.5203658778440106e-05
7	189	-22.738821029663086	0.0	0.0	347.2919006347656	-22.784393310546875	95.49710083007812	74.19676971435547	0.01402771845459938	2.1404630011522586e-05
8	216	-23.035205841064453	0.0	0.0	163.07960510253906	-23.146427154541016	94.09469604492188	72.69026947021484	0.008859146386384964	1.0453658778440107e-05
9	243	-23.216297149658203	0.0	0.0	156.375	-23.221181869506836	89.25093841552734	67.66728210449219	0.015843357890844345	3.4227024433899e-06
10	270	-23.21767807006836	0.0	0.0	175.2662811279297	-23.28835678100586	90.82647705078125	69.21900939941406	0.01599050872027874	1e-06
# Best epoch: 10
