# epoch	step	nll	ecut	ecut_viol	grad_norm	val_nll	val_ecut	val_ecut_viol	val_ress_zx	LR
1	27	-28.55341911315918	0.0	0.0	410.2434997558594	-28.696651458740234	145.4261932373047	120.71746063232422	0.005050688050687313	9.757729755661011e-05
2	54	-29.841611862182617	0.0	0.0	324.24884033203125	-30.03549575805664	122.16170501708984	95.00496673583984	0.008496463298797607	9.05463412215599e-05
3	81	-29.635168075561523	0.0	0.0	339.1358642578125	-29.94338607788086	109.69004821777344	82.3401107788086	0.0055935862474143505	7.959536998847742e-05
4	108	-30.60146713256836	0.0	0.0	211.0237579345703	-30.797664642333984	107.7376708984375	79.89107513427734	0.012168260291218758	6.57963412215599e-05
5	135	-30.52997589111328	0.0	0.0	408.77960205078125	-30.770950317382812	105.44364929199219	77.4426040649414	0.009484753012657166	5.05e-05
6	162	-30.40248680114746	0.0	0.0	191.0973358154297	-30.768295288085938	104.629150390625	76.80436706542969	0.012964615598320961	3.5203658778440106e-05
7	189	-30.903629302978516	0.0	0.0	257.8750915527344	-31.048269271850586	96.77969360351562	68.2603988647461	0.012790384702384472	2.1404630011522586e-05
8	216	-31.47641372680664	0.0	0.0	148.3771209716797	-31.529483795166016	92.10924530029297	63.213836669921875	0.02498992532491684	1.0453658778440107e-05
9	243	-31.67049789428711	0.0	0.0	736.5670776367188	-31.5850887298584	96.59349822998047	67.42950439453125	0.017870008945465088	3.4227024433899e-06
10	270	-31.681968688964844	0.0	0.0	265.8717346191406	-31.78326416015625	94.57283782958984	65.17680358886719	0.016579147428274155	1e-06
# Best epoch: 8
