# epoch	step	nll	ecut	ecut_viol	grad_norm	val_nll	val_ecut	val_ecut_viol	val_ress_zx	LR
1	27	-0.6178779602050781	0.0	0.0	5.6073760986328125	-0.6208426356315613	599.0435791015625	598.068603515625	0.029852045699954033	9.757729755661011e-05
2	54	-0.6255093216896057	0.0	0.0	4.214139461517334	-0.6304705142974854	588.87744140625	587.888427734375	0.03672819212079048	9.05463412215599e-05
3	81	-0.5910423994064331	0.0	0.0	3.7636938095092773	-0.6660206913948059	582.4669189453125	581.5211181640625	0.025881242007017136	7.959536998847742e-05
4	108	-0.7210831046104431	0.0	0.0	3.702805280685425	-0.6933662295341492	566.9808959960938	565.9550170898438	0.032514140009880066	6.57963412215599e-05
5	135	-0.6954580545425415	0.0	0.0	4.0249552726745605	-0.7102043032646179	559.8313598632812	558.83349609375	0.03900624439120293	5.05e-05
6	162	-0.7743992805480957	0.0	0.0	6.003513813018799	-0.7271296381950378	558.22265625	557.2062377929688	0.039618201553821564	3.5203658778440106e-05
7	189	-0.7515913844108582	0.0	0.0	6.512028217315674	-0.7498196363449097	554.9461059570312	553.9276733398438	0.035711973905563354	2.1404630011522586e-05
8	216	-0.7450515627861023	0.0	0.0	4.0445966720581055	-0.7705265879631042	550.5189208984375	549.4816284179688	0.04463572055101395	1.0453658778440107e-05
9	243	-0.7727787494659424	0.0	0.0	3.9031269550323486	-0.7776657938957214	548.3372192382812	547.291015625	0.045252542942762375	3.4227024433899e-06
10	270	-0.787738025188446	0.0	0.0	4.346895694732666	-0.7805425524711609	547.9478759765625	546.9044799804688	0.04536557197570801	1e-06
# Best epoch: 10
