# epoch	step	nll	ecut	ecut_viol	grad_norm	val_nll	val_ecut	val_ecut_viol	val_ress_zx	LR
1	27	-40.097503662109375	0.0	0.0	427.973876953125	-40.35478591918945	152.0518798828125	115.059326171875	0.006503910757601261	9.757729755661011e-05
2	54	-42.20978546142578	0.0	0.0	292.710693359375	-42.27405548095703	111.38619232177734	71.87547302246094	0.024091660976409912	9.05463412215599e-05
3	81	-42.644710540771484	0.0	0.0	168.2308349609375	-42.57479476928711	99.48533630371094	58.53916549682617	0.043842583894729614	7.959536998847742e-05
4	108	-42.745994567871094	0.0	0.0	321.8843078613281	-42.920013427734375	97.19627380371094	55.8748893737793	0.045178093016147614	6.57963412215599e-05
5	135	-42.91267013549805	0.0	0.0	211.75950622558594	-43.007102966308594	94.29388427734375	52.634666442871094	0.042565133422613144	5.05e-05
6	162	-43.176490783691406	0.0	0.0	226.05557250976562	-43.14234161376953	87.50651550292969	45.68476104736328	0.05370084568858147	3.5203658778440106e-05
7	189	-43.3784294128418	0.0	0.0	140.4153289794922	-43.3839225769043	86.08684539794922	43.804195404052734	0.05404415354132652	2.1404630011522586e-05
8	216	-43.729034423828125	0.0	0.0	202.40260314941406	-43.71788024902344	83.18364715576172	40.45599365234375	0.08697076886892319	1.0453658778440107e-05
9	243	-43.684078216552734	0.0	0.0	168.56588745117188	-43.81257629394531	83.774169921875	40.867637634277344	0.09402444958686829	3.4227024433899e-06
10	270	-43.865631103515625	0.0	0.0	137.01174926757812	-43.917701721191406	82.67929077148438	39.58578109741211	0.0995357483625412	1e-06
# Best epoch: 10
