# epoch	step	nll	ecut	ecut_viol	grad_norm	val_nll	val_ecut	val_ecut_viol	val_ress_zx	LR
1	27	-4.0922441482543945	0.0	0.0	25.482715606689453	-4.056794166564941	543.13427734375	539.00048828125	0.003996742889285088	9.757729755661011e-05
2	54	-4.118083477020264	0.0	0.0	24.211233139038086	-4.14432430267334	519.4227294921875	515.0231323242188	0.0059364913031458855	9.05463412215599e-05
3	81	-4.260982036590576	0.0	0.0	23.682119369506836	-4.146121501922607	511.9612731933594	507.6106872558594	0.003370816819369793	7.959536998847742e-05
4	108	-4.255247592926025	0.0	0.0	16.569372177124023	-4.226799011230469	492.4967956542969	487.98468017578125	0.008953425101935863	6.57963412215599e-05
5	135	-4.314628601074219	0.0	0.0	18.758541107177734	-4.298539161682129	484.77764892578125	480.32464599609375	0.011039051227271557	5.05e-05
6	162	-4.432616233825684	0.0	0.0	28.61925506591797	-4.436516284942627	471.902587890625	467.1846923828125	0.012154924683272839	3.5203658778440106e-05
7	189	-4.57893705368042	0.0	0.0	18.967395782470703	-4.494572639465332	465.423095703125	460.78924560546875	0.006752822548151016	2.1404630011522586e-05
8	216	-4.5803351402282715	0.0	0.0	17.188573837280273	-4.547586441040039	459.15283203125	454.52130126953125	0.01585356518626213	1.0453658778440107e-05
9	243	-4.671574592590332	0.0	0.0	24.39348793029785	-4.612705230712891	455.2271423339844	450.6058349609375	0.01213360857218504	3.4227024433899e-06
10	270	-4.669742584228516	0.0	0.0	29.633684158325195	-4.618077754974365	455.2908630371094	450.6927490234375	0.015819568186998367	1e-06
# Best epoch: 8
