# epoch	step	nll	ecut	ecut_viol	grad_norm	val_nll	val_ecut	val_ecut_viol	val_ress_zx	LR
1	27	-3.1242733001708984	0.0	0.0	26.761770248413086	-3.1729259490966797	581.3246459960938	577.936279296875	0.006064216606318951	9.757729755661011e-05
2	54	-3.1095829010009766	0.0	0.0	19.122106552124023	-3.185936689376831	569.9877319335938	566.5634765625	0.00530720129609108	9.05463412215599e-05
3	81	-3.3077552318573	0.0	0.0	17.65709114074707	-3.293886184692383	555.49072265625	551.935302734375	0.0094018978998065	7.959536998847742e-05
4	108	-3.347653865814209	0.0	0.0	14.531219482421875	-3.385422468185425	546.097900390625	542.51611328125	0.005802731495350599	6.57963412215599e-05
5	135	-3.4339919090270996	0.0	0.0	20.072256088256836	-3.4441046714782715	532.2568969726562	528.5615234375	0.012044861912727356	5.05e-05
6	162	-3.4944663047790527	0.0	0.0	14.449115753173828	-3.5408358573913574	523.213623046875	519.4942626953125	0.01368301548063755	3.5203658778440106e-05
7	189	-3.553990125656128	0.0	0.0	19.554203033447266	-3.5726003646850586	515.4562377929688	511.80438232421875	0.012446926906704903	2.1404630011522586e-05
8	216	-3.5656611919403076	0.0	0.0	17.808618545532227	-3.63122820854187	502.146484375	498.3924255371094	0.013113255612552166	1.0453658778440107e-05
9	243	-3.718578338623047	0.0	0.0	14.787164688110352	-3.664107322692871	500.3980712890625	496.655517578125	0.014178462326526642	3.4227024433899e-06
10	270	-3.759141445159912	0.0	0.0	14.287227630615234	-3.682945966720581	496.2479248046875	492.4915466308594	0.01388493087142706	1e-06
# Best epoch: 9
