# epoch	step	nll	ecut	ecut_viol	grad_norm	val_nll	val_ecut	val_ecut_viol	val_ress_zx	LR
1	27	-31.544614791870117	0.0	0.0	265.42041015625	-31.82604217529297	128.23403930664062	100.3272705078125	0.005536075681447983	9.757729755661011e-05
2	54	-32.92417526245117	0.0	0.0	158.59841918945312	-32.94396209716797	104.94891357421875	75.02738952636719	0.010936855338513851	9.05463412215599e-05
3	81	-33.16048812866211	0.0	0.0	196.1317901611328	-33.26155471801758	98.853759765625	68.30982971191406	0.014719873666763306	7.959536998847742e-05
4	108	-33.26349639892578	0.0	0.0	203.61903381347656	-33.516143798828125	95.34561157226562	64.24992370605469	0.014246108010411263	6.57963412215599e-05
5	135	-33.899131774902344	0.0	0.0	469.7121276855469	-33.74460983276367	91.89288330078125	60.25983810424805	0.015887971967458725	5.05e-05
6	162	-33.74349594116211	0.0	0.0	163.17739868164062	-33.9265022277832	90.4518051147461	58.88373947143555	0.028660481795668602	3.5203658778440106e-05
7	189	-34.120967864990234	0.0	0.0	316.1024169921875	-34.22730255126953	85.04354095458984	52.94219207763672	0.02341374382376671	2.1404630011522586e-05
8	216	-34.55826950073242	0.0	0.0	160.3414306640625	-34.53688049316406	81.34898376464844	48.857398986816406	0.04256748780608177	1.0453658778440107e-05
9	243	-34.52016830444336	0.0	0.0	142.1889190673828	-34.69483947753906	80.14763641357422	47.38325119018555	0.03544282540678978	3.4227024433899e-06
10	270	-34.71376037597656	0.0	0.0	111.77653503417969	-34.77916717529297	77.79164123535156	44.8514404296875	0.033086180686950684	1e-06
# Best epoch: 8
