# epoch	step	nll	ecut	ecut_viol	grad_norm	val_nll	val_ecut	val_ecut_viol	val_ress_zx	LR
1	27	-4.938022613525391	0.0	0.0	21.25909423828125	-4.953583240509033	477.6322937011719	472.4834899902344	0.007506196852773428	9.757729755661011e-05
2	54	-4.976315498352051	0.0	0.0	33.98350524902344	-4.949738502502441	477.36322021484375	472.19244384765625	0.00465814396739006	9.05463412215599e-05
3	81	-5.066694259643555	0.0	0.0	41.09756851196289	-5.0862579345703125	479.2989196777344	474.2261962890625	0.006092372350394726	7.959536998847742e-05
4	108	-5.225467205047607	0.0	0.0	33.83308029174805	-5.206327438354492	446.13720703125	440.73687744140625	0.007036216557025909	6.57963412215599e-05
5	135	-5.367622375488281	0.0	0.0	30.00044059753418	-5.307441711425781	428.88427734375	423.4522399902344	0.008785160258412361	5.05e-05
6	162	-5.435057640075684	0.0	0.0	24.773832321166992	-5.407052993774414	426.74462890625	421.3349609375	0.011690102517604828	3.5203658778440106e-05
7	189	-5.4984540939331055	0.0	0.0	33.41615676879883	-5.456938743591309	424.1322937011719	418.64788818359375	0.00846801232546568	2.1404630011522586e-05
8	216	-5.553642272949219	0.0	0.0	31.101240158081055	-5.536177635192871	416.14666748046875	410.69354248046875	0.011814646422863007	1.0453658778440107e-05
9	243	-5.561854362487793	0.0	0.0	34.355777740478516	-5.587668418884277	409.2187194824219	403.763916015625	0.008705325424671173	3.4227024433899e-06
10	270	-5.543107986450195	0.0	0.0	28.67935562133789	-5.607359886169434	406.88055419921875	401.37420654296875	0.007935751229524612	1e-06
# Best epoch: 8
