# epoch	step	nll	ecut	ecut_viol	grad_norm	val_nll	val_ecut	val_ecut_viol	val_ress_zx	LR
1	27	-23.693723678588867	0.0	0.0	295.2230529785156	-23.580848693847656	132.8419647216797	110.86570739746094	0.0022870819084346294	9.757729755661011e-05
2	54	-24.733760833740234	0.0	0.0	200.96441650390625	-24.920745849609375	116.05094909667969	93.52836608886719	0.006510054226964712	9.05463412215599e-05
3	81	-24.59532928466797	0.0	0.0	160.2373046875	-24.708324432373047	114.1805419921875	91.81646728515625	0.0032246988266706467	7.959536998847742e-05
4	108	-25.180334091186523	0.0	0.0	221.50631713867188	-25.183042526245117	111.91529846191406	88.99299621582031	0.0067012133076786995	6.57963412215599e-05
5	135	-25.180919647216797	0.0	0.0	247.5672149658203	-25.34015655517578	104.76866912841797	81.78215026855469	0.00866750255227089	5.05e-05
6	162	-25.54593276977539	0.0	0.0	306.7373352050781	-25.609619140625	101.73895263671875	78.49842834472656	0.007260310463607311	3.5203658778440106e-05
7	189	-25.89488983154297	0.0	0.0	215.5941619873047	-25.954681396484375	93.32424926757812	69.6602783203125	0.009889887645840645	2.1404630011522586e-05
8	216	-26.19687271118164	0.0	0.0	157.30487060546875	-26.288806915283203	89.68050384521484	65.59119415283203	0.01102649699896574	1.0453658778440107e-05
9	243	-26.302608489990234	0.0	0.0	168.498291015625	-26.37799072265625	90.76026916503906	66.55189514160156	0.012534413486719131	3.4227024433899e-06
10	270	-26.429222106933594	0.0	0.0	167.6693572998047	-26.443340301513672	89.4146728515625	65.12867736816406	0.009809913113713264	1e-06
# Best epoch: 9
