# epoch	step	nll	ecut	ecut_viol	grad_norm	val_nll	val_ecut	val_ecut_viol	val_ress_zx	LR
1	27	-5.784417152404785	0.0	0.0	31.8059139251709	-5.915702819824219	439.61920166015625	433.49212646484375	0.005634509027004242	9.757729755661011e-05
2	54	-5.95715856552124	0.0	0.0	40.62318420410156	-5.988506317138672	436.01654052734375	429.92901611328125	0.006978608667850494	9.05463412215599e-05
3	81	-6.155097961425781	0.0	0.0	39.33338165283203	-6.140542030334473	415.82025146484375	409.7869567871094	0.006903442554175854	7.959536998847742e-05
4	108	-6.107141017913818	0.0	0.0	38.259395599365234	-6.095254898071289	407.34503173828125	401.0426940917969	0.012593376450240612	6.57963412215599e-05
5	135	-6.326506614685059	0.0	0.0	30.11498260498047	-6.341350555419922	388.968017578125	382.6761169433594	0.009503022767603397	5.05e-05
6	162	-6.427742004394531	0.0	0.0	36.926971435546875	-6.4071044921875	393.99993896484375	387.711669921875	0.007119763642549515	3.5203658778440106e-05
7	189	-6.4902143478393555	0.0	0.0	38.218017578125	-6.498055934906006	384.1076354980469	377.7763671875	0.012109406292438507	2.1404630011522586e-05
8	216	-6.577057838439941	0.0	0.0	31.71518898010254	-6.602746486663818	379.7174987792969	373.2204284667969	0.01570839434862137	1.0453658778440107e-05
9	243	-6.58978271484375	0.0	0.0	75.54521179199219	-6.646539211273193	374.1873474121094	367.68548583984375	0.009674026630818844	3.4227024433899e-06
10	270	-6.664623260498047	0.0	0.0	37.97932052612305	-6.664604187011719	372.32696533203125	365.8250732421875	0.01036782655864954	1e-06
# Best epoch: 8
