# epoch	step	nll	ecut	ecut_viol	grad_norm	val_nll	val_ecut	val_ecut_viol	val_ress_zx	LR
1	27	-39.17784881591797	0.0	0.0	483.4132995605469	-38.9698486328125	156.62753295898438	121.97361755371094	0.006393305025994778	9.757729755661011e-05
2	54	-40.92150115966797	0.0	0.0	288.8444519042969	-41.06621170043945	112.41888427734375	74.17830657958984	0.0181724950671196	9.05463412215599e-05
3	81	-41.54941940307617	0.0	0.0	241.78262329101562	-41.529212951660156	103.82752990722656	64.46054077148438	0.029306216165423393	7.959536998847742e-05
4	108	-41.79206085205078	0.0	0.0	240.6224822998047	-41.62384796142578	98.7041244506836	58.86274337768555	0.03015068732202053	6.57963412215599e-05
5	135	-41.758209228515625	0.0	0.0	225.95985412597656	-41.70240020751953	96.15789794921875	56.10894012451172	0.02901456505060196	5.05e-05
6	162	-42.163169860839844	0.0	0.0	265.9988708496094	-42.06095504760742	92.89404296875	52.119964599609375	0.05823779106140137	3.5203658778440106e-05
7	189	-42.1157341003418	0.0	0.0	201.55645751953125	-42.17787551879883	89.93795013427734	48.99858856201172	0.08028557896614075	2.1404630011522586e-05
8	216	-42.517356872558594	0.0	0.0	205.26333618164062	-42.4460563659668	87.8988265991211	46.49468994140625	0.06598222255706787	1.0453658778440107e-05
9	243	-42.6253662109375	0.0	0.0	95.30187225341797	-42.55012130737305	86.7297592163086	45.248077392578125	0.08241351693868637	3.4227024433899e-06
10	270	-42.76398849487305	0.0	0.0	89.77491760253906	-42.70817184448242	86.7748031616211	44.998382568359375	0.12716351449489594	1e-06
# Best epoch: 10
