# epoch	step	nll	ecut	ecut_viol	grad_norm	val_nll	val_ecut	val_ecut_viol	val_ress_zx	LR
1	27	-37.790794372558594	0.0	0.0	367.11505126953125	-37.97163009643555	170.50942993164062	136.0503387451172	0.0028537230100482702	9.757729755661011e-05
2	54	-39.25717544555664	0.0	0.0	401.81890869140625	-39.08079147338867	120.55186462402344	83.65312957763672	0.010956253856420517	9.05463412215599e-05
3	81	-40.13487243652344	0.0	0.0	277.06103515625	-40.29824447631836	96.57823181152344	58.010597229003906	0.022891219705343246	7.959536998847742e-05
4	108	-40.121177673339844	0.0	0.0	272.1676940917969	-40.22309112548828	95.40385437011719	57.1091423034668	0.010853318497538567	6.57963412215599e-05
5	135	-40.44036865234375	0.0	0.0	470.3268127441406	-40.54798889160156	89.7127914428711	50.41619873046875	0.027292868122458458	5.05e-05
6	162	-39.95783233642578	0.0	0.0	454.8839111328125	-40.39297866821289	88.34552001953125	49.11199951171875	0.044425614178180695	3.5203658778440106e-05
7	189	-40.96612548828125	0.0	0.0	212.01126098632812	-41.01220703125	84.04154968261719	44.33124542236328	0.07145141810178757	2.1404630011522586e-05
8	216	-41.15876770019531	0.0	0.0	228.61856079101562	-41.15888595581055	83.52326965332031	43.43349838256836	0.044678449630737305	1.0453658778440107e-05
9	243	-41.18783187866211	0.0	0.0	171.3043212890625	-41.305076599121094	83.28421020507812	42.999237060546875	0.08822637051343918	3.4227024433899e-06
10	270	-41.54380416870117	0.0	0.0	82.64038848876953	-41.46398162841797	81.96611022949219	41.46072006225586	0.10808467864990234	1e-06
# Best epoch: 10
