# epoch	step	nll	ecut	ecut_viol	grad_norm	val_nll	val_ecut	val_ecut_viol	val_ress_zx	LR
1	27	-10.186309814453125	0.0	0.0	75.42718505859375	-10.328481674194336	273.0442810058594	263.13568115234375	0.005798226222395897	9.757729755661011e-05
2	54	-10.510671615600586	0.0	0.0	92.97857666015625	-10.422533988952637	255.40573120117188	245.10897827148438	0.010295717976987362	9.05463412215599e-05
3	81	-10.43425178527832	0.0	0.0	88.72064208984375	-10.469515800476074	258.4944763183594	248.42808532714844	0.007403284311294556	7.959536998847742e-05
4	108	-10.606649398803711	0.0	0.0	81.71217346191406	-10.638529777526855	246.92312622070312	236.71328735351562	0.010920526459813118	6.57963412215599e-05
5	135	-10.790815353393555	0.0	0.0	122.27398681640625	-10.668216705322266	228.69970703125	218.08233642578125	0.015838872641324997	5.05e-05
6	162	-11.001884460449219	0.0	0.0	58.133056640625	-10.971551895141602	222.74034118652344	212.14785766601562	0.011381840333342552	3.5203658778440106e-05
7	189	-11.077582359313965	0.0	0.0	80.3764877319336	-11.073371887207031	219.30526733398438	208.55331420898438	0.015434927307069302	2.1404630011522586e-05
8	216	-11.35809326171875	0.0	0.0	60.696067810058594	-11.192123413085938	205.01072692871094	194.18272399902344	0.019722914323210716	1.0453658778440107e-05
9	243	-11.314806938171387	0.0	0.0	65.284912109375	-11.268796920776367	202.6193084716797	191.7802734375	0.016025492921471596	3.4227024433899e-06
10	270	-11.35605525970459	0.0	0.0	39.906551361083984	-11.30225658416748	200.7557830810547	189.8995361328125	0.019935742020606995	1e-06
# Best epoch: 10
