# epoch	step	nll	ecut	ecut_viol	grad_norm	val_nll	val_ecut	val_ecut_viol	val_ress_zx	LR
1	27	-33.343265533447266	0.0	0.0	187.2697296142578	-33.490745544433594	122.16726684570312	92.52059936523438	0.005653862841427326	9.757729755661011e-05
2	54	-33.990867614746094	0.0	0.0	321.19268798828125	-33.70121765136719	113.97776794433594	83.2198486328125	0.00859862845391035	9.05463412215599e-05
3	81	-33.001922607421875	0.0	0.0	512.669189453125	-33.064064025878906	104.55284118652344	72.73910522460938	0.005953960120677948	7.959536998847742e-05
4	108	-32.82917404174805	0.0	0.0	368.201416015625	-33.57135772705078	112.85932922363281	81.03550720214844	0.010284164920449257	6.57963412215599e-05
5	135	-34.46797180175781	0.0	0.0	271.4533386230469	-34.55677032470703	105.8058090209961	74.08709716796875	0.010754651390016079	5.05e-05
6	162	-34.939208984375	0.0	0.0	328.4524841308594	-35.26047897338867	96.8753890991211	63.83245849609375	0.03170217573642731	3.5203658778440106e-05
7	189	-35.40283966064453	0.0	0.0	584.896484375	-35.24602508544922	91.2693099975586	57.25127410888672	0.039091795682907104	2.1404630011522586e-05
8	216	-36.058860778808594	0.0	0.0	411.2926940917969	-35.88923645019531	87.4354476928711	52.98435974121094	0.03198324143886566	1.0453658778440107e-05
9	243	-36.12636947631836	0.0	0.0	121.85731506347656	-36.042171478271484	89.6262435913086	55.1909294128418	0.060467567294836044	3.4227024433899e-06
10	270	-36.152191162109375	0.0	0.0	123.78421020507812	-36.14336013793945	87.1505126953125	52.58576583862305	0.061319999396800995	1e-06
# Best epoch: 10
