# epoch	step	nll	ecut	ecut_viol	grad_norm	val_nll	val_ecut	val_ecut_viol	val_ress_zx	LR
1	27	-27.8438720703125	0.0	0.0	1178.6422119140625	-27.004924774169922	138.65884399414062	114.70292663574219	0.0042572724632918835	9.757729755661011e-05
2	54	-28.696762084960938	0.0	0.0	338.9392395019531	-28.612564086914062	116.1267318725586	90.40682983398438	0.006407842040061951	9.05463412215599e-05
3	81	-28.71918296813965	0.0	0.0	302.2808837890625	-28.524749755859375	108.21080017089844	82.3564453125	0.0017961160046979785	7.959536998847742e-05
4	108	-29.0267333984375	0.0	0.0	403.4362487792969	-29.00414276123047	100.881103515625	73.89859008789062	0.008744641207158566	6.57963412215599e-05
5	135	-28.65351676940918	0.0	0.0	247.0059356689453	-29.27309226989746	100.81716918945312	74.224609375	0.007039370946586132	5.05e-05
6	162	-29.596988677978516	0.0	0.0	1075.88623046875	-29.591848373413086	91.22447204589844	63.989707946777344	0.013777486979961395	3.5203658778440106e-05
7	189	-29.794652938842773	0.0	0.0	223.06491088867188	-29.90699005126953	87.86812591552734	60.237117767333984	0.009703075513243675	2.1404630011522586e-05
8	216	-30.042675018310547	0.0	0.0	237.63088989257812	-30.18282699584961	88.0813217163086	60.09752655029297	0.013046057894825935	1.0453658778440107e-05
9	243	-30.142879486083984	0.0	0.0	251.6444549560547	-30.308940887451172	84.41695404052734	56.310096740722656	0.023182108998298645	3.4227024433899e-06
10	270	-30.467727661132812	0.0	0.0	558.1126098632812	-30.477149963378906	81.55551147460938	53.312408447265625	0.02228342741727829	1e-06
# Best epoch: 9
