# epoch	step	nll	ecut	ecut_viol	grad_norm	val_nll	val_ecut	val_ecut_viol	val_ress_zx	LR
1	27	-41.638916015625	0.0	0.0	331.8205261230469	-41.78132629394531	186.09677124023438	148.71078491210938	0.008022471331059933	9.757729755661011e-05
2	54	-44.097557067871094	0.0	0.0	389.05499267578125	-43.69732666015625	129.13775634765625	88.44245910644531	0.013661745004355907	9.05463412215599e-05
3	81	-44.3795166015625	0.0	0.0	305.2777404785156	-44.0922966003418	104.86482238769531	62.56658935546875	0.02020176500082016	7.959536998847742e-05
4	108	-45.03341293334961	0.0	0.0	209.27676391601562	-45.08129119873047	98.50028991699219	55.01953125	0.04643508046865463	6.57963412215599e-05
5	135	-45.26300048828125	0.0	0.0	340.3048400878906	-45.09040069580078	94.65715789794922	50.918922424316406	0.039278049021959305	5.05e-05
6	162	-45.606597900390625	0.0	0.0	188.52523803710938	-45.53291320800781	94.0685043334961	49.80570983886719	0.034202706068754196	3.5203658778440106e-05
7	189	-45.7118034362793	0.0	0.0	208.26548767089844	-45.727195739746094	88.52122497558594	43.85380172729492	0.07056660950183868	2.1404630011522586e-05
8	216	-45.85700988769531	0.0	0.0	251.1357879638672	-45.85041809082031	86.2872543334961	41.21874237060547	0.05624840781092644	1.0453658778440107e-05
9	243	-46.102447509765625	0.0	0.0	119.75534057617188	-46.01585006713867	88.3734130859375	43.194061279296875	0.09713418781757355	3.4227024433899e-06
10	270	-46.12629318237305	0.0	0.0	79.817626953125	-46.09844970703125	89.1748046875	43.98663330078125	0.08647116273641586	1e-06
# Best epoch: 9
