# epoch	step	nll	ecut	ecut_viol	grad_norm	val_nll	val_ecut	val_ecut_viol	val_ress_zx	LR
1	27	-16.108524322509766	0.0	0.0	141.7712860107422	-16.1761474609375	151.36244201660156	135.55975341796875	0.008458366617560387	9.757729755661011e-05
2	54	-16.82961082458496	0.0	0.0	134.42196655273438	-16.870403289794922	149.0973358154297	133.35940551757812	0.008733462542295456	9.05463412215599e-05
3	81	-17.095991134643555	0.0	0.0	234.2760009765625	-17.085039138793945	124.78961181640625	108.21932220458984	0.009216377511620522	7.959536998847742e-05
4	108	-16.97974395751953	0.0	0.0	127.16178894042969	-17.147769927978516	128.4041748046875	112.13298797607422	0.007990840822458267	6.57963412215599e-05
5	135	-17.48719024658203	0.0	0.0	129.95545959472656	-17.52301597595215	120.4765853881836	103.9771728515625	0.00752641586586833	5.05e-05
6	162	-17.520381927490234	0.0	0.0	123.22589111328125	-17.62982749938965	113.62068939208984	97.02465057373047	0.007956815883517265	3.5203658778440106e-05
7	189	-17.81822967529297	0.0	0.0	108.2036361694336	-17.783599853515625	112.21530151367188	95.2459716796875	0.01114665623754263	2.1404630011522586e-05
8	216	-17.99048614501953	0.0	0.0	190.5470733642578	-17.911930084228516	106.182861328125	88.94609832763672	0.009953701868653297	1.0453658778440107e-05
9	243	-18.01061248779297	0.0	0.0	2079.68701171875	-17.987995147705078	103.44332122802734	86.273681640625	0.010289305821061134	3.4227024433899e-06
10	270	-18.191743850708008	0.0	0.0	73.34609985351562	-18.042863845825195	103.19478607177734	85.96475219726562	0.01751137524843216	1e-06
# Best epoch: 10
