# epoch	step	nll	ecut	ecut_viol	grad_norm	val_nll	val_ecut	val_ecut_viol	val_ress_zx	LR
1	27	-34.459228515625	0.0	0.0	205.122314453125	-34.67416763305664	116.79292297363281	85.26587677001953	0.012274707667529583	9.757729755661011e-05
2	54	-35.80847930908203	0.0	0.0	310.3661193847656	-35.78221130371094	98.61308288574219	65.78793334960938	0.02462003193795681	9.05463412215599e-05
3	81	-35.97932434082031	0.0	0.0	224.15005493164062	-35.763092041015625	96.51021575927734	62.398712158203125	0.01166548952460289	7.959536998847742e-05
4	108	-36.42115020751953	0.0	0.0	328.6567687988281	-36.349212646484375	87.36906433105469	52.899253845214844	0.030026279389858246	6.57963412215599e-05
5	135	-36.64659881591797	0.0	0.0	232.3086700439453	-36.63075256347656	88.3702392578125	53.72797393798828	0.02251211181282997	5.05e-05
6	162	-36.25129699707031	0.0	0.0	496.3779296875	-36.536102294921875	84.50772857666016	49.91719055175781	0.021677887067198753	3.5203658778440106e-05
7	189	-36.98499298095703	0.0	0.0	271.17718505859375	-36.93812561035156	82.22509765625	47.23861312866211	0.04106226935982704	2.1404630011522586e-05
8	216	-37.247108459472656	0.0	0.0	153.13134765625	-37.18609619140625	85.96269226074219	50.52764892578125	0.031030133366584778	1.0453658778440107e-05
9	243	-37.412437438964844	0.0	0.0	335.2939453125	-37.34492111206055	80.81566619873047	44.8199462890625	0.05329462140798569	3.4227024433899e-06
10	270	-37.51830291748047	0.0	0.0	160.114501953125	-37.50243377685547	80.16339111328125	44.12928771972656	0.03898435831069946	1e-06
# Best epoch: 9
