# epoch	step	nll	ecut	ecut_viol	grad_norm	val_nll	val_ecut	val_ecut_viol	val_ress_zx	LR
1	27	-6.882654190063477	0.0	0.0	49.227142333984375	-7.06459379196167	378.234619140625	371.26641845703125	0.010598568245768547	9.757729755661011e-05
2	54	-7.156998634338379	0.0	0.0	49.21607208251953	-7.139139175415039	372.5575866699219	365.48724365234375	0.00946038868278265	9.05463412215599e-05
3	81	-7.056504249572754	0.0	0.0	62.857765197753906	-7.227287292480469	373.70379638671875	366.5426940917969	0.006687436252832413	7.959536998847742e-05
4	108	-7.319671630859375	0.0	0.0	54.94501495361328	-7.316621780395508	350.8914489746094	343.439208984375	0.009805320762097836	6.57963412215599e-05
5	135	-7.329771995544434	0.0	0.0	49.61267852783203	-7.391077995300293	343.91912841796875	336.6732177734375	0.009247591719031334	5.05e-05
6	162	-7.483016490936279	0.0	0.0	60.94860076904297	-7.548959255218506	344.5918884277344	337.191162109375	0.014017444103956223	3.5203658778440106e-05
7	189	-7.682553768157959	0.0	0.0	38.350799560546875	-7.640414237976074	331.66644287109375	324.1591796875	0.007772933691740036	2.1404630011522586e-05
8	216	-7.763516902923584	0.0	0.0	33.01476287841797	-7.7254767417907715	328.8937683105469	321.2401123046875	0.0078122541308403015	1.0453658778440107e-05
9	243	-7.848939895629883	0.0	0.0	39.36278533935547	-7.785167217254639	325.3254089355469	317.7662658691406	0.012148598209023476	3.4227024433899e-06
10	270	-7.765071392059326	0.0	0.0	34.14576721191406	-7.8215155601501465	319.8914794921875	312.3446044921875	0.00807376392185688	1e-06
# Best epoch: 6
