# epoch	step	nll	ecut	ecut_viol	grad_norm	val_nll	val_ecut	val_ecut_viol	val_ress_zx	LR
1	27	-37.12749481201172	0.0	0.0	195.90692138671875	-37.32746124267578	132.30941772460938	99.09307098388672	0.008578358218073845	9.757729755661011e-05
2	54	-38.112586975097656	0.0	0.0	737.7044677734375	-36.95499038696289	101.2726058959961	65.55929565429688	0.011019482277333736	9.05463412215599e-05
3	81	-38.711669921875	0.0	0.0	461.3597106933594	-38.761863708496094	98.15322875976562	61.74287414550781	0.007474950980395079	7.959536998847742e-05
4	108	-38.970821380615234	0.0	0.0	324.43646240234375	-39.171382904052734	90.38311767578125	53.359188079833984	0.041108857840299606	6.57963412215599e-05
5	135	-39.14655685424805	0.0	0.0	237.6179656982422	-38.93142318725586	89.60478973388672	52.7489013671875	0.012541072443127632	5.05e-05
6	162	-39.52759552001953	0.0	0.0	232.5480194091797	-39.602455139160156	84.68583679199219	46.69971466064453	0.0346258245408535	3.5203658778440106e-05
7	189	-39.68268585205078	0.0	0.0	335.1563720703125	-39.607276916503906	83.7109375	45.26116943359375	0.02941872924566269	2.1404630011522586e-05
8	216	-40.17992401123047	0.0	0.0	158.24111938476562	-40.04618835449219	79.70915222167969	40.91590118408203	0.0820077657699585	1.0453658778440107e-05
9	243	-40.091400146484375	0.0	0.0	152.31478881835938	-40.074256896972656	79.45509338378906	40.46218490600586	0.08738440275192261	3.4227024433899e-06
10	270	-40.29584884643555	0.0	0.0	123.66462707519531	-40.266868591308594	77.57012939453125	38.501914978027344	0.05835253745317459	1e-06
# Best epoch: 9
