# epoch	step	nll	ecut	ecut_viol	grad_norm	val_nll	val_ecut	val_ecut_viol	val_ress_zx	LR
1	27	-18.472156524658203	0.0	0.0	158.81106567382812	-18.684959411621094	139.63726806640625	122.11448669433594	0.006516825407743454	9.757729755661011e-05
2	54	-18.8137264251709	0.0	0.0	97.9639663696289	-18.95769500732422	125.60275268554688	107.814208984375	0.004438044503331184	9.05463412215599e-05
3	81	-18.584659576416016	0.0	0.0	185.43701171875	-18.512903213500977	130.82095336914062	113.62712097167969	0.004460778087377548	7.959536998847742e-05
4	108	-18.680919647216797	0.0	0.0	133.93536376953125	-18.998611450195312	123.31255340576172	106.00279235839844	0.007782795466482639	6.57963412215599e-05
5	135	-19.43993377685547	0.0	0.0	133.7388153076172	-19.335418701171875	121.1637191772461	103.5156478881836	0.01058469619601965	5.05e-05
6	162	-19.39751434326172	0.0	0.0	277.1358947753906	-19.328845977783203	117.18755340576172	99.39237976074219	0.009320469573140144	3.5203658778440106e-05
7	189	-19.71190643310547	0.0	0.0	277.7493896484375	-19.700864791870117	110.50994873046875	91.997802734375	0.010857312940061092	2.1404630011522586e-05
8	216	-19.82659149169922	0.0	0.0	88.6661148071289	-19.95489501953125	106.3404769897461	87.7867431640625	0.012995239347219467	1.0453658778440107e-05
9	243	-20.096784591674805	0.0	0.0	100.73347473144531	-20.0806884765625	105.21247863769531	86.590576171875	0.012506209313869476	3.4227024433899e-06
10	270	-20.099639892578125	0.0	0.0	119.1236801147461	-20.104862213134766	102.97017669677734	84.30015563964844	0.02088874951004982	1e-06
# Best epoch: 10
