# Generation 13

0 0.00055
1 0.00225
2 0.0028
3 0.00365
4 0.00535
5 0.0057
6 0.0097
7 0.0106
8 0.01195
9 0.01275
10 0.01535
11 0.016
12 0.01845
13 0.0197
14 0.02155
15 0.0221
16 0.02305
17 0.02345
18 0.0245
19 0.0259
20 0.02675
21 0.02875
22 0.0301
23 0.03075
24 0.0321
25 0.03345
26 0.03365
27 0.0342
28 0.0347
29 0.03585
30 0.0371
31 0.0375
32 0.03865
33 0.03915
34 0.0403
35 0.0413
36 0.0415
37 0.04445
38 0.0471
39 0.0499
40 0.05125
41 0.05205
42 0.0522
43 0.0528
44 0.0543
45 0.05565
46 0.05625
47 0.0578
48 0.0584
49 0.0589
50 0.05975
51 0.06245
52 0.0627
53 0.06555
54 0.0668
55 0.0675
56 0.068
57 0.06875
58 0.0717
59 0.07265
60 0.0743
61 0.07515
62 0.07685
63 0.0788
64 0.07885
65 0.0794
66 0.081
67 0.08225
68 0.08325
69 0.0844
70 0.0852
71 0.08535
72 0.08685
73 0.0879
74 0.0882
75 0.08915
76 0.0909
77 0.09185
78 0.09355
79 0.0949
80 0.09655
81 0.097
82 0.09945
83 0.1013
84 0.1032
85 0.1038
86 0.10545
87 0.10625
88 0.1088
89 0.10965
90 0.11105
91 0.1125
92 0.1131
93 0.1134
94 0.1152
95 0.11605
96 0.1168
97 0.11735
98 0.1178
99 0.11895
100 0.11975
101 0.1215
102 0.12245
103 0.1229
104 0.12505
105 0.12815
106 0.1284
107 0.12945
108 0.13005
109 0.1301
110 0.1313
111 0.1316
112 0.13265
113 0.1351
114 0.13585
115 0.1374
116 0.14005
117 0.1407
118 0.14245
119 0.1442
120 0.1452
121 0.14635
122 0.1484
123 0.15095
124 0.15175
125 0.15195
126 0.15255
127 0.1546
128 0.15525
129 0.1561
130 0.15715
131 0.15915
132 0.16105
133 0.1614
134 0.16335
135 0.165
136 0.1673
137 0.1687
138 0.1706
139 0.17205
140 0.17375
141 0.1743
142 0.17465
143 0.1759
144 0.17645
145 0.17775
146 0.17925
147 0.1799
148 0.1802
149 0.18205
150 0.1821
151 0.1828
152 0.18315
153 0.18335
154 0.1865
155 0.18775
156 0.1886
157 0.1894
158 0.192
159 0.19425
160 0.19635
161 0.19705
162 0.19895
163 0.20125
164 0.2018
165 0.20305
166 0.20465
167 0.20605
168 0.2077
169 0.2085
170 0.21075
171 0.2118
172 0.214
173 0.2143
174 0.2146
175 0.21655
176 0.2177
177 0.2181
178 0.2193
179 0.22095
180 0.2224
181 0.2226
182 0.22295
183 0.2242
184 0.2251
185 0.2264
186 0.22755
187 0.2278
188 0.2295
189 0.2307
190 0.23095
191 0.23155
192 0.2331
193 0.2344
194 0.2346
195 0.23675
196 0.23805
197 0.23975
198 0.23995
199 0.24295
200 0.2454
201 0.2466
202 0.2493
203 0.2505
204 0.25105
205 0.2521
206 0.25365
207 0.2557
208 0.25645
209 0.25835
210 0.25975
211 0.2622
212 0.2629
213 0.26315
214 0.2637
215 0.2657
216 0.267
217 0.268
218 0.2689
219 0.27
220 0.2705
221 0.27135
222 0.2732
223 0.2745
224 0.27565
225 0.27685
226 0.2786
227 0.2799
228 0.2801
229 0.2821
230 0.28355
231 0.2855
232 0.286
233 0.2872
234 0.28795
235 0.28905
236 0.2893
237 0.29105
238 0.2921
239 0.29475
240 0.2977
241 0.29925
242 0.30085
243 0.30305
244 0.3038
245 0.30425
246 0.3057
247 0.30675
248 0.3076
249 0.309
250 0.3099
251 0.3112
252 0.3127
253 0.31495
254 0.3157
255 0.31615
256 0.3167
257 0.3168
258 0.3174
259 0.31805
260 0.31855
261 0.31895
262 0.32195
263 0.324
264 0.32565
265 0.32815
266 0.32835
267 0.32955
268 0.33025
269 0.331
270 0.3312
271 0.33275
272 0.33295
273 0.3332
274 0.33445
275 0.335
276 0.33815
277 0.34055
278 0.34355
279 0.34495
280 0.3462
281 0.34805
282 0.34965
283 0.35005
284 0.35155
285 0.35285
286 0.3544
287 0.3554
288 0.357
289 0.35915
290 0.35995
291 0.36005
292 0.36075
293 0.36175
294 0.3639
295 0.365
296 0.3657
297 0.3662
298 0.3668
299 0.3677
300 0.36915
301 0.37035
302 0.3713
303 0.37395
304 0.3762
305 0.37885
306 0.38045
307 0.38085
308 0.38185
309 0.38275
310 0.38365
311 0.3851
312 0.3855
313 0.38785
314 0.3886
315 0.3892
316 0.3901
317 0.3909
318 0.39205
319 0.3924
320 0.3935
321 0.39395
322 0.39495
323 0.39665
324 0.3971
325 0.39825
326 0.39905
327 0.40175
328 0.4035
329 0.40555
330 0.40675
331 0.4081
332 0.4095
333 0.4107
334 0.4111
335 0.4117
336 0.41385
337 0.41535
338 0.4171
339 0.41845
340 0.41985
341 0.42235
342 0.4239
343 0.4249
344 0.42565
345 0.42695
346 0.4283
347 0.43
348 0.4302
349 0.4312
350 0.43385
351 0.4348
352 0.4372
353 0.4385
354 0.4411
355 0.44225
356 0.44285
357 0.4437
358 0.44485
359 0.4449
360 0.4471
361 0.44945
362 0.45125
363 0.4523
364 0.45385
365 0.45545
366 0.4581
367 0.46055
368 0.46085
369 0.4619
370 0.462
371 0.46275
372 0.4631
373 0.46425
374 0.46565
375 0.4676
376 0.4689
377 0.46935
378 0.47055
379 0.47285
380 0.4746
381 0.4771
382 0.47795
383 0.4793
384 0.47995
385 0.48095
386 0.48145
387 0.4831
388 0.4844
389 0.48575
390 0.48745
391 0.48955
392 0.49155
393 0.49415
394 0.49475
395 0.497
396 0.49815
397 0.49975
398 0.5012
399 0.5025
400 0.50385
401 0.5049
402 0.5057
403 0.50645
404 0.5068
405 0.5072
406 0.50815
407 0.50905
408 0.5107
409 0.5114
410 0.5123
411 0.5143
412 0.515
413 0.5157
414 0.51835
415 0.52
416 0.52205
417 0.52305
418 0.52455
419 0.5282
420 0.53005
421 0.53165
422 0.53305
423 0.5341
424 0.5353
425 0.5367
426 0.537
427 0.53765
428 0.53865
429 0.53935
430 0.54225
431 0.54325
432 0.5449
433 0.54545
434 0.54775
435 0.5488
436 0.5491
437 0.5493
438 0.5517
439 0.553
440 0.5546
441 0.55605
442 0.5566
443 0.5568
444 0.55945
445 0.5597
446 0.5607
447 0.56105
448 0.5621
449 0.56475
450 0.5653
451 0.56645
452 0.56745
453 0.5681
454 0.56925
455 0.57
456 0.57055
457 0.5715
458 0.57185
459 0.57345
460 0.57415
461 0.57575
462 0.5786
463 0.58075
464 0.5822
465 0.58295
466 0.5837
467 0.5841
468 0.58795
469 0.58855
470 0.58985
471 0.59055
472 0.5919
473 0.5923
474 0.59425
475 0.5948
476 0.5954
477 0.5961
478 0.5964
479 0.59765
480 0.59875
481 0.59975
482 0.6003
483 0.60105
484 0.602
485 0.6035
486 0.60535
487 0.6062
488 0.6076
489 0.60905
490 0.6097
491 0.6114
492 0.6118
493 0.6135
494 0.6145
495 0.61555
496 0.61625
497 0.61665
498 0.6176
499 0.6183
500 0.61925
501 0.6197
502 0.62145
503 0.62455
504 0.62655
505 0.62795
506 0.6288
507 0.6298
508 0.63155
509 0.632
510 0.63535
511 0.6366
512 0.637
513 0.6396
514 0.64175
515 0.64255
516 0.64295
517 0.64475
518 0.64765
519 0.64815
520 0.65025
521 0.65055
522 0.65345
523 0.65395
524 0.65725
525 0.65765
526 0.658
527 0.66235
528 0.6633
529 0.6651
530 0.66605
531 0.6684
532 0.6692
533 0.67065
534 0.6713
535 0.6726
536 0.67315
537 0.67465
538 0.67585
539 0.67795
540 0.67885
541 0.67915
542 0.68045
543 0.68105
544 0.6814
545 0.6822
546 0.68255
547 0.6837
548 0.68625
549 0.6872
550 0.68785
551 0.68865
552 0.69015
553 0.69255
554 0.69325
555 0.69335
556 0.69435
557 0.69555
558 0.69815
559 0.69875
560 0.70075
561 0.7018
562 0.7037
563 0.70545
564 0.7059
565 0.70715
566 0.70825
567 0.7096
568 0.7102
569 0.7105
570 0.71075
571 0.7114
572 0.7132
573 0.71345
574 0.7137
575 0.7154
576 0.71685
577 0.71765
578 0.721
579 0.7234
580 0.7251
581 0.7265
582 0.7282
583 0.7285
584 0.72925
585 0.73015
586 0.73135
587 0.7323
588 0.73315
589 0.7335
590 0.7351
591 0.7364
592 0.73725
593 0.73825
594 0.73885
595 0.7403
596 0.7422
597 0.7428
598 0.7439
599 0.7443
600 0.74605
601 0.74785
602 0.7494
603 0.75
604 0.7518
605 0.7524
606 0.75305
607 0.7531
608 0.75395
609 0.75635
610 0.75715
611 0.7585
612 0.76105
613 0.7621
614 0.76315
615 0.76455
616 0.76575
617 0.76885
618 0.7691
619 0.77035
620 0.77135
621 0.7729
622 0.7758
623 0.77845
624 0.77925
625 0.7797
626 0.78165
627 0.7825
628 0.78285
629 0.7836
630 0.785
631 0.7857
632 0.78645
633 0.7889
634 0.79145
635 0.79295
636 0.7933
637 0.79385
638 0.7948
639 0.7949
640 0.7959
641 0.79685
642 0.7977
643 0.7992
644 0.8013
645 0.8021
646 0.8047
647 0.80505
648 0.8053
649 0.806
650 0.8066
651 0.8072
652 0.8075
653 0.80865
654 0.8104
655 0.8108
656 0.8126
657 0.81445
658 0.8153
659 0.8171
660 0.81745
661 0.81925
662 0.82025
663 0.82085
664 0.82095
665 0.8223
666 0.82315
667 0.82525
668 0.82665
669 0.82715
670 0.82785
671 0.829
672 0.83245
673 0.83305
674 0.83415
675 0.8358
676 0.83725
677 0.8384
678 0.8403
679 0.84115
680 0.8412
681 0.8428
682 0.84445
683 0.84685
684 0.84725
685 0.84875
686 0.84945
687 0.8514
688 0.8532
689 0.8548
690 0.8566
691 0.85795
692 0.85815
693 0.8587
694 0.85985
695 0.862
696 0.863
697 0.86375
698 0.8645
699 0.86465
700 0.8663
701 0.8671
702 0.86815
703 0.8691
704 0.87055
705 0.87425
706 0.877
707 0.8781
708 0.88025
709 0.88105
710 0.88335
711 0.8839
712 0.88445
713 0.8851
714 0.88705
715 0.88765
716 0.8887
717 0.8897
718 0.8902
719 0.8907
720 0.8911
721 0.8923
722 0.89505
723 0.8952
724 0.8956
725 0.89675
726 0.90015
727 0.90095
728 0.9017
729 0.90215
730 0.9037
731 0.90585
732 0.90975
733 0.9105
734 0.91205
735 0.913
736 0.9143
737 0.9153
738 0.91655
739 0.91775
740 0.918
741 0.9183
742 0.91895
743 0.91995
744 0.9221
745 0.9236
746 0.92375
747 0.92565
748 0.9272
749 0.9281
750 0.9291
751 0.9302
752 0.9328
753 0.93345
754 0.9348
755 0.93525
756 0.9369
757 0.93815
758 0.93905
759 0.9394
760 0.9404
761 0.94245
762 0.94505
763 0.94685
764 0.94825
765 0.9499
766 0.9504
767 0.95255
768 0.9539
769 0.9558
770 0.95785
771 0.95975
772 0.96225
773 0.9639
774 0.96535
775 0.9659
776 0.9667
777 0.9676
778 0.9695
779 0.97205
780 0.9723
781 0.973
782 0.97345
783 0.9738
784 0.97535
785 0.9768
786 0.97705
787 0.97765
788 0.9785
789 0.98145
790 0.9838
791 0.98455
792 0.9858
793 0.9867
794 0.9895
795 0.99075
796 0.99155
797 0.99305
798 0.9931
799 0.9946
800 0.99535
801 0.998
802 0.99895
803 0.99955
804 1.0002
# Generated pool n. 13 for Umax = 38.20249938964844
# Generated a biased pool of 20000 with an acceptance of 0.08232473582029343
# Generated a pool of 20000 with an acceptance of 0.001242484472049689
# Generation repeated 805 times
# Average relative effective sample size: 0.008067787624895573
# Generation efficiency: 0.0012422360248447205
