# Generation 2

0 0.02275
1 0.0503
2 0.06645
3 0.081
4 0.0934
5 0.11185
6 0.13275
7 0.1487
8 0.1589
9 0.1665
10 0.181
11 0.19515
12 0.212
13 0.2359
14 0.2516
15 0.26985
16 0.2871
17 0.29915
18 0.31065
19 0.3213
20 0.33135
21 0.3516
22 0.37285
23 0.39105
24 0.413
25 0.4376
26 0.44385
27 0.4606
28 0.4859
29 0.51805
30 0.5416
31 0.56255
32 0.5713
33 0.58005
34 0.59495
35 0.61725
36 0.6287
37 0.64815
38 0.66975
39 0.6842
40 0.7017
41 0.71855
42 0.74445
43 0.75315
44 0.7661
45 0.7839
46 0.804
47 0.82025
48 0.8331
49 0.85345
50 0.85985
51 0.87505
52 0.88965
53 0.90395
54 0.91625
55 0.93465
56 0.94355
57 0.9627
58 0.9749
59 0.9896
60 1.0025
# Generated pool n. 2 for Umax = 929.8063354492188
# Generated a biased pool of 20000 with an acceptance of 0.3141188323497772
# Generated a pool of 20000 with an acceptance of 0.016434426229508192
# Generation repeated 61 times
# Average relative effective sample size: 0.1599297970533371
# Generation efficiency: 0.01639344262295082
