# Generation 42

0 0.0002
1 0.00785
2 0.0193
3 0.0319
4 0.0338
5 0.04325
6 0.04505
7 0.04925
8 0.05345
9 0.069
10 0.0748
11 0.0786
12 0.08825
13 0.10175
14 0.1134
15 0.13135
16 0.1327
17 0.14175
18 0.1484
19 0.1589
20 0.1654
21 0.1707
22 0.1762
23 0.18335
24 0.1865
25 0.1929
26 0.2089
27 0.2193
28 0.23195
29 0.23555
30 0.25435
31 0.25845
32 0.2661
33 0.2681
34 0.281
35 0.3006
36 0.31475
37 0.32835
38 0.3379
39 0.35615
40 0.3709
41 0.38895
42 0.40295
43 0.40875
44 0.4123
45 0.42785
46 0.43915
47 0.4585
48 0.46555
49 0.48205
50 0.49695
51 0.5199
52 0.5439
53 0.5514
54 0.56285
55 0.58
56 0.59685
57 0.60445
58 0.62725
59 0.64145
60 0.6508
61 0.66025
62 0.66685
63 0.67555
64 0.6823
65 0.6919
66 0.71195
67 0.7285
68 0.7355
69 0.75735
70 0.7598
71 0.77345
72 0.7833
73 0.7953
74 0.79955
75 0.80875
76 0.82065
77 0.8463
78 0.86215
79 0.8659
80 0.87795
81 0.88165
82 0.89315
83 0.90355
84 0.91105
85 0.9338
86 0.9484
87 0.9518
88 0.96015
89 0.9684
90 0.98655
91 1.0045
# Generated pool n. 42 for Umax = -14.703764915466309
# Generated a biased pool of 20000 with an acceptance of 0.5684750080108643
# Generated a pool of 20000 with an acceptance of 0.010918478260869564
# Generation repeated 92 times
# Average relative effective sample size: 0.19457446038722992
# Generation efficiency: 0.010869565217391304
