# Generation 11

0 0.0006
1 0.00155
2 0.00245
3 0.00435
4 0.00735
5 0.00805
6 0.0089
7 0.01045
8 0.01145
9 0.01165
10 0.01265
11 0.01395
12 0.0163
13 0.01725
14 0.0181
15 0.0205
16 0.02255
17 0.0247
18 0.0253
19 0.02845
20 0.0307
21 0.03145
22 0.0326
23 0.03465
24 0.03775
25 0.03825
26 0.03835
27 0.03935
28 0.041
29 0.0432
30 0.04595
31 0.04885
32 0.0507
33 0.0528
34 0.05575
35 0.0579
36 0.0588
37 0.06165
38 0.0626
39 0.06435
40 0.06555
41 0.06845
42 0.0697
43 0.07065
44 0.07145
45 0.0716
46 0.07285
47 0.07465
48 0.077
49 0.0774
50 0.0783
51 0.07925
52 0.07985
53 0.0813
54 0.08325
55 0.0837
56 0.0855
57 0.0862
58 0.0866
59 0.08725
60 0.0898
61 0.091
62 0.09275
63 0.0935
64 0.0948
65 0.09565
66 0.0974
67 0.0985
68 0.0998
69 0.1017
70 0.1025
71 0.10375
72 0.1048
73 0.1063
74 0.10785
75 0.11095
76 0.1121
77 0.11345
78 0.11385
79 0.11595
80 0.11795
81 0.11895
82 0.11925
83 0.1209
84 0.1229
85 0.12555
86 0.12645
87 0.1282
88 0.12875
89 0.12935
90 0.13115
91 0.13425
92 0.13605
93 0.1375
94 0.13895
95 0.14125
96 0.14135
97 0.14265
98 0.1438
99 0.14565
100 0.14715
101 0.1489
102 0.14945
103 0.14965
104 0.15145
105 0.15405
106 0.1566
107 0.15755
108 0.1596
109 0.16085
110 0.1642
111 0.16605
112 0.16795
113 0.1699
114 0.17095
115 0.17205
116 0.1735
117 0.1748
118 0.1767
119 0.17935
120 0.18275
121 0.18435
122 0.18595
123 0.1873
124 0.1883
125 0.189
126 0.19
127 0.1907
128 0.1935
129 0.19565
130 0.1974
131 0.19905
132 0.1997
133 0.20115
134 0.20315
135 0.2055
136 0.20675
137 0.2077
138 0.20865
139 0.21
140 0.21245
141 0.21395
142 0.21525
143 0.2167
144 0.21785
145 0.22025
146 0.22195
147 0.2239
148 0.2248
149 0.2261
150 0.2265
151 0.2271
152 0.22915
153 0.2297
154 0.2317
155 0.2344
156 0.2358
157 0.23765
158 0.2385
159 0.2399
160 0.242
161 0.2441
162 0.24465
163 0.24495
164 0.24775
165 0.24985
166 0.25085
167 0.2533
168 0.2547
169 0.2558
170 0.25605
171 0.25725
172 0.25815
173 0.2582
174 0.25935
175 0.2597
176 0.25995
177 0.26195
178 0.2636
179 0.2647
180 0.26555
181 0.26835
182 0.2704
183 0.27235
184 0.27295
185 0.2746
186 0.2748
187 0.27495
188 0.27615
189 0.27755
190 0.27935
191 0.2798
192 0.2818
193 0.2824
194 0.2839
195 0.2857
196 0.28705
197 0.28875
198 0.2894
199 0.2911
200 0.292
201 0.29265
202 0.2929
203 0.2947
204 0.29505
205 0.2962
206 0.29805
207 0.30005
208 0.30155
209 0.3027
210 0.3049
211 0.3055
212 0.3093
213 0.31005
214 0.3111
215 0.3125
216 0.31265
217 0.3159
218 0.3184
219 0.3213
220 0.32295
221 0.3238
222 0.32465
223 0.32635
224 0.32705
225 0.328
226 0.32965
227 0.3326
228 0.3334
229 0.3342
230 0.33765
231 0.3387
232 0.3404
233 0.3426
234 0.34425
235 0.3455
236 0.3461
237 0.3467
238 0.34825
239 0.34845
240 0.35135
241 0.35225
242 0.353
243 0.3541
244 0.3552
245 0.357
246 0.35735
247 0.35965
248 0.36095
249 0.36215
250 0.36235
251 0.36555
252 0.36815
253 0.36935
254 0.3702
255 0.3719
256 0.37225
257 0.3725
258 0.3735
259 0.37425
260 0.37515
261 0.3753
262 0.37645
263 0.37845
264 0.37955
265 0.3814
266 0.3828
267 0.38455
268 0.38545
269 0.38785
270 0.38935
271 0.3919
272 0.39565
273 0.39715
274 0.39795
275 0.3986
276 0.39915
277 0.40025
278 0.4015
279 0.4023
280 0.40465
281 0.4076
282 0.40915
283 0.4108
284 0.4119
285 0.4125
286 0.4147
287 0.41605
288 0.4184
289 0.4203
290 0.422
291 0.42345
292 0.42405
293 0.42465
294 0.42615
295 0.42635
296 0.4266
297 0.4275
298 0.42985
299 0.43165
300 0.4335
301 0.4362
302 0.4369
303 0.43825
304 0.43975
305 0.4412
306 0.44155
307 0.44325
308 0.4444
309 0.44565
310 0.44785
311 0.44865
312 0.45
313 0.454
314 0.45455
315 0.45595
316 0.4582
317 0.45855
318 0.4595
319 0.4604
320 0.461
321 0.4631
322 0.46475
323 0.46835
324 0.47055
325 0.4708
326 0.4712
327 0.4729
328 0.4735
329 0.47515
330 0.47635
331 0.47815
332 0.47835
333 0.4788
334 0.4799
335 0.48125
336 0.4828
337 0.48565
338 0.48685
339 0.4872
340 0.48855
341 0.48985
342 0.49185
343 0.49335
344 0.49465
345 0.4952
346 0.4979
347 0.5001
348 0.5013
349 0.50405
350 0.5048
351 0.50575
352 0.507
353 0.5088
354 0.50915
355 0.5111
356 0.51235
357 0.51395
358 0.51585
359 0.5172
360 0.5181
361 0.5203
362 0.5205
363 0.52135
364 0.52265
365 0.52395
366 0.52635
367 0.5283
368 0.52865
369 0.5289
370 0.53
371 0.53165
372 0.53215
373 0.53455
374 0.536
375 0.5373
376 0.53935
377 0.53975
378 0.54085
379 0.5413
380 0.5439
381 0.54645
382 0.5481
383 0.55065
384 0.5522
385 0.55245
386 0.5527
387 0.55475
388 0.5561
389 0.55635
390 0.5576
391 0.5588
392 0.5593
393 0.5602
394 0.56205
395 0.5639
396 0.5653
397 0.56585
398 0.56855
399 0.5696
400 0.5712
401 0.57215
402 0.5738
403 0.57655
404 0.5788
405 0.57945
406 0.57975
407 0.5808
408 0.5817
409 0.58205
410 0.5832
411 0.58685
412 0.58845
413 0.5903
414 0.5914
415 0.59225
416 0.5934
417 0.59495
418 0.5963
419 0.5975
420 0.60015
421 0.60195
422 0.60245
423 0.6032
424 0.60485
425 0.60735
426 0.60935
427 0.61085
428 0.61245
429 0.6159
430 0.61805
431 0.61875
432 0.62035
433 0.62135
434 0.622
435 0.6231
436 0.62355
437 0.62525
438 0.62645
439 0.62685
440 0.6274
441 0.6284
442 0.6296
443 0.63165
444 0.63445
445 0.63485
446 0.63735
447 0.63955
448 0.64215
449 0.6431
450 0.6455
451 0.647
452 0.64905
453 0.65025
454 0.65175
455 0.65425
456 0.6553
457 0.6583
458 0.6603
459 0.6621
460 0.66255
461 0.664
462 0.665
463 0.66585
464 0.6688
465 0.6705
466 0.6716
467 0.67405
468 0.67415
469 0.6762
470 0.6775
471 0.67845
472 0.67975
473 0.6816
474 0.6826
475 0.68495
476 0.6868
477 0.6896
478 0.6899
479 0.692
480 0.6944
481 0.69605
482 0.69705
483 0.6972
484 0.69815
485 0.69825
486 0.6986
487 0.6996
488 0.7009
489 0.7018
490 0.7027
491 0.705
492 0.7058
493 0.70815
494 0.70855
495 0.7089
496 0.7097
497 0.7111
498 0.7151
499 0.71575
500 0.717
501 0.7174
502 0.7191
503 0.7201
504 0.72155
505 0.72405
506 0.7252
507 0.72705
508 0.72965
509 0.73115
510 0.7321
511 0.73265
512 0.7338
513 0.73625
514 0.73805
515 0.7394
516 0.74205
517 0.74525
518 0.7474
519 0.7484
520 0.74975
521 0.75235
522 0.75385
523 0.7544
524 0.7565
525 0.7574
526 0.75865
527 0.7607
528 0.762
529 0.76335
530 0.76655
531 0.76845
532 0.77075
533 0.77135
534 0.773
535 0.775
536 0.77585
537 0.77865
538 0.77975
539 0.782
540 0.784
541 0.78705
542 0.78885
543 0.78995
544 0.79135
545 0.792
546 0.7934
547 0.7942
548 0.7949
549 0.7963
550 0.79735
551 0.7993
552 0.79985
553 0.80115
554 0.8022
555 0.8041
556 0.8046
557 0.80555
558 0.8061
559 0.8077
560 0.8083
561 0.8096
562 0.81235
563 0.81425
564 0.81555
565 0.81755
566 0.8181
567 0.82005
568 0.82105
569 0.8215
570 0.8239
571 0.82455
572 0.82535
573 0.8269
574 0.8288
575 0.83045
576 0.83155
577 0.8329
578 0.8356
579 0.83645
580 0.8384
581 0.839
582 0.84
583 0.84035
584 0.8419
585 0.8438
586 0.84635
587 0.84735
588 0.8479
589 0.8499
590 0.85005
591 0.8524
592 0.85275
593 0.85515
594 0.85755
595 0.8606
596 0.86275
597 0.8644
598 0.86485
599 0.8665
600 0.8691
601 0.87005
602 0.8708
603 0.8743
604 0.87635
605 0.87795
606 0.88135
607 0.88195
608 0.8831
609 0.8837
610 0.886
611 0.8889
612 0.89115
613 0.8919
614 0.8933
615 0.8953
616 0.8964
617 0.89805
618 0.90025
619 0.90135
620 0.9024
621 0.9047
622 0.9052
623 0.9077
624 0.91005
625 0.9122
626 0.9134
627 0.91435
628 0.9152
629 0.91635
630 0.9176
631 0.91835
632 0.9203
633 0.9221
634 0.92275
635 0.92495
636 0.9258
637 0.9263
638 0.9294
639 0.93105
640 0.93335
641 0.93485
642 0.937
643 0.93805
644 0.93895
645 0.93985
646 0.9431
647 0.9448
648 0.9472
649 0.9492
650 0.9503
651 0.9511
652 0.9525
653 0.95405
654 0.95525
655 0.95555
656 0.957
657 0.958
658 0.95825
659 0.9598
660 0.9608
661 0.96275
662 0.96365
663 0.96515
664 0.9656
665 0.96705
666 0.9685
667 0.97065
668 0.97175
669 0.9728
670 0.97405
671 0.976
672 0.9761
673 0.9779
674 0.9811
675 0.98265
676 0.98385
677 0.9848
678 0.98665
679 0.98785
680 0.98925
681 0.99055
682 0.99165
683 0.99375
684 0.99475
685 0.99565
686 0.9983
687 1.0004
# Generated pool n. 11 for Umax = 79.6694107055664
# Generated a biased pool of 20000 with an acceptance of 0.09122659265995026
# Generated a pool of 20000 with an acceptance of 0.0014540697674418582
# Generation repeated 688 times
# Average relative effective sample size: 0.01030020136386156
# Generation efficiency: 0.0014534883720930232
