# Generation 7

0 0.00345
1 0.0052
2 0.00765
3 0.01035
4 0.0111
5 0.0134
6 0.0168
7 0.01755
8 0.01845
9 0.02145
10 0.02595
11 0.0274
12 0.03095
13 0.0321
14 0.0356
15 0.0363
16 0.0384
17 0.04235
18 0.0453
19 0.0483
20 0.04915
21 0.0535
22 0.05495
23 0.0573
24 0.05965
25 0.06095
26 0.06365
27 0.06485
28 0.0678
29 0.0698
30 0.0709
31 0.0729
32 0.0737
33 0.0742
34 0.07555
35 0.0775
36 0.0819
37 0.08515
38 0.0858
39 0.0863
40 0.0895
41 0.0906
42 0.09435
43 0.09685
44 0.09935
45 0.101
46 0.1012
47 0.1065
48 0.10895
49 0.11065
50 0.1145
51 0.11675
52 0.1202
53 0.1236
54 0.12455
55 0.12745
56 0.12935
57 0.13125
58 0.13315
59 0.13405
60 0.1357
61 0.1369
62 0.14005
63 0.1436
64 0.14575
65 0.14685
66 0.14755
67 0.15185
68 0.15465
69 0.1584
70 0.1595
71 0.1616
72 0.16335
73 0.166
74 0.16765
75 0.1681
76 0.1725
77 0.1747
78 0.1775
79 0.18055
80 0.1827
81 0.18385
82 0.18515
83 0.1892
84 0.1913
85 0.19265
86 0.1944
87 0.19625
88 0.1966
89 0.1987
90 0.2
91 0.20115
92 0.2053
93 0.209
94 0.21135
95 0.2123
96 0.21475
97 0.2166
98 0.2177
99 0.21945
100 0.2209
101 0.22595
102 0.227
103 0.22925
104 0.23085
105 0.23745
106 0.24045
107 0.24085
108 0.24275
109 0.24505
110 0.2471
111 0.25055
112 0.2521
113 0.25285
114 0.25735
115 0.2585
116 0.2599
117 0.261
118 0.2645
119 0.26845
120 0.27205
121 0.27435
122 0.2751
123 0.2758
124 0.27695
125 0.27905
126 0.281
127 0.28295
128 0.2845
129 0.2863
130 0.289
131 0.291
132 0.29405
133 0.29535
134 0.29645
135 0.29775
136 0.29905
137 0.30135
138 0.3052
139 0.3076
140 0.31
141 0.3126
142 0.31695
143 0.3196
144 0.3224
145 0.3258
146 0.327
147 0.3314
148 0.33265
149 0.3337
150 0.33455
151 0.3364
152 0.33715
153 0.3388
154 0.34185
155 0.3427
156 0.34435
157 0.347
158 0.3478
159 0.35225
160 0.3538
161 0.3551
162 0.3577
163 0.36145
164 0.36455
165 0.3667
166 0.3703
167 0.37235
168 0.37315
169 0.3744
170 0.37545
171 0.3799
172 0.38325
173 0.3862
174 0.3891
175 0.3916
176 0.3937
177 0.39545
178 0.3963
179 0.39795
180 0.3994
181 0.4037
182 0.4059
183 0.40865
184 0.4113
185 0.41305
186 0.41315
187 0.4148
188 0.41655
189 0.4187
190 0.4198
191 0.4222
192 0.42425
193 0.4259
194 0.42975
195 0.4308
196 0.43165
197 0.4362
198 0.4377
199 0.4382
200 0.4402
201 0.4427
202 0.4442
203 0.44845
204 0.44965
205 0.4525
206 0.45425
207 0.45695
208 0.45805
209 0.46155
210 0.464
211 0.466
212 0.4681
213 0.4737
214 0.4755
215 0.4773
216 0.4782
217 0.48005
218 0.48315
219 0.4862
220 0.48885
221 0.4917
222 0.49315
223 0.4965
224 0.49715
225 0.4991
226 0.50035
227 0.5025
228 0.5031
229 0.50585
230 0.5081
231 0.5095
232 0.51195
233 0.514
234 0.5188
235 0.52165
236 0.5232
237 0.5248
238 0.52595
239 0.52785
240 0.5291
241 0.53145
242 0.53275
243 0.5333
244 0.5357
245 0.53975
246 0.54065
247 0.5426
248 0.5432
249 0.54525
250 0.5467
251 0.54855
252 0.55175
253 0.55425
254 0.5559
255 0.55675
256 0.5582
257 0.5597
258 0.5634
259 0.56585
260 0.56755
261 0.5693
262 0.5739
263 0.5805
264 0.58515
265 0.58605
266 0.58755
267 0.5909
268 0.59265
269 0.5952
270 0.5963
271 0.59915
272 0.602
273 0.6038
274 0.60705
275 0.609
276 0.6108
277 0.6136
278 0.6172
279 0.62015
280 0.62335
281 0.6251
282 0.6274
283 0.62925
284 0.631
285 0.6312
286 0.6339
287 0.6378
288 0.6404
289 0.6424
290 0.6437
291 0.64485
292 0.64585
293 0.64975
294 0.6545
295 0.65615
296 0.6569
297 0.6598
298 0.6612
299 0.6647
300 0.6664
301 0.6683
302 0.6703
303 0.6741
304 0.6759
305 0.6777
306 0.68055
307 0.6826
308 0.68465
309 0.6861
310 0.6873
311 0.68955
312 0.69095
313 0.69255
314 0.6953
315 0.69855
316 0.70025
317 0.70165
318 0.7046
319 0.70655
320 0.7089
321 0.71105
322 0.7135
323 0.7161
324 0.71945
325 0.7213
326 0.7227
327 0.7235
328 0.7245
329 0.72675
330 0.72785
331 0.7287
332 0.72885
333 0.72915
334 0.7309
335 0.7329
336 0.7356
337 0.73955
338 0.7409
339 0.74405
340 0.74575
341 0.74665
342 0.74915
343 0.75175
344 0.75385
345 0.75815
346 0.76215
347 0.7634
348 0.76465
349 0.76555
350 0.7669
351 0.76945
352 0.77275
353 0.7743
354 0.7762
355 0.77805
356 0.781
357 0.7843
358 0.78585
359 0.7894
360 0.7915
361 0.79425
362 0.79575
363 0.7977
364 0.7995
365 0.801
366 0.80315
367 0.8048
368 0.8056
369 0.8076
370 0.8104
371 0.8126
372 0.8129
373 0.81635
374 0.8199
375 0.8238
376 0.8255
377 0.82665
378 0.8292
379 0.83305
380 0.83615
381 0.8376
382 0.839
383 0.8424
384 0.84275
385 0.8451
386 0.84635
387 0.85035
388 0.8538
389 0.85645
390 0.8603
391 0.8628
392 0.86465
393 0.86555
394 0.8688
395 0.87265
396 0.876
397 0.87655
398 0.8773
399 0.88105
400 0.8819
401 0.8854
402 0.8877
403 0.88935
404 0.89005
405 0.89185
406 0.89315
407 0.8952
408 0.8986
409 0.9004
410 0.902
411 0.90415
412 0.9055
413 0.90845
414 0.9105
415 0.9119
416 0.91535
417 0.91645
418 0.9196
419 0.9212
420 0.92475
421 0.92565
422 0.92965
423 0.93105
424 0.9339
425 0.9365
426 0.9384
427 0.9389
428 0.94025
429 0.9424
430 0.9446
431 0.94655
432 0.9496
433 0.9525
434 0.95345
435 0.95565
436 0.956
437 0.95935
438 0.95965
439 0.9606
440 0.9625
441 0.96505
442 0.9673
443 0.97155
444 0.97205
445 0.9749
446 0.97735
447 0.9798
448 0.98095
449 0.9838
450 0.98475
451 0.98635
452 0.98945
453 0.99145
454 0.99405
455 0.99655
456 1.0006
# Generated pool n. 7 for Umax = 279.1601257324219
# Generated a biased pool of 20000 with an acceptance of 0.1289268136024475
# Generated a pool of 20000 with an acceptance of 0.002189496717724289
# Generation repeated 457 times
# Average relative effective sample size: 0.017794620245695114
# Generation efficiency: 0.002188183807439825
