# Generation 7

0 0.0041
1 0.0057
2 0.0074
3 0.01125
4 0.0149
5 0.0195
6 0.02185
7 0.02475
8 0.02665
9 0.0291
10 0.03125
11 0.0354
12 0.0403
13 0.04255
14 0.04385
15 0.04835
16 0.05045
17 0.05075
18 0.0548
19 0.05705
20 0.05855
21 0.0607
22 0.06375
23 0.06585
24 0.06885
25 0.07255
26 0.07375
27 0.07605
28 0.07765
29 0.0819
30 0.0852
31 0.08865
32 0.09065
33 0.0924
34 0.0937
35 0.09465
36 0.09585
37 0.0982
38 0.09845
39 0.10235
40 0.1034
41 0.1051
42 0.10715
43 0.1103
44 0.1141
45 0.1195
46 0.1224
47 0.1248
48 0.1273
49 0.1297
50 0.1322
51 0.1356
52 0.1391
53 0.14125
54 0.14525
55 0.1503
56 0.15395
57 0.15915
58 0.163
59 0.16445
60 0.167
61 0.1696
62 0.1736
63 0.17565
64 0.179
65 0.18025
66 0.18175
67 0.18645
68 0.1887
69 0.1918
70 0.19295
71 0.19325
72 0.1957
73 0.19805
74 0.2
75 0.2033
76 0.2057
77 0.20715
78 0.2112
79 0.21425
80 0.21505
81 0.2213
82 0.2226
83 0.22515
84 0.22795
85 0.232
86 0.2363
87 0.2367
88 0.24115
89 0.24315
90 0.24395
91 0.24575
92 0.24895
93 0.2529
94 0.25445
95 0.258
96 0.2618
97 0.2635
98 0.26535
99 0.26835
100 0.27105
101 0.2744
102 0.27555
103 0.27855
104 0.2823
105 0.287
106 0.28875
107 0.2901
108 0.29245
109 0.29375
110 0.29585
111 0.2973
112 0.30135
113 0.30415
114 0.3047
115 0.308
116 0.3106
117 0.31205
118 0.31355
119 0.3156
120 0.3176
121 0.31835
122 0.3239
123 0.32645
124 0.3271
125 0.3292
126 0.3302
127 0.3328
128 0.3349
129 0.3366
130 0.3376
131 0.3413
132 0.3419
133 0.3429
134 0.3463
135 0.34735
136 0.3517
137 0.35535
138 0.35795
139 0.36105
140 0.36495
141 0.3679
142 0.36895
143 0.37235
144 0.3749
145 0.37705
146 0.3782
147 0.38085
148 0.3847
149 0.38635
150 0.38705
151 0.3909
152 0.39285
153 0.3965
154 0.398
155 0.3992
156 0.39985
157 0.4042
158 0.40795
159 0.41275
160 0.4161
161 0.419
162 0.42
163 0.42245
164 0.42495
165 0.4267
166 0.43095
167 0.4344
168 0.43805
169 0.4429
170 0.44635
171 0.45075
172 0.4536
173 0.45585
174 0.4596
175 0.46275
176 0.4651
177 0.46695
178 0.46915
179 0.47235
180 0.47505
181 0.477
182 0.4799
183 0.4834
184 0.4862
185 0.48875
186 0.4925
187 0.49515
188 0.4969
189 0.49855
190 0.50025
191 0.50305
192 0.50525
193 0.50575
194 0.508
195 0.51015
196 0.5114
197 0.51365
198 0.51905
199 0.525
200 0.52785
201 0.53075
202 0.5334
203 0.53455
204 0.5387
205 0.5438
206 0.54725
207 0.5508
208 0.55145
209 0.55485
210 0.55735
211 0.56025
212 0.56145
213 0.5659
214 0.5678
215 0.5703
216 0.5714
217 0.5747
218 0.5777
219 0.57945
220 0.5837
221 0.5859
222 0.5891
223 0.5925
224 0.5938
225 0.59685
226 0.5981
227 0.6009
228 0.60625
229 0.6092
230 0.61075
231 0.614
232 0.61855
233 0.6201
234 0.6231
235 0.6253
236 0.6262
237 0.63055
238 0.63345
239 0.63865
240 0.6405
241 0.64365
242 0.64675
243 0.64985
244 0.6521
245 0.65345
246 0.65655
247 0.65975
248 0.6612
249 0.6628
250 0.6657
251 0.6667
252 0.6694
253 0.6714
254 0.67325
255 0.6744
256 0.6787
257 0.6822
258 0.6847
259 0.685
260 0.6866
261 0.6886
262 0.69245
263 0.69395
264 0.69675
265 0.69855
266 0.7009
267 0.7022
268 0.70455
269 0.708
270 0.7092
271 0.7103
272 0.71515
273 0.7187
274 0.72035
275 0.7235
276 0.7279
277 0.73175
278 0.73435
279 0.73595
280 0.73775
281 0.74135
282 0.7443
283 0.746
284 0.7489
285 0.7523
286 0.7534
287 0.7562
288 0.75795
289 0.762
290 0.76505
291 0.76625
292 0.7696
293 0.774
294 0.77715
295 0.7804
296 0.7814
297 0.7832
298 0.78515
299 0.79035
300 0.79135
301 0.79305
302 0.79415
303 0.7958
304 0.7988
305 0.80125
306 0.8029
307 0.80665
308 0.809
309 0.81465
310 0.81615
311 0.82025
312 0.82305
313 0.8256
314 0.82865
315 0.8316
316 0.83425
317 0.8426
318 0.8454
319 0.8473
320 0.8528
321 0.85645
322 0.859
323 0.8602
324 0.8626
325 0.8655
326 0.86875
327 0.8693
328 0.8715
329 0.8728
330 0.87565
331 0.87835
332 0.8819
333 0.88535
334 0.8878
335 0.8935
336 0.8942
337 0.89655
338 0.89845
339 0.90295
340 0.90595
341 0.9076
342 0.9106
343 0.91215
344 0.9135
345 0.91895
346 0.92265
347 0.92455
348 0.9264
349 0.9285
350 0.9301
351 0.93195
352 0.93415
353 0.93795
354 0.93955
355 0.94135
356 0.9446
357 0.9459
358 0.9483
359 0.95175
360 0.95365
361 0.95475
362 0.959
363 0.9609
364 0.9623
365 0.96575
366 0.9664
367 0.968
368 0.9729
369 0.97455
370 0.9757
371 0.9784
372 0.97965
373 0.98175
374 0.9832
375 0.98605
376 0.98945
377 0.99115
378 0.9929
379 0.99685
380 0.9992
381 1.0038
# Generated pool n. 7 for Umax = 278.3191833496094
# Generated a biased pool of 20000 with an acceptance of 0.16387148201465607
# Generated a pool of 20000 with an acceptance of 0.0026277486910994755
# Generation repeated 382 times
# Average relative effective sample size: 0.022692473605275154
# Generation efficiency: 0.002617801047120419
