# Generation 11

0 0.00175
1 0.00315
2 0.0064
3 0.0088
4 0.00985
5 0.0106
6 0.01165
7 0.0121
8 0.0143
9 0.0152
10 0.01635
11 0.0177
12 0.01985
13 0.02105
14 0.0228
15 0.0242
16 0.0272
17 0.02795
18 0.0296
19 0.03135
20 0.03185
21 0.03415
22 0.03475
23 0.03575
24 0.0361
25 0.0377
26 0.03995
27 0.0416
28 0.04315
29 0.046
30 0.0476
31 0.0487
32 0.0505
33 0.051
34 0.0518
35 0.05275
36 0.0548
37 0.0577
38 0.05875
39 0.0595
40 0.06165
41 0.06215
42 0.06325
43 0.0638
44 0.0648
45 0.0666
46 0.0672
47 0.06835
48 0.06945
49 0.07125
50 0.07405
51 0.07525
52 0.07625
53 0.0793
54 0.08085
55 0.0821
56 0.08515
57 0.0864
58 0.0883
59 0.08995
60 0.0914
61 0.09445
62 0.09505
63 0.0974
64 0.0987
65 0.1
66 0.10095
67 0.10305
68 0.10445
69 0.10665
70 0.10705
71 0.10835
72 0.1089
73 0.109
74 0.11
75 0.1123
76 0.1139
77 0.1148
78 0.11745
79 0.1198
80 0.12295
81 0.12485
82 0.12575
83 0.12695
84 0.12895
85 0.13145
86 0.13365
87 0.13475
88 0.1371
89 0.1384
90 0.1401
91 0.14175
92 0.1423
93 0.1439
94 0.14465
95 0.1462
96 0.1469
97 0.1486
98 0.14945
99 0.1512
100 0.1525
101 0.1548
102 0.15605
103 0.157
104 0.1575
105 0.1585
106 0.15975
107 0.1627
108 0.16565
109 0.16685
110 0.16755
111 0.1696
112 0.1719
113 0.17345
114 0.17485
115 0.17615
116 0.17915
117 0.18065
118 0.18215
119 0.18375
120 0.18465
121 0.18585
122 0.18925
123 0.19005
124 0.1919
125 0.1924
126 0.19455
127 0.1977
128 0.199
129 0.2
130 0.2021
131 0.2034
132 0.2046
133 0.20585
134 0.20745
135 0.209
136 0.2109
137 0.21285
138 0.2148
139 0.216
140 0.21845
141 0.22075
142 0.2215
143 0.22265
144 0.2254
145 0.2257
146 0.22615
147 0.2281
148 0.22875
149 0.2299
150 0.23035
151 0.23105
152 0.23175
153 0.23605
154 0.2375
155 0.24175
156 0.24325
157 0.2452
158 0.246
159 0.2472
160 0.2481
161 0.2492
162 0.25095
163 0.25355
164 0.25455
165 0.2554
166 0.25695
167 0.25935
168 0.26165
169 0.26315
170 0.2641
171 0.26595
172 0.26615
173 0.26705
174 0.2682
175 0.26985
176 0.27235
177 0.27385
178 0.2756
179 0.277
180 0.27805
181 0.27865
182 0.27955
183 0.2827
184 0.2831
185 0.2841
186 0.28435
187 0.28645
188 0.28895
189 0.2896
190 0.2899
191 0.29085
192 0.2932
193 0.29455
194 0.2958
195 0.29845
196 0.29875
197 0.29945
198 0.29975
199 0.30155
200 0.30165
201 0.30475
202 0.30735
203 0.30885
204 0.3113
205 0.31225
206 0.3137
207 0.31745
208 0.31925
209 0.323
210 0.32345
211 0.32425
212 0.32615
213 0.32745
214 0.3287
215 0.33145
216 0.33425
217 0.3354
218 0.33715
219 0.33935
220 0.3411
221 0.3415
222 0.3427
223 0.34385
224 0.34595
225 0.34865
226 0.3488
227 0.3503
228 0.35305
229 0.3544
230 0.355
231 0.3564
232 0.3585
233 0.3609
234 0.36135
235 0.3627
236 0.3645
237 0.36615
238 0.36785
239 0.3682
240 0.3704
241 0.3722
242 0.3733
243 0.37485
244 0.37655
245 0.37845
246 0.3799
247 0.3808
248 0.3812
249 0.38245
250 0.38355
251 0.38395
252 0.3864
253 0.38715
254 0.3886
255 0.39285
256 0.3956
257 0.39645
258 0.398
259 0.39835
260 0.40255
261 0.404
262 0.40465
263 0.4057
264 0.40705
265 0.40875
266 0.4116
267 0.4131
268 0.416
269 0.418
270 0.4199
271 0.4207
272 0.4215
273 0.4226
274 0.42395
275 0.42465
276 0.4265
277 0.4279
278 0.43405
279 0.43565
280 0.4367
281 0.43955
282 0.4408
283 0.4428
284 0.4446
285 0.4458
286 0.4482
287 0.449
288 0.4502
289 0.4515
290 0.4531
291 0.4548
292 0.45645
293 0.4572
294 0.45795
295 0.45935
296 0.46005
297 0.4627
298 0.46545
299 0.46805
300 0.46985
301 0.47205
302 0.4732
303 0.4752
304 0.4775
305 0.4803
306 0.4841
307 0.4862
308 0.48765
309 0.488
310 0.48895
311 0.49285
312 0.49435
313 0.4951
314 0.49615
315 0.49875
316 0.5002
317 0.50155
318 0.50195
319 0.50275
320 0.50605
321 0.5066
322 0.5091
323 0.5105
324 0.5127
325 0.51295
326 0.51375
327 0.5142
328 0.5167
329 0.51755
330 0.51895
331 0.5201
332 0.5211
333 0.5239
334 0.52475
335 0.52645
336 0.5275
337 0.5281
338 0.52895
339 0.5318
340 0.5337
341 0.53615
342 0.5382
343 0.5409
344 0.5418
345 0.5423
346 0.54245
347 0.54475
348 0.54625
349 0.54705
350 0.5475
351 0.5486
352 0.54995
353 0.554
354 0.5575
355 0.5578
356 0.55835
357 0.5608
358 0.5615
359 0.5631
360 0.5639
361 0.565
362 0.56755
363 0.56835
364 0.56875
365 0.5695
366 0.57015
367 0.5723
368 0.5754
369 0.57625
370 0.58015
371 0.58305
372 0.5844
373 0.5853
374 0.5867
375 0.58715
376 0.58915
377 0.5907
378 0.5916
379 0.59265
380 0.5936
381 0.59605
382 0.5962
383 0.5977
384 0.5996
385 0.60115
386 0.6021
387 0.60335
388 0.60385
389 0.60455
390 0.6055
391 0.60675
392 0.60855
393 0.61
394 0.6112
395 0.6146
396 0.6161
397 0.61645
398 0.6177
399 0.62055
400 0.62265
401 0.6251
402 0.6272
403 0.62935
404 0.6325
405 0.63495
406 0.63595
407 0.63785
408 0.64005
409 0.6413
410 0.64375
411 0.64565
412 0.6461
413 0.64735
414 0.64885
415 0.65085
416 0.65145
417 0.6543
418 0.6561
419 0.65815
420 0.6599
421 0.66285
422 0.6635
423 0.6659
424 0.66695
425 0.66995
426 0.67155
427 0.6737
428 0.6743
429 0.67525
430 0.67565
431 0.6771
432 0.67745
433 0.6791
434 0.6808
435 0.6822
436 0.68355
437 0.68495
438 0.6862
439 0.68675
440 0.6886
441 0.69075
442 0.69275
443 0.6948
444 0.69755
445 0.6999
446 0.70155
447 0.70295
448 0.70415
449 0.70535
450 0.70615
451 0.7087
452 0.7094
453 0.71015
454 0.71055
455 0.7133
456 0.7154
457 0.7193
458 0.72105
459 0.72335
460 0.7261
461 0.72695
462 0.7295
463 0.73085
464 0.7333
465 0.7343
466 0.73565
467 0.73605
468 0.73685
469 0.7392
470 0.7422
471 0.7429
472 0.74405
473 0.7454
474 0.7468
475 0.7492
476 0.7499
477 0.75235
478 0.75275
479 0.75325
480 0.75395
481 0.75455
482 0.7548
483 0.7571
484 0.75855
485 0.76
486 0.76085
487 0.76275
488 0.7646
489 0.76545
490 0.76675
491 0.76795
492 0.76975
493 0.7706
494 0.77365
495 0.776
496 0.7774
497 0.77895
498 0.78195
499 0.7835
500 0.78575
501 0.78715
502 0.78865
503 0.7915
504 0.79355
505 0.7955
506 0.7964
507 0.7969
508 0.8009
509 0.8025
510 0.80485
511 0.80835
512 0.8104
513 0.81155
514 0.813
515 0.81395
516 0.8145
517 0.81505
518 0.81685
519 0.8174
520 0.81885
521 0.8201
522 0.8215
523 0.82365
524 0.82655
525 0.82705
526 0.828
527 0.82855
528 0.8297
529 0.831
530 0.83255
531 0.83455
532 0.83575
533 0.8372
534 0.83905
535 0.84025
536 0.8417
537 0.84455
538 0.8469
539 0.84865
540 0.8503
541 0.85225
542 0.8538
543 0.8545
544 0.855
545 0.8566
546 0.85775
547 0.8581
548 0.85845
549 0.86055
550 0.8617
551 0.8651
552 0.86645
553 0.8682
554 0.8713
555 0.8739
556 0.87445
557 0.87665
558 0.87765
559 0.87885
560 0.87965
561 0.88045
562 0.88105
563 0.88185
564 0.8824
565 0.8847
566 0.8852
567 0.8869
568 0.88765
569 0.8885
570 0.89065
571 0.89225
572 0.89365
573 0.89575
574 0.8962
575 0.897
576 0.8989
577 0.9004
578 0.90145
579 0.90345
580 0.9044
581 0.9061
582 0.907
583 0.9085
584 0.9102
585 0.91255
586 0.9138
587 0.91445
588 0.91655
589 0.9168
590 0.918
591 0.9206
592 0.92245
593 0.92405
594 0.9255
595 0.92615
596 0.9266
597 0.9275
598 0.928
599 0.9292
600 0.9313
601 0.9347
602 0.93675
603 0.93715
604 0.938
605 0.9412
606 0.94385
607 0.94425
608 0.94595
609 0.9476
610 0.9501
611 0.95335
612 0.9549
613 0.9562
614 0.9568
615 0.95955
616 0.95995
617 0.96135
618 0.96225
619 0.96295
620 0.9637
621 0.96605
622 0.9684
623 0.9696
624 0.9702
625 0.9724
626 0.97575
627 0.9789
628 0.97975
629 0.98085
630 0.9818
631 0.9828
632 0.9842
633 0.98475
634 0.9874
635 0.9875
636 0.98845
637 0.99125
638 0.99255
639 0.9939
640 0.99515
641 0.99785
642 0.99795
643 0.99935
644 1.0003
# Generated pool n. 11 for Umax = 79.64778900146484
# Generated a biased pool of 20000 with an acceptance of 0.10257279872894287
# Generated a pool of 20000 with an acceptance of 0.0015508527131782922
# Generation repeated 645 times
# Average relative effective sample size: 0.011011344380676746
# Generation efficiency: 0.0015503875968992248
