# Generation 5

0 0.0055
1 0.0114
2 0.01455
3 0.0203
4 0.02375
5 0.02565
6 0.02975
7 0.03535
8 0.0386
9 0.0421
10 0.0453
11 0.04935
12 0.05415
13 0.05625
14 0.061
15 0.06725
16 0.0779
17 0.08005
18 0.08125
19 0.08815
20 0.0934
21 0.10095
22 0.1072
23 0.11775
24 0.12165
25 0.1272
26 0.13115
27 0.1367
28 0.14225
29 0.14765
30 0.1536
31 0.15825
32 0.1595
33 0.1644
34 0.1717
35 0.17335
36 0.1784
37 0.1812
38 0.1835
39 0.1894
40 0.19375
41 0.1977
42 0.20175
43 0.21235
44 0.2181
45 0.2224
46 0.2235
47 0.22545
48 0.2303
49 0.2345
50 0.24255
51 0.246
52 0.25155
53 0.2582
54 0.26105
55 0.2678
56 0.27215
57 0.27465
58 0.2793
59 0.28695
60 0.2947
61 0.30095
62 0.30905
63 0.3121
64 0.31705
65 0.32075
66 0.3271
67 0.3328
68 0.3379
69 0.34365
70 0.34835
71 0.35285
72 0.35925
73 0.36115
74 0.36255
75 0.37065
76 0.37555
77 0.37895
78 0.38155
79 0.389
80 0.3924
81 0.39405
82 0.3958
83 0.39645
84 0.40235
85 0.40475
86 0.4117
87 0.4187
88 0.4243
89 0.42755
90 0.43115
91 0.43615
92 0.4395
93 0.4477
94 0.45125
95 0.45515
96 0.46315
97 0.4681
98 0.4718
99 0.47635
100 0.485
101 0.49345
102 0.4969
103 0.50035
104 0.5038
105 0.50715
106 0.51695
107 0.5242
108 0.53345
109 0.54065
110 0.5451
111 0.5493
112 0.55285
113 0.5574
114 0.56455
115 0.57155
116 0.57665
117 0.5816
118 0.58315
119 0.5884
120 0.596
121 0.60015
122 0.60765
123 0.6118
124 0.6156
125 0.6214
126 0.62535
127 0.63095
128 0.6347
129 0.63995
130 0.64685
131 0.65645
132 0.6615
133 0.66715
134 0.67245
135 0.6779
136 0.6854
137 0.69025
138 0.70105
139 0.70235
140 0.70775
141 0.712
142 0.71625
143 0.71925
144 0.72195
145 0.7271
146 0.73335
147 0.73925
148 0.7434
149 0.74955
150 0.7543
151 0.75875
152 0.763
153 0.76845
154 0.7732
155 0.7795
156 0.78015
157 0.7829
158 0.78895
159 0.79245
160 0.79655
161 0.7993
162 0.8055
163 0.81135
164 0.8158
165 0.81995
166 0.8232
167 0.8286
168 0.83375
169 0.83895
170 0.8464
171 0.85515
172 0.8562
173 0.85775
174 0.86515
175 0.86845
176 0.88055
177 0.88805
178 0.8926
179 0.8971
180 0.90385
181 0.9065
182 0.9105
183 0.9143
184 0.9221
185 0.9277
186 0.93735
187 0.94445
188 0.94795
189 0.95115
190 0.9532
191 0.9566
192 0.96345
193 0.9668
194 0.9687
195 0.9747
196 0.9818
197 0.9837
198 0.9871
199 0.99555
200 1.001
# Generated pool n. 5 for Umax = 453.68927001953125
# Generated a biased pool of 20000 with an acceptance of 0.23915629088878632
# Generated a pool of 20000 with an acceptance of 0.00498009950248756
# Generation repeated 201 times
# Average relative effective sample size: 0.05187780410051346
# Generation efficiency: 0.004975124378109453
