# Generation 27

0 0.0069
1 0.01335
2 0.01615
3 0.0169
4 0.0231
5 0.03175
6 0.0353
7 0.04535
8 0.0496
9 0.0596
10 0.06075
11 0.06505
12 0.0706
13 0.0788
14 0.08065
15 0.0829
16 0.091
17 0.0917
18 0.0942
19 0.10065
20 0.11005
21 0.11805
22 0.1212
23 0.12895
24 0.1357
25 0.1422
26 0.1455
27 0.1481
28 0.1538
29 0.1643
30 0.16565
31 0.1754
32 0.18
33 0.18205
34 0.1866
35 0.19265
36 0.195
37 0.19885
38 0.2044
39 0.2108
40 0.21725
41 0.2193
42 0.23335
43 0.2353
44 0.2417
45 0.2443
46 0.25155
47 0.2529
48 0.25545
49 0.2615
50 0.2729
51 0.2837
52 0.2912
53 0.2972
54 0.30775
55 0.31245
56 0.32165
57 0.32935
58 0.3396
59 0.34505
60 0.35275
61 0.35735
62 0.36495
63 0.3712
64 0.37655
65 0.38225
66 0.39395
67 0.4045
68 0.413
69 0.4235
70 0.4391
71 0.4493
72 0.4543
73 0.46365
74 0.46435
75 0.46605
76 0.4743
77 0.4787
78 0.4842
79 0.4852
80 0.4884
81 0.4943
82 0.4981
83 0.50305
84 0.51115
85 0.51535
86 0.5222
87 0.53295
88 0.5356
89 0.5491
90 0.5546
91 0.56375
92 0.5725
93 0.57895
94 0.5857
95 0.5885
96 0.59085
97 0.59225
98 0.5954
99 0.5989
100 0.60325
101 0.6133
102 0.6179
103 0.6267
104 0.6328
105 0.63585
106 0.63885
107 0.6437
108 0.64885
109 0.65505
110 0.6612
111 0.6674
112 0.672
113 0.6731
114 0.6772
115 0.68095
116 0.68845
117 0.6907
118 0.6994
119 0.70365
120 0.70575
121 0.71745
122 0.72675
123 0.7334
124 0.738
125 0.75285
126 0.75795
127 0.7604
128 0.7708
129 0.77195
130 0.7758
131 0.7777
132 0.7826
133 0.78895
134 0.7946
135 0.80475
136 0.81385
137 0.82505
138 0.8353
139 0.83705
140 0.85055
141 0.85165
142 0.85445
143 0.85805
144 0.8617
145 0.8688
146 0.87525
147 0.88255
148 0.8886
149 0.8911
150 0.89945
151 0.9023
152 0.9072
153 0.9108
154 0.91945
155 0.92395
156 0.9306
157 0.93325
158 0.9444
159 0.95115
160 0.9611
161 0.9628
162 0.96455
163 0.9688
164 0.9851
165 0.9977
166 0.9991
167 1.00775
# Generated pool n. 27 for Umax = -12.030830383300781
# Generated a biased pool of 20000 with an acceptance of 0.34472405910491943
# Generated a pool of 20000 with an acceptance of 0.005998511904761904
# Generation repeated 168 times
# Average relative effective sample size: 0.08014564216136932
# Generation efficiency: 0.005952380952380952
