# Generation 29

0 0.0094
1 0.0208
2 0.03035
3 0.04455
4 0.0629
5 0.0696
6 0.07395
7 0.08695
8 0.0998
9 0.10465
10 0.1153
11 0.11905
12 0.13425
13 0.14255
14 0.15525
15 0.16945
16 0.17585
17 0.1841
18 0.1887
19 0.19715
20 0.20465
21 0.22275
22 0.23875
23 0.25245
24 0.2576
25 0.262
26 0.27015
27 0.2785
28 0.2875
29 0.30105
30 0.3188
31 0.33635
32 0.3396
33 0.3484
34 0.3631
35 0.3697
36 0.38185
37 0.3851
38 0.3983
39 0.4045
40 0.40595
41 0.41975
42 0.4425
43 0.45
44 0.4638
45 0.47335
46 0.4802
47 0.4944
48 0.51005
49 0.51795
50 0.5306
51 0.5434
52 0.55015
53 0.5602
54 0.56335
55 0.5744
56 0.58275
57 0.58875
58 0.60055
59 0.61185
60 0.61915
61 0.6242
62 0.6296
63 0.63985
64 0.65235
65 0.66355
66 0.66785
67 0.67665
68 0.6865
69 0.69195
70 0.70455
71 0.71425
72 0.71725
73 0.72605
74 0.7297
75 0.73905
76 0.7482
77 0.7547
78 0.7708
79 0.7849
80 0.8059
81 0.8165
82 0.83885
83 0.8453
84 0.8624
85 0.87295
86 0.88405
87 0.89415
88 0.9002
89 0.9091
90 0.9266
91 0.93445
92 0.94495
93 0.9485
94 0.95475
95 0.9676
96 0.97
97 0.9841
98 0.9943
99 1.0049
# Generated pool n. 29 for Umax = -12.896308898925781
# Generated a biased pool of 20000 with an acceptance of 0.45883092284202576
# Generated a pool of 20000 with an acceptance of 0.010048999999999997
# Generation repeated 100 times
# Average relative effective sample size: 0.14340947568416595
# Generation efficiency: 0.01
