# Generation 4

0 0.00535
1 0.00915
2 0.01505
3 0.02215
4 0.02975
5 0.035
6 0.0427
7 0.0468
8 0.05435
9 0.05875
10 0.06925
11 0.0748
12 0.0829
13 0.08665
14 0.09105
15 0.1028
16 0.1092
17 0.11725
18 0.1239
19 0.1331
20 0.142
21 0.15365
22 0.15885
23 0.1608
24 0.16465
25 0.16845
26 0.17435
27 0.17745
28 0.1844
29 0.1882
30 0.1908
31 0.1961
32 0.2002
33 0.20775
34 0.2131
35 0.223
36 0.231
37 0.2372
38 0.24015
39 0.24795
40 0.25535
41 0.26145
42 0.26585
43 0.2691
44 0.27775
45 0.27895
46 0.29195
47 0.3008
48 0.3061
49 0.30995
50 0.31615
51 0.32255
52 0.32715
53 0.33335
54 0.3404
55 0.3475
56 0.3575
57 0.3641
58 0.3696
59 0.3755
60 0.37935
61 0.38695
62 0.39825
63 0.40585
64 0.4117
65 0.4142
66 0.4223
67 0.42935
68 0.43405
69 0.4399
70 0.4466
71 0.45415
72 0.4579
73 0.467
74 0.47185
75 0.47625
76 0.4803
77 0.48415
78 0.488
79 0.493
80 0.4991
81 0.5046
82 0.51075
83 0.5217
84 0.52735
85 0.53145
86 0.53835
87 0.545
88 0.55195
89 0.55915
90 0.56265
91 0.5675
92 0.5763
93 0.58255
94 0.58715
95 0.5914
96 0.5969
97 0.60775
98 0.6102
99 0.61775
100 0.6267
101 0.6334
102 0.6357
103 0.637
104 0.6443
105 0.6489
106 0.6554
107 0.6668
108 0.67155
109 0.6752
110 0.68205
111 0.68585
112 0.691
113 0.69425
114 0.69875
115 0.70575
116 0.71455
117 0.7217
118 0.7246
119 0.73525
120 0.74005
121 0.74525
122 0.7468
123 0.7531
124 0.75815
125 0.7634
126 0.7709
127 0.7762
128 0.78145
129 0.7871
130 0.7977
131 0.8097
132 0.81625
133 0.8225
134 0.82515
135 0.8297
136 0.8352
137 0.8406
138 0.8486
139 0.85315
140 0.8625
141 0.8719
142 0.8813
143 0.8853
144 0.8936
145 0.8969
146 0.90635
147 0.90995
148 0.9169
149 0.9262
150 0.93145
151 0.9424
152 0.946
153 0.95015
154 0.95745
155 0.9615
156 0.96865
157 0.9729
158 0.9791
159 0.98305
160 0.98875
161 0.993
162 0.99765
163 1.00795
# Generated pool n. 4 for Umax = 570.5618896484375
# Generated a biased pool of 20000 with an acceptance of 0.20898045599460602
# Generated a pool of 20000 with an acceptance of 0.006146036585365854
# Generation repeated 164 times
# Average relative effective sample size: 0.060607388615608215
# Generation efficiency: 0.006097560975609756
