# Generation 21

0 0.00115
1 0.004
2 0.00475
3 0.00755
4 0.0102
5 0.01085
6 0.0122
7 0.0128
8 0.0155
9 0.01615
10 0.0176
11 0.01875
12 0.02255
13 0.0233
14 0.02555
15 0.0276
16 0.028
17 0.02865
18 0.0289
19 0.0306
20 0.0311
21 0.0323
22 0.03405
23 0.03515
24 0.0364
25 0.0377
26 0.038
27 0.04025
28 0.04135
29 0.04225
30 0.0437
31 0.0456
32 0.04735
33 0.04775
34 0.0494
35 0.0512
36 0.0519
37 0.05485
38 0.0564
39 0.0595
40 0.0612
41 0.06175
42 0.0625
43 0.06465
44 0.06545
45 0.0655
46 0.06685
47 0.0671
48 0.0688
49 0.0706
50 0.07225
51 0.073
52 0.07435
53 0.07525
54 0.0766
55 0.07875
56 0.0811
57 0.082
58 0.08325
59 0.0838
60 0.0882
61 0.0886
62 0.0901
63 0.0913
64 0.09315
65 0.09555
66 0.09615
67 0.0969
68 0.0987
69 0.09975
70 0.10295
71 0.1053
72 0.10695
73 0.10805
74 0.10935
75 0.11065
76 0.11205
77 0.11335
78 0.1138
79 0.11485
80 0.1152
81 0.1157
82 0.11815
83 0.1204
84 0.12475
85 0.12655
86 0.12775
87 0.1281
88 0.1299
89 0.1313
90 0.1334
91 0.1362
92 0.1379
93 0.1387
94 0.13945
95 0.1404
96 0.14275
97 0.14355
98 0.14625
99 0.1484
100 0.1497
101 0.1503
102 0.15035
103 0.15275
104 0.15465
105 0.1574
106 0.15925
107 0.16165
108 0.16345
109 0.1654
110 0.1669
111 0.1677
112 0.16925
113 0.16995
114 0.171
115 0.1731
116 0.17435
117 0.17795
118 0.1794
119 0.18095
120 0.18385
121 0.1845
122 0.1851
123 0.18675
124 0.18795
125 0.18925
126 0.19195
127 0.19325
128 0.1961
129 0.19675
130 0.2
131 0.2023
132 0.20395
133 0.2049
134 0.20695
135 0.2074
136 0.2088
137 0.2098
138 0.21105
139 0.2122
140 0.21405
141 0.2149
142 0.21505
143 0.2163
144 0.2174
145 0.2185
146 0.21915
147 0.22055
148 0.221
149 0.2226
150 0.22415
151 0.22495
152 0.2276
153 0.2283
154 0.22935
155 0.2302
156 0.23385
157 0.23425
158 0.23475
159 0.2356
160 0.23575
161 0.2381
162 0.23875
163 0.2409
164 0.24255
165 0.24385
166 0.2447
167 0.24645
168 0.24825
169 0.24835
170 0.25045
171 0.25225
172 0.25565
173 0.25745
174 0.25775
175 0.25815
176 0.2595
177 0.26155
178 0.2629
179 0.26335
180 0.26495
181 0.26575
182 0.2666
183 0.26845
184 0.269
185 0.2697
186 0.27065
187 0.27375
188 0.27535
189 0.27675
190 0.2776
191 0.2784
192 0.2824
193 0.28385
194 0.2857
195 0.28715
196 0.28745
197 0.2881
198 0.2887
199 0.2923
200 0.29305
201 0.2954
202 0.29785
203 0.2988
204 0.2998
205 0.3014
206 0.30275
207 0.30445
208 0.3045
209 0.3065
210 0.30675
211 0.3096
212 0.311
213 0.31385
214 0.3159
215 0.3163
216 0.31775
217 0.32145
218 0.3218
219 0.3227
220 0.32315
221 0.3257
222 0.3272
223 0.3284
224 0.3287
225 0.33245
226 0.3334
227 0.33525
228 0.3378
229 0.3408
230 0.34575
231 0.3465
232 0.3479
233 0.3488
234 0.34965
235 0.3504
236 0.35195
237 0.35295
238 0.3533
239 0.35605
240 0.3586
241 0.35955
242 0.3607
243 0.36485
244 0.36565
245 0.3673
246 0.3683
247 0.37005
248 0.3707
249 0.3732
250 0.3741
251 0.37465
252 0.37655
253 0.37755
254 0.38095
255 0.38115
256 0.38135
257 0.3835
258 0.3869
259 0.3882
260 0.3905
261 0.39155
262 0.3934
263 0.3945
264 0.39655
265 0.39775
266 0.39915
267 0.40265
268 0.4035
269 0.4043
270 0.4052
271 0.40725
272 0.40845
273 0.41105
274 0.412
275 0.41275
276 0.41485
277 0.4164
278 0.4181
279 0.4189
280 0.42045
281 0.42165
282 0.42405
283 0.4266
284 0.42775
285 0.42965
286 0.43275
287 0.43405
288 0.43545
289 0.43715
290 0.43865
291 0.4398
292 0.44075
293 0.44175
294 0.44355
295 0.44425
296 0.44655
297 0.44705
298 0.44745
299 0.4495
300 0.4501
301 0.451
302 0.4526
303 0.4534
304 0.45435
305 0.45535
306 0.4564
307 0.4585
308 0.46085
309 0.46315
310 0.46375
311 0.46555
312 0.46675
313 0.4689
314 0.4709
315 0.472
316 0.47515
317 0.47585
318 0.4778
319 0.4788
320 0.48165
321 0.48465
322 0.4858
323 0.48655
324 0.4869
325 0.4879
326 0.48835
327 0.4892
328 0.48965
329 0.4902
330 0.4921
331 0.49275
332 0.4937
333 0.4946
334 0.4949
335 0.49735
336 0.4985
337 0.50105
338 0.50215
339 0.50365
340 0.50455
341 0.50565
342 0.50815
343 0.50825
344 0.509
345 0.50975
346 0.5104
347 0.5113
348 0.51265
349 0.5146
350 0.51715
351 0.51915
352 0.52055
353 0.5206
354 0.52095
355 0.5245
356 0.5254
357 0.5263
358 0.52695
359 0.5283
360 0.52885
361 0.53205
362 0.53345
363 0.5349
364 0.53595
365 0.53835
366 0.53995
367 0.54065
368 0.54315
369 0.5451
370 0.5472
371 0.5485
372 0.55125
373 0.55335
374 0.55435
375 0.55705
376 0.5574
377 0.5602
378 0.5611
379 0.56335
380 0.5652
381 0.56665
382 0.5668
383 0.56825
384 0.56905
385 0.56955
386 0.56985
387 0.57065
388 0.572
389 0.5747
390 0.5763
391 0.57745
392 0.5789
393 0.58255
394 0.5833
395 0.5846
396 0.5862
397 0.5894
398 0.5908
399 0.59195
400 0.59235
401 0.5929
402 0.59365
403 0.5947
404 0.5957
405 0.59795
406 0.5988
407 0.6001
408 0.60175
409 0.6034
410 0.604
411 0.60565
412 0.60725
413 0.6091
414 0.60965
415 0.61085
416 0.61185
417 0.6147
418 0.61665
419 0.6171
420 0.61785
421 0.6179
422 0.61955
423 0.6217
424 0.62235
425 0.62385
426 0.62605
427 0.6282
428 0.62995
429 0.6308
430 0.6327
431 0.63405
432 0.6341
433 0.63595
434 0.638
435 0.6392
436 0.64035
437 0.6413
438 0.64275
439 0.6445
440 0.64565
441 0.64815
442 0.64835
443 0.6505
444 0.65065
445 0.6518
446 0.65205
447 0.6534
448 0.65515
449 0.6574
450 0.65985
451 0.66135
452 0.6628
453 0.66415
454 0.66445
455 0.6652
456 0.66665
457 0.668
458 0.66935
459 0.67015
460 0.67225
461 0.6732
462 0.6741
463 0.67675
464 0.67725
465 0.68015
466 0.68445
467 0.68685
468 0.68725
469 0.68965
470 0.69175
471 0.69355
472 0.6941
473 0.69485
474 0.69515
475 0.69875
476 0.6996
477 0.70165
478 0.70275
479 0.703
480 0.7052
481 0.70585
482 0.7074
483 0.7092
484 0.71045
485 0.71175
486 0.71315
487 0.7148
488 0.71535
489 0.7164
490 0.71815
491 0.7192
492 0.7219
493 0.7229
494 0.72435
495 0.7269
496 0.72855
497 0.7315
498 0.7332
499 0.73425
500 0.7371
501 0.7379
502 0.7401
503 0.74245
504 0.74315
505 0.7454
506 0.7459
507 0.74795
508 0.7482
509 0.7503
510 0.7506
511 0.7514
512 0.7517
513 0.75225
514 0.7531
515 0.7546
516 0.75605
517 0.75765
518 0.7595
519 0.76025
520 0.76235
521 0.7654
522 0.7663
523 0.76635
524 0.76735
525 0.76825
526 0.769
527 0.77195
528 0.7729
529 0.77415
530 0.7753
531 0.7778
532 0.7786
533 0.7804
534 0.7821
535 0.7833
536 0.78475
537 0.7865
538 0.78745
539 0.7898
540 0.79085
541 0.79325
542 0.7945
543 0.79665
544 0.79825
545 0.79935
546 0.8014
547 0.8056
548 0.80695
549 0.8075
550 0.8103
551 0.811
552 0.8111
553 0.81165
554 0.812
555 0.814
556 0.8144
557 0.81605
558 0.8171
559 0.8202
560 0.82095
561 0.82255
562 0.8247
563 0.82635
564 0.82775
565 0.8306
566 0.83435
567 0.8381
568 0.84015
569 0.84175
570 0.8447
571 0.8455
572 0.8464
573 0.8481
574 0.8492
575 0.85055
576 0.8509
577 0.8514
578 0.85425
579 0.8559
580 0.85865
581 0.8591
582 0.8601
583 0.86085
584 0.8643
585 0.86515
586 0.86615
587 0.86835
588 0.86885
589 0.87035
590 0.87115
591 0.87245
592 0.87335
593 0.8743
594 0.8752
595 0.87635
596 0.8781
597 0.8792
598 0.88255
599 0.8847
600 0.8856
601 0.88635
602 0.88775
603 0.8883
604 0.88965
605 0.8932
606 0.8965
607 0.8972
608 0.89995
609 0.90115
610 0.90405
611 0.9063
612 0.9092
613 0.91345
614 0.91425
615 0.9167
616 0.91705
617 0.9182
618 0.92015
619 0.92145
620 0.92315
621 0.9237
622 0.92435
623 0.9261
624 0.9266
625 0.9276
626 0.92805
627 0.92945
628 0.9296
629 0.93045
630 0.93285
631 0.9349
632 0.9362
633 0.9393
634 0.93955
635 0.94275
636 0.9439
637 0.945
638 0.94525
639 0.9459
640 0.94855
641 0.94905
642 0.95095
643 0.95205
644 0.95275
645 0.9534
646 0.95455
647 0.9555
648 0.95685
649 0.9578
650 0.9582
651 0.95995
652 0.9616
653 0.9631
654 0.9644
655 0.9646
656 0.9673
657 0.9701
658 0.97155
659 0.9731
660 0.9735
661 0.9754
662 0.9761
663 0.9763
664 0.97695
665 0.9773
666 0.9796
667 0.9815
668 0.98215
669 0.9838
670 0.9845
671 0.9855
672 0.9873
673 0.988
674 0.9906
675 0.9912
676 0.9939
677 0.9952
678 0.99685
679 0.9983
680 0.99895
681 1.00175
# Generated pool n. 21 for Umax = -5.952997207641602
# Generated a biased pool of 20000 with an acceptance of 0.1139640137553215
# Generated a pool of 20000 with an acceptance of 0.001468841642228739
# Generation repeated 682 times
# Average relative effective sample size: 0.011028578504920006
# Generation efficiency: 0.001466275659824047
