# Generation 19

0 0.001
1 0.0027
2 0.00395
3 0.00675
4 0.00785
5 0.00895
6 0.0106
7 0.01205
8 0.01345
9 0.01425
10 0.0149
11 0.01565
12 0.0192
13 0.02105
14 0.0213
15 0.02185
16 0.02235
17 0.0239
18 0.0246
19 0.0251
20 0.0271
21 0.02715
22 0.0288
23 0.02945
24 0.0301
25 0.0309
26 0.03185
27 0.03305
28 0.03425
29 0.03735
30 0.03865
31 0.0399
32 0.04165
33 0.04455
34 0.04705
35 0.04845
36 0.05015
37 0.05055
38 0.05185
39 0.0559
40 0.0594
41 0.06025
42 0.0618
43 0.0631
44 0.06395
45 0.06555
46 0.06635
47 0.0684
48 0.06945
49 0.06995
50 0.07015
51 0.07125
52 0.0716
53 0.07265
54 0.07455
55 0.07475
56 0.07515
57 0.07525
58 0.076
59 0.07645
60 0.07655
61 0.07795
62 0.0782
63 0.07865
64 0.08145
65 0.0817
66 0.08315
67 0.0841
68 0.08465
69 0.08625
70 0.08965
71 0.0914
72 0.0916
73 0.09305
74 0.09435
75 0.0961
76 0.09635
77 0.098
78 0.09905
79 0.1005
80 0.1023
81 0.1026
82 0.1036
83 0.10485
84 0.10715
85 0.1078
86 0.1091
87 0.111
88 0.1118
89 0.11265
90 0.11405
91 0.11545
92 0.11725
93 0.1183
94 0.11905
95 0.12065
96 0.12345
97 0.1249
98 0.127
99 0.1282
100 0.12895
101 0.1302
102 0.13125
103 0.1335
104 0.13425
105 0.1391
106 0.14315
107 0.14525
108 0.146
109 0.14705
110 0.1487
111 0.1499
112 0.15025
113 0.1529
114 0.15495
115 0.15635
116 0.15685
117 0.1582
118 0.1601
119 0.16145
120 0.1637
121 0.1651
122 0.16525
123 0.16565
124 0.16855
125 0.17
126 0.17035
127 0.171
128 0.1719
129 0.1732
130 0.17575
131 0.17775
132 0.1812
133 0.1829
134 0.184
135 0.1865
136 0.18775
137 0.1884
138 0.1922
139 0.19325
140 0.19355
141 0.19525
142 0.19715
143 0.1975
144 0.19795
145 0.19815
146 0.19895
147 0.19965
148 0.2005
149 0.2022
150 0.20555
151 0.2061
152 0.2071
153 0.208
154 0.2099
155 0.21055
156 0.21075
157 0.211
158 0.2132
159 0.2136
160 0.21475
161 0.21645
162 0.21865
163 0.2209
164 0.2216
165 0.223
166 0.2242
167 0.2249
168 0.2255
169 0.22615
170 0.22645
171 0.2275
172 0.22775
173 0.22875
174 0.229
175 0.2308
176 0.2314
177 0.23245
178 0.23335
179 0.2348
180 0.23725
181 0.2397
182 0.2405
183 0.24275
184 0.24305
185 0.24345
186 0.2443
187 0.2447
188 0.2462
189 0.2477
190 0.24815
191 0.2497
192 0.25115
193 0.25165
194 0.2534
195 0.25445
196 0.2553
197 0.2569
198 0.25815
199 0.26175
200 0.2629
201 0.2642
202 0.26525
203 0.2674
204 0.2694
205 0.2717
206 0.2722
207 0.2733
208 0.27525
209 0.2777
210 0.2787
211 0.2799
212 0.281
213 0.282
214 0.2829
215 0.286
216 0.28695
217 0.2872
218 0.2891
219 0.28955
220 0.2903
221 0.2907
222 0.292
223 0.29255
224 0.29265
225 0.29385
226 0.2953
227 0.2965
228 0.29815
229 0.29935
230 0.3006
231 0.3022
232 0.3039
233 0.30515
234 0.308
235 0.30875
236 0.31025
237 0.31105
238 0.313
239 0.3164
240 0.31795
241 0.3185
242 0.32005
243 0.32205
244 0.32285
245 0.3242
246 0.32645
247 0.3283
248 0.3293
249 0.3309
250 0.33205
251 0.334
252 0.33465
253 0.33715
254 0.33865
255 0.34155
256 0.3435
257 0.3456
258 0.3479
259 0.3507
260 0.3537
261 0.35605
262 0.35615
263 0.35785
264 0.3599
265 0.36135
266 0.36215
267 0.364
268 0.36515
269 0.36665
270 0.3694
271 0.37205
272 0.37305
273 0.3738
274 0.377
275 0.3793
276 0.37945
277 0.38075
278 0.38175
279 0.3823
280 0.384
281 0.38515
282 0.386
283 0.3881
284 0.38995
285 0.39185
286 0.39465
287 0.3953
288 0.3966
289 0.4
290 0.4021
291 0.40405
292 0.40515
293 0.4062
294 0.40825
295 0.4089
296 0.4113
297 0.41255
298 0.4137
299 0.4157
300 0.41615
301 0.41675
302 0.42045
303 0.421
304 0.42165
305 0.42325
306 0.42455
307 0.4247
308 0.4257
309 0.4267
310 0.4271
311 0.42885
312 0.42965
313 0.43225
314 0.43295
315 0.4343
316 0.43705
317 0.43865
318 0.4411
319 0.44145
320 0.44185
321 0.44435
322 0.44535
323 0.4466
324 0.4478
325 0.4508
326 0.4516
327 0.45425
328 0.4572
329 0.4577
330 0.4597
331 0.46165
332 0.46355
333 0.4649
334 0.46585
335 0.46615
336 0.46635
337 0.4692
338 0.4708
339 0.47155
340 0.4748
341 0.4749
342 0.4753
343 0.47795
344 0.4785
345 0.479
346 0.48105
347 0.48295
348 0.48425
349 0.4875
350 0.4896
351 0.49045
352 0.4907
353 0.49375
354 0.4943
355 0.49625
356 0.4985
357 0.4988
358 0.4998
359 0.50005
360 0.50035
361 0.50165
362 0.5047
363 0.5052
364 0.5059
365 0.50675
366 0.50775
367 0.508
368 0.5103
369 0.5131
370 0.51365
371 0.516
372 0.5168
373 0.51875
374 0.5199
375 0.52145
376 0.52435
377 0.5267
378 0.5283
379 0.529
380 0.5291
381 0.5303
382 0.5322
383 0.5338
384 0.5351
385 0.5358
386 0.5369
387 0.5379
388 0.53945
389 0.541
390 0.542
391 0.5423
392 0.5425
393 0.5427
394 0.5455
395 0.54565
396 0.5465
397 0.5471
398 0.5497
399 0.55225
400 0.5536
401 0.55435
402 0.5568
403 0.5583
404 0.559
405 0.56035
406 0.5605
407 0.5609
408 0.5624
409 0.56525
410 0.56705
411 0.56715
412 0.56825
413 0.569
414 0.57255
415 0.5739
416 0.5751
417 0.57725
418 0.57935
419 0.58145
420 0.5837
421 0.5852
422 0.58675
423 0.5892
424 0.58975
425 0.591
426 0.59265
427 0.5942
428 0.5953
429 0.597
430 0.59795
431 0.60015
432 0.60175
433 0.60235
434 0.603
435 0.6054
436 0.6058
437 0.60785
438 0.60815
439 0.6087
440 0.6094
441 0.6127
442 0.6143
443 0.61545
444 0.61615
445 0.6171
446 0.61855
447 0.61925
448 0.61935
449 0.62145
450 0.6222
451 0.6237
452 0.6244
453 0.6277
454 0.6304
455 0.6317
456 0.63425
457 0.6358
458 0.63615
459 0.6373
460 0.6378
461 0.63965
462 0.6427
463 0.646
464 0.64735
465 0.6482
466 0.6518
467 0.6523
468 0.6539
469 0.6555
470 0.6566
471 0.65835
472 0.6593
473 0.66135
474 0.6622
475 0.66435
476 0.66535
477 0.6666
478 0.6673
479 0.66775
480 0.67095
481 0.6717
482 0.6728
483 0.6745
484 0.6754
485 0.67755
486 0.67765
487 0.6787
488 0.679
489 0.6808
490 0.6825
491 0.683
492 0.68335
493 0.68425
494 0.6844
495 0.6848
496 0.6854
497 0.68655
498 0.68705
499 0.6877
500 0.6901
501 0.69165
502 0.69275
503 0.694
504 0.69465
505 0.69555
506 0.69815
507 0.7003
508 0.70105
509 0.70295
510 0.7047
511 0.7065
512 0.7083
513 0.71085
514 0.7124
515 0.7136
516 0.71535
517 0.7162
518 0.7185
519 0.72005
520 0.72105
521 0.72225
522 0.72245
523 0.72355
524 0.72415
525 0.7255
526 0.72735
527 0.72935
528 0.7303
529 0.7315
530 0.73215
531 0.7333
532 0.7342
533 0.73495
534 0.73555
535 0.73585
536 0.7381
537 0.7398
538 0.7405
539 0.74075
540 0.74185
541 0.7438
542 0.7446
543 0.74735
544 0.7482
545 0.74975
546 0.75135
547 0.7525
548 0.75395
549 0.7548
550 0.7581
551 0.75905
552 0.76275
553 0.7634
554 0.7644
555 0.7658
556 0.76775
557 0.76985
558 0.7729
559 0.7735
560 0.7743
561 0.775
562 0.77795
563 0.7784
564 0.7809
565 0.7812
566 0.7831
567 0.7855
568 0.78665
569 0.78795
570 0.7896
571 0.79105
572 0.7924
573 0.7958
574 0.7984
575 0.80045
576 0.80335
577 0.80415
578 0.80585
579 0.80865
580 0.80955
581 0.81045
582 0.8111
583 0.8123
584 0.81405
585 0.8152
586 0.8153
587 0.8176
588 0.81915
589 0.8192
590 0.81985
591 0.82205
592 0.8244
593 0.82485
594 0.82535
595 0.82625
596 0.82635
597 0.82795
598 0.82965
599 0.83035
600 0.8313
601 0.83235
602 0.83395
603 0.8357
604 0.8365
605 0.8394
606 0.8406
607 0.84125
608 0.84335
609 0.8436
610 0.8454
611 0.8477
612 0.84855
613 0.8513
614 0.85235
615 0.85275
616 0.853
617 0.85375
618 0.8553
619 0.85735
620 0.8576
621 0.8581
622 0.8588
623 0.86095
624 0.8613
625 0.8634
626 0.8668
627 0.8686
628 0.8693
629 0.8709
630 0.87125
631 0.872
632 0.87395
633 0.8754
634 0.8782
635 0.8784
636 0.87995
637 0.8813
638 0.8819
639 0.8826
640 0.88345
641 0.8846
642 0.8864
643 0.88695
644 0.8874
645 0.8897
646 0.89045
647 0.893
648 0.89335
649 0.89585
650 0.89745
651 0.9
652 0.90225
653 0.90245
654 0.90375
655 0.9071
656 0.90855
657 0.91
658 0.9116
659 0.9128
660 0.91455
661 0.91635
662 0.91715
663 0.9177
664 0.9187
665 0.9214
666 0.92365
667 0.9246
668 0.927
669 0.92765
670 0.9285
671 0.92995
672 0.9314
673 0.9319
674 0.9332
675 0.93505
676 0.93635
677 0.9379
678 0.93915
679 0.9407
680 0.9426
681 0.9444
682 0.94645
683 0.94715
684 0.94935
685 0.9518
686 0.95365
687 0.9545
688 0.95485
689 0.9554
690 0.95595
691 0.95645
692 0.95665
693 0.9567
694 0.95875
695 0.9603
696 0.9631
697 0.964
698 0.96495
699 0.96685
700 0.96745
701 0.9689
702 0.97055
703 0.97225
704 0.97275
705 0.97435
706 0.9761
707 0.97665
708 0.9777
709 0.97785
710 0.9805
711 0.9837
712 0.9864
713 0.9866
714 0.98685
715 0.98795
716 0.98865
717 0.989
718 0.9925
719 0.99425
720 0.9949
721 0.99605
722 0.9966
723 0.998
724 0.99995
725 1.00105
# Generated pool n. 19 for Umax = -1.2933244705200195
# Generated a biased pool of 20000 with an acceptance of 0.12689122557640076
# Generated a pool of 20000 with an acceptance of 0.001378856749311296
# Generation repeated 726 times
# Average relative effective sample size: 0.010553617961704731
# Generation efficiency: 0.0013774104683195593
