# Generation 44

0 0.0223
1 0.046
2 0.0813
3 0.10155
4 0.12175
5 0.13315
6 0.16075
7 0.1675
8 0.185
9 0.1981
10 0.22475
11 0.25215
12 0.2702
13 0.2876
14 0.3255
15 0.3508
16 0.36795
17 0.3885
18 0.42065
19 0.4498
20 0.46655
21 0.49135
22 0.51595
23 0.5295
24 0.52975
25 0.533
26 0.54345
27 0.57495
28 0.57915
29 0.60115
30 0.61335
31 0.621
32 0.63435
33 0.65315
34 0.6713
35 0.69485
36 0.7091
37 0.7257
38 0.75045
39 0.7593
40 0.7771
41 0.80465
42 0.8279
43 0.83995
44 0.85115
45 0.8563
46 0.8791
47 0.8895
48 0.90005
49 0.91145
50 0.93215
51 0.93355
52 0.9557
53 0.9678
54 0.9786
55 1.00265
# Generated pool n. 44 for Umax = -14.771638870239258
# Generated a biased pool of 20000 with an acceptance of 0.6341231465339661
# Generated a pool of 20000 with an acceptance of 0.017904464285714277
# Generation repeated 56 times
# Average relative effective sample size: 0.2948834002017975
# Generation efficiency: 0.017857142857142856
