# Generation 41

0 0.01185
1 0.0224
2 0.03405
3 0.04975
4 0.06625
5 0.07205
6 0.0806
7 0.09665
8 0.1058
9 0.1251
10 0.13925
11 0.16195
12 0.18295
13 0.19915
14 0.2196
15 0.2334
16 0.25625
17 0.2852
18 0.3075
19 0.3233
20 0.33225
21 0.37305
22 0.3795
23 0.3885
24 0.41325
25 0.4299
26 0.4524
27 0.4736
28 0.48725
29 0.5095
30 0.51805
31 0.54895
32 0.55805
33 0.5686
34 0.5803
35 0.6007
36 0.616
37 0.6297
38 0.6364
39 0.6608
40 0.6736
41 0.6986
42 0.72715
43 0.7448
44 0.7506
45 0.7687
46 0.7811
47 0.78445
48 0.7923
49 0.82645
50 0.83245
51 0.847
52 0.8618
53 0.8683
54 0.88365
55 0.9005
56 0.91635
57 0.9222
58 0.93795
59 0.95605
60 0.9828
61 0.99915
62 1.0184
# Generated pool n. 41 for Umax = -14.664887428283691
# Generated a biased pool of 20000 with an acceptance of 0.6260746717453003
# Generated a pool of 20000 with an acceptance of 0.016165079365079365
# Generation repeated 63 times
# Average relative effective sample size: 0.28659918904304504
# Generation efficiency: 0.015873015873015872
