# Generation 19

0 0.0014
1 0.0022
2 0.0029
3 0.0033
4 0.00445
5 0.0051
6 0.007
7 0.0087
8 0.01055
9 0.0118
10 0.0128
11 0.0154
12 0.0159
13 0.01945
14 0.02055
15 0.0212
16 0.02165
17 0.02295
18 0.0245
19 0.02555
20 0.02635
21 0.0287
22 0.03035
23 0.0305
24 0.0314
25 0.03425
26 0.03615
27 0.03675
28 0.0379
29 0.0383
30 0.0391
31 0.0394
32 0.04075
33 0.04095
34 0.04165
35 0.04225
36 0.0428
37 0.04325
38 0.0445
39 0.04515
40 0.0474
41 0.0478
42 0.0485
43 0.0492
44 0.0502
45 0.0506
46 0.05105
47 0.0519
48 0.053
49 0.0531
50 0.05385
51 0.0541
52 0.0545
53 0.05465
54 0.0558
55 0.05605
56 0.05845
57 0.05855
58 0.05955
59 0.06125
60 0.0618
61 0.0621
62 0.06295
63 0.0634
64 0.0644
65 0.06475
66 0.06565
67 0.0664
68 0.0675
69 0.06795
70 0.068
71 0.06845
72 0.07065
73 0.07245
74 0.0725
75 0.07565
76 0.07605
77 0.07795
78 0.07895
79 0.08045
80 0.08225
81 0.08585
82 0.08755
83 0.0886
84 0.09005
85 0.09185
86 0.0921
87 0.0924
88 0.0937
89 0.0939
90 0.096
91 0.09705
92 0.0977
93 0.0995
94 0.10045
95 0.1021
96 0.1032
97 0.10415
98 0.1056
99 0.10675
100 0.10795
101 0.10895
102 0.1091
103 0.1124
104 0.1138
105 0.1145
106 0.11535
107 0.11725
108 0.1176
109 0.12065
110 0.12215
111 0.12325
112 0.12415
113 0.12515
114 0.12545
115 0.1256
116 0.1268
117 0.1269
118 0.1287
119 0.1293
120 0.1295
121 0.13105
122 0.1315
123 0.13275
124 0.13465
125 0.13585
126 0.1363
127 0.13735
128 0.13825
129 0.13935
130 0.1398
131 0.14125
132 0.14195
133 0.14385
134 0.14425
135 0.1446
136 0.1452
137 0.14595
138 0.1478
139 0.1489
140 0.15005
141 0.1507
142 0.15215
143 0.1536
144 0.1546
145 0.15545
146 0.1557
147 0.1573
148 0.1595
149 0.1598
150 0.1604
151 0.16195
152 0.1635
153 0.1639
154 0.16625
155 0.1676
156 0.16815
157 0.17015
158 0.1719
159 0.1732
160 0.174
161 0.17455
162 0.1749
163 0.17585
164 0.1772
165 0.1785
166 0.17925
167 0.18105
168 0.18125
169 0.18325
170 0.1839
171 0.186
172 0.1867
173 0.1889
174 0.1894
175 0.18985
176 0.1906
177 0.19075
178 0.1918
179 0.1925
180 0.19405
181 0.19425
182 0.19695
183 0.19915
184 0.20015
185 0.20065
186 0.20125
187 0.20155
188 0.20185
189 0.2028
190 0.2042
191 0.20455
192 0.20655
193 0.20795
194 0.20815
195 0.2092
196 0.21085
197 0.21265
198 0.2127
199 0.2135
200 0.21375
201 0.21425
202 0.21585
203 0.2172
204 0.218
205 0.21825
206 0.2194
207 0.22005
208 0.22135
209 0.2223
210 0.22275
211 0.2229
212 0.22355
213 0.22375
214 0.2238
215 0.2242
216 0.2254
217 0.22795
218 0.22895
219 0.22955
220 0.2309
221 0.23135
222 0.23335
223 0.23445
224 0.2355
225 0.2368
226 0.2375
227 0.23775
228 0.2395
229 0.24115
230 0.24315
231 0.2434
232 0.2438
233 0.2457
234 0.24725
235 0.24765
236 0.2487
237 0.25005
238 0.2507
239 0.2521
240 0.25355
241 0.25495
242 0.25685
243 0.2583
244 0.25985
245 0.2609
246 0.2614
247 0.2645
248 0.265
249 0.2684
250 0.26885
251 0.26965
252 0.27015
253 0.27235
254 0.27375
255 0.27495
256 0.27585
257 0.2768
258 0.2793
259 0.28025
260 0.2812
261 0.2823
262 0.2835
263 0.28465
264 0.28495
265 0.28575
266 0.28675
267 0.28785
268 0.2894
269 0.2896
270 0.29045
271 0.29055
272 0.2917
273 0.29245
274 0.2936
275 0.2951
276 0.2956
277 0.2985
278 0.30015
279 0.3008
280 0.3019
281 0.3029
282 0.30375
283 0.30465
284 0.30545
285 0.30635
286 0.30765
287 0.30825
288 0.3095
289 0.31065
290 0.31155
291 0.3126
292 0.3135
293 0.31415
294 0.31435
295 0.31615
296 0.31725
297 0.3188
298 0.32115
299 0.3227
300 0.3239
301 0.3257
302 0.3263
303 0.32785
304 0.32985
305 0.33115
306 0.33245
307 0.33325
308 0.33385
309 0.33475
310 0.3357
311 0.3365
312 0.33775
313 0.3389
314 0.3401
315 0.34105
316 0.3417
317 0.34195
318 0.3427
319 0.34345
320 0.34385
321 0.3441
322 0.34535
323 0.34575
324 0.348
325 0.34945
326 0.34995
327 0.35025
328 0.3506
329 0.3521
330 0.35285
331 0.354
332 0.3546
333 0.3554
334 0.3564
335 0.35765
336 0.3594
337 0.35965
338 0.3607
339 0.36135
340 0.3623
341 0.3645
342 0.36465
343 0.36525
344 0.3662
345 0.36715
346 0.36935
347 0.37085
348 0.3722
349 0.3739
350 0.37475
351 0.3765
352 0.3768
353 0.37755
354 0.37875
355 0.37965
356 0.3815
357 0.38305
358 0.38435
359 0.3853
360 0.3871
361 0.3872
362 0.3885
363 0.3897
364 0.39155
365 0.39185
366 0.39255
367 0.3933
368 0.39435
369 0.39505
370 0.39635
371 0.39775
372 0.3993
373 0.40045
374 0.4015
375 0.4026
376 0.4034
377 0.40345
378 0.40445
379 0.40485
380 0.4063
381 0.4078
382 0.40855
383 0.409
384 0.4095
385 0.41105
386 0.4129
387 0.41465
388 0.4157
389 0.41845
390 0.41975
391 0.42095
392 0.42205
393 0.4227
394 0.4234
395 0.426
396 0.42825
397 0.429
398 0.42945
399 0.43115
400 0.4318
401 0.433
402 0.43405
403 0.43585
404 0.4373
405 0.438
406 0.4399
407 0.4405
408 0.4408
409 0.4412
410 0.44215
411 0.4424
412 0.4439
413 0.4448
414 0.44545
415 0.4464
416 0.44825
417 0.45125
418 0.45215
419 0.45295
420 0.4543
421 0.45595
422 0.4566
423 0.45755
424 0.45795
425 0.4592
426 0.46105
427 0.46235
428 0.4639
429 0.46495
430 0.46665
431 0.4676
432 0.469
433 0.46985
434 0.47075
435 0.4708
436 0.47165
437 0.4728
438 0.47415
439 0.4753
440 0.47635
441 0.48025
442 0.48045
443 0.48105
444 0.48235
445 0.48265
446 0.4832
447 0.48535
448 0.4858
449 0.48695
450 0.48725
451 0.48825
452 0.48965
453 0.4914
454 0.4941
455 0.4947
456 0.4971
457 0.49825
458 0.49885
459 0.5009
460 0.5016
461 0.50265
462 0.50305
463 0.5056
464 0.5061
465 0.50745
466 0.5081
467 0.50875
468 0.509
469 0.5109
470 0.5127
471 0.51435
472 0.5149
473 0.51535
474 0.5168
475 0.51695
476 0.51885
477 0.52105
478 0.52235
479 0.52345
480 0.5263
481 0.5265
482 0.5267
483 0.5287
484 0.5299
485 0.5309
486 0.5326
487 0.5342
488 0.5358
489 0.5388
490 0.5395
491 0.54065
492 0.5427
493 0.54325
494 0.54485
495 0.545
496 0.5465
497 0.54775
498 0.5491
499 0.55015
500 0.55045
501 0.5512
502 0.55275
503 0.55415
504 0.5545
505 0.5552
506 0.5556
507 0.55635
508 0.5578
509 0.5588
510 0.55905
511 0.56135
512 0.5624
513 0.56515
514 0.5664
515 0.56715
516 0.56795
517 0.56965
518 0.5701
519 0.57315
520 0.5744
521 0.57575
522 0.577
523 0.5771
524 0.5781
525 0.5788
526 0.58045
527 0.5817
528 0.58405
529 0.585
530 0.58535
531 0.58715
532 0.5885
533 0.58975
534 0.5906
535 0.59155
536 0.59245
537 0.59385
538 0.5948
539 0.59585
540 0.5968
541 0.59745
542 0.59885
543 0.6001
544 0.60145
545 0.6017
546 0.60545
547 0.60645
548 0.60725
549 0.6098
550 0.61095
551 0.6122
552 0.61285
553 0.6131
554 0.61375
555 0.61515
556 0.6155
557 0.6163
558 0.6186
559 0.61955
560 0.62
561 0.62215
562 0.623
563 0.62375
564 0.62495
565 0.62635
566 0.6275
567 0.6281
568 0.62935
569 0.6312
570 0.6315
571 0.6322
572 0.63285
573 0.63485
574 0.63555
575 0.636
576 0.6363
577 0.6375
578 0.63855
579 0.63885
580 0.6397
581 0.64105
582 0.6429
583 0.64385
584 0.6445
585 0.64675
586 0.6468
587 0.64845
588 0.6506
589 0.65335
590 0.6554
591 0.65635
592 0.6568
593 0.65805
594 0.6601
595 0.661
596 0.66185
597 0.66385
598 0.6643
599 0.66525
600 0.6658
601 0.66655
602 0.66695
603 0.66845
604 0.66875
605 0.6692
606 0.66995
607 0.67045
608 0.6719
609 0.67255
610 0.6746
611 0.6759
612 0.6763
613 0.6777
614 0.67825
615 0.67965
616 0.68045
617 0.68155
618 0.68225
619 0.68325
620 0.684
621 0.68515
622 0.6869
623 0.6878
624 0.6885
625 0.68875
626 0.69
627 0.69065
628 0.69185
629 0.6942
630 0.6963
631 0.69765
632 0.69825
633 0.69985
634 0.7007
635 0.70105
636 0.7018
637 0.70235
638 0.70365
639 0.70595
640 0.7082
641 0.7092
642 0.70985
643 0.71065
644 0.71315
645 0.714
646 0.71565
647 0.7159
648 0.71645
649 0.7168
650 0.71785
651 0.7198
652 0.72
653 0.7205
654 0.722
655 0.72315
656 0.7234
657 0.72435
658 0.7247
659 0.7256
660 0.7261
661 0.72775
662 0.7307
663 0.7326
664 0.7332
665 0.73435
666 0.73605
667 0.7373
668 0.74
669 0.7403
670 0.742
671 0.7441
672 0.74565
673 0.74605
674 0.7464
675 0.74705
676 0.7479
677 0.74815
678 0.74885
679 0.7492
680 0.7521
681 0.7536
682 0.75375
683 0.7538
684 0.7543
685 0.75565
686 0.75845
687 0.7601
688 0.761
689 0.76285
690 0.7642
691 0.7659
692 0.76645
693 0.7672
694 0.76805
695 0.76975
696 0.7714
697 0.77215
698 0.7739
699 0.77765
700 0.7795
701 0.7811
702 0.7825
703 0.78335
704 0.78405
705 0.78445
706 0.7855
707 0.78605
708 0.7883
709 0.78895
710 0.7895
711 0.79035
712 0.79165
713 0.79365
714 0.79435
715 0.79535
716 0.79575
717 0.7966
718 0.7975
719 0.7992
720 0.80025
721 0.8012
722 0.8019
723 0.80285
724 0.80405
725 0.8044
726 0.80735
727 0.80795
728 0.8082
729 0.80925
730 0.81205
731 0.8143
732 0.8145
733 0.81485
734 0.81715
735 0.81805
736 0.81935
737 0.81965
738 0.8199
739 0.8214
740 0.82275
741 0.8253
742 0.8269
743 0.8285
744 0.82975
745 0.8304
746 0.83315
747 0.8357
748 0.837
749 0.8386
750 0.8398
751 0.84035
752 0.84175
753 0.8421
754 0.8437
755 0.8464
756 0.8485
757 0.8502
758 0.8505
759 0.8523
760 0.8539
761 0.8552
762 0.85645
763 0.85785
764 0.8596
765 0.8612
766 0.8616
767 0.86285
768 0.8636
769 0.8645
770 0.86505
771 0.86535
772 0.86595
773 0.8662
774 0.86705
775 0.86945
776 0.8713
777 0.87145
778 0.87245
779 0.873
780 0.8747
781 0.8754
782 0.8758
783 0.876
784 0.8771
785 0.87935
786 0.8813
787 0.8815
788 0.8821
789 0.88295
790 0.8843
791 0.88515
792 0.8863
793 0.8888
794 0.89125
795 0.89245
796 0.8927
797 0.8934
798 0.8943
799 0.8946
800 0.8948
801 0.8958
802 0.8967
803 0.8971
804 0.89745
805 0.89795
806 0.8985
807 0.9009
808 0.9016
809 0.903
810 0.90345
811 0.9038
812 0.9048
813 0.9053
814 0.9069
815 0.9075
816 0.90775
817 0.9086
818 0.9092
819 0.90955
820 0.9129
821 0.91395
822 0.91435
823 0.9167
824 0.9169
825 0.9188
826 0.9196
827 0.9202
828 0.9211
829 0.92295
830 0.92385
831 0.9259
832 0.9278
833 0.92795
834 0.92845
835 0.9296
836 0.9304
837 0.93075
838 0.93125
839 0.9323
840 0.93305
841 0.93445
842 0.93615
843 0.93765
844 0.93775
845 0.9389
846 0.94045
847 0.942
848 0.94325
849 0.94445
850 0.9453
851 0.94875
852 0.95085
853 0.95255
854 0.9532
855 0.9546
856 0.9554
857 0.95555
858 0.9573
859 0.9598
860 0.96
861 0.96235
862 0.9637
863 0.9658
864 0.96655
865 0.96715
866 0.9682
867 0.969
868 0.96965
869 0.9717
870 0.9729
871 0.97495
872 0.97585
873 0.97705
874 0.9783
875 0.98015
876 0.9807
877 0.98315
878 0.98415
879 0.986
880 0.9876
881 0.98895
882 0.98925
883 0.99075
884 0.99125
885 0.9919
886 0.9936
887 0.994
888 0.9949
889 0.99575
890 0.99605
891 0.9967
892 0.99715
893 0.9984
894 1.0009
# Generated pool n. 19 for Umax = -1.423539161682129
# Generated a biased pool of 20000 with an acceptance of 0.10352481156587601
# Generated a pool of 20000 with an acceptance of 0.0011183240223463673
# Generation repeated 895 times
# Average relative effective sample size: 0.007234596647322178
# Generation efficiency: 0.0011173184357541898
