# Generation 34

0 0.00325
1 0.0166
2 0.03255
3 0.0395
4 0.0412
5 0.06015
6 0.0836
7 0.0981
8 0.1108
9 0.11575
10 0.1326
11 0.14385
12 0.15205
13 0.16155
14 0.17065
15 0.1873
16 0.1991
17 0.2156
18 0.23155
19 0.24655
20 0.2571
21 0.27035
22 0.2743
23 0.2805
24 0.29355
25 0.30535
26 0.31065
27 0.3307
28 0.3416
29 0.3611
30 0.3777
31 0.3902
32 0.40785
33 0.4172
34 0.4278
35 0.44045
36 0.45175
37 0.4644
38 0.48305
39 0.49315
40 0.51165
41 0.53
42 0.53035
43 0.53845
44 0.5456
45 0.57065
46 0.5751
47 0.5893
48 0.5994
49 0.60805
50 0.6309
51 0.6457
52 0.65995
53 0.6654
54 0.671
55 0.6891
56 0.69815
57 0.7073
58 0.7243
59 0.7371
60 0.7506
61 0.75905
62 0.77545
63 0.779
64 0.78635
65 0.79295
66 0.80535
67 0.80765
68 0.82215
69 0.82485
70 0.84535
71 0.8628
72 0.87395
73 0.88835
74 0.90745
75 0.91585
76 0.9264
77 0.94575
78 0.94775
79 0.9543
80 0.9722
81 0.98065
82 0.9892
83 1.00445
# Generated pool n. 34 for Umax = -14.070789337158203
# Generated a biased pool of 20000 with an acceptance of 0.5194899439811707
# Generated a pool of 20000 with an acceptance of 0.01195773809523809
# Generation repeated 84 times
# Average relative effective sample size: 0.19158852100372314
# Generation efficiency: 0.011904761904761904
