# Generation 43

0 0.0146
1 0.03755
2 0.06515
3 0.07415
4 0.0975
5 0.1065
6 0.12295
7 0.1492
8 0.1693
9 0.18805
10 0.2019
11 0.22125
12 0.2377
13 0.26075
14 0.263
15 0.28345
16 0.30395
17 0.3243
18 0.34375
19 0.3542
20 0.3716
21 0.391
22 0.4004
23 0.4129
24 0.42265
25 0.44045
26 0.45135
27 0.47445
28 0.47775
29 0.4876
30 0.49775
31 0.5345
32 0.5478
33 0.58415
34 0.60845
35 0.6337
36 0.64585
37 0.6659
38 0.67185
39 0.6756
40 0.69465
41 0.72455
42 0.7451
43 0.7773
44 0.78485
45 0.7989
46 0.8031
47 0.82575
48 0.8454
49 0.88265
50 0.9062
51 0.922
52 0.9385
53 0.96585
54 0.97535
55 1.00195
# Generated pool n. 43 for Umax = -14.74144458770752
# Generated a biased pool of 20000 with an acceptance of 0.6341053247451782
# Generated a pool of 20000 with an acceptance of 0.017891964285714285
# Generation repeated 56 times
# Average relative effective sample size: 0.29580947756767273
# Generation efficiency: 0.017857142857142856
