# Generation 26

0 0.0041
1 0.0084
2 0.0099
3 0.0133
4 0.01545
5 0.0185
6 0.02155
7 0.0248
8 0.02745
9 0.02835
10 0.029
11 0.03045
12 0.0338
13 0.03625
14 0.03835
15 0.03965
16 0.04175
17 0.0427
18 0.04435
19 0.0469
20 0.04905
21 0.05265
22 0.05565
23 0.05625
24 0.05955
25 0.0617
26 0.0642
27 0.06525
28 0.068
29 0.0692
30 0.0715
31 0.0758
32 0.0776
33 0.07855
34 0.08125
35 0.08285
36 0.0852
37 0.08585
38 0.0871
39 0.08895
40 0.09125
41 0.09185
42 0.0947
43 0.097
44 0.0976
45 0.10065
46 0.102
47 0.1036
48 0.1043
49 0.10515
50 0.1061
51 0.10785
52 0.11135
53 0.11265
54 0.11365
55 0.117
56 0.1184
57 0.12005
58 0.1233
59 0.12435
60 0.12765
61 0.13155
62 0.13355
63 0.13595
64 0.13705
65 0.1391
66 0.13985
67 0.14095
68 0.1435
69 0.1459
70 0.14755
71 0.1497
72 0.1506
73 0.15335
74 0.1571
75 0.1603
76 0.16225
77 0.16295
78 0.16765
79 0.1697
80 0.17075
81 0.175
82 0.17795
83 0.1818
84 0.1843
85 0.1854
86 0.18875
87 0.19135
88 0.19275
89 0.19345
90 0.19655
91 0.1983
92 0.20305
93 0.20625
94 0.2107
95 0.2153
96 0.2163
97 0.2189
98 0.22215
99 0.22395
100 0.22695
101 0.23025
102 0.23345
103 0.23415
104 0.2358
105 0.2369
106 0.23955
107 0.2428
108 0.24685
109 0.25345
110 0.2548
111 0.25505
112 0.25865
113 0.2601
114 0.26275
115 0.266
116 0.26735
117 0.2694
118 0.2695
119 0.273
120 0.2758
121 0.2764
122 0.27965
123 0.2836
124 0.2863
125 0.2873
126 0.29075
127 0.29185
128 0.2931
129 0.2936
130 0.2965
131 0.3025
132 0.30655
133 0.3078
134 0.3084
135 0.30965
136 0.312
137 0.315
138 0.31625
139 0.31805
140 0.3216
141 0.32415
142 0.3243
143 0.3263
144 0.3306
145 0.3336
146 0.3344
147 0.3368
148 0.33875
149 0.3409
150 0.3433
151 0.346
152 0.3478
153 0.3484
154 0.35415
155 0.35705
156 0.35945
157 0.36365
158 0.36555
159 0.36905
160 0.37165
161 0.3724
162 0.37425
163 0.37545
164 0.3766
165 0.3772
166 0.37815
167 0.38
168 0.38235
169 0.38615
170 0.38675
171 0.3904
172 0.39085
173 0.39115
174 0.39245
175 0.3952
176 0.3996
177 0.40065
178 0.40485
179 0.40835
180 0.40955
181 0.4101
182 0.4115
183 0.4146
184 0.4203
185 0.42505
186 0.4255
187 0.42645
188 0.42685
189 0.42855
190 0.4314
191 0.4345
192 0.4349
193 0.43535
194 0.43755
195 0.43835
196 0.4394
197 0.4417
198 0.44555
199 0.44905
200 0.44995
201 0.45065
202 0.4534
203 0.455
204 0.4566
205 0.46065
206 0.46175
207 0.46285
208 0.4676
209 0.46845
210 0.4699
211 0.4746
212 0.4748
213 0.47565
214 0.47755
215 0.47895
216 0.4817
217 0.48285
218 0.48545
219 0.48765
220 0.493
221 0.49545
222 0.49825
223 0.504
224 0.5063
225 0.5092
226 0.5138
227 0.51615
228 0.51725
229 0.5173
230 0.51965
231 0.52455
232 0.5291
233 0.5323
234 0.53385
235 0.5357
236 0.5374
237 0.54035
238 0.5445
239 0.5485
240 0.5522
241 0.5573
242 0.56095
243 0.5626
244 0.5643
245 0.5711
246 0.57535
247 0.57545
248 0.5762
249 0.5764
250 0.579
251 0.5794
252 0.5833
253 0.5852
254 0.5855
255 0.5919
256 0.5952
257 0.5969
258 0.6001
259 0.6009
260 0.6015
261 0.602
262 0.60485
263 0.606
264 0.60845
265 0.6099
266 0.61385
267 0.6154
268 0.6181
269 0.6212
270 0.6252
271 0.6265
272 0.62995
273 0.6311
274 0.63185
275 0.63555
276 0.63735
277 0.63925
278 0.6435
279 0.6467
280 0.64945
281 0.6534
282 0.65725
283 0.6609
284 0.66435
285 0.66565
286 0.66605
287 0.6686
288 0.67225
289 0.67355
290 0.6766
291 0.67985
292 0.6813
293 0.6841
294 0.68445
295 0.6858
296 0.6867
297 0.68905
298 0.6911
299 0.6926
300 0.69455
301 0.69595
302 0.6979
303 0.6995
304 0.702
305 0.70495
306 0.70715
307 0.70845
308 0.7091
309 0.7114
310 0.71405
311 0.71485
312 0.72005
313 0.7223
314 0.7232
315 0.7262
316 0.72975
317 0.7329
318 0.73435
319 0.73525
320 0.7371
321 0.73745
322 0.74185
323 0.74385
324 0.748
325 0.7494
326 0.7508
327 0.75405
328 0.75645
329 0.76135
330 0.76315
331 0.76505
332 0.7659
333 0.77055
334 0.7723
335 0.7731
336 0.776
337 0.7783
338 0.78075
339 0.7855
340 0.78645
341 0.789
342 0.79165
343 0.79365
344 0.79525
345 0.7957
346 0.79685
347 0.79905
348 0.80045
349 0.80115
350 0.80355
351 0.8081
352 0.8104
353 0.8138
354 0.8167
355 0.81885
356 0.81935
357 0.82325
358 0.824
359 0.82835
360 0.82905
361 0.83185
362 0.83315
363 0.8343
364 0.83625
365 0.8403
366 0.84235
367 0.843
368 0.8453
369 0.84675
370 0.84925
371 0.85065
372 0.85145
373 0.8519
374 0.85395
375 0.8556
376 0.85735
377 0.8586
378 0.8598
379 0.86135
380 0.86405
381 0.86595
382 0.86655
383 0.86985
384 0.87285
385 0.8745
386 0.8763
387 0.87805
388 0.87935
389 0.8819
390 0.8825
391 0.88635
392 0.8868
393 0.88755
394 0.88835
395 0.89165
396 0.89475
397 0.8971
398 0.8995
399 0.903
400 0.90685
401 0.90835
402 0.90945
403 0.91005
404 0.91375
405 0.91595
406 0.9198
407 0.92015
408 0.9215
409 0.9223
410 0.92445
411 0.9259
412 0.92785
413 0.9285
414 0.93265
415 0.9346
416 0.9384
417 0.94
418 0.9423
419 0.9446
420 0.94735
421 0.9493
422 0.95185
423 0.9534
424 0.95475
425 0.95535
426 0.9573
427 0.9608
428 0.96165
429 0.96285
430 0.96295
431 0.9655
432 0.9686
433 0.96975
434 0.9723
435 0.97465
436 0.9762
437 0.98165
438 0.9835
439 0.9851
440 0.98995
441 0.9914
442 0.99565
443 0.9974
444 0.9992
445 1.0033
# Generated pool n. 26 for Umax = -11.457670211791992
# Generated a biased pool of 20000 with an acceptance of 0.16592420637607574
# Generated a pool of 20000 with an acceptance of 0.0022495515695067267
# Generation repeated 446 times
# Average relative effective sample size: 0.021035630255937576
# Generation efficiency: 0.002242152466367713
