# Generation 38

0 0.0075
1 0.0203
2 0.02375
3 0.02905
4 0.037
5 0.04335
6 0.06095
7 0.07155
8 0.0827
9 0.09485
10 0.1012
11 0.10445
12 0.1275
13 0.13685
14 0.1481
15 0.15605
16 0.1755
17 0.1844
18 0.19235
19 0.21075
20 0.2241
21 0.24045
22 0.24745
23 0.25995
24 0.27035
25 0.27735
26 0.28945
27 0.29955
28 0.30995
29 0.31685
30 0.3339
31 0.33915
32 0.34395
33 0.3569
34 0.3613
35 0.37655
36 0.39485
37 0.4032
38 0.4153
39 0.41895
40 0.4199
41 0.43455
42 0.44735
43 0.45625
44 0.46905
45 0.4759
46 0.48555
47 0.49865
48 0.51145
49 0.52105
50 0.54065
51 0.5496
52 0.55725
53 0.5787
54 0.58765
55 0.5898
56 0.59245
57 0.6051
58 0.62025
59 0.64745
60 0.6635
61 0.6686
62 0.6776
63 0.6909
64 0.69805
65 0.7071
66 0.7192
67 0.73315
68 0.74895
69 0.76755
70 0.7788
71 0.7799
72 0.7869
73 0.79045
74 0.80745
75 0.8164
76 0.8236
77 0.84505
78 0.8545
79 0.8694
80 0.8768
81 0.8922
82 0.90735
83 0.915
84 0.9256
85 0.9412
86 0.95405
87 0.9656
88 0.9775
89 0.99545
90 1.02055
# Generated pool n. 38 for Umax = -14.483796119689941
# Generated a biased pool of 20000 with an acceptance of 0.5508642792701721
# Generated a pool of 20000 with an acceptance of 0.011214835164835166
# Generation repeated 91 times
# Average relative effective sample size: 0.19625289738178253
# Generation efficiency: 0.01098901098901099
