# Generation 23

0 0.00065
1 0.00255
2 0.00815
3 0.01385
4 0.01735
5 0.0219
6 0.02355
7 0.02415
8 0.025
9 0.02745
10 0.0306
11 0.031
12 0.03635
13 0.03745
14 0.03835
15 0.03895
16 0.04045
17 0.04185
18 0.0437
19 0.0536
20 0.0608
21 0.06415
22 0.067
23 0.06955
24 0.0749
25 0.07795
26 0.07895
27 0.0833
28 0.0843
29 0.08925
30 0.09035
31 0.09505
32 0.09585
33 0.09695
34 0.0982
35 0.1002
36 0.1048
37 0.11125
38 0.1145
39 0.1178
40 0.1192
41 0.1201
42 0.1214
43 0.1223
44 0.1245
45 0.13085
46 0.1311
47 0.1331
48 0.13335
49 0.13615
50 0.13805
51 0.14055
52 0.1438
53 0.1443
54 0.14645
55 0.14815
56 0.1521
57 0.1578
58 0.15905
59 0.1599
60 0.1615
61 0.1672
62 0.1692
63 0.17305
64 0.1741
65 0.17725
66 0.1785
67 0.18145
68 0.18365
69 0.18735
70 0.1877
71 0.18965
72 0.19455
73 0.197
74 0.19965
75 0.20305
76 0.20485
77 0.2081
78 0.213
79 0.21525
80 0.21655
81 0.219
82 0.2206
83 0.22235
84 0.22685
85 0.2312
86 0.23725
87 0.24265
88 0.2447
89 0.2458
90 0.25045
91 0.2512
92 0.2526
93 0.25315
94 0.25415
95 0.2555
96 0.2607
97 0.2648
98 0.2703
99 0.2747
100 0.2792
101 0.28145
102 0.286
103 0.2884
104 0.28975
105 0.2905
106 0.2957
107 0.29595
108 0.2977
109 0.30005
110 0.30125
111 0.30225
112 0.30685
113 0.30925
114 0.31065
115 0.31205
116 0.3133
117 0.3169
118 0.3221
119 0.324
120 0.3301
121 0.3326
122 0.3353
123 0.33765
124 0.34925
125 0.3559
126 0.3595
127 0.3628
128 0.3646
129 0.3653
130 0.36875
131 0.3749
132 0.3793
133 0.38105
134 0.3851
135 0.38775
136 0.3891
137 0.39065
138 0.3968
139 0.40185
140 0.4023
141 0.4047
142 0.41095
143 0.41255
144 0.41625
145 0.419
146 0.4203
147 0.42165
148 0.42355
149 0.42475
150 0.4258
151 0.4287
152 0.43025
153 0.43105
154 0.4325
155 0.43735
156 0.4413
157 0.4435
158 0.4473
159 0.449
160 0.4509
161 0.45675
162 0.46045
163 0.46205
164 0.4634
165 0.4658
166 0.46875
167 0.47095
168 0.4739
169 0.47625
170 0.47785
171 0.47895
172 0.48515
173 0.48615
174 0.48735
175 0.4895
176 0.49535
177 0.49645
178 0.4978
179 0.4985
180 0.50325
181 0.50545
182 0.5082
183 0.50965
184 0.51565
185 0.5183
186 0.5199
187 0.52255
188 0.5244
189 0.52555
190 0.52765
191 0.5321
192 0.53575
193 0.54015
194 0.54355
195 0.5441
196 0.54585
197 0.54675
198 0.5499
199 0.55205
200 0.5554
201 0.55605
202 0.55785
203 0.5591
204 0.5646
205 0.56485
206 0.5715
207 0.57545
208 0.5787
209 0.58095
210 0.58815
211 0.59045
212 0.59345
213 0.59645
214 0.60025
215 0.6041
216 0.6072
217 0.60975
218 0.61105
219 0.61555
220 0.61755
221 0.62165
222 0.6268
223 0.6284
224 0.63095
225 0.63495
226 0.63855
227 0.64215
228 0.6442
229 0.6455
230 0.64675
231 0.6503
232 0.6507
233 0.65515
234 0.6597
235 0.66415
236 0.66705
237 0.6694
238 0.67135
239 0.67375
240 0.676
241 0.67815
242 0.67865
243 0.6844
244 0.6885
245 0.6907
246 0.69475
247 0.69855
248 0.70105
249 0.70545
250 0.71085
251 0.71295
252 0.7168
253 0.72
254 0.7236
255 0.7261
256 0.72735
257 0.72865
258 0.7315
259 0.73365
260 0.73725
261 0.7396
262 0.74085
263 0.7429
264 0.74415
265 0.7451
266 0.74795
267 0.7524
268 0.757
269 0.75775
270 0.76105
271 0.76645
272 0.772
273 0.7746
274 0.77795
275 0.78045
276 0.7809
277 0.78435
278 0.785
279 0.7862
280 0.7899
281 0.79175
282 0.8006
283 0.8024
284 0.80555
285 0.80865
286 0.8107
287 0.81385
288 0.8148
289 0.81965
290 0.8205
291 0.8207
292 0.8248
293 0.82605
294 0.8294
295 0.8332
296 0.8354
297 0.83755
298 0.8394
299 0.8416
300 0.84535
301 0.848
302 0.85145
303 0.85245
304 0.8554
305 0.85575
306 0.8598
307 0.862
308 0.8696
309 0.8739
310 0.87465
311 0.87725
312 0.8779
313 0.88155
314 0.88495
315 0.8854
316 0.8895
317 0.8909
318 0.89535
319 0.8975
320 0.9023
321 0.90685
322 0.9094
323 0.912
324 0.9162
325 0.91915
326 0.92325
327 0.92635
328 0.9271
329 0.9295
330 0.9382
331 0.94145
332 0.9427
333 0.95155
334 0.95435
335 0.9572
336 0.96215
337 0.96515
338 0.96615
339 0.97075
340 0.97575
341 0.9772
342 0.98095
343 0.98675
344 0.98985
345 0.99065
346 0.9925
347 0.994
348 0.99485
349 0.99755
350 1.0034
# Generated pool n. 23 for Umax = -8.80401611328125
# Generated a biased pool of 20000 with an acceptance of 0.24603305757045746
# Generated a pool of 20000 with an acceptance of 0.0028586894586894577
# Generation repeated 351 times
# Average relative effective sample size: 0.03136130049824715
# Generation efficiency: 0.002849002849002849
