# Generation 2

0 0.0092
1 0.02465
2 0.0437
3 0.06565
4 0.08495
5 0.0931
6 0.11325
7 0.13715
8 0.1598
9 0.1762
10 0.18865
11 0.2085
12 0.22035
13 0.2409
14 0.2607
15 0.28575
16 0.3122
17 0.32135
18 0.3428
19 0.35105
20 0.3666
21 0.37685
22 0.40215
23 0.40815
24 0.4239
25 0.4408
26 0.4546
27 0.47185
28 0.49095
29 0.50865
30 0.52555
31 0.5466
32 0.56195
33 0.57595
34 0.58875
35 0.61105
36 0.6266
37 0.64675
38 0.66875
39 0.69235
40 0.7114
41 0.73505
42 0.75085
43 0.7643
44 0.7803
45 0.79955
46 0.818
47 0.8418
48 0.8603
49 0.8758
50 0.8968
51 0.91505
52 0.93125
53 0.9476
54 0.95925
55 0.97375
56 0.9958
57 1.0232
# Generated pool n. 2 for Umax = 926.4996948242188
# Generated a biased pool of 20000 with an acceptance of 0.37944310903549194
# Generated a pool of 20000 with an acceptance of 0.017641379310344825
# Generation repeated 58 times
# Average relative effective sample size: 0.174406960606575
# Generation efficiency: 0.017241379310344827
