# Generation 35

0 0.0223
1 0.03725
2 0.04405
3 0.0663
4 0.07405
5 0.08445
6 0.088
7 0.09155
8 0.1013
9 0.1055
10 0.1184
11 0.13525
12 0.13895
13 0.1546
14 0.16665
15 0.18415
16 0.1921
17 0.2077
18 0.2144
19 0.2253
20 0.23535
21 0.2457
22 0.2571
23 0.27555
24 0.2845
25 0.29175
26 0.30735
27 0.31595
28 0.3243
29 0.3256
30 0.3474
31 0.35585
32 0.3613
33 0.3724
34 0.3852
35 0.39535
36 0.41585
37 0.42395
38 0.43475
39 0.45255
40 0.4617
41 0.4688
42 0.4891
43 0.49725
44 0.5102
45 0.5229
46 0.5403
47 0.5574
48 0.5748
49 0.60225
50 0.60955
51 0.62225
52 0.62425
53 0.6354
54 0.6534
55 0.6702
56 0.68205
57 0.68585
58 0.70605
59 0.71475
60 0.71985
61 0.7274
62 0.7364
63 0.74705
64 0.75335
65 0.77365
66 0.7935
67 0.8098
68 0.83655
69 0.8428
70 0.8492
71 0.8683
72 0.87585
73 0.893
74 0.9149
75 0.9219
76 0.93395
77 0.94425
78 0.9467
79 0.95475
80 0.96155
81 0.97545
82 0.98745
83 1.00705
# Generated pool n. 35 for Umax = -14.204373359680176
# Generated a biased pool of 20000 with an acceptance of 0.5564572215080261
# Generated a pool of 20000 with an acceptance of 0.011988690476190476
# Generation repeated 84 times
# Average relative effective sample size: 0.19939863681793213
# Generation efficiency: 0.011904761904761904
