# Generation 44

0 0.00965
1 0.02645
2 0.03545
3 0.036
4 0.04705
5 0.0534
6 0.0589
7 0.07125
8 0.07935
9 0.08915
10 0.09135
11 0.1058
12 0.1124
13 0.11475
14 0.116
15 0.13405
16 0.13795
17 0.15925
18 0.1755
19 0.19415
20 0.20345
21 0.21775
22 0.21925
23 0.2358
24 0.246
25 0.2547
26 0.26235
27 0.26415
28 0.2763
29 0.28245
30 0.2992
31 0.3128
32 0.33095
33 0.33605
34 0.35495
35 0.3714
36 0.38255
37 0.3991
38 0.4141
39 0.4183
40 0.4305
41 0.4432
42 0.4455
43 0.44865
44 0.4549
45 0.4614
46 0.47905
47 0.4906
48 0.50365
49 0.51735
50 0.52985
51 0.541
52 0.5527
53 0.57795
54 0.59605
55 0.60405
56 0.60505
57 0.61055
58 0.6251
59 0.62635
60 0.6332
61 0.64575
62 0.6495
63 0.6603
64 0.66595
65 0.66815
66 0.6817
67 0.68835
68 0.7005
69 0.71255
70 0.7205
71 0.7289
72 0.7346
73 0.74255
74 0.75935
75 0.77095
76 0.7821
77 0.7867
78 0.7996
79 0.8144
80 0.8222
81 0.8288
82 0.84195
83 0.8456
84 0.8586
85 0.87045
86 0.8821
87 0.88575
88 0.8899
89 0.89775
90 0.9156
91 0.92205
92 0.9259
93 0.9365
94 0.94755
95 0.95825
96 0.9775
97 0.9901
98 0.99585
99 1.00275
# Generated pool n. 44 for Umax = -14.770548820495605
# Generated a biased pool of 20000 with an acceptance of 0.5401345491409302
# Generated a pool of 20000 with an acceptance of 0.010027500000000005
# Generation repeated 100 times
# Average relative effective sample size: 0.1832628846168518
# Generation efficiency: 0.01
