# Generation 9

0 0.0012
1 0.004
2 0.0055
3 0.00705
4 0.00775
5 0.01145
6 0.01215
7 0.01345
8 0.014
9 0.01735
10 0.0193
11 0.0211
12 0.02575
13 0.0258
14 0.02705
15 0.03035
16 0.03335
17 0.03445
18 0.03575
19 0.03795
20 0.04005
21 0.04275
22 0.04635
23 0.04795
24 0.05005
25 0.0522
26 0.0554
27 0.0609
28 0.0631
29 0.06735
30 0.0677
31 0.0683
32 0.0711
33 0.07205
34 0.07255
35 0.07375
36 0.0747
37 0.07915
38 0.082
39 0.0859
40 0.0891
41 0.09225
42 0.0929
43 0.0935
44 0.094
45 0.0947
46 0.0965
47 0.09825
48 0.0998
49 0.10145
50 0.1031
51 0.10475
52 0.106
53 0.10835
54 0.1105
55 0.1132
56 0.1147
57 0.11565
58 0.1178
59 0.11985
60 0.12265
61 0.12395
62 0.12505
63 0.12965
64 0.13085
65 0.13235
66 0.1334
67 0.1344
68 0.13475
69 0.1363
70 0.139
71 0.14055
72 0.1416
73 0.14395
74 0.1458
75 0.1463
76 0.14825
77 0.15185
78 0.1539
79 0.15595
80 0.15695
81 0.16
82 0.16245
83 0.1634
84 0.1643
85 0.16625
86 0.1678
87 0.16905
88 0.172
89 0.1749
90 0.1769
91 0.18035
92 0.1855
93 0.18745
94 0.18935
95 0.19075
96 0.1924
97 0.19325
98 0.19375
99 0.195
100 0.1966
101 0.1984
102 0.19965
103 0.2008
104 0.20215
105 0.20225
106 0.20235
107 0.20265
108 0.20665
109 0.21015
110 0.21215
111 0.2134
112 0.216
113 0.2175
114 0.21915
115 0.22155
116 0.2227
117 0.22365
118 0.22685
119 0.2285
120 0.2288
121 0.23045
122 0.23115
123 0.2334
124 0.23355
125 0.23465
126 0.2354
127 0.2365
128 0.23955
129 0.24125
130 0.24265
131 0.24645
132 0.2491
133 0.2515
134 0.2541
135 0.258
136 0.26065
137 0.26225
138 0.26455
139 0.26795
140 0.2695
141 0.27135
142 0.2721
143 0.2735
144 0.2756
145 0.2772
146 0.2802
147 0.28155
148 0.28265
149 0.2863
150 0.28825
151 0.291
152 0.2916
153 0.29305
154 0.2962
155 0.2981
156 0.3005
157 0.30275
158 0.3032
159 0.3042
160 0.3048
161 0.30605
162 0.3067
163 0.308
164 0.3108
165 0.3152
166 0.3178
167 0.318
168 0.3196
169 0.32085
170 0.32215
171 0.3236
172 0.3243
173 0.32585
174 0.32605
175 0.32745
176 0.328
177 0.3292
178 0.33165
179 0.3332
180 0.33395
181 0.33595
182 0.33715
183 0.3393
184 0.3426
185 0.34395
186 0.345
187 0.34505
188 0.3469
189 0.34795
190 0.35
191 0.35075
192 0.35315
193 0.35455
194 0.35605
195 0.3576
196 0.3593
197 0.362
198 0.3629
199 0.36405
200 0.3643
201 0.3669
202 0.3699
203 0.37075
204 0.3735
205 0.3746
206 0.376
207 0.37665
208 0.37825
209 0.37945
210 0.38135
211 0.3841
212 0.385
213 0.3851
214 0.3857
215 0.38635
216 0.3872
217 0.3888
218 0.39075
219 0.39165
220 0.39355
221 0.39625
222 0.39825
223 0.39845
224 0.40245
225 0.40355
226 0.40445
227 0.40995
228 0.41135
229 0.4118
230 0.41315
231 0.41465
232 0.4174
233 0.4191
234 0.41975
235 0.4207
236 0.4226
237 0.42385
238 0.4244
239 0.42715
240 0.4284
241 0.43
242 0.43105
243 0.4323
244 0.4331
245 0.43385
246 0.4353
247 0.43565
248 0.4372
249 0.43775
250 0.43865
251 0.44185
252 0.44535
253 0.44585
254 0.4473
255 0.44935
256 0.4505
257 0.45285
258 0.45335
259 0.4548
260 0.45685
261 0.45945
262 0.4602
263 0.46075
264 0.4611
265 0.46245
266 0.4633
267 0.46485
268 0.4679
269 0.46825
270 0.47045
271 0.47225
272 0.47385
273 0.47445
274 0.4752
275 0.47675
276 0.4774
277 0.4788
278 0.48005
279 0.48185
280 0.48205
281 0.4824
282 0.4846
283 0.4858
284 0.48715
285 0.48975
286 0.4921
287 0.4927
288 0.4948
289 0.4956
290 0.4977
291 0.49925
292 0.50055
293 0.50295
294 0.50425
295 0.5062
296 0.50695
297 0.5081
298 0.51025
299 0.51295
300 0.51475
301 0.51595
302 0.5193
303 0.52035
304 0.52105
305 0.5223
306 0.52385
307 0.5245
308 0.5261
309 0.52655
310 0.5306
311 0.5331
312 0.5355
313 0.539
314 0.54235
315 0.5446
316 0.54715
317 0.5493
318 0.54995
319 0.55135
320 0.55195
321 0.55435
322 0.55485
323 0.55655
324 0.55865
325 0.56145
326 0.5637
327 0.56455
328 0.56605
329 0.56765
330 0.5692
331 0.5713
332 0.57225
333 0.573
334 0.5756
335 0.57665
336 0.579
337 0.581
338 0.58275
339 0.58395
340 0.58615
341 0.58745
342 0.5885
343 0.59025
344 0.5919
345 0.59425
346 0.59505
347 0.5978
348 0.5988
349 0.6008
350 0.6025
351 0.6069
352 0.6077
353 0.60875
354 0.61085
355 0.61345
356 0.6151
357 0.616
358 0.6177
359 0.61795
360 0.62045
361 0.62345
362 0.62515
363 0.6273
364 0.62895
365 0.63
366 0.63135
367 0.63295
368 0.63375
369 0.6365
370 0.63685
371 0.63775
372 0.64065
373 0.64265
374 0.6432
375 0.6453
376 0.6464
377 0.64735
378 0.64835
379 0.6522
380 0.6532
381 0.65505
382 0.65865
383 0.66065
384 0.6616
385 0.6644
386 0.66775
387 0.66855
388 0.67155
389 0.67255
390 0.6736
391 0.67605
392 0.6804
393 0.6813
394 0.68585
395 0.6879
396 0.69115
397 0.69435
398 0.69595
399 0.6964
400 0.6968
401 0.69735
402 0.7002
403 0.7022
404 0.70515
405 0.7061
406 0.70865
407 0.7101
408 0.71175
409 0.7124
410 0.71285
411 0.71625
412 0.71855
413 0.72115
414 0.723
415 0.72475
416 0.72715
417 0.7284
418 0.7306
419 0.73145
420 0.73345
421 0.73385
422 0.73645
423 0.73775
424 0.7406
425 0.744
426 0.7478
427 0.7497
428 0.75245
429 0.7533
430 0.75415
431 0.7563
432 0.7578
433 0.7589
434 0.7624
435 0.7666
436 0.76695
437 0.76795
438 0.76995
439 0.7717
440 0.7744
441 0.77625
442 0.7774
443 0.7791
444 0.78065
445 0.7841
446 0.7852
447 0.7877
448 0.78935
449 0.78995
450 0.79115
451 0.7928
452 0.79385
453 0.7942
454 0.79685
455 0.7985
456 0.8003
457 0.8028
458 0.80365
459 0.80625
460 0.80915
461 0.81095
462 0.8134
463 0.81425
464 0.8157
465 0.8183
466 0.81905
467 0.82055
468 0.8227
469 0.8258
470 0.8262
471 0.82705
472 0.82825
473 0.82935
474 0.83185
475 0.83195
476 0.8347
477 0.8357
478 0.83615
479 0.8365
480 0.8382
481 0.8391
482 0.8416
483 0.84365
484 0.8478
485 0.8508
486 0.85155
487 0.8529
488 0.85475
489 0.85615
490 0.8573
491 0.8592
492 0.86235
493 0.8643
494 0.86805
495 0.8691
496 0.8715
497 0.8732
498 0.8751
499 0.87725
500 0.8791
501 0.88185
502 0.88315
503 0.8853
504 0.8867
505 0.88775
506 0.8909
507 0.89375
508 0.8955
509 0.89695
510 0.8982
511 0.90035
512 0.90185
513 0.90365
514 0.9051
515 0.9073
516 0.9094
517 0.9105
518 0.9136
519 0.9148
520 0.91655
521 0.91685
522 0.91915
523 0.92135
524 0.92505
525 0.92665
526 0.92675
527 0.9276
528 0.92915
529 0.93235
530 0.93355
531 0.9352
532 0.93605
533 0.9369
534 0.9387
535 0.94105
536 0.9422
537 0.9441
538 0.9448
539 0.948
540 0.94915
541 0.95115
542 0.95315
543 0.9537
544 0.9547
545 0.95595
546 0.95805
547 0.9614
548 0.9634
549 0.9644
550 0.96695
551 0.9702
552 0.9731
553 0.97485
554 0.97525
555 0.9776
556 0.9786
557 0.97945
558 0.9823
559 0.98315
560 0.9853
561 0.9867
562 0.9893
563 0.9908
564 0.99275
565 0.99345
566 0.99575
567 0.9967
568 0.998
569 0.9994
570 1.0003
# Generated pool n. 9 for Umax = 157.61021423339844
# Generated a biased pool of 20000 with an acceptance of 0.11232168227434158
# Generated a pool of 20000 with an acceptance of 0.0017518388791593683
# Generation repeated 571 times
# Average relative effective sample size: 0.013806067407131195
# Generation efficiency: 0.0017513134851138354
