# Generation 36

0 0.0173
1 0.0294
2 0.0509
3 0.0744
4 0.0945
5 0.1042
6 0.13625
7 0.14755
8 0.1738
9 0.18455
10 0.19475
11 0.21705
12 0.23955
13 0.24795
14 0.26465
15 0.26965
16 0.28035
17 0.2947
18 0.3159
19 0.31765
20 0.33085
21 0.34195
22 0.35345
23 0.3602
24 0.36445
25 0.37785
26 0.3974
27 0.40785
28 0.4325
29 0.44505
30 0.4609
31 0.47685
32 0.4953
33 0.5016
34 0.5126
35 0.53285
36 0.54325
37 0.55375
38 0.55845
39 0.5645
40 0.5827
41 0.5947
42 0.61725
43 0.62925
44 0.6327
45 0.6542
46 0.66345
47 0.6935
48 0.71055
49 0.72425
50 0.73285
51 0.73295
52 0.74975
53 0.75815
54 0.7847
55 0.8043
56 0.821
57 0.82705
58 0.83415
59 0.8439
60 0.8544
61 0.85925
62 0.88645
63 0.8967
64 0.90655
65 0.9301
66 0.93265
67 0.9531
68 0.9754
69 0.98025
70 0.9896
71 1.00595
# Generated pool n. 36 for Umax = -14.314881324768066
# Generated a biased pool of 20000 with an acceptance of 0.5640373826026917
# Generated a pool of 20000 with an acceptance of 0.013971527777777777
# Generation repeated 72 times
# Average relative effective sample size: 0.22983741760253906
# Generation efficiency: 0.013888888888888888
