# Generation 40

0 0.0305
1 0.04905
2 0.0675
3 0.081
4 0.09765
5 0.1036
6 0.1189
7 0.15095
8 0.1818
9 0.19765
10 0.2267
11 0.2425
12 0.2505
13 0.2666
14 0.27675
15 0.29955
16 0.32435
17 0.3488
18 0.36495
19 0.3895
20 0.39925
21 0.42035
22 0.4327
23 0.4509
24 0.4632
25 0.49
26 0.50525
27 0.5186
28 0.52965
29 0.53565
30 0.56165
31 0.5914
32 0.602
33 0.62435
34 0.6394
35 0.65845
36 0.666
37 0.6871
38 0.7024
39 0.7181
40 0.74085
41 0.75635
42 0.77955
43 0.80665
44 0.8295
45 0.8431
46 0.8689
47 0.8916
48 0.91345
49 0.93905
50 0.9561
51 0.9636
52 0.9786
53 0.9969
54 1.0091
# Generated pool n. 40 for Umax = -14.615721702575684
# Generated a biased pool of 20000 with an acceptance of 0.6116089820861816
# Generated a pool of 20000 with an acceptance of 0.01834727272727273
# Generation repeated 55 times
# Average relative effective sample size: 0.2902076244354248
# Generation efficiency: 0.01818181818181818
