# Generation 23

0 0.00025
1 0.0031
2 0.00465
3 0.00515
4 0.00565
5 0.0086
6 0.0089
7 0.00955
8 0.0107
9 0.011
10 0.0116
11 0.0138
12 0.01435
13 0.01545
14 0.01735
15 0.0181
16 0.01915
17 0.0204
18 0.0217
19 0.0228
20 0.02315
21 0.02325
22 0.02405
23 0.02465
24 0.0277
25 0.02905
26 0.0314
27 0.0315
28 0.03325
29 0.0345
30 0.0392
31 0.04115
32 0.0417
33 0.0447
34 0.0459
35 0.0463
36 0.0478
37 0.04875
38 0.04985
39 0.05065
40 0.05365
41 0.05455
42 0.05705
43 0.05845
44 0.0598
45 0.0602
46 0.0606
47 0.06085
48 0.062
49 0.0639
50 0.06585
51 0.06735
52 0.06795
53 0.0682
54 0.0701
55 0.07085
56 0.07205
57 0.07325
58 0.07455
59 0.0748
60 0.07675
61 0.07685
62 0.0771
63 0.0775
64 0.0787
65 0.08015
66 0.0815
67 0.08225
68 0.08315
69 0.08635
70 0.0868
71 0.08775
72 0.08855
73 0.0896
74 0.09005
75 0.09055
76 0.0919
77 0.092
78 0.093
79 0.0951
80 0.0956
81 0.09625
82 0.0967
83 0.09675
84 0.098
85 0.0983
86 0.09905
87 0.10045
88 0.10075
89 0.10125
90 0.10285
91 0.10465
92 0.10575
93 0.10655
94 0.107
95 0.1082
96 0.1106
97 0.11125
98 0.11275
99 0.1145
100 0.1169
101 0.11965
102 0.1211
103 0.1212
104 0.12265
105 0.1241
106 0.12645
107 0.12705
108 0.12775
109 0.1281
110 0.1286
111 0.1291
112 0.1312
113 0.13315
114 0.13335
115 0.13355
116 0.13575
117 0.13645
118 0.13925
119 0.1399
120 0.1414
121 0.14325
122 0.14425
123 0.1446
124 0.1449
125 0.1462
126 0.1471
127 0.14895
128 0.14985
129 0.15065
130 0.1515
131 0.15425
132 0.15555
133 0.15615
134 0.1573
135 0.15785
136 0.15935
137 0.1613
138 0.16155
139 0.1624
140 0.16315
141 0.1653
142 0.16595
143 0.16785
144 0.1696
145 0.17075
146 0.1726
147 0.1745
148 0.1759
149 0.1769
150 0.17805
151 0.1809
152 0.1817
153 0.1846
154 0.1857
155 0.18775
156 0.18875
157 0.1899
158 0.19115
159 0.19185
160 0.1935
161 0.1944
162 0.1956
163 0.19695
164 0.19995
165 0.20045
166 0.20185
167 0.2026
168 0.20525
169 0.2054
170 0.20725
171 0.2091
172 0.2093
173 0.21135
174 0.21345
175 0.21365
176 0.2162
177 0.22
178 0.2209
179 0.2214
180 0.22315
181 0.2248
182 0.22695
183 0.2273
184 0.2306
185 0.23185
186 0.23345
187 0.236
188 0.23745
189 0.2379
190 0.2386
191 0.24
192 0.2422
193 0.2424
194 0.2452
195 0.2468
196 0.24785
197 0.2485
198 0.2499
199 0.25015
200 0.2509
201 0.25315
202 0.25385
203 0.25415
204 0.2545
205 0.2552
206 0.2556
207 0.2575
208 0.2588
209 0.25925
210 0.261
211 0.2617
212 0.26185
213 0.2649
214 0.2652
215 0.2687
216 0.26925
217 0.27005
218 0.2723
219 0.2726
220 0.27325
221 0.27545
222 0.2767
223 0.2788
224 0.2796
225 0.28085
226 0.2817
227 0.2822
228 0.2825
229 0.28275
230 0.28405
231 0.28435
232 0.2852
233 0.28595
234 0.2865
235 0.28705
236 0.28855
237 0.28955
238 0.29185
239 0.29355
240 0.2962
241 0.29665
242 0.29755
243 0.2986
244 0.29985
245 0.30055
246 0.30145
247 0.3044
248 0.30465
249 0.3066
250 0.3086
251 0.31055
252 0.3114
253 0.3125
254 0.3131
255 0.31375
256 0.31495
257 0.31555
258 0.3168
259 0.3191
260 0.31995
261 0.3202
262 0.32115
263 0.3222
264 0.3233
265 0.32435
266 0.3252
267 0.32665
268 0.328
269 0.329
270 0.32985
271 0.33035
272 0.334
273 0.33495
274 0.3363
275 0.3374
276 0.3392
277 0.34025
278 0.3413
279 0.3429
280 0.3446
281 0.34495
282 0.34635
283 0.34785
284 0.34935
285 0.35125
286 0.35335
287 0.35495
288 0.3572
289 0.3583
290 0.3599
291 0.36125
292 0.36135
293 0.3616
294 0.36265
295 0.36425
296 0.36605
297 0.36625
298 0.3664
299 0.3677
300 0.36875
301 0.37015
302 0.37095
303 0.3721
304 0.3745
305 0.3761
306 0.3766
307 0.37745
308 0.37865
309 0.38
310 0.3816
311 0.3823
312 0.3847
313 0.3849
314 0.38745
315 0.3896
316 0.38995
317 0.39085
318 0.3933
319 0.3958
320 0.3969
321 0.39885
322 0.399
323 0.39955
324 0.401
325 0.4028
326 0.40335
327 0.4048
328 0.4065
329 0.4074
330 0.40895
331 0.4098
332 0.4116
333 0.41235
334 0.41325
335 0.4144
336 0.41475
337 0.4157
338 0.4163
339 0.4175
340 0.41775
341 0.4187
342 0.42055
343 0.42075
344 0.42105
345 0.4213
346 0.42135
347 0.423
348 0.42425
349 0.4244
350 0.42625
351 0.4273
352 0.42815
353 0.42935
354 0.43115
355 0.432
356 0.43375
357 0.4349
358 0.4353
359 0.4355
360 0.43645
361 0.43775
362 0.43845
363 0.43935
364 0.4405
365 0.44095
366 0.44175
367 0.44395
368 0.44485
369 0.4455
370 0.44645
371 0.4467
372 0.4478
373 0.4481
374 0.4488
375 0.45025
376 0.4512
377 0.4518
378 0.45205
379 0.4534
380 0.45475
381 0.4568
382 0.45685
383 0.45935
384 0.4604
385 0.4608
386 0.46135
387 0.462
388 0.4635
389 0.4658
390 0.46645
391 0.46715
392 0.4689
393 0.4699
394 0.4706
395 0.47245
396 0.4734
397 0.4739
398 0.4743
399 0.47585
400 0.47625
401 0.4775
402 0.479
403 0.48
404 0.4821
405 0.4829
406 0.48425
407 0.4865
408 0.48925
409 0.49065
410 0.49175
411 0.4922
412 0.49345
413 0.49375
414 0.4948
415 0.49695
416 0.4974
417 0.49835
418 0.499
419 0.4994
420 0.49995
421 0.50145
422 0.5019
423 0.5039
424 0.50435
425 0.5047
426 0.5055
427 0.50615
428 0.50875
429 0.5092
430 0.5106
431 0.51115
432 0.5122
433 0.5145
434 0.5165
435 0.51665
436 0.51735
437 0.51865
438 0.519
439 0.51955
440 0.52095
441 0.52145
442 0.52275
443 0.5237
444 0.5245
445 0.5265
446 0.52795
447 0.52905
448 0.53075
449 0.53145
450 0.53165
451 0.53385
452 0.5343
453 0.5345
454 0.5349
455 0.53565
456 0.5375
457 0.538
458 0.539
459 0.54035
460 0.54205
461 0.5441
462 0.54515
463 0.54555
464 0.5468
465 0.5488
466 0.5494
467 0.5508
468 0.553
469 0.5535
470 0.55455
471 0.55495
472 0.5569
473 0.5577
474 0.5587
475 0.5603
476 0.5613
477 0.56155
478 0.5617
479 0.5624
480 0.56255
481 0.56395
482 0.5641
483 0.56515
484 0.566
485 0.5674
486 0.5675
487 0.5682
488 0.56925
489 0.5704
490 0.5705
491 0.57195
492 0.57285
493 0.5734
494 0.5756
495 0.57675
496 0.57865
497 0.5794
498 0.57945
499 0.5804
500 0.58135
501 0.58475
502 0.5857
503 0.5868
504 0.58875
505 0.59
506 0.5901
507 0.591
508 0.5918
509 0.5942
510 0.59465
511 0.5958
512 0.59745
513 0.5978
514 0.5996
515 0.60075
516 0.601
517 0.60275
518 0.60465
519 0.60515
520 0.607
521 0.60775
522 0.6088
523 0.6091
524 0.60975
525 0.6119
526 0.6138
527 0.6155
528 0.61625
529 0.6164
530 0.6178
531 0.61935
532 0.61995
533 0.62325
534 0.6235
535 0.62545
536 0.6272
537 0.62905
538 0.63005
539 0.63105
540 0.63235
541 0.63335
542 0.63495
543 0.63575
544 0.63625
545 0.63755
546 0.64125
547 0.64205
548 0.6435
549 0.64405
550 0.64485
551 0.6454
552 0.6461
553 0.647
554 0.6476
555 0.648
556 0.65045
557 0.65155
558 0.6534
559 0.65485
560 0.65725
561 0.65865
562 0.6589
563 0.66065
564 0.66125
565 0.6616
566 0.66265
567 0.66325
568 0.6652
569 0.6655
570 0.6661
571 0.6674
572 0.66785
573 0.6695
574 0.66965
575 0.67025
576 0.6716
577 0.67295
578 0.675
579 0.67645
580 0.67715
581 0.67765
582 0.67815
583 0.68115
584 0.6816
585 0.68355
586 0.6839
587 0.68445
588 0.6848
589 0.686
590 0.68685
591 0.68875
592 0.69
593 0.6906
594 0.69175
595 0.69295
596 0.69455
597 0.69575
598 0.6959
599 0.69665
600 0.69845
601 0.6998
602 0.7003
603 0.7037
604 0.7047
605 0.70645
606 0.70715
607 0.7086
608 0.70895
609 0.70935
610 0.71025
611 0.711
612 0.7129
613 0.71405
614 0.7142
615 0.71505
616 0.7164
617 0.7184
618 0.71925
619 0.72095
620 0.7215
621 0.7221
622 0.7245
623 0.7252
624 0.72555
625 0.7263
626 0.7282
627 0.7307
628 0.7313
629 0.7325
630 0.73335
631 0.7336
632 0.73615
633 0.73655
634 0.73875
635 0.739
636 0.7399
637 0.74025
638 0.7408
639 0.7417
640 0.74265
641 0.74305
642 0.74345
643 0.74505
644 0.74605
645 0.74765
646 0.7504
647 0.7512
648 0.75275
649 0.75335
650 0.75545
651 0.7561
652 0.7574
653 0.76085
654 0.76155
655 0.76165
656 0.7623
657 0.76565
658 0.76655
659 0.76805
660 0.76945
661 0.77045
662 0.77285
663 0.7747
664 0.77555
665 0.77675
666 0.77885
667 0.77915
668 0.78075
669 0.781
670 0.7818
671 0.78325
672 0.78415
673 0.78455
674 0.7857
675 0.7866
676 0.78775
677 0.78925
678 0.7907
679 0.79255
680 0.7931
681 0.7933
682 0.7939
683 0.7963
684 0.79785
685 0.79885
686 0.7995
687 0.79965
688 0.8001
689 0.80175
690 0.80295
691 0.8056
692 0.80645
693 0.80705
694 0.8098
695 0.8107
696 0.8113
697 0.81145
698 0.8126
699 0.8156
700 0.8166
701 0.81705
702 0.8181
703 0.8202
704 0.821
705 0.8228
706 0.82385
707 0.8255
708 0.82635
709 0.82725
710 0.8287
711 0.83215
712 0.83285
713 0.83305
714 0.8335
715 0.83385
716 0.8346
717 0.8357
718 0.8365
719 0.838
720 0.84005
721 0.8408
722 0.8416
723 0.8419
724 0.84415
725 0.84585
726 0.84645
727 0.8467
728 0.84895
729 0.84905
730 0.8508
731 0.8512
732 0.8526
733 0.8544
734 0.85495
735 0.8574
736 0.85755
737 0.8579
738 0.8583
739 0.86015
740 0.8628
741 0.8642
742 0.86495
743 0.86635
744 0.8679
745 0.86905
746 0.8698
747 0.87015
748 0.87215
749 0.87325
750 0.8736
751 0.87445
752 0.87535
753 0.8762
754 0.8769
755 0.8771
756 0.8786
757 0.87915
758 0.8815
759 0.8832
760 0.8834
761 0.88395
762 0.88505
763 0.8863
764 0.88665
765 0.8893
766 0.89015
767 0.89065
768 0.89195
769 0.8924
770 0.8947
771 0.89605
772 0.89775
773 0.89985
774 0.90105
775 0.9022
776 0.90525
777 0.90535
778 0.90735
779 0.9086
780 0.909
781 0.91025
782 0.91045
783 0.91105
784 0.91135
785 0.9122
786 0.9132
787 0.91435
788 0.91515
789 0.9161
790 0.91815
791 0.919
792 0.9218
793 0.9246
794 0.9263
795 0.9275
796 0.9286
797 0.93065
798 0.93185
799 0.93305
800 0.9339
801 0.93535
802 0.93665
803 0.9382
804 0.9391
805 0.93935
806 0.9401
807 0.9415
808 0.94325
809 0.94385
810 0.94645
811 0.94745
812 0.94765
813 0.9481
814 0.94945
815 0.94975
816 0.95105
817 0.95205
818 0.95295
819 0.95395
820 0.9546
821 0.95555
822 0.9574
823 0.9581
824 0.96065
825 0.9621
826 0.96455
827 0.9659
828 0.9662
829 0.96685
830 0.9709
831 0.97225
832 0.97505
833 0.9778
834 0.97905
835 0.9801
836 0.98245
837 0.98435
838 0.98505
839 0.9856
840 0.98725
841 0.98885
842 0.98985
843 0.99275
844 0.99335
845 0.9939
846 0.9942
847 0.99455
848 0.99705
849 0.99825
850 0.9986
851 0.9996
852 1.0013
# Generated pool n. 23 for Umax = -8.849052429199219
# Generated a biased pool of 20000 with an acceptance of 0.11784335970878601
# Generated a pool of 20000 with an acceptance of 0.0011738569753810062
# Generation repeated 853 times
# Average relative effective sample size: 0.00839390978217125
# Generation efficiency: 0.0011723329425556857
