# Generation 9

0 0.00185
1 0.00465
2 0.00585
3 0.0087
4 0.01285
5 0.0152
6 0.0177
7 0.0204
8 0.0222
9 0.0239
10 0.028
11 0.0281
12 0.03275
13 0.03465
14 0.0368
15 0.03905
16 0.04305
17 0.0445
18 0.0472
19 0.04825
20 0.04895
21 0.05155
22 0.0533
23 0.0568
24 0.05935
25 0.06065
26 0.0616
27 0.0632
28 0.0653
29 0.0667
30 0.0686
31 0.06955
32 0.07115
33 0.0729
34 0.07435
35 0.07675
36 0.07805
37 0.0804
38 0.0845
39 0.086
40 0.08625
41 0.0888
42 0.09305
43 0.09695
44 0.0989
45 0.10075
46 0.1019
47 0.10295
48 0.10535
49 0.10755
50 0.10865
51 0.1114
52 0.1141
53 0.1188
54 0.12005
55 0.1222
56 0.12275
57 0.12465
58 0.12685
59 0.13015
60 0.1312
61 0.13295
62 0.1352
63 0.13635
64 0.14
65 0.1405
66 0.14165
67 0.1422
68 0.14295
69 0.14675
70 0.1489
71 0.15075
72 0.153
73 0.1562
74 0.15755
75 0.15925
76 0.16065
77 0.1614
78 0.16455
79 0.166
80 0.1684
81 0.17025
82 0.1718
83 0.1749
84 0.17595
85 0.17815
86 0.17985
87 0.1811
88 0.18395
89 0.1856
90 0.188
91 0.18875
92 0.1897
93 0.1913
94 0.194
95 0.19475
96 0.19865
97 0.20045
98 0.20295
99 0.20585
100 0.2065
101 0.20955
102 0.21085
103 0.2118
104 0.21425
105 0.21525
106 0.21655
107 0.21675
108 0.21815
109 0.2184
110 0.2202
111 0.22435
112 0.2252
113 0.2261
114 0.22735
115 0.2287
116 0.23005
117 0.23215
118 0.23295
119 0.23425
120 0.2377
121 0.23965
122 0.2409
123 0.2445
124 0.2449
125 0.2472
126 0.2513
127 0.25445
128 0.25655
129 0.259
130 0.26005
131 0.26035
132 0.26235
133 0.26325
134 0.2649
135 0.26655
136 0.26775
137 0.2696
138 0.2705
139 0.27305
140 0.2759
141 0.2774
142 0.2827
143 0.2872
144 0.28825
145 0.2897
146 0.29165
147 0.2932
148 0.29495
149 0.2962
150 0.29655
151 0.29965
152 0.30055
153 0.3028
154 0.3052
155 0.3074
156 0.30875
157 0.31125
158 0.3121
159 0.3132
160 0.31485
161 0.31755
162 0.32105
163 0.32415
164 0.32535
165 0.329
166 0.33015
167 0.33295
168 0.33365
169 0.3368
170 0.3387
171 0.34015
172 0.3426
173 0.34445
174 0.34585
175 0.34675
176 0.34945
177 0.3503
178 0.3518
179 0.35235
180 0.3528
181 0.35375
182 0.35695
183 0.35875
184 0.35925
185 0.3607
186 0.3636
187 0.3647
188 0.36545
189 0.3682
190 0.37
191 0.3714
192 0.3755
193 0.37685
194 0.37835
195 0.38
196 0.38235
197 0.3832
198 0.3846
199 0.3857
200 0.3897
201 0.39095
202 0.39265
203 0.39465
204 0.39595
205 0.39975
206 0.40075
207 0.40185
208 0.40405
209 0.4061
210 0.40725
211 0.4076
212 0.4111
213 0.4124
214 0.41395
215 0.4159
216 0.41705
217 0.4188
218 0.4199
219 0.42305
220 0.42475
221 0.4266
222 0.4317
223 0.43565
224 0.43675
225 0.43945
226 0.4406
227 0.4411
228 0.4416
229 0.4435
230 0.44575
231 0.4474
232 0.451
233 0.4539
234 0.4555
235 0.4587
236 0.4599
237 0.46345
238 0.4667
239 0.47025
240 0.4725
241 0.4745
242 0.4774
243 0.47825
244 0.4794
245 0.47995
246 0.4811
247 0.48275
248 0.48615
249 0.48695
250 0.4892
251 0.49035
252 0.4927
253 0.4945
254 0.4965
255 0.49735
256 0.5001
257 0.5034
258 0.5056
259 0.5079
260 0.51065
261 0.51195
262 0.513
263 0.5166
264 0.51875
265 0.5197
266 0.52345
267 0.52485
268 0.52685
269 0.5285
270 0.52925
271 0.5308
272 0.5325
273 0.5361
274 0.53885
275 0.53945
276 0.5419
277 0.5458
278 0.5482
279 0.55175
280 0.5544
281 0.55535
282 0.55755
283 0.5601
284 0.56215
285 0.5652
286 0.56745
287 0.5683
288 0.57235
289 0.57485
290 0.57705
291 0.5794
292 0.58235
293 0.5838
294 0.58605
295 0.58905
296 0.59175
297 0.59525
298 0.59535
299 0.5978
300 0.60185
301 0.60365
302 0.60505
303 0.6061
304 0.607
305 0.6084
306 0.61095
307 0.6117
308 0.61365
309 0.61545
310 0.61665
311 0.6172
312 0.6217
313 0.62365
314 0.6253
315 0.62655
316 0.62935
317 0.6306
318 0.63115
319 0.63315
320 0.63455
321 0.6371
322 0.6386
323 0.64135
324 0.646
325 0.6485
326 0.6506
327 0.6532
328 0.6551
329 0.65825
330 0.6592
331 0.6607
332 0.66095
333 0.66195
334 0.6629
335 0.66395
336 0.6663
337 0.66675
338 0.66715
339 0.66925
340 0.67125
341 0.67225
342 0.67415
343 0.6768
344 0.6776
345 0.68085
346 0.6842
347 0.6846
348 0.6854
349 0.68635
350 0.6867
351 0.6889
352 0.69045
353 0.69195
354 0.69345
355 0.6955
356 0.6973
357 0.69845
358 0.6998
359 0.7012
360 0.70485
361 0.70825
362 0.7102
363 0.71275
364 0.7147
365 0.71735
366 0.71805
367 0.7198
368 0.7228
369 0.7248
370 0.7258
371 0.7293
372 0.73265
373 0.7357
374 0.739
375 0.7407
376 0.7427
377 0.74315
378 0.74465
379 0.7461
380 0.74655
381 0.7495
382 0.7511
383 0.75295
384 0.75695
385 0.75915
386 0.76285
387 0.7647
388 0.7674
389 0.76745
390 0.76985
391 0.7738
392 0.77535
393 0.7782
394 0.78065
395 0.78265
396 0.78465
397 0.78625
398 0.7882
399 0.79245
400 0.79315
401 0.794
402 0.79535
403 0.7975
404 0.8021
405 0.8053
406 0.80675
407 0.8076
408 0.8106
409 0.81175
410 0.8132
411 0.8139
412 0.816
413 0.81815
414 0.8211
415 0.82255
416 0.82355
417 0.82715
418 0.8288
419 0.83005
420 0.83225
421 0.83325
422 0.83485
423 0.83645
424 0.83745
425 0.83915
426 0.8419
427 0.84455
428 0.8458
429 0.8466
430 0.8486
431 0.8501
432 0.85165
433 0.8528
434 0.85455
435 0.8596
436 0.8611
437 0.86405
438 0.8653
439 0.8672
440 0.86925
441 0.87215
442 0.8741
443 0.87565
444 0.87635
445 0.87705
446 0.87945
447 0.88265
448 0.8832
449 0.88455
450 0.88515
451 0.8897
452 0.89125
453 0.8937
454 0.8947
455 0.8957
456 0.89645
457 0.89685
458 0.89965
459 0.9003
460 0.9025
461 0.90445
462 0.9055
463 0.9086
464 0.9102
465 0.911
466 0.91415
467 0.91565
468 0.916
469 0.9176
470 0.91985
471 0.92265
472 0.92405
473 0.927
474 0.9285
475 0.92945
476 0.931
477 0.9319
478 0.93435
479 0.9352
480 0.93875
481 0.94125
482 0.9429
483 0.9449
484 0.9471
485 0.94735
486 0.9505
487 0.95175
488 0.9527
489 0.9536
490 0.95415
491 0.95715
492 0.9595
493 0.9627
494 0.9647
495 0.9657
496 0.96595
497 0.96915
498 0.9705
499 0.9712
500 0.97335
501 0.975
502 0.9773
503 0.9783
504 0.98075
505 0.98245
506 0.98525
507 0.98765
508 0.9901
509 0.9928
510 0.99605
511 1.0001
# Generated pool n. 9 for Umax = 157.75897216796875
# Generated a biased pool of 20000 with an acceptance of 0.11487049609422684
# Generated a pool of 20000 with an acceptance of 0.0019533203124999995
# Generation repeated 512 times
# Average relative effective sample size: 0.015295501798391342
# Generation efficiency: 0.001953125
