# Generation 15

0 0.0023
1 0.004
2 0.00505
3 0.00645
4 0.0071
5 0.0076
6 0.008
7 0.00825
8 0.0094
9 0.01135
10 0.01235
11 0.0138
12 0.01575
13 0.01675
14 0.0172
15 0.0181
16 0.0189
17 0.0196
18 0.0203
19 0.02075
20 0.02105
21 0.02175
22 0.02315
23 0.0257
24 0.02655
25 0.02785
26 0.02915
27 0.0295
28 0.0318
29 0.032
30 0.0324
31 0.03335
32 0.03515
33 0.0359
34 0.0364
35 0.0366
36 0.03675
37 0.03855
38 0.0398
39 0.04005
40 0.04105
41 0.0419
42 0.04255
43 0.04445
44 0.0459
45 0.04665
46 0.04825
47 0.0496
48 0.0498
49 0.0512
50 0.0519
51 0.05325
52 0.0551
53 0.05675
54 0.05745
55 0.0581
56 0.06
57 0.0615
58 0.0624
59 0.06395
60 0.0646
61 0.06575
62 0.0672
63 0.0681
64 0.06945
65 0.0698
66 0.0709
67 0.0735
68 0.07515
69 0.0763
70 0.0772
71 0.07785
72 0.07845
73 0.07955
74 0.0803
75 0.0805
76 0.0818
77 0.0827
78 0.08355
79 0.0847
80 0.08555
81 0.08585
82 0.08645
83 0.0873
84 0.08855
85 0.0896
86 0.08975
87 0.0916
88 0.09195
89 0.0937
90 0.09385
91 0.0942
92 0.0948
93 0.09585
94 0.09725
95 0.09845
96 0.0995
97 0.1005
98 0.1032
99 0.1035
100 0.10415
101 0.1045
102 0.10505
103 0.1051
104 0.1069
105 0.1076
106 0.1083
107 0.10875
108 0.11015
109 0.1108
110 0.1133
111 0.1155
112 0.1161
113 0.1166
114 0.11835
115 0.11985
116 0.1203
117 0.12055
118 0.1212
119 0.123
120 0.1241
121 0.12505
122 0.12665
123 0.12725
124 0.1282
125 0.12945
126 0.13065
127 0.1319
128 0.13295
129 0.13315
130 0.13475
131 0.1357
132 0.13855
133 0.13895
134 0.13985
135 0.14065
136 0.14145
137 0.1421
138 0.1432
139 0.1448
140 0.1457
141 0.1468
142 0.1487
143 0.15025
144 0.1519
145 0.1525
146 0.1531
147 0.1545
148 0.1556
149 0.1564
150 0.1582
151 0.15865
152 0.1593
153 0.1597
154 0.16065
155 0.1616
156 0.16185
157 0.1628
158 0.16375
159 0.1644
160 0.16535
161 0.1666
162 0.16695
163 0.16735
164 0.168
165 0.1699
166 0.17055
167 0.1723
168 0.17505
169 0.17545
170 0.17655
171 0.1776
172 0.1791
173 0.17985
174 0.18005
175 0.18025
176 0.18135
177 0.1827
178 0.1835
179 0.1855
180 0.18655
181 0.1871
182 0.18895
183 0.19035
184 0.1917
185 0.19405
186 0.1953
187 0.1954
188 0.19595
189 0.19685
190 0.1985
191 0.20035
192 0.20155
193 0.20185
194 0.2032
195 0.20445
196 0.2059
197 0.2064
198 0.20675
199 0.20725
200 0.20755
201 0.2091
202 0.20975
203 0.21005
204 0.2119
205 0.2127
206 0.21435
207 0.2144
208 0.21575
209 0.2164
210 0.2167
211 0.21765
212 0.21945
213 0.22015
214 0.22205
215 0.2229
216 0.2235
217 0.22425
218 0.2246
219 0.22535
220 0.2261
221 0.22765
222 0.22775
223 0.2284
224 0.22975
225 0.2316
226 0.23365
227 0.23405
228 0.2361
229 0.23835
230 0.2395
231 0.24135
232 0.24345
233 0.2448
234 0.2461
235 0.2472
236 0.2478
237 0.248
238 0.24915
239 0.2498
240 0.25025
241 0.25045
242 0.2516
243 0.25215
244 0.25365
245 0.25505
246 0.2556
247 0.25595
248 0.2573
249 0.25915
250 0.25935
251 0.26065
252 0.2613
253 0.26325
254 0.26425
255 0.26435
256 0.26655
257 0.26815
258 0.26905
259 0.2695
260 0.2707
261 0.27195
262 0.27295
263 0.27345
264 0.274
265 0.27435
266 0.2754
267 0.27605
268 0.27775
269 0.28005
270 0.2813
271 0.28385
272 0.28435
273 0.28595
274 0.2877
275 0.28865
276 0.28995
277 0.2906
278 0.2915
279 0.29185
280 0.29225
281 0.29345
282 0.2944
283 0.2948
284 0.29655
285 0.2974
286 0.2995
287 0.3006
288 0.3021
289 0.3024
290 0.30295
291 0.30405
292 0.30445
293 0.30495
294 0.30565
295 0.30755
296 0.30795
297 0.30875
298 0.30975
299 0.3107
300 0.31165
301 0.3122
302 0.31335
303 0.31385
304 0.31455
305 0.3156
306 0.31625
307 0.31785
308 0.3182
309 0.31985
310 0.3212
311 0.3222
312 0.3235
313 0.32605
314 0.32785
315 0.329
316 0.33005
317 0.33185
318 0.3339
319 0.334
320 0.33605
321 0.33705
322 0.33855
323 0.3398
324 0.3415
325 0.3423
326 0.34345
327 0.3437
328 0.3442
329 0.3445
330 0.3473
331 0.3487
332 0.3491
333 0.3496
334 0.3503
335 0.3508
336 0.3538
337 0.35395
338 0.3543
339 0.3564
340 0.35755
341 0.3587
342 0.36045
343 0.3624
344 0.36285
345 0.365
346 0.36595
347 0.3667
348 0.3674
349 0.36875
350 0.36985
351 0.3717
352 0.37235
353 0.37415
354 0.37455
355 0.37625
356 0.3769
357 0.3785
358 0.37925
359 0.3794
360 0.37995
361 0.3804
362 0.38145
363 0.38325
364 0.38395
365 0.3842
366 0.3849
367 0.3858
368 0.38635
369 0.38755
370 0.3884
371 0.38975
372 0.3904
373 0.3914
374 0.39205
375 0.3942
376 0.39515
377 0.3959
378 0.39665
379 0.3982
380 0.39925
381 0.40235
382 0.4025
383 0.40395
384 0.4045
385 0.40475
386 0.4057
387 0.40645
388 0.4073
389 0.40935
390 0.4101
391 0.4111
392 0.4124
393 0.41375
394 0.41385
395 0.41505
396 0.41605
397 0.4167
398 0.4168
399 0.41775
400 0.41905
401 0.42055
402 0.4216
403 0.42295
404 0.4235
405 0.4245
406 0.42475
407 0.4252
408 0.42565
409 0.42735
410 0.42965
411 0.4303
412 0.43105
413 0.43295
414 0.43315
415 0.4346
416 0.43615
417 0.4372
418 0.43895
419 0.441
420 0.4431
421 0.4433
422 0.4445
423 0.4461
424 0.448
425 0.44835
426 0.4491
427 0.44995
428 0.4513
429 0.45215
430 0.45295
431 0.45405
432 0.45605
433 0.45615
434 0.45705
435 0.4576
436 0.45845
437 0.45895
438 0.4619
439 0.46255
440 0.4631
441 0.46455
442 0.46585
443 0.46665
444 0.46675
445 0.4674
446 0.4688
447 0.4696
448 0.4704
449 0.47115
450 0.47225
451 0.47285
452 0.47465
453 0.4752
454 0.4761
455 0.47765
456 0.48005
457 0.48105
458 0.48235
459 0.48345
460 0.4844
461 0.4852
462 0.487
463 0.4876
464 0.48765
465 0.4883
466 0.4899
467 0.4905
468 0.4924
469 0.49445
470 0.4945
471 0.4959
472 0.49785
473 0.49855
474 0.4999
475 0.502
476 0.50255
477 0.50395
478 0.50475
479 0.5057
480 0.5061
481 0.50635
482 0.50645
483 0.50765
484 0.50895
485 0.5092
486 0.5096
487 0.5105
488 0.51155
489 0.5117
490 0.51235
491 0.5139
492 0.51435
493 0.51475
494 0.5154
495 0.5161
496 0.518
497 0.52065
498 0.5213
499 0.5224
500 0.52355
501 0.52545
502 0.52605
503 0.5266
504 0.5286
505 0.5293
506 0.5309
507 0.53105
508 0.5331
509 0.5358
510 0.53645
511 0.5373
512 0.5376
513 0.53925
514 0.5402
515 0.5426
516 0.54555
517 0.547
518 0.54795
519 0.5492
520 0.551
521 0.55105
522 0.5529
523 0.55405
524 0.5545
525 0.5557
526 0.5576
527 0.5579
528 0.55895
529 0.5599
530 0.56035
531 0.56065
532 0.5612
533 0.56275
534 0.5633
535 0.5649
536 0.56675
537 0.56685
538 0.5673
539 0.56835
540 0.5686
541 0.569
542 0.56925
543 0.57065
544 0.571
545 0.57255
546 0.57475
547 0.57515
548 0.57595
549 0.57605
550 0.57745
551 0.57895
552 0.5792
553 0.58165
554 0.5819
555 0.58345
556 0.58605
557 0.58675
558 0.5883
559 0.58935
560 0.5905
561 0.59145
562 0.5932
563 0.59375
564 0.59395
565 0.59585
566 0.59635
567 0.5973
568 0.59905
569 0.5995
570 0.5999
571 0.6011
572 0.60245
573 0.60395
574 0.6049
575 0.60565
576 0.606
577 0.6067
578 0.6084
579 0.6097
580 0.61005
581 0.61085
582 0.6125
583 0.6133
584 0.6139
585 0.61455
586 0.61515
587 0.61575
588 0.6159
589 0.617
590 0.6172
591 0.61815
592 0.61975
593 0.62185
594 0.6252
595 0.6255
596 0.627
597 0.6272
598 0.6296
599 0.6325
600 0.63315
601 0.6337
602 0.6347
603 0.63535
604 0.63585
605 0.63685
606 0.6374
607 0.63805
608 0.6393
609 0.6396
610 0.64025
611 0.64175
612 0.64335
613 0.6452
614 0.6459
615 0.64745
616 0.6486
617 0.64865
618 0.6503
619 0.6511
620 0.65395
621 0.6543
622 0.6547
623 0.656
624 0.657
625 0.65765
626 0.65875
627 0.6602
628 0.66135
629 0.662
630 0.66255
631 0.66335
632 0.6659
633 0.6679
634 0.6685
635 0.66975
636 0.6707
637 0.67175
638 0.6723
639 0.67345
640 0.67535
641 0.6758
642 0.6786
643 0.6789
644 0.68035
645 0.68235
646 0.68315
647 0.68405
648 0.68485
649 0.68545
650 0.68665
651 0.68725
652 0.68775
653 0.68905
654 0.68945
655 0.69035
656 0.69275
657 0.6933
658 0.69515
659 0.6961
660 0.69685
661 0.69725
662 0.69755
663 0.69925
664 0.69975
665 0.70055
666 0.70165
667 0.7032
668 0.7037
669 0.7043
670 0.70685
671 0.70825
672 0.70865
673 0.7093
674 0.70975
675 0.71115
676 0.7128
677 0.7138
678 0.71485
679 0.71635
680 0.7186
681 0.71995
682 0.7222
683 0.72245
684 0.72295
685 0.72445
686 0.7257
687 0.7264
688 0.72785
689 0.72885
690 0.72995
691 0.73035
692 0.7325
693 0.73305
694 0.73495
695 0.73565
696 0.73645
697 0.73735
698 0.738
699 0.73835
700 0.73985
701 0.74
702 0.7414
703 0.74215
704 0.74445
705 0.7464
706 0.74705
707 0.74855
708 0.74865
709 0.7496
710 0.75075
711 0.7513
712 0.75215
713 0.7529
714 0.7539
715 0.75555
716 0.75625
717 0.75855
718 0.7604
719 0.7615
720 0.7621
721 0.7628
722 0.7634
723 0.76505
724 0.7658
725 0.76675
726 0.767
727 0.76735
728 0.76775
729 0.7694
730 0.7702
731 0.77065
732 0.77165
733 0.77215
734 0.7747
735 0.77555
736 0.7762
737 0.77695
738 0.7776
739 0.7792
740 0.781
741 0.7817
742 0.7837
743 0.785
744 0.7867
745 0.78765
746 0.78835
747 0.78995
748 0.7905
749 0.79155
750 0.7933
751 0.79475
752 0.7953
753 0.7966
754 0.79925
755 0.80105
756 0.8025
757 0.8032
758 0.80325
759 0.80455
760 0.8054
761 0.80585
762 0.80655
763 0.80695
764 0.8072
765 0.80815
766 0.80845
767 0.80935
768 0.8098
769 0.80995
770 0.81065
771 0.81085
772 0.81195
773 0.8124
774 0.81415
775 0.81545
776 0.8169
777 0.8179
778 0.81985
779 0.8222
780 0.82335
781 0.82575
782 0.82585
783 0.827
784 0.8281
785 0.82935
786 0.83
787 0.83265
788 0.83475
789 0.83585
790 0.83855
791 0.83875
792 0.8407
793 0.8412
794 0.8429
795 0.8447
796 0.8459
797 0.8477
798 0.84975
799 0.8506
800 0.85105
801 0.8514
802 0.85415
803 0.85455
804 0.85575
805 0.85665
806 0.85745
807 0.8588
808 0.85975
809 0.86055
810 0.86245
811 0.8633
812 0.8637
813 0.8646
814 0.86515
815 0.86585
816 0.86665
817 0.8669
818 0.8672
819 0.86765
820 0.86895
821 0.8692
822 0.87
823 0.8713
824 0.87225
825 0.87275
826 0.8735
827 0.8741
828 0.8747
829 0.87585
830 0.87635
831 0.87765
832 0.87835
833 0.8792
834 0.8801
835 0.8804
836 0.8808
837 0.88145
838 0.88295
839 0.8836
840 0.8845
841 0.886
842 0.88765
843 0.88795
844 0.8912
845 0.8928
846 0.89375
847 0.8943
848 0.8955
849 0.89595
850 0.8964
851 0.89715
852 0.898
853 0.89835
854 0.89935
855 0.90045
856 0.9018
857 0.90285
858 0.9031
859 0.90435
860 0.90525
861 0.9059
862 0.90855
863 0.9096
864 0.9102
865 0.9109
866 0.9117
867 0.91265
868 0.91295
869 0.9137
870 0.91455
871 0.9158
872 0.917
873 0.9172
874 0.9192
875 0.9209
876 0.92115
877 0.9227
878 0.92435
879 0.92555
880 0.9262
881 0.92795
882 0.92925
883 0.93115
884 0.93205
885 0.93235
886 0.93435
887 0.9348
888 0.93645
889 0.9378
890 0.93845
891 0.9395
892 0.94105
893 0.9411
894 0.942
895 0.9425
896 0.9432
897 0.9441
898 0.94565
899 0.9473
900 0.94795
901 0.9494
902 0.9503
903 0.95185
904 0.95195
905 0.9523
906 0.9527
907 0.9541
908 0.9551
909 0.9562
910 0.9571
911 0.95725
912 0.9579
913 0.95945
914 0.96075
915 0.96135
916 0.9623
917 0.96365
918 0.96465
919 0.9658
920 0.96615
921 0.9675
922 0.9691
923 0.96985
924 0.97115
925 0.97125
926 0.97205
927 0.97255
928 0.97315
929 0.97365
930 0.97425
931 0.97575
932 0.976
933 0.97805
934 0.9784
935 0.9791
936 0.9798
937 0.9806
938 0.9816
939 0.98255
940 0.98355
941 0.98425
942 0.9851
943 0.9857
944 0.9867
945 0.9869
946 0.98745
947 0.9891
948 0.9896
949 0.9919
950 0.99345
951 0.9938
952 0.99445
953 0.9948
954 0.99505
955 0.99645
956 0.9971
957 0.9979
958 0.9984
959 1.00005
# Generated pool n. 15 for Umax = 17.429119110107422
# Generated a biased pool of 20000 with an acceptance of 0.06787807494401932
# Generated a pool of 20000 with an acceptance of 0.0010417187499999995
# Generation repeated 960 times
# Average relative effective sample size: 0.006045096553862095
# Generation efficiency: 0.0010416666666666667
