# Generation 6

0 0.00055
1 0.00135
2 0.00345
3 0.00565
4 0.0085
5 0.00995
6 0.0135
7 0.01625
8 0.0203
9 0.0222
10 0.02635
11 0.03125
12 0.03495
13 0.0389
14 0.0407
15 0.04355
16 0.04475
17 0.0478
18 0.0539
19 0.0556
20 0.0589
21 0.06445
22 0.06705
23 0.06995
24 0.07195
25 0.07375
26 0.0788
27 0.082
28 0.08395
29 0.08595
30 0.09035
31 0.09485
32 0.09945
33 0.1019
34 0.10255
35 0.1044
36 0.10635
37 0.10805
38 0.10875
39 0.11105
40 0.11215
41 0.1152
42 0.1161
43 0.1185
44 0.1198
45 0.12275
46 0.125
47 0.1269
48 0.12885
49 0.1333
50 0.1361
51 0.13895
52 0.14155
53 0.14455
54 0.1467
55 0.1481
56 0.15105
57 0.1542
58 0.15745
59 0.1619
60 0.16415
61 0.16725
62 0.17045
63 0.17265
64 0.17835
65 0.1823
66 0.1851
67 0.18845
68 0.19045
69 0.19105
70 0.19405
71 0.1962
72 0.20055
73 0.206
74 0.2081
75 0.20975
76 0.2152
77 0.2179
78 0.22165
79 0.22295
80 0.2295
81 0.232
82 0.23525
83 0.2381
84 0.24075
85 0.24275
86 0.24715
87 0.25125
88 0.25535
89 0.2584
90 0.26045
91 0.262
92 0.2632
93 0.2637
94 0.2656
95 0.26615
96 0.2698
97 0.27275
98 0.277
99 0.27885
100 0.28175
101 0.28375
102 0.287
103 0.29125
104 0.2936
105 0.2952
106 0.29705
107 0.30205
108 0.3063
109 0.30855
110 0.3122
111 0.31565
112 0.3178
113 0.32235
114 0.3252
115 0.329
116 0.33055
117 0.3315
118 0.3338
119 0.33585
120 0.337
121 0.3379
122 0.3436
123 0.3463
124 0.3495
125 0.3521
126 0.3538
127 0.3549
128 0.3578
129 0.361
130 0.3636
131 0.36745
132 0.3706
133 0.37615
134 0.37965
135 0.38325
136 0.386
137 0.3917
138 0.3974
139 0.40115
140 0.4065
141 0.41265
142 0.4148
143 0.41755
144 0.42085
145 0.425
146 0.4283
147 0.4325
148 0.4353
149 0.43645
150 0.43925
151 0.4427
152 0.4478
153 0.44975
154 0.45175
155 0.45525
156 0.4589
157 0.46025
158 0.4634
159 0.4673
160 0.47
161 0.4711
162 0.4715
163 0.4762
164 0.47955
165 0.48265
166 0.48315
167 0.48485
168 0.48775
169 0.49015
170 0.4939
171 0.49655
172 0.50305
173 0.504
174 0.506
175 0.50785
176 0.51075
177 0.5125
178 0.51525
179 0.5186
180 0.5197
181 0.52185
182 0.529
183 0.53235
184 0.5333
185 0.53665
186 0.54125
187 0.5428
188 0.54455
189 0.5463
190 0.55
191 0.55395
192 0.55665
193 0.5587
194 0.56035
195 0.56285
196 0.56645
197 0.57035
198 0.5709
199 0.57195
200 0.57415
201 0.5782
202 0.57975
203 0.5826
204 0.58305
205 0.58515
206 0.5905
207 0.59435
208 0.59625
209 0.5976
210 0.60095
211 0.60205
212 0.60485
213 0.6068
214 0.60895
215 0.6106
216 0.6119
217 0.61395
218 0.61915
219 0.621
220 0.6244
221 0.62875
222 0.63055
223 0.63265
224 0.6341
225 0.63545
226 0.63685
227 0.64225
228 0.647
229 0.64825
230 0.6505
231 0.65195
232 0.6576
233 0.6592
234 0.6611
235 0.66385
236 0.6654
237 0.66915
238 0.6715
239 0.67415
240 0.67785
241 0.6824
242 0.6868
243 0.6913
244 0.6967
245 0.70185
246 0.70435
247 0.7083
248 0.7105
249 0.7132
250 0.7178
251 0.7231
252 0.72505
253 0.72965
254 0.73115
255 0.73315
256 0.73485
257 0.7357
258 0.73785
259 0.7393
260 0.74255
261 0.74625
262 0.7515
263 0.75505
264 0.75855
265 0.76045
266 0.76535
267 0.76995
268 0.77155
269 0.77535
270 0.77935
271 0.7833
272 0.7853
273 0.78785
274 0.7895
275 0.79375
276 0.796
277 0.7982
278 0.8053
279 0.8079
280 0.81275
281 0.81765
282 0.8202
283 0.8271
284 0.82965
285 0.8347
286 0.83645
287 0.8416
288 0.84255
289 0.84535
290 0.84735
291 0.84845
292 0.84945
293 0.85145
294 0.85325
295 0.8596
296 0.86415
297 0.8656
298 0.86695
299 0.87115
300 0.87545
301 0.88105
302 0.8828
303 0.88575
304 0.88915
305 0.8931
306 0.8975
307 0.8991
308 0.90195
309 0.9059
310 0.9101
311 0.91555
312 0.91805
313 0.92105
314 0.9234
315 0.92635
316 0.92905
317 0.93145
318 0.934
319 0.93855
320 0.9415
321 0.94465
322 0.9483
323 0.9527
324 0.9565
325 0.95895
326 0.9626
327 0.9685
328 0.97115
329 0.9737
330 0.9743
331 0.97605
332 0.9812
333 0.98425
334 0.9854
335 0.9877
336 0.99015
337 0.9935
338 0.99685
339 1.0017
# Generated pool n. 6 for Umax = 359.29388427734375
# Generated a biased pool of 20000 with an acceptance of 0.1595361828804016
# Generated a pool of 20000 with an acceptance of 0.002946176470588236
# Generation repeated 340 times
# Average relative effective sample size: 0.025450995191931725
# Generation efficiency: 0.0029411764705882353
