# Generation 28

0 0.0031
1 0.0073
2 0.01315
3 0.0183
4 0.0203
5 0.0229
6 0.0256
7 0.0352
8 0.0414
9 0.04535
10 0.0494
11 0.055
12 0.0591
13 0.0622
14 0.068
15 0.07235
16 0.07585
17 0.07735
18 0.081
19 0.08165
20 0.08295
21 0.0847
22 0.08835
23 0.0914
24 0.09605
25 0.0976
26 0.1026
27 0.1066
28 0.1077
29 0.11025
30 0.11385
31 0.1193
32 0.12595
33 0.12965
34 0.1313
35 0.1338
36 0.13645
37 0.14175
38 0.1424
39 0.146
40 0.1528
41 0.15495
42 0.15615
43 0.1616
44 0.1686
45 0.1741
46 0.1836
47 0.1852
48 0.19155
49 0.1947
50 0.19705
51 0.20085
52 0.2056
53 0.21255
54 0.21615
55 0.22475
56 0.23135
57 0.2357
58 0.24025
59 0.2424
60 0.24605
61 0.2478
62 0.25275
63 0.25465
64 0.25625
65 0.2583
66 0.2613
67 0.2654
68 0.27235
69 0.27455
70 0.27865
71 0.28165
72 0.2851
73 0.28765
74 0.29235
75 0.298
76 0.3045
77 0.3091
78 0.313
79 0.3186
80 0.321
81 0.32595
82 0.32785
83 0.3308
84 0.3359
85 0.3377
86 0.34095
87 0.34465
88 0.34885
89 0.3527
90 0.3545
91 0.3561
92 0.3592
93 0.36125
94 0.3628
95 0.3663
96 0.37455
97 0.37755
98 0.38005
99 0.38325
100 0.3889
101 0.393
102 0.3956
103 0.3968
104 0.39805
105 0.3989
106 0.4038
107 0.40935
108 0.41365
109 0.41765
110 0.4192
111 0.4213
112 0.42635
113 0.43045
114 0.43475
115 0.44095
116 0.4446
117 0.44845
118 0.4489
119 0.4524
120 0.45605
121 0.465
122 0.46595
123 0.47345
124 0.47465
125 0.47835
126 0.48425
127 0.48515
128 0.4907
129 0.4976
130 0.49945
131 0.50225
132 0.509
133 0.511
134 0.515
135 0.52245
136 0.5277
137 0.5343
138 0.5358
139 0.53675
140 0.54155
141 0.54375
142 0.54525
143 0.5489
144 0.5543
145 0.5568
146 0.5608
147 0.56665
148 0.56675
149 0.57175
150 0.57375
151 0.57765
152 0.5784
153 0.581
154 0.58875
155 0.595
156 0.59715
157 0.60285
158 0.60485
159 0.6069
160 0.61155
161 0.6154
162 0.6215
163 0.623
164 0.62635
165 0.6288
166 0.63185
167 0.6356
168 0.6378
169 0.64235
170 0.64425
171 0.6503
172 0.65575
173 0.66045
174 0.6649
175 0.6667
176 0.66785
177 0.67505
178 0.68045
179 0.6891
180 0.69625
181 0.70175
182 0.70235
183 0.7061
184 0.708
185 0.7111
186 0.71195
187 0.717
188 0.7202
189 0.7258
190 0.73035
191 0.7345
192 0.73815
193 0.7404
194 0.74435
195 0.74915
196 0.754
197 0.7599
198 0.76705
199 0.77135
200 0.77585
201 0.77965
202 0.7861
203 0.7887
204 0.7903
205 0.7949
206 0.79745
207 0.8035
208 0.8053
209 0.8081
210 0.81185
211 0.81625
212 0.8219
213 0.82325
214 0.82775
215 0.835
216 0.8413
217 0.84995
218 0.85055
219 0.85585
220 0.8635
221 0.86765
222 0.8705
223 0.8777
224 0.8783
225 0.88305
226 0.8869
227 0.89155
228 0.895
229 0.89885
230 0.9038
231 0.9131
232 0.91505
233 0.91595
234 0.91915
235 0.9267
236 0.9302
237 0.9391
238 0.9459
239 0.947
240 0.9532
241 0.95715
242 0.96235
243 0.96615
244 0.97285
245 0.97775
246 0.9835
247 0.98645
248 0.9914
249 0.9946
250 0.9959
251 1.00085
# Generated pool n. 28 for Umax = -12.504443168640137
# Generated a biased pool of 20000 with an acceptance of 0.3264983296394348
# Generated a pool of 20000 with an acceptance of 0.003971626984126986
# Generation repeated 252 times
# Average relative effective sample size: 0.04907801374793053
# Generation efficiency: 0.003968253968253968
