# Generation 24

0 0.0003
1 0.00225
2 0.0075
3 0.0093
4 0.01145
5 0.01425
6 0.0185
7 0.02205
8 0.024
9 0.02455
10 0.02615
11 0.02655
12 0.02885
13 0.0311
14 0.0329
15 0.03315
16 0.0334
17 0.0344
18 0.0354
19 0.0378
20 0.03885
21 0.041
22 0.04225
23 0.0459
24 0.05025
25 0.05235
26 0.0538
27 0.05715
28 0.0579
29 0.0591
30 0.05975
31 0.0622
32 0.06225
33 0.06585
34 0.06685
35 0.06855
36 0.07255
37 0.07455
38 0.07715
39 0.08055
40 0.08285
41 0.08355
42 0.08595
43 0.0881
44 0.09045
45 0.09165
46 0.09315
47 0.096
48 0.09625
49 0.10155
50 0.10615
51 0.10785
52 0.11055
53 0.1123
54 0.11475
55 0.1184
56 0.12055
57 0.12225
58 0.1243
59 0.1274
60 0.1292
61 0.12945
62 0.1302
63 0.13135
64 0.13455
65 0.1348
66 0.13505
67 0.13835
68 0.141
69 0.14395
70 0.14555
71 0.14585
72 0.14975
73 0.15355
74 0.1555
75 0.15575
76 0.15715
77 0.1606
78 0.1608
79 0.16245
80 0.1637
81 0.16465
82 0.16495
83 0.1702
84 0.1715
85 0.17315
86 0.1747
87 0.1769
88 0.1785
89 0.1789
90 0.18035
91 0.1809
92 0.1839
93 0.1858
94 0.1907
95 0.1911
96 0.1932
97 0.195
98 0.1964
99 0.1969
100 0.1974
101 0.19895
102 0.1997
103 0.20305
104 0.2038
105 0.20465
106 0.20645
107 0.2086
108 0.2093
109 0.21095
110 0.21305
111 0.21455
112 0.21815
113 0.2188
114 0.22275
115 0.2244
116 0.225
117 0.22615
118 0.22655
119 0.22875
120 0.2321
121 0.2335
122 0.23625
123 0.2379
124 0.2403
125 0.2425
126 0.24335
127 0.24875
128 0.2506
129 0.2529
130 0.25445
131 0.2558
132 0.2595
133 0.2615
134 0.26435
135 0.26605
136 0.2689
137 0.2698
138 0.2718
139 0.2725
140 0.27675
141 0.27875
142 0.2806
143 0.28155
144 0.2842
145 0.2862
146 0.2885
147 0.28945
148 0.29215
149 0.29445
150 0.29565
151 0.2989
152 0.30045
153 0.30145
154 0.3017
155 0.30335
156 0.30425
157 0.30525
158 0.30625
159 0.30845
160 0.3102
161 0.31155
162 0.31405
163 0.3148
164 0.318
165 0.3215
166 0.3222
167 0.3245
168 0.3265
169 0.33045
170 0.3326
171 0.3339
172 0.3345
173 0.3369
174 0.3372
175 0.3379
176 0.3386
177 0.3394
178 0.34085
179 0.3415
180 0.3442
181 0.34685
182 0.34735
183 0.348
184 0.34965
185 0.35075
186 0.35275
187 0.35575
188 0.35585
189 0.3581
190 0.36385
191 0.3661
192 0.3681
193 0.36885
194 0.3718
195 0.37185
196 0.373
197 0.3739
198 0.3751
199 0.3781
200 0.38015
201 0.38255
202 0.3853
203 0.38585
204 0.39045
205 0.3938
206 0.3979
207 0.3999
208 0.4039
209 0.40595
210 0.40675
211 0.40795
212 0.409
213 0.4115
214 0.41375
215 0.4151
216 0.41685
217 0.42125
218 0.4224
219 0.4239
220 0.42835
221 0.43015
222 0.43195
223 0.4347
224 0.4364
225 0.43865
226 0.4399
227 0.4414
228 0.44345
229 0.4449
230 0.4481
231 0.44955
232 0.45105
233 0.4563
234 0.4585
235 0.4595
236 0.4605
237 0.46245
238 0.4635
239 0.466
240 0.46785
241 0.4701
242 0.4723
243 0.4727
244 0.4745
245 0.4773
246 0.4782
247 0.48105
248 0.483
249 0.48485
250 0.48725
251 0.48845
252 0.49375
253 0.495
254 0.49695
255 0.50025
256 0.5031
257 0.50365
258 0.50415
259 0.50455
260 0.50505
261 0.50685
262 0.5099
263 0.51135
264 0.5129
265 0.51495
266 0.5184
267 0.52045
268 0.5215
269 0.52265
270 0.5238
271 0.52645
272 0.527
273 0.52825
274 0.5303
275 0.53265
276 0.53415
277 0.53595
278 0.5377
279 0.5409
280 0.5427
281 0.54635
282 0.54645
283 0.5488
284 0.552
285 0.55595
286 0.56055
287 0.56315
288 0.56705
289 0.569
290 0.56995
291 0.57085
292 0.57325
293 0.57835
294 0.57975
295 0.581
296 0.58245
297 0.5859
298 0.5872
299 0.588
300 0.5887
301 0.5909
302 0.5914
303 0.5922
304 0.5957
305 0.5974
306 0.59855
307 0.59955
308 0.60235
309 0.6033
310 0.60535
311 0.60675
312 0.61005
313 0.6139
314 0.61545
315 0.6168
316 0.61735
317 0.61945
318 0.6208
319 0.6244
320 0.62765
321 0.629
322 0.63155
323 0.6326
324 0.6333
325 0.63435
326 0.6368
327 0.6376
328 0.63835
329 0.64015
330 0.6417
331 0.64285
332 0.64625
333 0.6473
334 0.64775
335 0.6487
336 0.65175
337 0.6561
338 0.65785
339 0.66015
340 0.6647
341 0.66575
342 0.66875
343 0.67055
344 0.67205
345 0.6742
346 0.6749
347 0.677
348 0.67885
349 0.6829
350 0.684
351 0.68545
352 0.68865
353 0.6895
354 0.69285
355 0.6954
356 0.6982
357 0.70055
358 0.7038
359 0.70565
360 0.70605
361 0.7076
362 0.708
363 0.70975
364 0.7132
365 0.7153
366 0.7184
367 0.72075
368 0.72345
369 0.7255
370 0.7285
371 0.7311
372 0.73425
373 0.7359
374 0.73735
375 0.7375
376 0.7387
377 0.73875
378 0.7394
379 0.74405
380 0.7475
381 0.7491
382 0.75015
383 0.75095
384 0.75185
385 0.7558
386 0.75675
387 0.76005
388 0.7609
389 0.76265
390 0.76605
391 0.771
392 0.77205
393 0.7728
394 0.7753
395 0.7768
396 0.77775
397 0.7778
398 0.78
399 0.7803
400 0.78395
401 0.7844
402 0.78625
403 0.78775
404 0.78965
405 0.79015
406 0.79075
407 0.7941
408 0.79665
409 0.7985
410 0.79935
411 0.8015
412 0.80375
413 0.8038
414 0.80585
415 0.80735
416 0.81065
417 0.81255
418 0.81335
419 0.8154
420 0.81815
421 0.8206
422 0.822
423 0.8254
424 0.8278
425 0.8299
426 0.8317
427 0.83515
428 0.8376
429 0.83905
430 0.84015
431 0.8421
432 0.84315
433 0.84555
434 0.84795
435 0.85175
436 0.85485
437 0.85755
438 0.86295
439 0.86325
440 0.8646
441 0.86795
442 0.8713
443 0.87275
444 0.87645
445 0.87815
446 0.87955
447 0.8808
448 0.8809
449 0.88345
450 0.8854
451 0.89015
452 0.89125
453 0.8936
454 0.89485
455 0.896
456 0.89655
457 0.8988
458 0.90115
459 0.90595
460 0.90955
461 0.9132
462 0.9148
463 0.916
464 0.9197
465 0.91995
466 0.9207
467 0.92505
468 0.9275
469 0.92825
470 0.93185
471 0.9334
472 0.93435
473 0.9359
474 0.93845
475 0.93875
476 0.9406
477 0.94115
478 0.94345
479 0.94665
480 0.9473
481 0.9512
482 0.9547
483 0.9562
484 0.9598
485 0.962
486 0.9651
487 0.96715
488 0.96895
489 0.972
490 0.97485
491 0.97715
492 0.97905
493 0.9813
494 0.98275
495 0.98475
496 0.9896
497 0.99245
498 0.9942
499 0.99535
500 0.997
501 0.9986
502 1.00115
# Generated pool n. 24 for Umax = -9.904770851135254
# Generated a biased pool of 20000 with an acceptance of 0.15393900871276855
# Generated a pool of 20000 with an acceptance of 0.001990357852882702
# Generation repeated 503 times
# Average relative effective sample size: 0.017684470862150192
# Generation efficiency: 0.0019880715705765406
