# Generation 26

0 0.00235
1 0.0072
2 0.00995
3 0.01385
4 0.01685
5 0.0183
6 0.02705
7 0.0304
8 0.0379
9 0.04125
10 0.04435
11 0.05495
12 0.06375
13 0.06475
14 0.0733
15 0.0828
16 0.08805
17 0.09045
18 0.0964
19 0.101
20 0.10765
21 0.1105
22 0.11535
23 0.1165
24 0.1182
25 0.1275
26 0.1314
27 0.1333
28 0.13445
29 0.14555
30 0.1543
31 0.1572
32 0.16155
33 0.16275
34 0.1655
35 0.16895
36 0.1749
37 0.17705
38 0.17905
39 0.18365
40 0.1893
41 0.1978
42 0.201
43 0.2048
44 0.2093
45 0.21925
46 0.22305
47 0.23125
48 0.233
49 0.24035
50 0.24045
51 0.2472
52 0.25005
53 0.25575
54 0.2627
55 0.2663
56 0.27205
57 0.2777
58 0.28245
59 0.2894
60 0.29605
61 0.30595
62 0.3155
63 0.3169
64 0.31895
65 0.32055
66 0.33065
67 0.33135
68 0.3332
69 0.3375
70 0.3431
71 0.3506
72 0.3554
73 0.36105
74 0.37
75 0.3797
76 0.38925
77 0.39205
78 0.3967
79 0.3998
80 0.4032
81 0.40765
82 0.40935
83 0.41645
84 0.42275
85 0.4267
86 0.42755
87 0.4292
88 0.43435
89 0.44055
90 0.44495
91 0.44905
92 0.45575
93 0.46205
94 0.4758
95 0.48115
96 0.4842
97 0.48865
98 0.49555
99 0.50955
100 0.51215
101 0.5144
102 0.52095
103 0.52855
104 0.53415
105 0.54135
106 0.55375
107 0.5573
108 0.5605
109 0.56915
110 0.5704
111 0.57705
112 0.57925
113 0.5836
114 0.59385
115 0.6018
116 0.60685
117 0.61095
118 0.61435
119 0.62835
120 0.63085
121 0.6316
122 0.64525
123 0.6502
124 0.65455
125 0.6628
126 0.6722
127 0.68615
128 0.694
129 0.69655
130 0.70165
131 0.709
132 0.7117
133 0.7163
134 0.72635
135 0.7337
136 0.74535
137 0.7475
138 0.74945
139 0.75425
140 0.76105
141 0.76475
142 0.7682
143 0.7739
144 0.7785
145 0.78365
146 0.79025
147 0.79285
148 0.79585
149 0.8027
150 0.80995
151 0.81205
152 0.8171
153 0.8265
154 0.8294
155 0.8383
156 0.8476
157 0.8537
158 0.8593
159 0.86135
160 0.86305
161 0.86635
162 0.87445
163 0.8781
164 0.88265
165 0.8872
166 0.89
167 0.89985
168 0.90235
169 0.9187
170 0.92285
171 0.9254
172 0.9297
173 0.93395
174 0.94485
175 0.94755
176 0.94915
177 0.95235
178 0.9579
179 0.96455
180 0.96865
181 0.9731
182 0.98045
183 0.9853
184 0.99705
185 1.0021
# Generated pool n. 26 for Umax = -11.406192779541016
# Generated a biased pool of 20000 with an acceptance of 0.3777448236942291
# Generated a pool of 20000 with an acceptance of 0.005387634408602154
# Generation repeated 186 times
# Average relative effective sample size: 0.07765180617570877
# Generation efficiency: 0.005376344086021506
