# Generation 37

0 0.01495
1 0.0329
2 0.05345
3 0.0746
4 0.08205
5 0.0966
6 0.10685
7 0.1141
8 0.123
9 0.13655
10 0.14995
11 0.16225
12 0.1741
13 0.1857
14 0.2076
15 0.2308
16 0.2335
17 0.2429
18 0.24495
19 0.26855
20 0.2819
21 0.2927
22 0.30315
23 0.31835
24 0.32505
25 0.335
26 0.33575
27 0.34505
28 0.35545
29 0.3674
30 0.3735
31 0.39715
32 0.41575
33 0.4332
34 0.4501
35 0.46985
36 0.4807
37 0.49545
38 0.50455
39 0.5248
40 0.537
41 0.54265
42 0.55765
43 0.56785
44 0.57055
45 0.5791
46 0.593
47 0.60495
48 0.6124
49 0.62245
50 0.6256
51 0.63325
52 0.6454
53 0.6528
54 0.67045
55 0.6736
56 0.6761
57 0.6799
58 0.69315
59 0.704
60 0.71735
61 0.7256
62 0.7382
63 0.7464
64 0.754
65 0.7641
66 0.7736
67 0.77805
68 0.7793
69 0.79275
70 0.80865
71 0.83115
72 0.84225
73 0.86185
74 0.87295
75 0.8887
76 0.89005
77 0.90075
78 0.9075
79 0.91385
80 0.93
81 0.93495
82 0.949
83 0.95845
84 0.97365
85 0.992
86 0.9998
87 1.0199
# Generated pool n. 37 for Umax = -14.401447296142578
# Generated a biased pool of 20000 with an acceptance of 0.5469727516174316
# Generated a pool of 20000 with an acceptance of 0.011589772727272725
# Generation repeated 88 times
# Average relative effective sample size: 0.18856342136859894
# Generation efficiency: 0.011363636363636364
