# Generation 33

0 0.0052
1 0.0106
2 0.02065
3 0.0318
4 0.0418
5 0.05275
6 0.06085
7 0.07215
8 0.07945
9 0.09075
10 0.0976
11 0.1087
12 0.1147
13 0.11915
14 0.1295
15 0.13795
16 0.14335
17 0.16405
18 0.1776
19 0.19055
20 0.2039
21 0.20685
22 0.2202
23 0.2271
24 0.23505
25 0.24165
26 0.2513
27 0.25945
28 0.27185
29 0.28645
30 0.29725
31 0.3032
32 0.3076
33 0.31745
34 0.33325
35 0.34155
36 0.3436
37 0.35585
38 0.37175
39 0.37595
40 0.3973
41 0.40755
42 0.41875
43 0.43365
44 0.43755
45 0.44155
46 0.45675
47 0.45925
48 0.46525
49 0.4761
50 0.4914
51 0.509
52 0.5198
53 0.5334
54 0.53885
55 0.54535
56 0.55925
57 0.5677
58 0.5781
59 0.5864
60 0.59205
61 0.6038
62 0.6159
63 0.6188
64 0.6301
65 0.6359
66 0.64035
67 0.64515
68 0.66135
69 0.66755
70 0.6827
71 0.69555
72 0.70775
73 0.7247
74 0.72645
75 0.73735
76 0.74355
77 0.75465
78 0.76105
79 0.77745
80 0.78175
81 0.8004
82 0.81395
83 0.82865
84 0.84445
85 0.85255
86 0.8628
87 0.87465
88 0.88615
89 0.8919
90 0.89365
91 0.8952
92 0.9013
93 0.90585
94 0.9133
95 0.92615
96 0.9461
97 0.9531
98 0.9617
99 0.9749
100 0.97945
101 0.99335
102 0.9968
103 1.0024
# Generated pool n. 33 for Umax = -13.891491889953613
# Generated a biased pool of 20000 with an acceptance of 0.5150042176246643
# Generated a pool of 20000 with an acceptance of 0.009638461538461538
# Generation repeated 104 times
# Average relative effective sample size: 0.16395512223243713
# Generation efficiency: 0.009615384615384616
