# Generation 33

0 0.0139
1 0.03025
2 0.0484
3 0.0629
4 0.0702
5 0.0803
6 0.0877
7 0.09545
8 0.09885
9 0.10915
10 0.11465
11 0.1345
12 0.1424
13 0.1552
14 0.1608
15 0.169
16 0.17235
17 0.17995
18 0.197
19 0.21655
20 0.2189
21 0.22855
22 0.2424
23 0.269
24 0.27865
25 0.28675
26 0.3033
27 0.3236
28 0.3266
29 0.33655
30 0.3456
31 0.37175
32 0.39015
33 0.4099
34 0.4167
35 0.43285
36 0.45205
37 0.4695
38 0.4792
39 0.50615
40 0.51035
41 0.5288
42 0.53065
43 0.5437
44 0.5493
45 0.56065
46 0.5711
47 0.58345
48 0.5939
49 0.61095
50 0.61645
51 0.626
52 0.6275
53 0.6345
54 0.6473
55 0.6675
56 0.67035
57 0.6801
58 0.6899
59 0.7202
60 0.73045
61 0.74335
62 0.7573
63 0.77295
64 0.7903
65 0.8057
66 0.82255
67 0.8278
68 0.84915
69 0.86455
70 0.8787
71 0.8906
72 0.90345
73 0.9208
74 0.94605
75 0.96305
76 0.97295
77 0.9806
78 1.00315
# Generated pool n. 33 for Umax = -13.91222858428955
# Generated a biased pool of 20000 with an acceptance of 0.5440340042114258
# Generated a pool of 20000 with an acceptance of 0.012698101265822785
# Generation repeated 79 times
# Average relative effective sample size: 0.203058660030365
# Generation efficiency: 0.012658227848101266
