# Generation 16

0 0.00035
1 0.0016
2 0.0017
3 0.0021
4 0.00255
5 0.00435
6 0.00515
7 0.00625
8 0.0065
9 0.0077
10 0.00905
11 0.00985
12 0.01135
13 0.0138
14 0.01455
15 0.01545
16 0.0166
17 0.0179
18 0.0198
19 0.02175
20 0.0222
21 0.02335
22 0.0243
23 0.0248
24 0.02735
25 0.0284
26 0.02935
27 0.03005
28 0.0309
29 0.03125
30 0.03425
31 0.0361
32 0.03695
33 0.03775
34 0.03825
35 0.03915
36 0.03925
37 0.04085
38 0.04385
39 0.04545
40 0.0466
41 0.04795
42 0.04815
43 0.0498
44 0.05105
45 0.0523
46 0.0528
47 0.05335
48 0.05415
49 0.0548
50 0.05705
51 0.0582
52 0.059
53 0.0601
54 0.0618
55 0.06245
56 0.0637
57 0.06415
58 0.06475
59 0.0652
60 0.0664
61 0.06745
62 0.06865
63 0.07005
64 0.07095
65 0.07105
66 0.0724
67 0.07305
68 0.074
69 0.07485
70 0.07585
71 0.0759
72 0.0768
73 0.07765
74 0.07865
75 0.0789
76 0.0803
77 0.0811
78 0.08145
79 0.0821
80 0.0825
81 0.0836
82 0.08475
83 0.0853
84 0.08805
85 0.0891
86 0.0897
87 0.08995
88 0.091
89 0.09175
90 0.0929
91 0.0942
92 0.0946
93 0.0958
94 0.09705
95 0.09765
96 0.09915
97 0.1001
98 0.1003
99 0.10155
100 0.10235
101 0.10295
102 0.10345
103 0.1048
104 0.10545
105 0.1068
106 0.10775
107 0.10795
108 0.10895
109 0.1094
110 0.10955
111 0.1117
112 0.1127
113 0.11365
114 0.1153
115 0.11555
116 0.11655
117 0.11745
118 0.11845
119 0.11875
120 0.12
121 0.12185
122 0.12255
123 0.1231
124 0.1238
125 0.12405
126 0.12475
127 0.1252
128 0.1256
129 0.12605
130 0.1275
131 0.128
132 0.12845
133 0.13155
134 0.13255
135 0.1334
136 0.1341
137 0.1353
138 0.13605
139 0.13665
140 0.13705
141 0.13745
142 0.13805
143 0.1387
144 0.1398
145 0.1407
146 0.1417
147 0.142
148 0.1445
149 0.14485
150 0.1453
151 0.14625
152 0.14635
153 0.1475
154 0.1489
155 0.1499
156 0.1504
157 0.15135
158 0.1534
159 0.1551
160 0.1565
161 0.15675
162 0.15805
163 0.15935
164 0.15955
165 0.1596
166 0.16095
167 0.1615
168 0.1633
169 0.1648
170 0.16585
171 0.1663
172 0.16705
173 0.1675
174 0.16775
175 0.16915
176 0.17
177 0.17115
178 0.1721
179 0.1728
180 0.1731
181 0.1746
182 0.17645
183 0.17805
184 0.17815
185 0.1786
186 0.179
187 0.18
188 0.18195
189 0.18365
190 0.1838
191 0.1853
192 0.18605
193 0.18655
194 0.1868
195 0.1877
196 0.18835
197 0.1889
198 0.19025
199 0.1911
200 0.1933
201 0.19405
202 0.19595
203 0.19745
204 0.198
205 0.19835
206 0.2006
207 0.20125
208 0.2019
209 0.2022
210 0.20285
211 0.20295
212 0.20325
213 0.20435
214 0.2056
215 0.2068
216 0.20755
217 0.2087
218 0.21025
219 0.211
220 0.21235
221 0.2149
222 0.2172
223 0.2186
224 0.2194
225 0.2205
226 0.22185
227 0.22435
228 0.22625
229 0.2276
230 0.2278
231 0.22805
232 0.2284
233 0.2288
234 0.2299
235 0.23255
236 0.2332
237 0.23345
238 0.2342
239 0.23465
240 0.23575
241 0.2361
242 0.23645
243 0.23875
244 0.23935
245 0.2398
246 0.24025
247 0.24205
248 0.24295
249 0.24435
250 0.2463
251 0.2478
252 0.24905
253 0.2492
254 0.25105
255 0.25135
256 0.253
257 0.2537
258 0.25435
259 0.255
260 0.25535
261 0.25605
262 0.25675
263 0.25845
264 0.26105
265 0.26155
266 0.26175
267 0.2626
268 0.2635
269 0.2641
270 0.26415
271 0.2652
272 0.26625
273 0.26765
274 0.2692
275 0.26955
276 0.26975
277 0.27125
278 0.27245
279 0.27425
280 0.27485
281 0.27535
282 0.27575
283 0.2777
284 0.27885
285 0.2791
286 0.2792
287 0.28085
288 0.2834
289 0.2841
290 0.2847
291 0.28575
292 0.2872
293 0.28795
294 0.2887
295 0.28915
296 0.28985
297 0.2912
298 0.29295
299 0.29535
300 0.2974
301 0.2986
302 0.29935
303 0.30075
304 0.30105
305 0.30135
306 0.3033
307 0.30445
308 0.3062
309 0.3074
310 0.30825
311 0.3102
312 0.31045
313 0.3118
314 0.3122
315 0.3131
316 0.31455
317 0.31505
318 0.3161
319 0.3171
320 0.3177
321 0.318
322 0.3186
323 0.32005
324 0.3206
325 0.3212
326 0.3226
327 0.3247
328 0.3252
329 0.32575
330 0.3261
331 0.3263
332 0.3282
333 0.33045
334 0.33155
335 0.3332
336 0.3335
337 0.3348
338 0.3359
339 0.33675
340 0.3374
341 0.3394
342 0.3402
343 0.3412
344 0.3418
345 0.34265
346 0.34335
347 0.34395
348 0.34545
349 0.34615
350 0.347
351 0.3481
352 0.34855
353 0.34915
354 0.35025
355 0.35315
356 0.35405
357 0.3545
358 0.3552
359 0.35625
360 0.35755
361 0.3583
362 0.3596
363 0.361
364 0.36175
365 0.3631
366 0.36375
367 0.3641
368 0.3658
369 0.3667
370 0.3669
371 0.368
372 0.3686
373 0.37
374 0.37135
375 0.37195
376 0.37405
377 0.3746
378 0.3759
379 0.3772
380 0.3776
381 0.37865
382 0.3796
383 0.37975
384 0.381
385 0.38335
386 0.38375
387 0.384
388 0.38475
389 0.38565
390 0.3866
391 0.38685
392 0.38805
393 0.3903
394 0.39095
395 0.3917
396 0.39255
397 0.39305
398 0.3937
399 0.3938
400 0.3947
401 0.39555
402 0.3976
403 0.39815
404 0.39905
405 0.40115
406 0.4021
407 0.4032
408 0.4037
409 0.40505
410 0.40595
411 0.40725
412 0.40805
413 0.40865
414 0.4093
415 0.4098
416 0.4112
417 0.4126
418 0.4134
419 0.41405
420 0.41495
421 0.4167
422 0.4182
423 0.41845
424 0.4192
425 0.4198
426 0.4202
427 0.42045
428 0.4221
429 0.4236
430 0.4253
431 0.42575
432 0.42635
433 0.42745
434 0.42765
435 0.42785
436 0.42875
437 0.42945
438 0.4315
439 0.4344
440 0.4349
441 0.4363
442 0.43725
443 0.43805
444 0.43915
445 0.43935
446 0.441
447 0.44155
448 0.4445
449 0.44605
450 0.44725
451 0.4503
452 0.4517
453 0.45415
454 0.45475
455 0.45675
456 0.4576
457 0.4579
458 0.4583
459 0.4595
460 0.46095
461 0.46185
462 0.46325
463 0.46415
464 0.46485
465 0.46565
466 0.46715
467 0.4688
468 0.4692
469 0.4706
470 0.47155
471 0.47245
472 0.4731
473 0.47415
474 0.4751
475 0.47595
476 0.4768
477 0.47715
478 0.47785
479 0.4792
480 0.47985
481 0.4801
482 0.4807
483 0.48155
484 0.4821
485 0.4839
486 0.48495
487 0.48625
488 0.48795
489 0.48855
490 0.4889
491 0.4907
492 0.49195
493 0.49225
494 0.493
495 0.4943
496 0.4961
497 0.4975
498 0.4977
499 0.49845
500 0.4999
501 0.501
502 0.50175
503 0.50225
504 0.50315
505 0.50495
506 0.5051
507 0.50575
508 0.508
509 0.50985
510 0.51005
511 0.5115
512 0.51325
513 0.51405
514 0.5154
515 0.5169
516 0.51715
517 0.5173
518 0.51735
519 0.5199
520 0.52025
521 0.52075
522 0.52255
523 0.5241
524 0.52445
525 0.525
526 0.52545
527 0.526
528 0.5277
529 0.5288
530 0.529
531 0.5306
532 0.53155
533 0.53205
534 0.5323
535 0.5332
536 0.53525
537 0.53675
538 0.5373
539 0.53845
540 0.53915
541 0.5404
542 0.5413
543 0.54265
544 0.5434
545 0.5439
546 0.546
547 0.54645
548 0.54695
549 0.5484
550 0.5485
551 0.54865
552 0.55095
553 0.5511
554 0.55155
555 0.55165
556 0.55185
557 0.55365
558 0.55535
559 0.55685
560 0.55735
561 0.5575
562 0.55975
563 0.5615
564 0.56205
565 0.5643
566 0.56555
567 0.5659
568 0.56725
569 0.5693
570 0.56975
571 0.5728
572 0.57385
573 0.574
574 0.57555
575 0.57585
576 0.57635
577 0.5767
578 0.5777
579 0.5782
580 0.5802
581 0.58035
582 0.58045
583 0.58155
584 0.582
585 0.58325
586 0.58545
587 0.58735
588 0.58835
589 0.5894
590 0.59125
591 0.5917
592 0.5931
593 0.59475
594 0.59575
595 0.5971
596 0.598
597 0.59845
598 0.59935
599 0.59965
600 0.60055
601 0.60265
602 0.605
603 0.60555
604 0.60695
605 0.6087
606 0.60975
607 0.61085
608 0.6125
609 0.6129
610 0.61395
611 0.61475
612 0.61625
613 0.6187
614 0.61925
615 0.62095
616 0.62375
617 0.62485
618 0.62685
619 0.6273
620 0.6285
621 0.629
622 0.63115
623 0.63335
624 0.6338
625 0.63565
626 0.63735
627 0.63875
628 0.64065
629 0.6414
630 0.64305
631 0.6438
632 0.64495
633 0.6458
634 0.64695
635 0.6473
636 0.64795
637 0.6488
638 0.649
639 0.64905
640 0.6507
641 0.6508
642 0.6516
643 0.653
644 0.65355
645 0.65475
646 0.6559
647 0.65705
648 0.65805
649 0.65855
650 0.6591
651 0.6597
652 0.6603
653 0.66245
654 0.6646
655 0.66555
656 0.66715
657 0.66855
658 0.66975
659 0.67155
660 0.67355
661 0.6737
662 0.675
663 0.6754
664 0.6784
665 0.67985
666 0.682
667 0.6827
668 0.6828
669 0.68315
670 0.6838
671 0.68585
672 0.6866
673 0.6876
674 0.6892
675 0.6904
676 0.69145
677 0.6936
678 0.6954
679 0.6959
680 0.69735
681 0.6976
682 0.6999
683 0.70015
684 0.7008
685 0.70225
686 0.7028
687 0.70315
688 0.7042
689 0.7069
690 0.707
691 0.70835
692 0.70945
693 0.711
694 0.7123
695 0.71295
696 0.71445
697 0.7158
698 0.7166
699 0.718
700 0.7196
701 0.7208
702 0.7218
703 0.72295
704 0.7237
705 0.7257
706 0.7258
707 0.7266
708 0.7276
709 0.7286
710 0.7291
711 0.7303
712 0.73265
713 0.73325
714 0.73515
715 0.7358
716 0.73705
717 0.73815
718 0.7399
719 0.7429
720 0.74435
721 0.74515
722 0.74635
723 0.7471
724 0.7485
725 0.75045
726 0.7516
727 0.7534
728 0.75375
729 0.75445
730 0.75555
731 0.757
732 0.75775
733 0.75925
734 0.76135
735 0.76245
736 0.7631
737 0.764
738 0.76515
739 0.7666
740 0.7676
741 0.7696
742 0.7702
743 0.7707
744 0.77115
745 0.77185
746 0.773
747 0.7741
748 0.77465
749 0.7756
750 0.77575
751 0.77645
752 0.77775
753 0.7809
754 0.78165
755 0.7829
756 0.7834
757 0.78485
758 0.78705
759 0.7887
760 0.78995
761 0.7905
762 0.79105
763 0.79245
764 0.793
765 0.79355
766 0.79375
767 0.7946
768 0.79575
769 0.7967
770 0.79875
771 0.7992
772 0.7997
773 0.8012
774 0.80195
775 0.80295
776 0.804
777 0.80405
778 0.80475
779 0.805
780 0.80745
781 0.80875
782 0.81095
783 0.8119
784 0.81255
785 0.81305
786 0.8138
787 0.81455
788 0.8152
789 0.8159
790 0.8164
791 0.8187
792 0.8197
793 0.82015
794 0.8221
795 0.8235
796 0.8236
797 0.8244
798 0.8252
799 0.8261
800 0.8263
801 0.82855
802 0.8321
803 0.83315
804 0.834
805 0.8363
806 0.8375
807 0.83895
808 0.8411
809 0.84305
810 0.84545
811 0.8469
812 0.84745
813 0.8488
814 0.84945
815 0.85085
816 0.8516
817 0.85195
818 0.8526
819 0.85365
820 0.85515
821 0.85575
822 0.85685
823 0.85745
824 0.85915
825 0.86145
826 0.8615
827 0.86205
828 0.8635
829 0.86565
830 0.866
831 0.86695
832 0.8691
833 0.8699
834 0.8705
835 0.87135
836 0.8719
837 0.87215
838 0.87225
839 0.8728
840 0.87345
841 0.8739
842 0.87465
843 0.8767
844 0.8785
845 0.87975
846 0.88095
847 0.8826
848 0.8852
849 0.886
850 0.8876
851 0.88885
852 0.8903
853 0.89175
854 0.89205
855 0.8937
856 0.8951
857 0.89575
858 0.89595
859 0.89655
860 0.8971
861 0.89745
862 0.90025
863 0.90225
864 0.9032
865 0.9045
866 0.90525
867 0.90655
868 0.90725
869 0.90805
870 0.90905
871 0.91025
872 0.91245
873 0.91395
874 0.9151
875 0.916
876 0.9168
877 0.91755
878 0.918
879 0.91855
880 0.91965
881 0.9204
882 0.9208
883 0.9212
884 0.92185
885 0.92265
886 0.9237
887 0.9248
888 0.92545
889 0.9262
890 0.92805
891 0.92835
892 0.9297
893 0.93285
894 0.9332
895 0.9333
896 0.93495
897 0.93605
898 0.93655
899 0.93765
900 0.9386
901 0.93925
902 0.93965
903 0.9407
904 0.942
905 0.94355
906 0.9439
907 0.94495
908 0.9466
909 0.9469
910 0.94795
911 0.94855
912 0.95015
913 0.95055
914 0.952
915 0.9533
916 0.9546
917 0.956
918 0.9569
919 0.9578
920 0.95915
921 0.96015
922 0.9609
923 0.96235
924 0.9627
925 0.9638
926 0.966
927 0.9669
928 0.9688
929 0.96925
930 0.96965
931 0.9707
932 0.9712
933 0.97195
934 0.9739
935 0.97575
936 0.9766
937 0.97735
938 0.9783
939 0.97915
940 0.9799
941 0.9813
942 0.98215
943 0.98355
944 0.98625
945 0.9868
946 0.98705
947 0.98825
948 0.989
949 0.99045
950 0.991
951 0.99265
952 0.99355
953 0.9955
954 0.99625
955 0.9965
956 0.99655
957 0.99745
958 0.99845
959 0.9991
960 0.99925
961 0.9993
962 1.0015
# Generated pool n. 16 for Umax = 10.994174003601074
# Generated a biased pool of 20000 with an acceptance of 0.06904638558626175
# Generated a pool of 20000 with an acceptance of 0.0010399792315680145
# Generation repeated 963 times
# Average relative effective sample size: 0.006329283583909273
# Generation efficiency: 0.0010384215991692627
