# Generation 39

0 0.01185
1 0.0203
2 0.025
3 0.0282
4 0.0351
5 0.04835
6 0.0552
7 0.0683
8 0.0737
9 0.0817
10 0.0968
11 0.10225
12 0.10965
13 0.118
14 0.11875
15 0.14015
16 0.1581
17 0.16165
18 0.18075
19 0.19245
20 0.19725
21 0.2054
22 0.21125
23 0.21965
24 0.23075
25 0.2488
26 0.2592
27 0.26985
28 0.2859
29 0.2921
30 0.2949
31 0.3088
32 0.31525
33 0.3332
34 0.34425
35 0.3633
36 0.37235
37 0.3785
38 0.38605
39 0.3955
40 0.39635
41 0.4114
42 0.42955
43 0.44945
44 0.4601
45 0.4692
46 0.47455
47 0.48745
48 0.4951
49 0.5
50 0.50505
51 0.5084
52 0.52305
53 0.53045
54 0.54275
55 0.56595
56 0.5751
57 0.58735
58 0.6063
59 0.6165
60 0.6215
61 0.6405
62 0.6533
63 0.65995
64 0.6663
65 0.6717
66 0.67415
67 0.67835
68 0.68695
69 0.69995
70 0.70475
71 0.7136
72 0.72275
73 0.72925
74 0.74335
75 0.7511
76 0.758
77 0.76775
78 0.7811
79 0.7858
80 0.79095
81 0.7995
82 0.7998
83 0.80625
84 0.8205
85 0.833
86 0.83745
87 0.84675
88 0.8582
89 0.8779
90 0.887
91 0.9053
92 0.9104
93 0.91375
94 0.92555
95 0.93315
96 0.94325
97 0.95635
98 0.9821
99 0.9916
100 0.99205
101 0.9973
102 1.0041
# Generated pool n. 39 for Umax = -14.552742004394531
# Generated a biased pool of 20000 with an acceptance of 0.5343891382217407
# Generated a pool of 20000 with an acceptance of 0.009748543689320386
# Generation repeated 103 times
# Average relative effective sample size: 0.1711471527814865
# Generation efficiency: 0.009708737864077669
