# Generation 43

0 0.01005
1 0.02755
2 0.0494
3 0.0723
4 0.089
5 0.09765
6 0.10545
7 0.127
8 0.1336
9 0.13575
10 0.143
11 0.16355
12 0.1755
13 0.1887
14 0.1962
15 0.2152
16 0.2341
17 0.24
18 0.25945
19 0.2802
20 0.284
21 0.29195
22 0.31335
23 0.32045
24 0.3405
25 0.34765
26 0.35295
27 0.36055
28 0.36685
29 0.3798
30 0.3843
31 0.4017
32 0.41735
33 0.42995
34 0.4454
35 0.44695
36 0.4645
37 0.4724
38 0.4745
39 0.49945
40 0.51455
41 0.5276
42 0.5385
43 0.5525
44 0.5714
45 0.58975
46 0.5956
47 0.60995
48 0.6157
49 0.62605
50 0.6342
51 0.646
52 0.6687
53 0.6773
54 0.6974
55 0.71825
56 0.7205
57 0.72385
58 0.73385
59 0.7466
60 0.7682
61 0.77495
62 0.7868
63 0.7894
64 0.79065
65 0.8003
66 0.81015
67 0.83415
68 0.84245
69 0.85335
70 0.86905
71 0.88725
72 0.90295
73 0.9159
74 0.9278
75 0.9375
76 0.95165
77 0.9676
78 0.98
79 0.99065
80 0.99955
81 1.01165
# Generated pool n. 43 for Umax = -14.739842414855957
# Generated a biased pool of 20000 with an acceptance of 0.5725939273834229
# Generated a pool of 20000 with an acceptance of 0.012337195121951227
# Generation repeated 82 times
# Average relative effective sample size: 0.21607284247875214
# Generation efficiency: 0.012195121951219513
