# Generation 31

0 0.00685
1 0.0161
2 0.02545
3 0.0425
4 0.04935
5 0.0617
6 0.07035
7 0.07285
8 0.0767
9 0.08615
10 0.08865
11 0.09095
12 0.1019
13 0.1119
14 0.11545
15 0.1236
16 0.1387
17 0.14595
18 0.159
19 0.16495
20 0.17435
21 0.1808
22 0.1836
23 0.1875
24 0.19275
25 0.20235
26 0.20835
27 0.2152
28 0.21685
29 0.23085
30 0.23505
31 0.2478
32 0.2562
33 0.26175
34 0.2721
35 0.27535
36 0.2791
37 0.2838
38 0.29255
39 0.29395
40 0.2981
41 0.30245
42 0.30835
43 0.3209
44 0.3359
45 0.3394
46 0.34525
47 0.35245
48 0.35965
49 0.36855
50 0.3751
51 0.38235
52 0.39935
53 0.4031
54 0.41105
55 0.4232
56 0.4236
57 0.4267
58 0.4302
59 0.43955
60 0.4533
61 0.46115
62 0.4686
63 0.4756
64 0.48685
65 0.48975
66 0.49525
67 0.49825
68 0.4995
69 0.5048
70 0.5092
71 0.52105
72 0.52965
73 0.53885
74 0.5449
75 0.55675
76 0.57475
77 0.57995
78 0.59275
79 0.5996
80 0.6157
81 0.6291
82 0.6358
83 0.6404
84 0.6497
85 0.6577
86 0.6699
87 0.68205
88 0.68455
89 0.69015
90 0.69795
91 0.7076
92 0.71875
93 0.7232
94 0.73
95 0.74455
96 0.7555
97 0.7668
98 0.773
99 0.78535
100 0.7974
101 0.8075
102 0.8157
103 0.82525
104 0.83345
105 0.84735
106 0.8611
107 0.86225
108 0.871
109 0.88275
110 0.88805
111 0.89495
112 0.90325
113 0.9129
114 0.9174
115 0.91995
116 0.922
117 0.93095
118 0.94485
119 0.95375
120 0.96165
121 0.9737
122 0.9918
123 0.997
124 1.00985
# Generated pool n. 31 for Umax = -13.47047233581543
# Generated a biased pool of 20000 with an acceptance of 0.4670743942260742
# Generated a pool of 20000 with an acceptance of 0.0080788
# Generation repeated 125 times
# Average relative effective sample size: 0.13324204087257385
# Generation efficiency: 0.008
