# Generation 16

0 0.00125
1 0.00235
2 0.0034
3 0.0039
4 0.00445
5 0.0052
6 0.00615
7 0.00845
8 0.0105
9 0.01255
10 0.01405
11 0.0144
12 0.01495
13 0.0166
14 0.01755
15 0.0184
16 0.01965
17 0.0217
18 0.02265
19 0.0238
20 0.02455
21 0.02545
22 0.0261
23 0.02665
24 0.0303
25 0.0312
26 0.03195
27 0.0341
28 0.0345
29 0.03585
30 0.03655
31 0.0369
32 0.037
33 0.03755
34 0.03885
35 0.03995
36 0.0406
37 0.04135
38 0.04385
39 0.04475
40 0.04585
41 0.04755
42 0.04995
43 0.05075
44 0.0509
45 0.05215
46 0.05225
47 0.05295
48 0.05385
49 0.0543
50 0.05475
51 0.0554
52 0.05545
53 0.0576
54 0.05865
55 0.06005
56 0.06205
57 0.06365
58 0.065
59 0.06595
60 0.06605
61 0.06625
62 0.0674
63 0.06765
64 0.06795
65 0.06895
66 0.0704
67 0.07175
68 0.07265
69 0.07365
70 0.07435
71 0.07595
72 0.07765
73 0.07785
74 0.07825
75 0.07855
76 0.07975
77 0.0814
78 0.082
79 0.0822
80 0.0839
81 0.08435
82 0.0851
83 0.08645
84 0.0877
85 0.088
86 0.08895
87 0.09085
88 0.0919
89 0.09315
90 0.09345
91 0.0941
92 0.0956
93 0.0966
94 0.0969
95 0.0987
96 0.10005
97 0.1016
98 0.10175
99 0.1026
100 0.10285
101 0.10315
102 0.1037
103 0.10575
104 0.1072
105 0.1076
106 0.1083
107 0.10995
108 0.11055
109 0.1111
110 0.1115
111 0.11295
112 0.1136
113 0.11405
114 0.1163
115 0.117
116 0.11785
117 0.1187
118 0.1189
119 0.11915
120 0.12025
121 0.1218
122 0.122
123 0.123
124 0.12345
125 0.12505
126 0.12575
127 0.127
128 0.12895
129 0.1305
130 0.13075
131 0.13125
132 0.1323
133 0.13315
134 0.13425
135 0.1363
136 0.1372
137 0.13805
138 0.1384
139 0.13945
140 0.1412
141 0.14195
142 0.14235
143 0.1425
144 0.14335
145 0.14455
146 0.14665
147 0.14715
148 0.1478
149 0.1496
150 0.14985
151 0.1503
152 0.1527
153 0.1537
154 0.1544
155 0.15625
156 0.15705
157 0.1575
158 0.15835
159 0.1587
160 0.15965
161 0.16085
162 0.1611
163 0.16155
164 0.1623
165 0.1631
166 0.1637
167 0.16405
168 0.16465
169 0.16795
170 0.1682
171 0.1692
172 0.1696
173 0.17005
174 0.1717
175 0.1735
176 0.17395
177 0.17435
178 0.1754
179 0.1768
180 0.1774
181 0.17805
182 0.17915
183 0.17955
184 0.17985
185 0.1801
186 0.18135
187 0.18265
188 0.18285
189 0.1831
190 0.18395
191 0.1841
192 0.1851
193 0.18615
194 0.1872
195 0.1888
196 0.19
197 0.19035
198 0.1909
199 0.1911
200 0.19185
201 0.19295
202 0.19365
203 0.1941
204 0.19455
205 0.1951
206 0.19515
207 0.1959
208 0.19695
209 0.19815
210 0.1991
211 0.20055
212 0.20115
213 0.2014
214 0.20225
215 0.2033
216 0.2041
217 0.205
218 0.20595
219 0.2062
220 0.2079
221 0.20835
222 0.2095
223 0.2102
224 0.2112
225 0.21225
226 0.2137
227 0.21405
228 0.21485
229 0.2164
230 0.2171
231 0.21755
232 0.21855
233 0.2189
234 0.22025
235 0.22135
236 0.22215
237 0.224
238 0.2261
239 0.22695
240 0.2276
241 0.2287
242 0.22935
243 0.23015
244 0.23075
245 0.2315
246 0.23225
247 0.23255
248 0.23275
249 0.23445
250 0.2351
251 0.2357
252 0.23645
253 0.2381
254 0.23935
255 0.23965
256 0.2408
257 0.2415
258 0.24255
259 0.24345
260 0.24505
261 0.24595
262 0.2468
263 0.2471
264 0.249
265 0.24935
266 0.25005
267 0.25075
268 0.25115
269 0.2517
270 0.2523
271 0.25365
272 0.25435
273 0.25515
274 0.25615
275 0.2565
276 0.25695
277 0.2581
278 0.25865
279 0.2599
280 0.26035
281 0.2608
282 0.2613
283 0.26195
284 0.263
285 0.2635
286 0.2641
287 0.2657
288 0.2665
289 0.26765
290 0.26875
291 0.26895
292 0.2704
293 0.27055
294 0.2719
295 0.27365
296 0.2743
297 0.27525
298 0.27575
299 0.27635
300 0.27675
301 0.2777
302 0.27855
303 0.2789
304 0.27985
305 0.28125
306 0.28225
307 0.28255
308 0.28325
309 0.28345
310 0.2849
311 0.2854
312 0.28615
313 0.2868
314 0.2873
315 0.2882
316 0.28955
317 0.29035
318 0.2904
319 0.29185
320 0.29215
321 0.29255
322 0.29385
323 0.29485
324 0.2956
325 0.2958
326 0.29645
327 0.2968
328 0.298
329 0.2987
330 0.2992
331 0.29985
332 0.3007
333 0.301
334 0.3023
335 0.3026
336 0.3033
337 0.3043
338 0.3048
339 0.306
340 0.30655
341 0.307
342 0.308
343 0.3098
344 0.31035
345 0.31155
346 0.31215
347 0.3139
348 0.3144
349 0.31535
350 0.3163
351 0.31705
352 0.31765
353 0.31825
354 0.31925
355 0.32
356 0.3202
357 0.32135
358 0.3217
359 0.3223
360 0.32335
361 0.3239
362 0.3241
363 0.3247
364 0.32575
365 0.3261
366 0.3274
367 0.32775
368 0.3292
369 0.33045
370 0.33105
371 0.3314
372 0.3327
373 0.3341
374 0.33465
375 0.3358
376 0.3364
377 0.33725
378 0.3376
379 0.3386
380 0.33935
381 0.34005
382 0.3413
383 0.3419
384 0.34375
385 0.3445
386 0.3449
387 0.34515
388 0.34595
389 0.3471
390 0.3487
391 0.34915
392 0.34965
393 0.3501
394 0.3507
395 0.351
396 0.3517
397 0.35445
398 0.3547
399 0.3553
400 0.35555
401 0.3556
402 0.35635
403 0.3566
404 0.358
405 0.35875
406 0.3598
407 0.3602
408 0.3603
409 0.36075
410 0.36285
411 0.36345
412 0.36505
413 0.3669
414 0.36795
415 0.3693
416 0.3697
417 0.37015
418 0.37045
419 0.3712
420 0.37205
421 0.3725
422 0.37265
423 0.3735
424 0.37445
425 0.3755
426 0.37605
427 0.3776
428 0.379
429 0.37935
430 0.3799
431 0.37995
432 0.3806
433 0.38235
434 0.3834
435 0.38405
436 0.38555
437 0.3859
438 0.38715
439 0.38775
440 0.3884
441 0.39015
442 0.39135
443 0.39155
444 0.3916
445 0.39325
446 0.39435
447 0.39585
448 0.39605
449 0.39755
450 0.3986
451 0.3996
452 0.40155
453 0.40215
454 0.4023
455 0.4029
456 0.40335
457 0.4038
458 0.4047
459 0.4053
460 0.4059
461 0.4063
462 0.4069
463 0.40795
464 0.4088
465 0.40905
466 0.40975
467 0.411
468 0.41115
469 0.4127
470 0.41365
471 0.4149
472 0.4165
473 0.41785
474 0.4188
475 0.4195
476 0.41975
477 0.41995
478 0.42145
479 0.4235
480 0.4257
481 0.42645
482 0.42825
483 0.4292
484 0.4306
485 0.4308
486 0.43205
487 0.43215
488 0.4326
489 0.43365
490 0.43395
491 0.43515
492 0.43625
493 0.4373
494 0.43895
495 0.4411
496 0.44305
497 0.44405
498 0.4449
499 0.4457
500 0.44665
501 0.44825
502 0.44905
503 0.4509
504 0.4521
505 0.45335
506 0.45365
507 0.4546
508 0.456
509 0.45715
510 0.4577
511 0.4585
512 0.46035
513 0.46055
514 0.4625
515 0.4628
516 0.463
517 0.4634
518 0.4641
519 0.46485
520 0.4654
521 0.46635
522 0.467
523 0.46745
524 0.46795
525 0.469
526 0.46955
527 0.47055
528 0.47135
529 0.472
530 0.47255
531 0.4737
532 0.4752
533 0.4756
534 0.4777
535 0.47955
536 0.47985
537 0.48075
538 0.48265
539 0.48345
540 0.48375
541 0.48465
542 0.48595
543 0.4867
544 0.488
545 0.4891
546 0.49005
547 0.4915
548 0.4927
549 0.4929
550 0.49345
551 0.49415
552 0.4963
553 0.4973
554 0.49805
555 0.499
556 0.50035
557 0.5012
558 0.5017
559 0.50215
560 0.50305
561 0.50385
562 0.50485
563 0.5061
564 0.5063
565 0.507
566 0.5075
567 0.50805
568 0.50905
569 0.5109
570 0.5115
571 0.51275
572 0.51325
573 0.51425
574 0.5151
575 0.51605
576 0.51785
577 0.519
578 0.51955
579 0.5209
580 0.52225
581 0.52335
582 0.5246
583 0.52485
584 0.52585
585 0.52655
586 0.52705
587 0.52735
588 0.5279
589 0.52835
590 0.5293
591 0.531
592 0.53185
593 0.53325
594 0.5345
595 0.5353
596 0.536
597 0.5366
598 0.5367
599 0.5376
600 0.5382
601 0.5392
602 0.53995
603 0.54165
604 0.54185
605 0.54295
606 0.544
607 0.5445
608 0.54495
609 0.5453
610 0.5455
611 0.5466
612 0.5468
613 0.5477
614 0.54875
615 0.54965
616 0.54985
617 0.5502
618 0.5506
619 0.55175
620 0.5529
621 0.5532
622 0.5538
623 0.5545
624 0.55545
625 0.5558
626 0.55725
627 0.55815
628 0.559
629 0.55985
630 0.56025
631 0.5614
632 0.56195
633 0.5623
634 0.56285
635 0.56385
636 0.56515
637 0.5658
638 0.5668
639 0.5671
640 0.56845
641 0.57
642 0.57155
643 0.57235
644 0.5725
645 0.5735
646 0.5738
647 0.57425
648 0.5746
649 0.57555
650 0.57605
651 0.577
652 0.57885
653 0.5796
654 0.5798
655 0.58115
656 0.5815
657 0.58225
658 0.58265
659 0.58425
660 0.5846
661 0.5851
662 0.58665
663 0.58825
664 0.5889
665 0.5898
666 0.59045
667 0.59195
668 0.59275
669 0.59355
670 0.5948
671 0.5952
672 0.59565
673 0.5964
674 0.5971
675 0.5989
676 0.5992
677 0.5995
678 0.59995
679 0.60045
680 0.60085
681 0.60215
682 0.6025
683 0.60345
684 0.60405
685 0.60415
686 0.60565
687 0.60645
688 0.60665
689 0.60895
690 0.60935
691 0.61025
692 0.61045
693 0.6108
694 0.61165
695 0.6129
696 0.6132
697 0.61425
698 0.615
699 0.61545
700 0.61605
701 0.61645
702 0.61725
703 0.618
704 0.6191
705 0.62045
706 0.6217
707 0.62205
708 0.6232
709 0.6242
710 0.62485
711 0.62695
712 0.6281
713 0.62915
714 0.62965
715 0.63005
716 0.63045
717 0.6316
718 0.63235
719 0.6331
720 0.63355
721 0.6352
722 0.63645
723 0.63675
724 0.63785
725 0.639
726 0.64005
727 0.6417
728 0.64185
729 0.64255
730 0.6433
731 0.6435
732 0.6439
733 0.6446
734 0.64575
735 0.64635
736 0.64675
737 0.6477
738 0.6485
739 0.64915
740 0.6503
741 0.65085
742 0.6512
743 0.6524
744 0.6525
745 0.65295
746 0.6546
747 0.6549
748 0.65525
749 0.6559
750 0.6561
751 0.6573
752 0.65825
753 0.65925
754 0.66
755 0.66075
756 0.6609
757 0.6616
758 0.6636
759 0.66425
760 0.66545
761 0.66645
762 0.66705
763 0.6679
764 0.6682
765 0.6687
766 0.66925
767 0.6696
768 0.6701
769 0.67105
770 0.6722
771 0.6726
772 0.67345
773 0.67405
774 0.6755
775 0.6772
776 0.67925
777 0.6799
778 0.68025
779 0.68185
780 0.68365
781 0.6842
782 0.685
783 0.68575
784 0.6862
785 0.6875
786 0.68785
787 0.6889
788 0.6896
789 0.69085
790 0.69225
791 0.6924
792 0.6928
793 0.6939
794 0.6951
795 0.6957
796 0.69745
797 0.69805
798 0.6986
799 0.6989
800 0.7002
801 0.7011
802 0.70195
803 0.70295
804 0.70365
805 0.70385
806 0.7045
807 0.70495
808 0.7055
809 0.70645
810 0.7068
811 0.70705
812 0.70795
813 0.70825
814 0.7088
815 0.7096
816 0.71025
817 0.71135
818 0.7125
819 0.71345
820 0.714
821 0.7143
822 0.716
823 0.717
824 0.7183
825 0.7193
826 0.71985
827 0.721
828 0.72165
829 0.722
830 0.72295
831 0.7235
832 0.72535
833 0.7267
834 0.72705
835 0.72785
836 0.7296
837 0.7304
838 0.7312
839 0.73195
840 0.73355
841 0.7343
842 0.7349
843 0.73665
844 0.7367
845 0.73725
846 0.7383
847 0.73865
848 0.7389
849 0.73975
850 0.74
851 0.7406
852 0.7411
853 0.7417
854 0.743
855 0.74395
856 0.74545
857 0.7461
858 0.7468
859 0.7484
860 0.75
861 0.75115
862 0.7522
863 0.75275
864 0.75385
865 0.7545
866 0.7547
867 0.755
868 0.7562
869 0.7572
870 0.75835
871 0.75935
872 0.7603
873 0.7609
874 0.7613
875 0.7622
876 0.76475
877 0.765
878 0.76535
879 0.76615
880 0.76635
881 0.76715
882 0.7697
883 0.77065
884 0.77145
885 0.77255
886 0.77345
887 0.7741
888 0.77435
889 0.77525
890 0.77575
891 0.77645
892 0.7769
893 0.77715
894 0.77815
895 0.7793
896 0.7808
897 0.78185
898 0.7839
899 0.78525
900 0.78585
901 0.78595
902 0.78635
903 0.78665
904 0.7869
905 0.7877
906 0.78835
907 0.7889
908 0.7892
909 0.7904
910 0.79195
911 0.79345
912 0.79385
913 0.79485
914 0.79585
915 0.79605
916 0.7962
917 0.7968
918 0.79725
919 0.7984
920 0.7999
921 0.80105
922 0.80275
923 0.8033
924 0.80395
925 0.80435
926 0.8045
927 0.80585
928 0.8072
929 0.8082
930 0.80965
931 0.8098
932 0.81115
933 0.814
934 0.81425
935 0.8149
936 0.81495
937 0.8152
938 0.8153
939 0.81545
940 0.8168
941 0.8177
942 0.819
943 0.8204
944 0.8227
945 0.8252
946 0.8265
947 0.82785
948 0.8296
949 0.8297
950 0.8307
951 0.8324
952 0.83285
953 0.83335
954 0.83375
955 0.834
956 0.83565
957 0.83595
958 0.83665
959 0.83815
960 0.8396
961 0.8412
962 0.84235
963 0.84275
964 0.84305
965 0.84345
966 0.845
967 0.84625
968 0.84695
969 0.84715
970 0.8478
971 0.8494
972 0.84985
973 0.85145
974 0.85205
975 0.85225
976 0.85275
977 0.85415
978 0.85485
979 0.85575
980 0.8574
981 0.85795
982 0.8596
983 0.86015
984 0.861
985 0.86115
986 0.86135
987 0.86225
988 0.8626
989 0.8648
990 0.86625
991 0.8672
992 0.8679
993 0.86905
994 0.8693
995 0.86975
996 0.8701
997 0.87025
998 0.87125
999 0.87185
1000 0.872
1001 0.87335
1002 0.8759
1003 0.8766
1004 0.87735
1005 0.87755
1006 0.87885
1007 0.88
1008 0.8804
1009 0.8807
1010 0.88205
1011 0.88285
1012 0.88375
1013 0.88475
1014 0.8851
1015 0.88615
1016 0.8871
1017 0.88885
1018 0.8892
1019 0.88995
1020 0.8908
1021 0.89215
1022 0.8933
1023 0.8941
1024 0.89455
1025 0.895
1026 0.89645
1027 0.8972
1028 0.89855
1029 0.89875
1030 0.8991
1031 0.90075
1032 0.90155
1033 0.90185
1034 0.90275
1035 0.9042
1036 0.90465
1037 0.906
1038 0.90685
1039 0.90805
1040 0.9091
1041 0.91
1042 0.9104
1043 0.9109
1044 0.91255
1045 0.91365
1046 0.91395
1047 0.91495
1048 0.9156
1049 0.91635
1050 0.91735
1051 0.9184
1052 0.9197
1053 0.92
1054 0.9202
1055 0.92095
1056 0.92165
1057 0.9226
1058 0.92265
1059 0.92375
1060 0.92445
1061 0.9245
1062 0.92585
1063 0.9264
1064 0.9267
1065 0.9281
1066 0.9298
1067 0.93095
1068 0.9313
1069 0.9324
1070 0.9339
1071 0.93515
1072 0.937
1073 0.9371
1074 0.9372
1075 0.93795
1076 0.9396
1077 0.9404
1078 0.9419
1079 0.94305
1080 0.9441
1081 0.9454
1082 0.94585
1083 0.9473
1084 0.9475
1085 0.9477
1086 0.94905
1087 0.9493
1088 0.94945
1089 0.94985
1090 0.9499
1091 0.9513
1092 0.9516
1093 0.9519
1094 0.9536
1095 0.9541
1096 0.95465
1097 0.95525
1098 0.9563
1099 0.95715
1100 0.9582
1101 0.959
1102 0.9607
1103 0.9611
1104 0.9613
1105 0.9616
1106 0.9626
1107 0.96385
1108 0.9642
1109 0.9644
1110 0.9653
1111 0.96545
1112 0.9663
1113 0.9672
1114 0.96785
1115 0.969
1116 0.96935
1117 0.97175
1118 0.9729
1119 0.97315
1120 0.97335
1121 0.97345
1122 0.97395
1123 0.97405
1124 0.97495
1125 0.97605
1126 0.9762
1127 0.977
1128 0.97865
1129 0.97915
1130 0.98015
1131 0.9811
1132 0.9818
1133 0.98245
1134 0.98275
1135 0.98325
1136 0.98425
1137 0.9857
1138 0.98695
1139 0.988
1140 0.9903
1141 0.99085
1142 0.99315
1143 0.99365
1144 0.99505
1145 0.9957
1146 0.9971
1147 0.9976
1148 0.99815
1149 0.99865
1150 0.999
1151 0.99985
1152 1.00025
# Generated pool n. 16 for Umax = 10.904772758483887
# Generated a biased pool of 20000 with an acceptance of 0.06255079060792923
# Generated a pool of 20000 with an acceptance of 0.000867519514310491
# Generation repeated 1153 times
# Average relative effective sample size: 0.004864119924604893
# Generation efficiency: 0.0008673026886383347
