# Generation 3

0 0.0118
1 0.02165
2 0.02625
3 0.0359
4 0.039
5 0.0478
6 0.06105
7 0.06805
8 0.07375
9 0.08215
10 0.09175
11 0.09825
12 0.1052
13 0.11645
14 0.13065
15 0.1406
16 0.14625
17 0.1623
18 0.16895
19 0.18205
20 0.1986
21 0.20705
22 0.2113
23 0.2172
24 0.23985
25 0.24355
26 0.24815
27 0.25485
28 0.26715
29 0.27995
30 0.29655
31 0.30095
32 0.3161
33 0.32345
34 0.3373
35 0.34775
36 0.35525
37 0.36905
38 0.37545
39 0.38595
40 0.39345
41 0.41075
42 0.4219
43 0.438
44 0.45265
45 0.4668
46 0.47685
47 0.48895
48 0.49575
49 0.50325
50 0.50985
51 0.5224
52 0.53185
53 0.54125
54 0.557
55 0.565
56 0.57865
57 0.5905
58 0.5986
59 0.60605
60 0.62445
61 0.6351
62 0.64585
63 0.65495
64 0.6621
65 0.67495
66 0.6899
67 0.70555
68 0.7193
69 0.7313
70 0.7472
71 0.75845
72 0.7622
73 0.7772
74 0.7832
75 0.79525
76 0.8123
77 0.82065
78 0.8372
79 0.85045
80 0.8616
81 0.8777
82 0.8909
83 0.90085
84 0.90775
85 0.9138
86 0.9279
87 0.93105
88 0.94585
89 0.95935
90 0.97415
91 0.98655
92 1.00515
# Generated pool n. 3 for Umax = 721.2479248046875
# Generated a biased pool of 20000 with an acceptance of 0.28715917468070984
# Generated a pool of 20000 with an acceptance of 0.010808064516129035
# Generation repeated 93 times
# Average relative effective sample size: 0.1066504567861557
# Generation efficiency: 0.010752688172043012
