# Generation 8

0 0.003
1 0.00605
2 0.00765
3 0.0106
4 0.01255
5 0.0154
6 0.01615
7 0.0176
8 0.01815
9 0.01965
10 0.02365
11 0.02765
12 0.0321
13 0.03235
14 0.033
15 0.03405
16 0.0354
17 0.0416
18 0.0442
19 0.0464
20 0.0489
21 0.05005
22 0.05095
23 0.0515
24 0.0543
25 0.05635
26 0.0587
27 0.0591
28 0.062
29 0.0635
30 0.06525
31 0.06635
32 0.0671
33 0.0717
34 0.07525
35 0.07825
36 0.0808
37 0.08225
38 0.08595
39 0.0913
40 0.0944
41 0.09745
42 0.0998
43 0.10275
44 0.1045
45 0.10835
46 0.1096
47 0.1115
48 0.114
49 0.11695
50 0.11935
51 0.1206
52 0.1229
53 0.1253
54 0.1311
55 0.1365
56 0.1428
57 0.1473
58 0.14925
59 0.1529
60 0.15495
61 0.15875
62 0.1607
63 0.16295
64 0.1654
65 0.16725
66 0.171
67 0.172
68 0.17435
69 0.1771
70 0.178
71 0.18025
72 0.18415
73 0.1865
74 0.18945
75 0.1912
76 0.1948
77 0.1977
78 0.1986
79 0.2
80 0.20195
81 0.2025
82 0.2047
83 0.2073
84 0.2081
85 0.21215
86 0.21505
87 0.21755
88 0.21845
89 0.22115
90 0.2261
91 0.23085
92 0.23285
93 0.2365
94 0.237
95 0.23995
96 0.2431
97 0.2462
98 0.25055
99 0.2513
100 0.25505
101 0.25785
102 0.2593
103 0.26125
104 0.2645
105 0.2669
106 0.27055
107 0.2725
108 0.27715
109 0.2804
110 0.28245
111 0.2842
112 0.28705
113 0.28895
114 0.2916
115 0.29245
116 0.29395
117 0.29535
118 0.29805
119 0.30125
120 0.30265
121 0.30465
122 0.30565
123 0.30805
124 0.30965
125 0.312
126 0.3133
127 0.31725
128 0.3189
129 0.32125
130 0.32355
131 0.3267
132 0.3309
133 0.33135
134 0.3344
135 0.3385
136 0.34245
137 0.3444
138 0.34685
139 0.3491
140 0.35255
141 0.35465
142 0.35745
143 0.35925
144 0.3624
145 0.36555
146 0.36675
147 0.37015
148 0.3744
149 0.37655
150 0.37895
151 0.3829
152 0.38635
153 0.38815
154 0.39025
155 0.39395
156 0.39635
157 0.4
158 0.40485
159 0.40825
160 0.41125
161 0.41405
162 0.4182
163 0.41945
164 0.4222
165 0.427
166 0.4311
167 0.432
168 0.43315
169 0.43715
170 0.44195
171 0.44285
172 0.44545
173 0.44815
174 0.45025
175 0.45465
176 0.45605
177 0.4608
178 0.4622
179 0.46475
180 0.467
181 0.4687
182 0.4716
183 0.4743
184 0.47665
185 0.47855
186 0.4796
187 0.4803
188 0.48165
189 0.48235
190 0.485
191 0.4871
192 0.4894
193 0.4929
194 0.49345
195 0.49605
196 0.49865
197 0.499
198 0.50285
199 0.50495
200 0.5075
201 0.51105
202 0.5132
203 0.5152
204 0.51855
205 0.52045
206 0.52105
207 0.52325
208 0.52745
209 0.5291
210 0.53095
211 0.534
212 0.5364
213 0.53965
214 0.5448
215 0.54675
216 0.5503
217 0.552
218 0.5547
219 0.55575
220 0.5604
221 0.56405
222 0.56645
223 0.56995
224 0.576
225 0.57705
226 0.58125
227 0.5851
228 0.5859
229 0.5904
230 0.59205
231 0.59355
232 0.5983
233 0.59935
234 0.60265
235 0.60515
236 0.60565
237 0.60665
238 0.6083
239 0.6147
240 0.6191
241 0.6231
242 0.6269
243 0.6288
244 0.62935
245 0.63175
246 0.63345
247 0.63765
248 0.6402
249 0.64235
250 0.6443
251 0.64755
252 0.64875
253 0.6506
254 0.653
255 0.65555
256 0.65655
257 0.6582
258 0.66015
259 0.66335
260 0.6655
261 0.6688
262 0.67065
263 0.6737
264 0.6743
265 0.6765
266 0.6781
267 0.6814
268 0.6829
269 0.68375
270 0.68555
271 0.6873
272 0.6884
273 0.68945
274 0.69115
275 0.69315
276 0.69595
277 0.69645
278 0.6998
279 0.7022
280 0.7041
281 0.70905
282 0.71185
283 0.71405
284 0.7169
285 0.7203
286 0.72145
287 0.7216
288 0.72655
289 0.73135
290 0.7331
291 0.73675
292 0.73855
293 0.74235
294 0.746
295 0.74695
296 0.74845
297 0.74955
298 0.7523
299 0.75485
300 0.75615
301 0.7588
302 0.76105
303 0.7634
304 0.7657
305 0.76675
306 0.76865
307 0.77095
308 0.77165
309 0.7735
310 0.77455
311 0.7769
312 0.77785
313 0.77885
314 0.782
315 0.78585
316 0.78605
317 0.7887
318 0.78985
319 0.7909
320 0.7941
321 0.7972
322 0.80225
323 0.80475
324 0.8056
325 0.8076
326 0.80995
327 0.81275
328 0.8137
329 0.818
330 0.81945
331 0.8226
332 0.8248
333 0.8301
334 0.83335
335 0.83525
336 0.83905
337 0.8402
338 0.84225
339 0.84515
340 0.8461
341 0.84875
342 0.8506
343 0.85505
344 0.8594
345 0.8626
346 0.8647
347 0.86605
348 0.86725
349 0.86965
350 0.8707
351 0.8715
352 0.87385
353 0.8746
354 0.8758
355 0.87795
356 0.879
357 0.8814
358 0.8846
359 0.8863
360 0.889
361 0.88925
362 0.8925
363 0.8951
364 0.8992
365 0.90155
366 0.9034
367 0.908
368 0.9097
369 0.9146
370 0.91485
371 0.91965
372 0.9207
373 0.92415
374 0.9254
375 0.9265
376 0.92825
377 0.9315
378 0.93345
379 0.9353
380 0.9387
381 0.9403
382 0.9435
383 0.94545
384 0.9473
385 0.94925
386 0.9518
387 0.9539
388 0.955
389 0.956
390 0.9607
391 0.96375
392 0.9652
393 0.9675
394 0.96925
395 0.9738
396 0.975
397 0.97595
398 0.9792
399 0.98115
400 0.9834
401 0.9862
402 0.99045
403 0.99435
404 0.9989
405 0.99945
406 1.00105
# Generated pool n. 8 for Umax = 212.50436401367188
# Generated a biased pool of 20000 with an acceptance of 0.14259392023086548
# Generated a pool of 20000 with an acceptance of 0.0024595823095823095
# Generation repeated 407 times
# Average relative effective sample size: 0.020942995324730873
# Generation efficiency: 0.002457002457002457
