# Generation 22

0 0.00065
1 0.0019
2 0.00205
3 0.0033
4 0.00565
5 0.0102
6 0.0124
7 0.01545
8 0.01855
9 0.0224
10 0.02295
11 0.0251
12 0.0264
13 0.02825
14 0.0304
15 0.0314
16 0.03245
17 0.03285
18 0.0335
19 0.03655
20 0.03865
21 0.04095
22 0.0429
23 0.045
24 0.04765
25 0.04905
26 0.05285
27 0.0546
28 0.05545
29 0.05705
30 0.05925
31 0.06055
32 0.06155
33 0.063
34 0.0658
35 0.06745
36 0.072
37 0.07225
38 0.07335
39 0.07835
40 0.0817
41 0.0829
42 0.0863
43 0.0882
44 0.08915
45 0.09085
46 0.09225
47 0.09435
48 0.0954
49 0.09615
50 0.0972
51 0.0991
52 0.0998
53 0.1012
54 0.10195
55 0.1039
56 0.1047
57 0.1081
58 0.1082
59 0.10965
60 0.1124
61 0.1139
62 0.11675
63 0.1178
64 0.11945
65 0.1199
66 0.12235
67 0.12555
68 0.1271
69 0.1284
70 0.13215
71 0.13695
72 0.1403
73 0.14205
74 0.14265
75 0.14425
76 0.1466
77 0.15075
78 0.1512
79 0.15235
80 0.1545
81 0.15765
82 0.15985
83 0.16265
84 0.16575
85 0.16765
86 0.16825
87 0.1684
88 0.16915
89 0.17225
90 0.17275
91 0.1735
92 0.1743
93 0.1756
94 0.17795
95 0.18095
96 0.18335
97 0.1884
98 0.18985
99 0.1912
100 0.1915
101 0.1936
102 0.1945
103 0.19585
104 0.201
105 0.2032
106 0.2054
107 0.20855
108 0.20985
109 0.2105
110 0.21125
111 0.2113
112 0.2144
113 0.21655
114 0.21895
115 0.2229
116 0.22415
117 0.22705
118 0.22935
119 0.2307
120 0.23295
121 0.23485
122 0.2359
123 0.23685
124 0.2383
125 0.23935
126 0.24085
127 0.2418
128 0.24325
129 0.24455
130 0.24555
131 0.24615
132 0.24845
133 0.2494
134 0.25015
135 0.2539
136 0.2589
137 0.2619
138 0.2642
139 0.2655
140 0.26845
141 0.26925
142 0.2705
143 0.2708
144 0.27105
145 0.2717
146 0.2736
147 0.2764
148 0.27775
149 0.28245
150 0.28815
151 0.28855
152 0.2903
153 0.2925
154 0.29285
155 0.29385
156 0.29505
157 0.2982
158 0.3017
159 0.30555
160 0.30805
161 0.3083
162 0.30925
163 0.31
164 0.31355
165 0.3161
166 0.3169
167 0.32025
168 0.32215
169 0.32425
170 0.32465
171 0.3259
172 0.32705
173 0.32975
174 0.33065
175 0.3322
176 0.33515
177 0.33705
178 0.3379
179 0.3393
180 0.341
181 0.3439
182 0.34735
183 0.35065
184 0.35265
185 0.35385
186 0.35615
187 0.35995
188 0.36045
189 0.36235
190 0.36315
191 0.364
192 0.36695
193 0.371
194 0.3715
195 0.3744
196 0.3766
197 0.3786
198 0.38035
199 0.3825
200 0.3847
201 0.38505
202 0.38855
203 0.38955
204 0.3914
205 0.39175
206 0.3937
207 0.39455
208 0.3951
209 0.3973
210 0.39805
211 0.401
212 0.40365
213 0.4063
214 0.4096
215 0.41185
216 0.41475
217 0.4171
218 0.41975
219 0.4205
220 0.4235
221 0.4246
222 0.42835
223 0.43125
224 0.43215
225 0.4351
226 0.43705
227 0.4384
228 0.4396
229 0.44195
230 0.4422
231 0.44455
232 0.44565
233 0.4477
234 0.451
235 0.45325
236 0.4543
237 0.456
238 0.45715
239 0.4589
240 0.4615
241 0.4638
242 0.46475
243 0.4655
244 0.46885
245 0.4691
246 0.46975
247 0.4702
248 0.472
249 0.4736
250 0.47635
251 0.47725
252 0.47845
253 0.48005
254 0.4825
255 0.48415
256 0.486
257 0.48775
258 0.4895
259 0.49085
260 0.4924
261 0.49515
262 0.4957
263 0.49845
264 0.50005
265 0.5011
266 0.5053
267 0.50665
268 0.51
269 0.51095
270 0.51475
271 0.51605
272 0.51665
273 0.51965
274 0.52105
275 0.5235
276 0.52805
277 0.5295
278 0.5299
279 0.5313
280 0.5332
281 0.53535
282 0.5377
283 0.5398
284 0.54065
285 0.54295
286 0.54435
287 0.5465
288 0.54725
289 0.55055
290 0.55405
291 0.5565
292 0.5581
293 0.55975
294 0.5619
295 0.56345
296 0.56385
297 0.5664
298 0.56885
299 0.5698
300 0.57195
301 0.5728
302 0.57305
303 0.57415
304 0.5767
305 0.57985
306 0.58
307 0.58255
308 0.5845
309 0.58545
310 0.5869
311 0.58845
312 0.5904
313 0.59205
314 0.5949
315 0.59865
316 0.6008
317 0.60355
318 0.60475
319 0.6085
320 0.61045
321 0.61295
322 0.615
323 0.6185
324 0.6193
325 0.6232
326 0.6241
327 0.62735
328 0.6307
329 0.63095
330 0.6343
331 0.63615
332 0.63855
333 0.64
334 0.64175
335 0.6432
336 0.64675
337 0.6482
338 0.6521
339 0.65425
340 0.65505
341 0.65675
342 0.6569
343 0.65825
344 0.6615
345 0.6631
346 0.665
347 0.6667
348 0.6679
349 0.66985
350 0.6704
351 0.67125
352 0.6745
353 0.67665
354 0.6771
355 0.6792
356 0.67965
357 0.68085
358 0.68185
359 0.6833
360 0.68545
361 0.6864
362 0.68775
363 0.69065
364 0.6933
365 0.69335
366 0.69445
367 0.69535
368 0.69765
369 0.7003
370 0.7021
371 0.704
372 0.70465
373 0.7068
374 0.7084
375 0.71005
376 0.7116
377 0.71435
378 0.71505
379 0.7167
380 0.7185
381 0.7204
382 0.7214
383 0.7225
384 0.726
385 0.72785
386 0.7306
387 0.7312
388 0.7352
389 0.7378
390 0.7387
391 0.7404
392 0.74095
393 0.744
394 0.74555
395 0.7473
396 0.7502
397 0.7514
398 0.75415
399 0.75745
400 0.76095
401 0.7634
402 0.76725
403 0.77025
404 0.77405
405 0.77695
406 0.77965
407 0.78115
408 0.78425
409 0.7853
410 0.7881
411 0.7907
412 0.79205
413 0.7935
414 0.7969
415 0.79965
416 0.80235
417 0.80285
418 0.80535
419 0.80805
420 0.80875
421 0.8099
422 0.81105
423 0.81215
424 0.8128
425 0.81295
426 0.81455
427 0.81565
428 0.8182
429 0.8189
430 0.8229
431 0.824
432 0.8248
433 0.8273
434 0.8291
435 0.83015
436 0.83065
437 0.8327
438 0.8341
439 0.8355
440 0.8365
441 0.83745
442 0.83915
443 0.844
444 0.84735
445 0.84825
446 0.8495
447 0.85125
448 0.85305
449 0.85705
450 0.85825
451 0.8603
452 0.8615
453 0.86395
454 0.86435
455 0.86505
456 0.86615
457 0.8676
458 0.86915
459 0.8701
460 0.8717
461 0.875
462 0.87895
463 0.87925
464 0.8822
465 0.8837
466 0.88515
467 0.8883
468 0.8894
469 0.8924
470 0.8933
471 0.8987
472 0.9006
473 0.90135
474 0.90275
475 0.9045
476 0.9064
477 0.9074
478 0.9088
479 0.9107
480 0.91305
481 0.9138
482 0.9154
483 0.9187
484 0.92265
485 0.92405
486 0.92575
487 0.92685
488 0.92795
489 0.92845
490 0.93065
491 0.9319
492 0.93545
493 0.9365
494 0.93825
495 0.94115
496 0.94295
497 0.9464
498 0.94745
499 0.94895
500 0.94985
501 0.95155
502 0.95295
503 0.95415
504 0.9573
505 0.9593
506 0.96325
507 0.96585
508 0.96805
509 0.96875
510 0.9713
511 0.9716
512 0.9755
513 0.97575
514 0.9765
515 0.9775
516 0.9794
517 0.98105
518 0.98365
519 0.9853
520 0.9881
521 0.9905
522 0.9926
523 0.99515
524 0.99645
525 0.99945
526 1.00335
# Generated pool n. 22 for Umax = -7.556061744689941
# Generated a biased pool of 20000 with an acceptance of 0.16081441938877106
# Generated a pool of 20000 with an acceptance of 0.0019038899430740034
# Generation repeated 527 times
# Average relative effective sample size: 0.016094692051410675
# Generation efficiency: 0.0018975332068311196
