# Run started: 2026-09-27 20:13:43.834570
# 
# STD_NS	NF_NS	TRAIN	GENER
9.083256999999999692e+00 0.000000000000000000e+00 1.080307802999999922e+03 3.271440000000000126e+00
8.983288999999999191e+00 1.782637300000000025e+01 1.083358381000000008e+03 2.070328299999999899e+01
9.055775000000000574e+00 1.805425699999999978e+01 1.089729616999999962e+03 6.584789800000000071e+01
8.917502000000000706e+00 1.803232500000000016e+01 1.085070058000000017e+03 1.009888490000000019e+02
9.008076000000000860e+00 1.787557899999999833e+01 1.099667813000000024e+03 1.781302680000000009e+02
9.003396999999999650e+00 1.782912100000000066e+01 1.100974903000000040e+03 2.180534179999999935e+02
9.011794000000000082e+00 1.803547800000000123e+01 1.096139771999999994e+03 2.916753669999999943e+02
9.004906999999999329e+00 1.784877699999999834e+01 1.093434639000000061e+03 4.152983330000000137e+02
8.999717999999999662e+00 1.806974100000000050e+01 1.096776671000000078e+03 4.456252569999999764e+02
9.150729000000000113e+00 1.850590700000000055e+01 1.094164399000000003e+03 5.502239439999999604e+02
8.955503000000000213e+00 1.774005700000000019e+01 1.064901321000000053e+03 6.680559289999999919e+02
8.936448999999999643e+00 1.756551500000000132e+01 1.081729550999999901e+03 6.935424699999999802e+02
9.121940999999999633e+00 1.860341299999999976e+01 1.109163086000000021e+03 8.836148600000000215e+02
9.130646999999999736e+00 1.796241900000000058e+01 1.115405753000000004e+03 8.789485750000000053e+02
9.024445000000000050e+00 1.787180499999999839e+01 1.116775949999999966e+03 9.192135130000000345e+02
9.008584000000000813e+00 1.784716399999999936e+01 1.139318326999999954e+03 1.033847177000000102e+03
8.962559000000000609e+00 1.795320200000000099e+01 1.076399785999999949e+03 1.231193545999999969e+03
8.798365999999999687e+00 1.748629800000000145e+01 1.060204690999999912e+03 9.440422660000000405e+02
8.948448000000000846e+00 1.757922299999999893e+01 1.071790484999999990e+03 1.202173230999999987e+03
8.842511999999999261e+00 1.772210000000000107e+01 1.063077283999999963e+03 9.589047339999999622e+02
8.779847999999999431e+00 1.785348899999999972e+01 1.068016108000000031e+03 7.487301740000000336e+02
8.806800000000000850e+00 1.787609499999999940e+01 1.076183837999999923e+03 7.479441110000000208e+02
9.183636999999999162e+00 1.823138099999999895e+01 1.125247697999999900e+03 5.714468110000000252e+02
8.858679000000000414e+00 1.914100799999999936e+01 1.077989532999999938e+03 9.138149630000000343e+02
8.996150000000000091e+00 1.778836599999999990e+01 1.099754709999999932e+03 5.385147439999999506e+02
8.862526000000000792e+00 1.758739999999999881e+01 1.080119110999999975e+03 7.099484429999999975e+02
8.812573000000000434e+00 1.783273000000000152e+01 1.066476846000000023e+03 4.846808429999999817e+02
9.409382000000000801e+00 1.949115400000000164e+01 1.159830054999999902e+03 1.846371169999999893e+02
8.974278999999999229e+00 1.771891700000000114e+01 1.141163594999999987e+03 2.765138670000000047e+02
9.311465999999999354e+00 1.886952000000000140e+01 1.157172882000000072e+03 1.101787530000000004e+02
9.408355999999999497e+00 1.925155699999999825e+01 1.154020205000000033e+03 1.114776449999999954e+02
9.355503000000000569e+00 1.970712400000000031e+01 1.157570502999999917e+03 9.763369600000000048e+01
9.148331999999999908e+00 1.901702099999999973e+01 1.164049488000000110e+03 9.374790500000000293e+01
9.207959999999999923e+00 1.907044300000000092e+01 1.141470422999999982e+03 8.744934100000000399e+01
9.202875000000000583e+00 1.860524799999999956e+01 1.144689507999999933e+03 9.244871799999999951e+01
9.419038999999999717e+00 1.926676499999999947e+01 1.143800995999999941e+03 9.219989400000000046e+01
9.255670000000000286e+00 1.866506299999999996e+01 1.147820535000000064e+03 7.896998999999999569e+01
8.863184999999999647e+00 1.765474000000000032e+01 1.144258209999999963e+03 7.135032800000000464e+01
9.249192000000000746e+00 1.890557000000000087e+01 1.144390120999999908e+03 7.361286699999999428e+01
9.205035999999999774e+00 1.883592799999999912e+01 1.144647930000000088e+03 6.326597399999999993e+01
8.863272000000000261e+00 1.749490399999999823e+01 1.145219941999999946e+03 6.044577600000000217e+01
9.298996000000000706e+00 1.875242499999999879e+01 1.156877273000000059e+03 6.928471399999999392e+01
9.115674999999999528e+00 1.878540200000000127e+01 1.132910208000000011e+03 5.524862000000000251e+01
8.812139999999999418e+00 1.755893999999999977e+01 1.120127799000000095e+03 6.042703699999999856e+01
8.983209999999999695e+00 1.850960600000000156e+01 1.115205918999999994e+03 6.142170899999999989e+01
# Run ended: 2026-09-28 15:30:36.835305
# Elapsed time: 19:16:53.000735
