# epoch	step	nll	ecut	ecut_viol	grad_norm	val_nll	val_ecut	val_ecut_viol	val_ress_zx	LR
1	27	-46.38509750366211	0.0	0.0	46.64409637451172	-46.38981628417969	118.69377899169922	71.48062896728516	0.3116702437400818	1.4720887892512898e-05
2	54	-46.34025192260742	0.0	0.0	111.73895263671875	-46.354854583740234	122.2813720703125	75.14595794677734	0.31551462411880493	2.851210519515696e-05
3	81	-46.3127555847168	0.0	0.0	77.71688079833984	-46.3366813659668	115.32601165771484	68.09258270263672	0.29976755380630493	5.028853872814779e-05
4	108	-46.15338897705078	0.0	0.0	142.11607360839844	-46.199615478515625	117.8678207397461	70.87971496582031	0.28186899423599243	7.833678680135194e-05
5	135	-46.073753356933594	0.0	0.0	95.99913787841797	-46.11759567260742	133.0396728515625	86.1240234375	0.22334542870521545	0.0001104499721691862
6	162	-45.754783630371094	0.0	0.0	215.7276153564453	-45.69269943237305	135.20443725585938	88.19435119628906	0.09621872752904892	0.00014410138236510013
7	189	-45.847076416015625	0.0	0.0	153.3297576904297	-45.741943359375	138.94517517089844	92.31947326660156	0.11993631720542908	0.00017664327513976246
8	216	-45.07822799682617	0.0	0.0	318.9134521484375	-45.02745056152344	146.88792419433594	101.47460174560547	0.09918197244405746	0.0002055152066998506
9	243	-44.0888671875	0.0	0.0	706.4325561523438	-44.92643356323242	150.71974182128906	104.7699203491211	0.08790633082389832	0.00022844549117643985
10	270	-44.85509490966797	0.0	0.0	221.82960510253906	-44.68196105957031	179.1548309326172	134.37258911132812	0.05539742857217789	0.00024362994019690677
11	297	-43.79657745361328	0.0	0.0	230.5038604736328	-44.120582580566406	189.3155975341797	146.41500854492188	0.030872177332639694	0.000249873819068998
12	324	-44.948883056640625	0.0	0.0	135.0272674560547	-44.577476501464844	193.4586639404297	148.93560791015625	0.062008392065763474	0.0002490831148795666
13	351	-45.0399284362793	0.0	0.0	204.85675048828125	-45.05901336669922	181.463623046875	136.52294921875	0.05781784653663635	0.0002456179920635089
14	378	-45.378963470458984	0.0	0.0	268.33251953125	-45.22984313964844	170.9190673828125	126.13429260253906	0.08455997705459595	0.0002396906279377499
15	405	-44.83295440673828	0.0	0.0	251.41604614257812	-44.95674133300781	177.4932861328125	132.31723022460938	0.08184759318828583	0.00023150769222457458
16	432	-45.36493682861328	0.0	0.0	289.12493896484375	-45.58879089355469	156.46038818359375	110.81974792480469	0.10648336261510849	0.00022135449978155481
17	459	-44.379974365234375	0.0	0.0	291.36419677734375	-44.94265365600586	160.18115234375	114.5106201171875	0.07242853194475174	0.00020958506251313652
18	486	-45.529937744140625	0.0	0.0	187.7153778076172	-45.5157470703125	157.62460327148438	112.08445739746094	0.11271552741527557	0.0001966097460186159
19	513	-45.455108642578125	0.0	0.0	264.90802001953125	-45.73311996459961	155.033447265625	109.14732360839844	0.16874641180038452	0.0001828809613528205
20	540	-45.52159881591797	0.0	0.0	196.6916046142578	-45.541107177734375	153.7800750732422	107.99507904052734	0.10720815509557724	0.00016887739078564148
21	567	-45.469451904296875	0.0	0.0	184.23814392089844	-45.55989074707031	157.5979766845703	111.81863403320312	0.13215479254722595	0.00015508729756170373
22	594	-45.929161071777344	0.0	0.0	102.32036590576172	-45.873470306396484	147.29922485351562	100.71028900146484	0.09183722734451294	0.00014199150159967716
23	621	-45.87043380737305	0.0	0.0	187.9410400390625	-45.860923767089844	137.9917449951172	91.4513168334961	0.11994403600692749	0.00013004661471843258
24	648	-46.01176071166992	0.0	0.0	91.65901184082031	-46.040374755859375	133.9326629638672	87.34231567382812	0.20969542860984802	0.00011966911992830905
25	675	-46.06288146972656	0.0	0.0	87.7271499633789	-46.07544708251953	142.0946807861328	95.3982162475586	0.21615779399871826	0.00011122084989569658
26	702	-46.14748764038086	0.0	0.0	101.12347412109375	-46.11677169799805	136.25047302246094	89.54313659667969	0.2733996510505676	0.00010499637090408714
27	729	-46.06261444091797	0.0	0.0	132.427978515625	-46.131011962890625	133.9803924560547	87.114501953125	0.27312010526657104	0.00010121271219569881
28	756	-46.16935348510742	0.0	0.0	91.64430236816406	-46.14341354370117	132.38462829589844	85.406982421875	0.22296707332134247	0.00010000179880126917
# Best epoch: 2
