# epoch	step	nll	ecut	ecut_viol	grad_norm	val_nll	val_ecut	val_ecut_viol	val_ress_zx	LR
1	27	-43.052879333496094	0.0	0.0	82.60858154296875	-43.015968322753906	124.94877624511719	81.3013916015625	0.33891838788986206	1.4720887892512898e-05
2	54	-42.996803283691406	0.0	0.0	76.50450897216797	-42.98575973510742	125.32067108154297	81.50267028808594	0.2760576605796814	2.851210519515696e-05
3	81	-42.93782043457031	0.0	0.0	117.09278869628906	-42.87245178222656	130.38412475585938	86.83805847167969	0.2920401096343994	5.028853872814779e-05
4	108	-42.83268737792969	0.0	0.0	111.17959594726562	-42.70231246948242	124.32796478271484	80.76290893554688	0.19661834836006165	7.833678680135194e-05
5	135	-42.593936920166016	0.0	0.0	269.0444030761719	-42.60549545288086	128.881591796875	85.44711303710938	0.1759275496006012	0.0001104499721691862
6	162	-42.47886657714844	0.0	0.0	84.20848083496094	-42.413047790527344	153.24765014648438	110.11883544921875	0.16949467360973358	0.00014410138236510013
7	189	-41.77501678466797	0.0	0.0	238.1754608154297	-42.23265075683594	144.0886688232422	101.65081024169922	0.12365414947271347	0.00017664327513976246
8	216	-41.699951171875	0.0	0.0	206.93914794921875	-41.69930648803711	148.34176635742188	106.2240219116211	0.06739960610866547	0.0002055152066998506
9	243	-41.18495178222656	0.0	0.0	160.91879272460938	-41.60151672363281	190.3279266357422	149.48545837402344	0.07632589340209961	0.00022844549117643985
10	270	-41.32076644897461	0.0	0.0	124.94071197509766	-40.88578414916992	181.5157470703125	140.283447265625	0.02685263752937317	0.00024362994019690677
11	297	-41.75984191894531	0.0	0.0	159.32232666015625	-41.563720703125	199.10305786132812	157.89315795898438	0.07637160271406174	0.000249873819068998
12	324	-41.886016845703125	0.0	0.0	109.69074249267578	-41.26435852050781	181.1949462890625	139.7117919921875	0.0504196435213089	0.0002490831148795666
13	351	-42.15522003173828	0.0	0.0	428.4764404296875	-41.76267623901367	194.17539978027344	152.16085815429688	0.03860823065042496	0.0002456179920635089
14	378	-40.877742767333984	0.0	0.0	207.01695251464844	-40.91453552246094	200.7594451904297	160.10574340820312	0.02559978887438774	0.0002396906279377499
15	405	-41.08469772338867	0.0	0.0	1653.51171875	-40.85140609741211	191.79148864746094	150.04112243652344	0.021988999098539352	0.00023150769222457458
16	432	-42.35580062866211	0.0	0.0	165.1625213623047	-42.185707092285156	167.76580810546875	125.68862915039062	0.1255064308643341	0.00022135449978155481
17	459	-41.773765563964844	0.0	0.0	363.65087890625	-41.5998649597168	169.43447875976562	127.54997253417969	0.05762987583875656	0.00020958506251313652
18	486	-40.236690521240234	0.0	0.0	533.703857421875	-40.84515380859375	173.27035522460938	131.77127075195312	0.05629789084196091	0.0001966097460186159
19	513	-42.512062072753906	0.0	0.0	169.3586883544922	-42.439453125	164.30979919433594	121.62834167480469	0.12148158997297287	0.0001828809613528205
20	540	-42.25636291503906	0.0	0.0	1817.365234375	-41.63957595825195	160.58367919921875	118.16728210449219	0.04533245414495468	0.00016887739078564148
21	567	-42.14101028442383	0.0	0.0	168.77877807617188	-42.27476501464844	166.25689697265625	123.80531311035156	0.10687803477048874	0.00015508729756170373
22	594	-42.54448699951172	0.0	0.0	161.7393035888672	-42.496307373046875	162.5587921142578	119.731689453125	0.15093262493610382	0.00014199150159967716
23	621	-42.58831024169922	0.0	0.0	145.73287963867188	-42.44601058959961	150.915283203125	107.99337768554688	0.13307112455368042	0.00013004661471843258
24	648	-42.51504135131836	0.0	0.0	255.63607788085938	-42.372825622558594	172.9888916015625	130.3304901123047	0.15514586865901947	0.00011966911992830905
25	675	-42.559852600097656	0.0	0.0	98.43071746826172	-42.59685516357422	146.08157348632812	102.61177825927734	0.16139757633209229	0.00011122084989569658
26	702	-42.541595458984375	0.0	0.0	91.16899871826172	-42.69525146484375	144.53305053710938	101.16442108154297	0.1533413976430893	0.00010499637090408714
27	729	-42.6402702331543	0.0	0.0	200.13768005371094	-42.684837341308594	139.6500244140625	96.3722152709961	0.20357540249824524	0.00010121271219569881
28	756	-42.78974914550781	0.0	0.0	82.59580993652344	-42.76943588256836	145.9759521484375	102.43303680419922	0.2378731667995453	0.00010000179880126917
# Best epoch: 1
