# epoch	step	nll	ecut	ecut_viol	grad_norm	val_nll	val_ecut	val_ecut_viol	val_ress_zx	LR
1	27	-32.567787170410156	0.0	0.0	59.59028244018555	-32.65845489501953	132.13699340820312	99.5491943359375	0.22585275769233704	1.4720887892512898e-05
2	54	-32.62860107421875	0.0	0.0	66.68161010742188	-32.636417388916016	134.4644775390625	101.7141342163086	0.1744832694530487	2.851210519515696e-05
3	81	-32.53046798706055	0.0	0.0	633.2847290039062	-32.39720916748047	138.09938049316406	105.37586975097656	0.12611351907253265	5.028853872814779e-05
4	108	-32.28400421142578	0.0	0.0	188.45957946777344	-32.41807556152344	144.21426391601562	111.7462158203125	0.14194492995738983	7.833678680135194e-05
5	135	-32.236846923828125	0.0	0.0	558.8860473632812	-32.10557556152344	137.232666015625	104.72409057617188	0.0795559361577034	0.0001104499721691862
6	162	-32.1240234375	0.0	0.0	118.10750579833984	-32.09564208984375	150.82518005371094	118.63896179199219	0.10857617110013962	0.00014410138236510013
7	189	-31.91513442993164	0.0	0.0	172.2014617919922	-31.594221115112305	168.43174743652344	136.45291137695312	0.07320670783519745	0.00017664327513976246
8	216	-31.520689010620117	0.0	0.0	213.6912841796875	-31.645597457885742	183.1707000732422	151.78274536132812	0.08040910214185715	0.0002055152066998506
9	243	-31.920509338378906	0.0	0.0	125.35948944091797	-31.860464096069336	161.24485778808594	129.42544555664062	0.07941766828298569	0.00022844549117643985
10	270	-31.309402465820312	0.0	0.0	189.44346618652344	-31.720077514648438	199.55892944335938	168.5048828125	0.10457046329975128	0.00024362994019690677
11	297	-31.296096801757812	0.0	0.0	182.18890380859375	-31.636180877685547	193.4334716796875	162.16946411132812	0.09965329617261887	0.000249873819068998
12	324	-31.62586784362793	0.0	0.0	155.467041015625	-31.609508514404297	184.38922119140625	153.12965393066406	0.06905058026313782	0.0002490831148795666
13	351	-31.207515716552734	0.0	0.0	94.46279907226562	-31.264232635498047	204.40020751953125	173.70999145507812	0.02416360378265381	0.0002456179920635089
14	378	-31.681232452392578	0.0	0.0	114.81966400146484	-31.824430465698242	167.45562744140625	135.83294677734375	0.06840234994888306	0.0002396906279377499
15	405	-31.78826141357422	0.0	0.0	141.90858459472656	-31.834278106689453	187.55874633789062	156.33628845214844	0.038390859961509705	0.00023150769222457458
16	432	-31.357051849365234	0.0	0.0	327.77166748046875	-31.80197525024414	173.39907836914062	142.03562927246094	0.05241923779249191	0.00022135449978155481
17	459	-30.995433807373047	0.0	0.0	163.17254638671875	-31.323455810546875	189.34703063964844	158.68704223632812	0.0513644739985466	0.00020958506251313652
18	486	-31.94294548034668	0.0	0.0	204.79080200195312	-31.8226318359375	172.17376708984375	140.48106384277344	0.03598816692829132	0.0001966097460186159
19	513	-32.21319580078125	0.0	0.0	87.4791030883789	-32.3038330078125	155.51934814453125	123.39153289794922	0.1064145490527153	0.0001828809613528205
20	540	-31.98529815673828	0.0	0.0	93.70089721679688	-32.06730651855469	165.05523681640625	133.03396606445312	0.1219707727432251	0.00016887739078564148
21	567	-31.960500717163086	0.0	0.0	317.7613830566406	-31.742706298828125	169.40171813964844	137.85350036621094	0.07929074764251709	0.00015508729756170373
22	594	-31.869476318359375	0.0	0.0	122.09187316894531	-31.727046966552734	154.67259216308594	122.544677734375	0.07835384458303452	0.00014199150159967716
23	621	-32.15178680419922	0.0	0.0	492.17266845703125	-32.174217224121094	146.68389892578125	114.41616821289062	0.10642155259847641	0.00013004661471843258
24	648	-32.09321594238281	0.0	0.0	226.03578186035156	-32.155120849609375	150.66473388671875	117.80763244628906	0.09271392226219177	0.00011966911992830905
25	675	-32.226539611816406	0.0	0.0	96.10794067382812	-32.294960021972656	146.08383178710938	113.4918441772461	0.14461517333984375	0.00011122084989569658
26	702	-32.270164489746094	0.0	0.0	280.3977355957031	-32.26732635498047	153.78013610839844	121.63912963867188	0.10331229865550995	0.00010499637090408714
27	729	-32.10419845581055	0.0	0.0	146.84442138671875	-32.22658920288086	178.83407592773438	146.47378540039062	0.1356699913740158	0.00010121271219569881
28	756	-32.419918060302734	0.0	0.0	293.65216064453125	-32.41361618041992	143.33926391601562	110.67366027832031	0.18679186701774597	0.00010000179880126917
# Best epoch: 1
