# epoch	step	nll	ecut	ecut_viol	grad_norm	val_nll	val_ecut	val_ecut_viol	val_ress_zx	LR
1	27	-36.80851364135742	0.0	0.0	209.05613708496094	-36.790626525878906	137.04879760742188	99.92341613769531	0.06514456868171692	9.757729755661011e-05
2	54	-36.980430603027344	0.0	0.0	126.82025909423828	-36.950531005859375	137.8049774169922	100.33732604980469	0.16337917745113373	9.05463412215599e-05
3	81	-37.10947799682617	0.0	0.0	54.540130615234375	-37.08043670654297	128.6670379638672	91.10289764404297	0.19975559413433075	7.959536998847742e-05
4	108	-37.134803771972656	0.0	0.0	76.9748306274414	-37.194759368896484	125.7483139038086	88.02909851074219	0.21600908041000366	6.57963412215599e-05
5	135	-37.171566009521484	0.0	0.0	80.97686767578125	-37.13861083984375	124.4558334350586	86.59844970703125	0.2053123414516449	5.05e-05
6	162	-37.291046142578125	0.0	0.0	98.05238342285156	-37.236873626708984	118.95138549804688	81.02540588378906	0.24218305945396423	3.5203658778440106e-05
7	189	-37.32297897338867	0.0	0.0	57.50627136230469	-37.30730438232422	122.16127014160156	84.23519134521484	0.27277112007141113	2.1404630011522586e-05
8	216	-37.355316162109375	0.0	0.0	51.21337127685547	-37.365962982177734	121.478515625	83.43830871582031	0.27534592151641846	1.0453658778440107e-05
9	243	-37.35758972167969	0.0	0.0	51.256614685058594	-37.39339065551758	122.65751647949219	84.59671783447266	0.25603801012039185	3.4227024433899e-06
10	270	-37.3978385925293	0.0	0.0	242.4914093017578	-37.41468048095703	123.08819580078125	85.0000991821289	0.23355375230312347	1e-06
# Best epoch: 8
