# epoch	step	nll	ecut	ecut_viol	grad_norm	val_nll	val_ecut	val_ecut_viol	val_ress_zx	LR
1	27	-0.7892173528671265	0.0	0.0	6.6181321144104	-0.8029128313064575	413.32330322265625	411.84295654296875	0.06740468740463257	1.4720887892512898e-05
2	54	-0.8196772336959839	0.0	0.0	5.358119487762451	-0.8403905630111694	392.53778076171875	390.91497802734375	0.07524222135543823	2.851210519515696e-05
3	81	-0.8500425815582275	0.0	0.0	5.546512126922607	-0.864224910736084	394.9970703125	393.4659118652344	0.08424195647239685	5.028853872814779e-05
4	108	-0.852451741695404	0.0	0.0	8.052988052368164	-0.8820928335189819	407.2842712402344	405.8524169921875	0.05950343236327171	7.833678680135194e-05
5	135	-0.8477290868759155	0.0	0.0	6.406387805938721	-0.8438431620597839	411.4650573730469	410.0328369140625	0.07800088822841644	0.0001104499721691862
6	162	-0.8144997358322144	0.0	0.0	6.09080696105957	-0.8587673902511597	413.4939880371094	412.1077575683594	0.08495736122131348	0.00014410138236510013
7	189	-0.7748875617980957	0.0	0.0	13.11441707611084	-0.8516327738761902	409.373291015625	407.95794677734375	0.07116630673408508	0.00017664327513976246
8	216	-0.8016847968101501	0.0	0.0	7.991482734680176	-0.808551549911499	417.10784912109375	415.60858154296875	0.07092618942260742	0.0002055152066998506
9	243	-0.820375382900238	0.0	0.0	6.1701340675354	-0.7999082803726196	413.4661560058594	412.034912109375	0.07761135697364807	0.00022844549117643985
10	270	-0.7997668981552124	0.0	0.0	8.476957321166992	-0.790736198425293	426.80242919921875	425.4181823730469	0.05745161324739456	0.00024362994019690677
11	297	-0.7510821223258972	0.0	0.0	7.526617527008057	-0.793487012386322	425.9710388183594	424.6105651855469	0.07878009974956512	0.000249873819068998
12	324	-0.8083693385124207	0.0	0.0	7.90132999420166	-0.7918726801872253	413.4870300292969	412.0340576171875	0.07951295375823975	0.0002490831148795666
13	351	-0.8048491477966309	0.0	0.0	8.660177230834961	-0.8107240200042725	404.06988525390625	402.5972595214844	0.07525357604026794	0.0002456179920635089
14	378	-0.8341791033744812	0.0	0.0	6.456057071685791	-0.7970406413078308	400.70849609375	399.2671813964844	0.060286954045295715	0.0002396906279377499
15	405	-0.8431415557861328	0.0	0.0	12.47498893737793	-0.8648061156272888	381.5718688964844	380.0625915527344	0.07421797513961792	0.00023150769222457458
16	432	-0.8975808024406433	0.0	0.0	7.509099006652832	-0.8450931310653687	377.26953125	375.73486328125	0.08566498011350632	0.00022135449978155481
17	459	-0.882560670375824	0.0	0.0	7.7044477462768555	-0.8585337996482849	378.0892333984375	376.50579833984375	0.08145635575056076	0.00020958506251313652
18	486	-0.8882285952568054	0.0	0.0	14.43019962310791	-0.8780759572982788	375.44097900390625	373.94732666015625	0.0821763202548027	0.0001966097460186159
19	513	-0.9012447595596313	0.0	0.0	14.573735237121582	-0.9030162692070007	369.5656433105469	368.0444030761719	0.09302288293838501	0.0001828809613528205
20	540	-0.9231505393981934	0.0	0.0	9.599611282348633	-0.9517516493797302	358.73162841796875	357.2572937011719	0.10795320570468903	0.00016887739078564148
21	567	-0.9215430617332458	0.0	0.0	6.478630542755127	-0.9354442358016968	348.4668884277344	346.89141845703125	0.08536125719547272	0.00015508729756170373
22	594	-0.8551453351974487	0.0	0.0	10.449294090270996	-0.9637898206710815	339.48846435546875	337.7956237792969	0.07206530123949051	0.00014199150159967716
23	621	-0.9811171293258667	0.0	0.0	7.818077564239502	-0.9944352507591248	341.3138122558594	339.7139892578125	0.08189330995082855	0.00013004661471843258
24	648	-0.9974018931388855	0.0	0.0	11.745782852172852	-1.0339221954345703	333.7951354980469	332.17218017578125	0.1022728905081749	0.00011966911992830905
25	675	-1.030220866203308	0.0	0.0	8.781201362609863	-0.9995665550231934	327.8680419921875	326.2356872558594	0.09428715705871582	0.00011122084989569658
26	702	-1.0159599781036377	0.0	0.0	12.384533882141113	-1.028117060661316	315.54608154296875	313.86102294921875	0.07391174882650375	0.00010499637090408714
27	729	-1.0298042297363281	0.0	0.0	9.547813415527344	-1.0455161333084106	319.4024353027344	317.7428283691406	0.08973819017410278	0.00010121271219569881
28	756	-1.0763959884643555	0.0	0.0	14.119071960449219	-1.0567574501037598	309.75396728515625	308.05792236328125	0.11009640991687775	0.00010000179880126917
# Best epoch: 28
