# epoch	step	nll	ecut	ecut_viol	grad_norm	val_nll	val_ecut	val_ecut_viol	val_ress_zx	LR
1	27	-13.819625854492188	0.0	0.0	297.38812255859375	-13.766241073608398	220.62765502929688	207.17138671875	0.018406923860311508	1.4720887892512898e-05
2	54	-13.848760604858398	0.0	0.0	161.77174377441406	-13.85584545135498	222.07859802246094	208.7111053466797	0.011290246620774269	2.851210519515696e-05
3	81	-13.702947616577148	0.0	0.0	381.14178466796875	-13.694079399108887	222.84103393554688	209.536376953125	0.013233858160674572	5.028853872814779e-05
4	108	-13.591964721679688	0.0	0.0	2863.1796875	-13.217803001403809	246.19961547851562	233.15771484375	0.004253302235156298	7.833678680135194e-05
5	135	-13.220273971557617	0.0	0.0	219.845703125	-13.270584106445312	259.0827331542969	246.66343688964844	0.007580687757581472	0.0001104499721691862
6	162	-13.325401306152344	0.0	0.0	723.2734985351562	-13.388533592224121	232.4868621826172	219.12286376953125	0.010981142520904541	0.00014410138236510013
7	189	-13.081567764282227	0.0	0.0	588.77587890625	-12.602777481079102	287.3423156738281	274.8276062011719	0.005852385889738798	0.00017664327513976246
8	216	-11.713541984558105	0.0	0.0	290.16229248046875	-11.888914108276367	311.71923828125	298.8558654785156	0.00335169630125165	0.0002055152066998506
9	243	-11.60127067565918	0.0	0.0	1250.8243408203125	-10.832015037536621	359.3752136230469	347.9217224121094	0.002909767208620906	0.00022844549117643985
10	270	-10.140132904052734	0.0	0.0	141.1616973876953	-11.160402297973633	411.86541748046875	401.614990234375	0.003035863395780325	0.00024362994019690677
11	297	-10.441481590270996	0.0	0.0	1125.21875	-7.1562652587890625	455.4931640625	443.6569519042969	0.0003333333588670939	0.000249873819068998
12	324	-10.467641830444336	0.0	0.0	351.97711181640625	-10.101950645446777	475.440673828125	464.913330078125	0.001726191840134561	0.0002490831148795666
13	351	-10.435274124145508	0.0	0.0	166.11305236816406	-10.53188705444336	423.1756591796875	412.841552734375	0.0026672999374568462	0.0002456179920635089
14	378	-10.527118682861328	0.0	0.0	205.42108154296875	-10.903875350952148	434.86944580078125	425.007080078125	0.002597592771053314	0.0002396906279377499
15	405	-10.188652038574219	0.0	0.0	278.53692626953125	-10.197957992553711	430.7170104980469	420.1325378417969	0.0018288715509697795	0.00023150769222457458
16	432	-9.022276878356934	0.0	0.0	332.48101806640625	-8.8211088180542	501.7107849121094	492.0928649902344	0.0010326083283871412	0.00022135449978155481
17	459	-10.881736755371094	0.0	0.0	179.03904724121094	-10.941542625427246	391.2720642089844	380.583984375	0.0033600316382944584	0.00020958506251313652
18	486	-12.095057487487793	0.0	0.0	131.89772033691406	-12.186331748962402	349.8444519042969	338.8145751953125	0.00409504771232605	0.0001966097460186159
19	513	-11.652815818786621	0.0	0.0	554.889404296875	-11.257528305053711	355.9754638671875	344.537841796875	0.003399389563128352	0.0001828809613528205
20	540	-12.000441551208496	0.0	0.0	656.2322998046875	-11.73411750793457	371.47607421875	360.66162109375	0.002609731163829565	0.00016887739078564148
21	567	-11.42856502532959	0.0	0.0	206.07688903808594	-11.788068771362305	354.52825927734375	343.3907165527344	0.0036848417948931456	0.00015508729756170373
22	594	-12.05140209197998	0.0	0.0	677.6639404296875	-12.192079544067383	312.3053894042969	300.1212463378906	0.002825909061357379	0.00014199150159967716
23	621	-12.817607879638672	0.0	0.0	414.8873291015625	-12.823450088500977	308.609375	296.99951171875	0.0043939887546002865	0.00013004661471843258
24	648	-12.848648071289062	0.0	0.0	145.1068878173828	-12.790908813476562	297.5186767578125	285.4217529296875	0.007607650011777878	0.00011966911992830905
25	675	-12.19627571105957	0.0	0.0	463.21728515625	-12.216205596923828	304.9909362792969	292.59808349609375	0.00467802956700325	0.00011122084989569658
26	702	-12.728861808776855	0.0	0.0	858.5547485351562	-12.923892974853516	295.43328857421875	283.25189208984375	0.0070190466940402985	0.00010499637090408714
27	729	-12.85996150970459	0.0	0.0	201.6749267578125	-12.905149459838867	302.7184753417969	290.5716552734375	0.00826418399810791	0.00010121271219569881
28	756	-13.39537239074707	0.0	0.0	201.83251953125	-13.361753463745117	275.5382385253906	262.9946594238281	0.015594404190778732	0.00010000179880126917
# Best epoch: 1
