# epoch	step	nll	ecut	ecut_viol	grad_norm	val_nll	val_ecut	val_ecut_viol	val_ress_zx	LR
1	27	-46.714805603027344	0.0	0.0	144.79617309570312	-46.72343444824219	161.7561492919922	115.05180358886719	0.15133605897426605	9.757729755661011e-05
2	54	-47.01523971557617	0.0	0.0	204.43028259277344	-47.0566520690918	144.2437744140625	96.3792953491211	0.17137667536735535	9.05463412215599e-05
3	81	-47.15000915527344	0.0	0.0	158.71005249023438	-47.16067123413086	138.80303955078125	91.26470947265625	0.2411482185125351	7.959536998847742e-05
4	108	-47.22919845581055	0.0	0.0	92.83210754394531	-47.312469482421875	138.23028564453125	90.41374206542969	0.25289618968963623	6.57963412215599e-05
5	135	-47.28375244140625	0.0	0.0	107.7106704711914	-47.267940521240234	130.37750244140625	82.48260498046875	0.18914932012557983	5.05e-05
6	162	-47.281150817871094	0.0	0.0	125.89097595214844	-47.379913330078125	124.96037292480469	76.79964447021484	0.27528247237205505	3.5203658778440106e-05
7	189	-47.41585922241211	0.0	0.0	101.25172424316406	-47.40522003173828	126.16948699951172	77.90492248535156	0.30467724800109863	2.1404630011522586e-05
8	216	-47.51275634765625	0.0	0.0	129.2914276123047	-47.47294235229492	121.66423034667969	73.3133773803711	0.2936965525150299	1.0453658778440107e-05
9	243	-47.52012252807617	0.0	0.0	67.09173583984375	-47.5100212097168	119.69246673583984	71.43045043945312	0.32421156764030457	3.4227024433899e-06
10	270	-47.54685974121094	0.0	0.0	75.12616729736328	-47.550689697265625	120.14225769042969	71.78292083740234	0.34375447034835815	1e-06
# Best epoch: 10
