# epoch	step	nll	ecut	ecut_viol	grad_norm	val_nll	val_ecut	val_ecut_viol	val_ress_zx	LR
1	27	-10.266223907470703	0.0	0.0	480.1222839355469	-10.277121543884277	274.6750183105469	264.204833984375	0.01453656516969204	9.757729755661011e-05
2	54	-10.579161643981934	0.0	0.0	237.34938049316406	-10.52769660949707	267.1539306640625	256.7042236328125	0.020775802433490753	9.05463412215599e-05
3	81	-10.555479049682617	0.0	0.0	437.5206298828125	-10.553553581237793	259.5838623046875	249.0769500732422	0.016673065721988678	7.959536998847742e-05
4	108	-10.925329208374023	0.0	0.0	469.2957763671875	-10.648876190185547	250.8217010498047	240.16116333007812	0.010434362106025219	6.57963412215599e-05
5	135	-10.70734691619873	0.0	0.0	712.8366088867188	-10.98044490814209	239.20370483398438	228.49392700195312	0.01741754822432995	5.05e-05
6	162	-11.116004943847656	0.0	0.0	147.1322021484375	-11.093549728393555	226.9750213623047	215.75448608398438	0.027324024587869644	3.5203658778440106e-05
7	189	-11.234278678894043	0.0	0.0	489.7354736328125	-11.20584487915039	223.04794311523438	211.75271606445312	0.02474530041217804	2.1404630011522586e-05
8	216	-11.419435501098633	0.0	0.0	458.0626525878906	-11.253573417663574	221.1515350341797	209.9482421875	0.023971401154994965	1.0453658778440107e-05
9	243	-11.277735710144043	0.0	0.0	123.5735855102539	-11.302054405212402	215.29330444335938	203.99655151367188	0.022243231534957886	3.4227024433899e-06
10	270	-11.285212516784668	0.0	0.0	339.6326599121094	-11.336726188659668	216.84471130371094	205.602294921875	0.020055105909705162	1e-06
# Best epoch: 6
