# epoch	step	nll	ecut	ecut_viol	grad_norm	val_nll	val_ecut	val_ecut_viol	val_ress_zx	LR
1	27	-33.01995086669922	0.0	0.0	238.25775146484375	-33.17574691772461	144.166015625	110.71220397949219	0.06589445471763611	9.757729755661011e-05
2	54	-33.57499694824219	0.0	0.0	149.13983154296875	-33.61085510253906	144.090087890625	110.42964935302734	0.16596519947052002	9.05463412215599e-05
3	81	-33.61918640136719	0.0	0.0	70.40474700927734	-33.525543212890625	152.99240112304688	119.25447845458984	0.14189569652080536	7.959536998847742e-05
4	108	-33.68010330200195	0.0	0.0	61.69871139526367	-33.69880294799805	140.17684936523438	106.24209594726562	0.17320506274700165	6.57963412215599e-05
5	135	-33.44084930419922	0.0	0.0	205.281982421875	-33.537166595458984	139.00123596191406	105.11983489990234	0.0878840982913971	5.05e-05
6	162	-33.714111328125	0.0	0.0	130.80506896972656	-33.77432632446289	136.59280395507812	102.77467346191406	0.187081977725029	3.5203658778440106e-05
7	189	-33.80780029296875	0.0	0.0	99.58332061767578	-33.857452392578125	136.64891052246094	102.51191711425781	0.21623480319976807	2.1404630011522586e-05
8	216	-33.86115264892578	0.0	0.0	103.34423065185547	-33.89978790283203	134.27713012695312	100.1039047241211	0.24971751868724823	1.0453658778440107e-05
9	243	-33.86408996582031	0.0	0.0	791.47119140625	-33.933860778808594	133.08157348632812	98.92549896240234	0.25982940196990967	3.4227024433899e-06
10	270	-33.9538688659668	0.0	0.0	356.31976318359375	-33.96326446533203	132.77621459960938	98.5505599975586	0.2608097195625305	1e-06
# Best epoch: 10
