# epoch	step	nll	ecut	ecut_viol	grad_norm	val_nll	val_ecut	val_ecut_viol	val_ress_zx	LR
1	27	-44.195281982421875	0.0	0.0	146.7194366455078	-44.278076171875	141.81912231445312	97.06539916992188	0.10350288450717926	9.757729755661011e-05
2	54	-44.84691619873047	0.0	0.0	271.33575439453125	-44.545318603515625	142.01800537109375	96.66387176513672	0.09881836175918579	9.05463412215599e-05
3	81	-44.97114562988281	0.0	0.0	136.7586212158203	-45.001197814941406	132.52542114257812	87.02362060546875	0.26289382576942444	7.959536998847742e-05
4	108	-45.016029357910156	0.0	0.0	150.2689208984375	-45.02639389038086	128.66696166992188	82.96572875976562	0.25349411368370056	6.57963412215599e-05
5	135	-44.9354362487793	0.0	0.0	120.36101531982422	-44.9898681640625	138.08554077148438	92.60836791992188	0.27487313747406006	5.05e-05
6	162	-45.131202697753906	0.0	0.0	189.3377227783203	-45.02048873901367	128.24298095703125	82.29515838623047	0.22153548896312714	3.5203658778440106e-05
7	189	-45.22117233276367	0.0	0.0	112.33113098144531	-45.17138671875	127.26919555664062	81.21611022949219	0.3275855481624603	2.1404630011522586e-05
8	216	-45.25640106201172	0.0	0.0	94.57833099365234	-45.231170654296875	123.9353256225586	77.90764617919922	0.31188255548477173	1.0453658778440107e-05
9	243	-45.28819274902344	0.0	0.0	67.40340423583984	-45.263580322265625	121.53611755371094	75.54354858398438	0.35114917159080505	3.4227024433899e-06
10	270	-45.33428955078125	0.0	0.0	83.66887664794922	-45.302913665771484	121.35774993896484	75.26277923583984	0.29853034019470215	1e-06
# Best epoch: 9
