# epoch	step	nll	ecut	ecut_viol	grad_norm	val_nll	val_ecut	val_ecut_viol	val_ress_zx	LR
1	27	-14.274812698364258	0.0	0.0	203.0406494140625	-14.395808219909668	237.19515991210938	223.1999969482422	0.008516663685441017	9.757729755661011e-05
2	54	-14.569125175476074	0.0	0.0	598.2090454101562	-14.486308097839355	214.45896911621094	199.94583129882812	0.010579540394246578	9.05463412215599e-05
3	81	-14.456282615661621	0.0	0.0	1238.8223876953125	-14.345115661621094	212.00852966308594	197.2679443359375	0.006531883031129837	7.959536998847742e-05
4	108	-14.462032318115234	0.0	0.0	387.1936950683594	-14.479251861572266	217.69808959960938	203.46200561523438	0.007261648774147034	6.57963412215599e-05
5	135	-14.495939254760742	0.0	0.0	1238.77099609375	-14.45612621307373	222.71307373046875	208.1785125732422	0.015506874769926071	5.05e-05
6	162	-14.76816463470459	0.0	0.0	1072.315185546875	-14.691986083984375	205.78073120117188	191.24508666992188	0.01197393611073494	3.5203658778440106e-05
7	189	-14.717756271362305	0.0	0.0	208.85728454589844	-14.867746353149414	204.37127685546875	189.68212890625	0.012647378258407116	2.1404630011522586e-05
8	216	-14.918119430541992	0.0	0.0	823.630859375	-14.910102844238281	205.46385192871094	190.8407440185547	0.01756448671221733	1.0453658778440107e-05
9	243	-15.083544731140137	0.0	0.0	1250.663330078125	-15.046226501464844	199.55877685546875	184.7073974609375	0.010672210715711117	3.4227024433899e-06
10	270	-15.13883113861084	0.0	0.0	347.26324462890625	-15.10420036315918	196.88125610351562	181.96392822265625	0.010763948783278465	1e-06
# Best epoch: 8
