# epoch	step	nll	ecut	ecut_viol	grad_norm	val_nll	val_ecut	val_ecut_viol	val_ress_zx	LR
1	27	-8.429976463317871	0.0	0.0	220.89340209960938	-8.573259353637695	307.090087890625	298.3728942871094	0.008298187516629696	9.757729755661011e-05
2	54	-8.585098266601562	0.0	0.0	230.2440643310547	-8.620960235595703	287.09307861328125	278.11407470703125	0.012138044461607933	9.05463412215599e-05
3	81	-8.65260124206543	0.0	0.0	283.7917785644531	-8.82160758972168	275.82708740234375	266.70318603515625	0.022777585312724113	7.959536998847742e-05
4	108	-8.70496654510498	0.0	0.0	215.8201141357422	-8.798553466796875	275.89111328125	266.85211181640625	0.01841713674366474	6.57963412215599e-05
5	135	-8.8851957321167	0.0	0.0	971.6575927734375	-8.860736846923828	267.4189147949219	258.1639709472656	0.011094129644334316	5.05e-05
6	162	-9.053914070129395	0.0	0.0	242.60342407226562	-9.05105972290039	256.1360168457031	246.7230224609375	0.028981883078813553	3.5203658778440106e-05
7	189	-9.120542526245117	0.0	0.0	74.98128509521484	-9.081815719604492	253.27029418945312	243.94651794433594	0.016059402376413345	2.1404630011522586e-05
8	216	-9.041655540466309	0.0	0.0	2066.556396484375	-9.12753677368164	249.44102478027344	240.0533447265625	0.024952635169029236	1.0453658778440107e-05
9	243	-9.112092971801758	0.0	0.0	281.3210144042969	-9.103556632995605	248.82199096679688	239.4436492919922	0.01650705188512802	3.4227024433899e-06
10	270	-9.06478500366211	0.0	0.0	987.76708984375	-9.137321472167969	247.5301513671875	238.15679931640625	0.0185458492487669	1e-06
# Best epoch: 6
