# epoch	step	nll	ecut	ecut_viol	grad_norm	val_nll	val_ecut	val_ecut_viol	val_ress_zx	LR
1	27	-41.84563446044922	0.0	0.0	70.56037902832031	-41.86866760253906	119.82164001464844	77.29736328125	0.2663724422454834	1.4720887892512898e-05
2	54	-41.873069763183594	0.0	0.0	155.61605834960938	-41.82160186767578	118.7705078125	76.14354705810547	0.28992411494255066	2.851210519515696e-05
3	81	-41.8114128112793	0.0	0.0	114.80271911621094	-41.80619812011719	113.74693298339844	71.08014678955078	0.2686482071876526	5.028853872814779e-05
4	108	-41.54498291015625	0.0	0.0	392.5376892089844	-41.530086517333984	120.02053833007812	77.43596649169922	0.20303773880004883	7.833678680135194e-05
5	135	-41.39723205566406	0.0	0.0	164.3665771484375	-41.52749252319336	126.541259765625	84.26351928710938	0.19694577157497406	0.0001104499721691862
6	162	-41.026493072509766	0.0	0.0	140.22633361816406	-41.20530700683594	137.60247802734375	95.5674057006836	0.1426641196012497	0.00014410138236510013
7	189	-41.061126708984375	0.0	0.0	501.6977233886719	-41.05052185058594	141.284912109375	99.25250244140625	0.10679381340742111	0.00017664327513976246
8	216	-41.15534591674805	0.0	0.0	405.84405517578125	-41.22022247314453	139.6302490234375	97.4398193359375	0.13552138209342957	0.0002055152066998506
9	243	-39.57145309448242	0.0	0.0	408.7324523925781	-40.150604248046875	169.51307678222656	129.40963745117188	0.03140454366803169	0.00022844549117643985
10	270	-39.48320388793945	0.0	0.0	362.43939208984375	-39.544029235839844	196.87228393554688	157.45684814453125	0.03913208469748497	0.00024362994019690677
11	297	-40.64392852783203	0.0	0.0	184.58717346191406	-40.74728775024414	178.25401306152344	137.59515380859375	0.10398628562688828	0.000249873819068998
12	324	-39.9769172668457	0.0	0.0	351.8601989746094	-40.38134002685547	178.94102478027344	138.7994384765625	0.06382980942726135	0.0002490831148795666
13	351	-40.48784637451172	0.0	0.0	277.4441833496094	-40.01291275024414	175.0400848388672	133.77505493164062	0.05759448558092117	0.0002456179920635089
14	378	-40.697689056396484	0.0	0.0	113.81244659423828	-40.32172393798828	174.212646484375	133.55093383789062	0.08034536987543106	0.0002396906279377499
15	405	-40.675132751464844	0.0	0.0	270.7774353027344	-40.64012145996094	173.7651824951172	133.20880126953125	0.04949308931827545	0.00023150769222457458
16	432	-40.550819396972656	0.0	0.0	170.04763793945312	-40.635284423828125	174.28353881835938	133.223388671875	0.036349065601825714	0.00022135449978155481
17	459	-40.865169525146484	0.0	0.0	187.7354736328125	-41.08735656738281	166.53274536132812	125.15476989746094	0.08247023075819016	0.00020958506251313652
18	486	-40.8291015625	0.0	0.0	208.08021545410156	-40.99949645996094	156.62435913085938	115.15872192382812	0.09372057765722275	0.0001966097460186159
19	513	-41.331356048583984	0.0	0.0	83.734375	-41.12760925292969	170.07244873046875	128.2954559326172	0.09423615038394928	0.0001828809613528205
20	540	-41.18598175048828	0.0	0.0	104.41796112060547	-41.107933044433594	163.1130828857422	121.89543151855469	0.14012423157691956	0.00016887739078564148
21	567	-41.379913330078125	0.0	0.0	77.68826293945312	-41.25423049926758	172.66818237304688	131.22496032714844	0.16739052534103394	0.00015508729756170373
22	594	-41.371803283691406	0.0	0.0	120.374267578125	-41.381526947021484	157.5283203125	115.39147186279297	0.13563330471515656	0.00014199150159967716
23	621	-41.56794357299805	0.0	0.0	90.36388397216797	-41.58922576904297	146.66407775878906	104.60271453857422	0.20473074913024902	0.00013004661471843258
24	648	-41.53202438354492	0.0	0.0	137.38320922851562	-41.51637649536133	158.57662963867188	116.3543701171875	0.17116716504096985	0.00011966911992830905
25	675	-41.494956970214844	0.0	0.0	106.05512237548828	-41.505950927734375	140.9802703857422	98.64225769042969	0.21424174308776855	0.00011122084989569658
26	702	-41.47673034667969	0.0	0.0	139.32565307617188	-41.53879165649414	138.15496826171875	96.02120208740234	0.20269601047039032	0.00010499637090408714
27	729	-41.59387969970703	0.0	0.0	75.85003662109375	-41.65768814086914	136.7545623779297	94.35970306396484	0.17488877475261688	0.00010121271219569881
28	756	-41.61383056640625	0.0	0.0	97.9127197265625	-41.569313049316406	136.70896911621094	94.31237030029297	0.19126704335212708	0.00010000179880126917
# Best epoch: 2
