# epoch	step	nll	ecut	ecut_viol	grad_norm	val_nll	val_ecut	val_ecut_viol	val_ress_zx	LR
1	27	-5.202239990234375	0.0	0.0	121.2791748046875	-5.179228782653809	324.5584716796875	319.1990661621094	0.03091176226735115	1.4720887892512898e-05
2	54	-5.216387748718262	0.0	0.0	328.5014953613281	-5.1613450050354	320.3207702636719	314.84930419921875	0.034492939710617065	2.851210519515696e-05
3	81	-5.184581279754639	0.0	0.0	261.9186706542969	-5.206937789916992	314.6488037109375	309.1116943359375	0.04284396022558212	5.028853872814779e-05
4	108	-5.197803497314453	0.0	0.0	41.07107162475586	-5.165204048156738	311.43133544921875	305.94873046875	0.024340106174349785	7.833678680135194e-05
5	135	-4.950577735900879	0.0	0.0	76.65422058105469	-4.977349281311035	338.9382019042969	333.5323486328125	0.021343719214200974	0.0001104499721691862
6	162	-4.805984020233154	0.0	0.0	123.86994934082031	-4.816047191619873	350.5307312011719	345.0923767089844	0.018678169697523117	0.00014410138236510013
7	189	-4.936980724334717	0.0	0.0	63.189964294433594	-4.86771297454834	349.921142578125	344.4833679199219	0.02687693201005459	0.00017664327513976246
8	216	-4.170433521270752	0.0	0.0	127.31732177734375	-4.206724166870117	405.50933837890625	400.14581298828125	0.014609075151383877	0.0002055152066998506
9	243	-4.4617204666137695	0.0	0.0	233.14988708496094	-4.494132041931152	382.3047790527344	377.068603515625	0.02776411734521389	0.00022844549117643985
10	270	-4.290053367614746	0.0	0.0	88.70584106445312	-4.01163387298584	426.7135925292969	421.52850341796875	0.014606904238462448	0.00024362994019690677
11	297	-4.327176570892334	0.0	0.0	116.32194519042969	-4.24286413192749	437.4006042480469	432.57269287109375	0.013802039436995983	0.000249873819068998
12	324	-3.733707904815674	0.0	0.0	221.00717163085938	-3.601567029953003	464.83416748046875	459.59625244140625	0.00968211330473423	0.0002490831148795666
13	351	-4.115555763244629	0.0	0.0	281.7112731933594	-4.261158466339111	447.24102783203125	442.35394287109375	0.016203252598643303	0.0002456179920635089
14	378	-4.113606929779053	0.0	0.0	71.54081726074219	-4.405129909515381	435.80303955078125	430.85296630859375	0.023195873945951462	0.0002396906279377499
15	405	-4.3248395919799805	0.0	0.0	90.43512725830078	-4.136626243591309	426.22076416015625	421.20159912109375	0.016857177019119263	0.00023150769222457458
16	432	-2.3505170345306396	0.0	0.0	249.27328491210938	-2.285496711730957	658.1375732421875	653.9581298828125	0.002742036012932658	0.00022135449978155481
17	459	-4.007439613342285	0.0	0.0	61.4694938659668	-4.002025127410889	475.36590576171875	470.7711181640625	0.0074308826588094234	0.00020958506251313652
18	486	-4.086091041564941	0.0	0.0	96.55169677734375	-4.164682388305664	435.88897705078125	431.00225830078125	0.012815602123737335	0.0001966097460186159
19	513	-4.083125591278076	0.0	0.0	158.54144287109375	-4.295751094818115	452.38433837890625	447.6663513183594	0.01489327847957611	0.0001828809613528205
20	540	-4.482471466064453	0.0	0.0	138.6051483154297	-4.368234634399414	418.85797119140625	413.79815673828125	0.008809607475996017	0.00016887739078564148
21	567	-4.346124649047852	0.0	0.0	86.66583251953125	-4.463028907775879	403.80218505859375	398.7235107421875	0.021874066442251205	0.00015508729756170373
22	594	-4.688774108886719	0.0	0.0	55.98274230957031	-4.685599327087402	387.5799560546875	382.6080017089844	0.022977981716394424	0.00014199150159967716
23	621	-4.655074596405029	0.0	0.0	141.37750244140625	-4.724228382110596	383.0110778808594	377.8907165527344	0.03544169291853905	0.00013004661471843258
24	648	-4.721766471862793	0.0	0.0	81.61534118652344	-4.8730363845825195	353.1184997558594	347.88165283203125	0.02808290533721447	0.00011966911992830905
25	675	-4.90471076965332	0.0	0.0	122.87752532958984	-4.857928276062012	347.67431640625	342.3575134277344	0.01312753465026617	0.00011122084989569658
26	702	-4.968874931335449	0.0	0.0	95.92027282714844	-4.864916801452637	349.556396484375	344.17987060546875	0.014427750371396542	0.00010499637090408714
27	729	-4.988422870635986	0.0	0.0	95.20650482177734	-5.018781661987305	342.2151794433594	336.83447265625	0.02309689298272133	0.00010121271219569881
28	756	-4.980086803436279	0.0	0.0	170.9281005859375	-5.053184509277344	322.0966796875	316.5946960449219	0.02592548355460167	0.00010000179880126917
# Best epoch: 3
