# epoch	step	nll	ecut	ecut_viol	grad_norm	val_nll	val_ecut	val_ecut_viol	val_ress_zx	LR
1	27	-12.112894058227539	0.0	0.0	213.27203369140625	-12.126640319824219	223.2530517578125	211.44778442382812	0.018399128690361977	1.4720887892512898e-05
2	54	-12.13662338256836	0.0	0.0	691.8870849609375	-12.15980339050293	222.727294921875	210.88870239257812	0.0184450913220644	2.851210519515696e-05
3	81	-12.110761642456055	0.0	0.0	718.708251953125	-12.02683162689209	222.37594604492188	210.4954833984375	0.01563783548772335	5.028853872814779e-05
4	108	-11.612821578979492	0.0	0.0	1064.1785888671875	-11.446317672729492	252.09274291992188	240.79067993164062	0.009337149560451508	7.833678680135194e-05
5	135	-10.976184844970703	0.0	0.0	212.27000427246094	-11.286750793457031	255.24887084960938	243.99032592773438	0.011625934392213821	0.0001104499721691862
6	162	-11.767608642578125	0.0	0.0	294.6689453125	-11.417434692382812	251.5864715576172	239.99900817871094	0.009131234139204025	0.00014410138236510013
7	189	-10.87030029296875	0.0	0.0	1076.4296875	-10.530479431152344	301.88897705078125	290.72503662109375	0.00463172048330307	0.00017664327513976246
8	216	-10.57543659210205	0.0	0.0	246.71157836914062	-10.6102294921875	301.2090148925781	290.5382080078125	0.005124766379594803	0.0002055152066998506
9	243	-10.810145378112793	0.0	0.0	308.43084716796875	-10.223675727844238	286.09027099609375	274.75909423828125	0.0027419168036431074	0.00022844549117643985
10	270	-7.7289018630981445	0.0	0.0	430.6908264160156	-7.426427364349365	455.12921142578125	446.08929443359375	0.0019017942249774933	0.00024362994019690677
11	297	-8.414155960083008	0.0	0.0	438.20306396484375	-8.739444732666016	471.1299743652344	462.15838623046875	0.0016842351760715246	0.000249873819068998
12	324	-8.706992149353027	0.0	0.0	320.41241455078125	-8.859297752380371	433.31512451171875	423.9515075683594	0.002676243893802166	0.0002490831148795666
13	351	-5.578540325164795	0.0	0.0	222.41688537597656	-7.193583965301514	534.3243408203125	526.0938720703125	0.0024501788429915905	0.0002456179920635089
14	378	-7.864615440368652	0.0	0.0	165.0966796875	-8.065120697021484	507.31756591796875	498.82049560546875	0.0013344541657716036	0.0002396906279377499
15	405	-8.537162780761719	0.0	0.0	244.84620666503906	-8.064821243286133	504.2071533203125	496.02716064453125	0.002411089837551117	0.00023150769222457458
16	432	-8.64973258972168	0.0	0.0	327.7290344238281	-8.749640464782715	479.0403747558594	470.72869873046875	0.001776232267729938	0.00022135449978155481
17	459	-8.875680923461914	0.0	0.0	137.4198455810547	-9.16551399230957	422.9537048339844	414.0102233886719	0.0032374225556850433	0.00020958506251313652
18	486	-9.6543607711792	0.0	0.0	229.38232421875	-9.861228942871094	373.2952575683594	363.28692626953125	0.004430695436894894	0.0001966097460186159
19	513	-10.031919479370117	0.0	0.0	103.31742095947266	-10.160743713378906	353.0840759277344	342.7580261230469	0.004729812033474445	0.0001828809613528205
20	540	-9.750015258789062	0.0	0.0	548.9971313476562	-9.632006645202637	358.78997802734375	348.66156005859375	0.0033026374876499176	0.00016887739078564148
21	567	-8.390985488891602	0.0	0.0	209.31143188476562	-8.695521354675293	464.3376159667969	455.12890625	0.002282059518620372	0.00015508729756170373
22	594	-10.173157691955566	0.0	0.0	279.4804992675781	-10.193145751953125	381.159912109375	371.5398864746094	0.007186082657426596	0.00014199150159967716
23	621	-10.040563583374023	0.0	0.0	224.1687469482422	-10.208715438842773	364.3498229980469	354.3395690917969	0.004621247760951519	0.00013004661471843258
24	648	-10.919624328613281	0.0	0.0	198.42713928222656	-10.852313041687012	324.86065673828125	314.1251220703125	0.008540203794836998	0.00011966911992830905
25	675	-11.079582214355469	0.0	0.0	345.85858154296875	-10.976035118103027	306.99456787109375	296.3747863769531	0.00602657301351428	0.00011122084989569658
26	702	-10.535751342773438	0.0	0.0	400.08935546875	-10.516059875488281	319.257080078125	308.5751037597656	0.0027784358244389296	0.00010499637090408714
27	729	-10.756439208984375	0.0	0.0	2017.4857177734375	-10.59632682800293	313.5926513671875	302.5652770996094	0.003833359107375145	0.00010121271219569881
28	756	-10.66307544708252	0.0	0.0	163.71034240722656	-10.659412384033203	303.667236328125	292.7178955078125	0.004642299376428127	0.00010000179880126917
# Best epoch: 2
