# epoch	step	nll	ecut	ecut_viol	grad_norm	val_nll	val_ecut	val_ecut_viol	val_ress_zx	LR
1	27	-35.03608703613281	0.0	0.0	135.61383056640625	-35.0126953125	129.44361877441406	94.15953826904297	0.20168346166610718	1.4720887892512898e-05
2	54	-34.93523406982422	0.0	0.0	342.40423583984375	-34.95035934448242	133.5965576171875	98.24897766113281	0.1737179011106491	2.851210519515696e-05
3	81	-35.01793670654297	0.0	0.0	148.43955993652344	-34.89853286743164	128.73443603515625	93.52354431152344	0.20048610866069794	5.028853872814779e-05
4	108	-34.66889190673828	0.0	0.0	160.75192260742188	-34.84922409057617	128.79661560058594	93.5112533569336	0.17786622047424316	7.833678680135194e-05
5	135	-34.67827224731445	0.0	0.0	243.81680297851562	-34.58313751220703	132.18661499023438	97.11378479003906	0.14212250709533691	0.0001104499721691862
6	162	-34.30106735229492	0.0	0.0	128.6305389404297	-34.22050094604492	133.75511169433594	99.31986999511719	0.0737258791923523	0.00014410138236510013
7	189	-33.04444885253906	0.0	0.0	554.3741455078125	-32.820213317871094	195.59860229492188	163.0479736328125	0.035101182758808136	0.00017664327513976246
8	216	-31.802778244018555	0.0	0.0	290.59246826171875	-32.49797058105469	217.9097137451172	185.72222900390625	0.013930565677583218	0.0002055152066998506
9	243	-32.9384651184082	0.0	0.0	538.2045288085938	-33.53566360473633	199.3382568359375	165.5200653076172	0.05405300110578537	0.00022844549117643985
10	270	-32.44181442260742	0.0	0.0	279.38751220703125	-33.09314727783203	232.65476989746094	200.71044921875	0.03461304306983948	0.00024362994019690677
11	297	-32.763893127441406	0.0	0.0	128.8494415283203	-33.05613327026367	197.00094604492188	165.45016479492188	0.013185638934373856	0.000249873819068998
12	324	-31.687820434570312	0.0	0.0	67.41026306152344	-32.019065856933594	288.1842346191406	258.7724609375	0.02298293635249138	0.0002490831148795666
13	351	-32.97867965698242	0.0	0.0	162.37081909179688	-33.206565856933594	244.569580078125	212.98443603515625	0.03833288326859474	0.0002456179920635089
14	378	-33.39434814453125	0.0	0.0	158.6114044189453	-33.576351165771484	197.58224487304688	164.47752380371094	0.03487676754593849	0.0002396906279377499
15	405	-33.558380126953125	0.0	0.0	219.87313842773438	-33.67526626586914	206.66329956054688	174.23379516601562	0.06393057107925415	0.00023150769222457458
16	432	-33.80270004272461	0.0	0.0	333.5902099609375	-33.95570373535156	185.08465576171875	151.44383239746094	0.07065584510564804	0.00022135449978155481
17	459	-33.245582580566406	0.0	0.0	184.1142578125	-33.67842102050781	228.57139587402344	195.86473083496094	0.05011085793375969	0.00020958506251313652
18	486	-33.80587387084961	0.0	0.0	1257.0181884765625	-33.1412353515625	188.3922576904297	154.50518798828125	0.05118359252810478	0.0001966097460186159
19	513	-34.299774169921875	0.0	0.0	45.25275421142578	-34.32060241699219	201.0124969482422	167.06478881835938	0.11641786992549896	0.0001828809613528205
20	540	-33.98528289794922	0.0	0.0	237.50674438476562	-34.15861129760742	184.93841552734375	151.25625610351562	0.09276493638753891	0.00016887739078564148
21	567	-34.29970932006836	0.0	0.0	197.0011444091797	-34.49665832519531	170.475830078125	136.1431121826172	0.09246086329221725	0.00015508729756170373
22	594	-34.496925354003906	0.0	0.0	325.3073425292969	-34.453678131103516	156.64297485351562	121.89276123046875	0.15583118796348572	0.00014199150159967716
23	621	-34.545494079589844	0.0	0.0	75.23661041259766	-34.57363510131836	162.952880859375	128.48397827148438	0.15533636510372162	0.00013004661471843258
24	648	-34.14196014404297	0.0	0.0	502.6033935546875	-34.15937042236328	150.16482543945312	115.59214782714844	0.11678165197372437	0.00011966911992830905
25	675	-34.43098449707031	0.0	0.0	86.93801879882812	-34.527305603027344	157.46566772460938	122.77180480957031	0.16876940429210663	0.00011122084989569658
26	702	-34.43413162231445	0.0	0.0	2299.925048828125	-34.24689865112305	147.91632080078125	113.30803680419922	0.012434720993041992	0.00010499637090408714
27	729	-34.67593002319336	0.0	0.0	4232.39892578125	-34.470245361328125	143.86837768554688	108.84758758544922	0.10337395966053009	0.00010121271219569881
28	756	-34.37217712402344	0.0	0.0	215.10572814941406	-34.411502838134766	146.3502197265625	111.51024627685547	0.10241192579269409	0.00010000179880126917
# Best epoch: 1
