# epoch	step	nll	ecut	ecut_viol	grad_norm	val_nll	val_ecut	val_ecut_viol	val_ress_zx	LR
1	27	-9.92878532409668	0.0	0.0	284.2924499511719	-10.015058517456055	257.9157409667969	247.87350463867188	0.009934863075613976	1.4720887892512898e-05
2	54	-10.064549446105957	0.0	0.0	89.94135284423828	-10.037437438964844	256.4368591308594	246.45811462402344	0.02089851349592209	2.851210519515696e-05
3	81	-10.038162231445312	0.0	0.0	154.97412109375	-9.995988845825195	258.04925537109375	247.9375	0.016274260357022285	5.028853872814779e-05
4	108	-9.905279159545898	0.0	0.0	111.16862487792969	-9.831191062927246	259.965576171875	249.7889404296875	0.012157018296420574	7.833678680135194e-05
5	135	-9.907127380371094	0.0	0.0	131.9008331298828	-9.941250801086426	257.71392822265625	247.7252197265625	0.012667341157793999	0.0001104499721691862
6	162	-9.373942375183105	0.0	0.0	275.42291259765625	-9.426271438598633	277.6669616699219	267.608642578125	0.00802912749350071	0.00014410138236510013
7	189	-8.874584197998047	0.0	0.0	237.03988647460938	-8.967546463012695	305.34442138671875	295.8160095214844	0.004190198145806789	0.00017664327513976246
8	216	-8.83939266204834	0.0	0.0	393.7551574707031	-8.845584869384766	314.49261474609375	304.9591979980469	0.007611677050590515	0.0002055152066998506
9	243	-7.983705520629883	0.0	0.0	236.96975708007812	-8.073799133300781	395.53717041015625	386.5945739746094	0.003770057577639818	0.00022844549117643985
10	270	-8.805519104003906	0.0	0.0	201.74667358398438	-8.873620986938477	353.44195556640625	344.5743408203125	0.01155969686806202	0.00024362994019690677
11	297	-8.73990249633789	0.0	0.0	78.77706909179688	-9.031843185424805	362.8079833984375	353.9834899902344	0.00786397885531187	0.000249873819068998
12	324	-8.561789512634277	0.0	0.0	248.7334442138672	-8.305818557739258	356.6080017089844	347.3524169921875	0.007563802879303694	0.0002490831148795666
13	351	-8.474695205688477	0.0	0.0	84.70792388916016	-8.5682373046875	365.7587890625	356.81463623046875	0.008855911903083324	0.0002456179920635089
14	378	-8.695062637329102	0.0	0.0	180.1756591796875	-8.45840072631836	350.9183349609375	341.8115234375	0.006638608872890472	0.0002396906279377499
15	405	-8.25842571258545	0.0	0.0	268.333251953125	-8.502521514892578	365.24212646484375	356.1292724609375	0.004862356465309858	0.00023150769222457458
16	432	-8.713817596435547	0.0	0.0	725.1080932617188	-8.560591697692871	342.17669677734375	333.087158203125	0.008081484586000443	0.00022135449978155481
17	459	-8.764617919921875	0.0	0.0	305.2932434082031	-8.473251342773438	362.95965576171875	353.91668701171875	0.0063184164464473724	0.00020958506251313652
18	486	-9.049463272094727	0.0	0.0	548.6527709960938	-8.643556594848633	348.08514404296875	338.9564208984375	0.007259072735905647	0.0001966097460186159
19	513	-9.004239082336426	0.0	0.0	114.2961654663086	-8.894754409790039	341.5292663574219	332.7245788574219	0.010162411257624626	0.0001828809613528205
20	540	-9.11328125	0.0	0.0	122.01070404052734	-9.368139266967773	308.3678283691406	299.00897216796875	0.01144525408744812	0.00016887739078564148
21	567	-8.777327537536621	0.0	0.0	583.3511352539062	-8.352195739746094	349.7089538574219	340.4537048339844	0.006537619046866894	0.00015508729756170373
22	594	-8.308833122253418	0.0	0.0	76.04582977294922	-8.243729591369629	353.3692321777344	344.0445251464844	0.003292139619588852	0.00014199150159967716
23	621	-8.3343505859375	0.0	0.0	649.5272827148438	-8.330700874328613	359.2498474121094	349.967041015625	0.004430373199284077	0.00013004661471843258
24	648	-9.009286880493164	0.0	0.0	394.708740234375	-8.974395751953125	329.3172607421875	320.09375	0.009810530580580235	0.00011966911992830905
25	675	-8.863981246948242	0.0	0.0	367.1241149902344	-8.709341049194336	328.8453063964844	319.5147705078125	0.006807034835219383	0.00011122084989569658
26	702	-9.215282440185547	0.0	0.0	829.4932861328125	-9.007884979248047	326.74591064453125	317.30657958984375	0.008352257311344147	0.00010499637090408714
27	729	-9.276670455932617	0.0	0.0	281.1996765136719	-9.30189037322998	303.3123474121094	293.8017578125	0.016050854697823524	0.00010121271219569881
28	756	-9.27877140045166	0.0	0.0	421.1035461425781	-9.260293960571289	299.3797302246094	289.68804931640625	0.008022679015994072	0.00010000179880126917
# Best epoch: 2
