# epoch	step	nll	ecut	ecut_viol	grad_norm	val_nll	val_ecut	val_ecut_viol	val_ress_zx	LR
1	27	-36.158992767333984	0.0	0.0	90.68306732177734	-36.13315200805664	129.57662963867188	93.09739685058594	0.1921873539686203	1.4720887892512898e-05
2	54	-36.163734436035156	0.0	0.0	42.00178909301758	-36.1466064453125	127.49114990234375	91.04673767089844	0.14827285706996918	2.851210519515696e-05
3	81	-36.09331512451172	0.0	0.0	99.34162139892578	-36.06139373779297	132.53257751464844	96.09474182128906	0.1840122640132904	5.028853872814779e-05
4	108	-35.57282257080078	0.0	0.0	232.15333557128906	-35.69099044799805	134.69915771484375	98.79681396484375	0.12955401837825775	7.833678680135194e-05
5	135	-35.04486083984375	0.0	0.0	194.44732666015625	-35.32141876220703	156.76902770996094	121.36380004882812	0.11810442060232162	0.0001104499721691862
6	162	-34.2701416015625	0.0	0.0	141.44549560546875	-34.822654724121094	186.40679931640625	151.6188201904297	0.056044138967990875	0.00014410138236510013
7	189	-34.79615783691406	0.0	0.0	877.1845703125	-34.636940002441406	173.45883178710938	139.19424438476562	0.03573571518063545	0.00017664327513976246
8	216	-34.412147521972656	0.0	0.0	224.2589111328125	-34.26457977294922	201.8971405029297	168.39151000976562	0.02513648383319378	0.0002055152066998506
9	243	-34.009700775146484	0.0	0.0	257.0130920410156	-33.712581634521484	240.2376708984375	207.8926239013672	0.02475511096417904	0.00022844549117643985
10	270	-34.45423889160156	0.0	0.0	147.4664306640625	-33.815757751464844	191.03054809570312	156.55694580078125	0.035422541201114655	0.00024362994019690677
11	297	-34.644508361816406	0.0	0.0	154.40464782714844	-34.13468933105469	217.53953552246094	183.86871337890625	0.04712439700961113	0.000249873819068998
12	324	-33.7331428527832	0.0	0.0	269.9639587402344	-34.18114471435547	198.4547119140625	164.53961181640625	0.04680517315864563	0.0002490831148795666
13	351	-33.21138000488281	0.0	0.0	522.1323852539062	-32.682395935058594	248.95352172851562	217.98583984375	0.012602163478732109	0.0002456179920635089
14	378	-35.191200256347656	0.0	0.0	79.42640686035156	-35.03282928466797	193.7679901123047	158.60354614257812	0.05810046195983887	0.0002396906279377499
15	405	-34.38629150390625	0.0	0.0	787.9828491210938	-33.98134994506836	183.56512451171875	147.72805786132812	0.03100721538066864	0.00023150769222457458
16	432	-35.2557487487793	0.0	0.0	106.77835845947266	-35.172821044921875	175.3662567138672	140.46243286132812	0.03982280194759369	0.00022135449978155481
17	459	-34.057899475097656	0.0	0.0	398.4762268066406	-34.15879821777344	208.46878051757812	173.87384033203125	0.0354880653321743	0.00020958506251313652
18	486	-35.181461334228516	0.0	0.0	256.3025817871094	-34.44081115722656	191.5352783203125	156.72515869140625	0.03480815142393112	0.0001966097460186159
19	513	-35.3083610534668	0.0	0.0	213.74545288085938	-35.3963623046875	184.6123046875	149.91529846191406	0.10753433406352997	0.0001828809613528205
20	540	-35.59901428222656	0.0	0.0	858.6937866210938	-35.51286697387695	170.10321044921875	134.37261962890625	0.1054404005408287	0.00016887739078564148
21	567	-34.805259704589844	0.0	0.0	243.83615112304688	-34.67098617553711	182.97433471679688	147.35128784179688	0.04564106464385986	0.00015508729756170373
22	594	-35.42258071899414	0.0	0.0	385.50177001953125	-35.357887268066406	178.90011596679688	143.593505859375	0.05318769812583923	0.00014199150159967716
23	621	-35.260589599609375	0.0	0.0	345.1163635253906	-35.15337371826172	191.71983337402344	156.5734100341797	0.07707983255386353	0.00013004661471843258
24	648	-35.595481872558594	0.0	0.0	535.3909912109375	-35.398983001708984	172.4844970703125	136.68289184570312	0.081534244120121	0.00011966911992830905
25	675	-34.82131576538086	0.0	0.0	656.8311157226562	-35.12806701660156	187.11233520507812	151.9948272705078	0.07212170213460922	0.00011122084989569658
26	702	-35.50498962402344	0.0	0.0	81.59173583984375	-35.50623321533203	187.60372924804688	152.33001708984375	0.08655272424221039	0.00010499637090408714
27	729	-35.83610916137695	0.0	0.0	106.2160415649414	-35.774757385253906	174.070068359375	138.26222229003906	0.1373835653066635	0.00010121271219569881
28	756	-35.82383346557617	0.0	0.0	125.24284362792969	-35.7781982421875	171.83152770996094	135.984375	0.13708293437957764	0.00010000179880126917
# Best epoch: 1
