# epoch	step	nll	ecut	ecut_viol	grad_norm	val_nll	val_ecut	val_ecut_viol	val_ress_zx	LR
1	27	-39.54934310913086	0.0	0.0	182.9205780029297	-39.55968475341797	121.73201751708984	81.81549835205078	0.27577686309814453	1.4720887892512898e-05
2	54	-39.542964935302734	0.0	0.0	159.61341857910156	-39.534767150878906	115.40160369873047	75.31964874267578	0.27360063791275024	2.851210519515696e-05
3	81	-39.37635040283203	0.0	0.0	211.71920776367188	-39.38111877441406	119.8414535522461	79.70774841308594	0.21535611152648926	5.028853872814779e-05
4	108	-39.25545883178711	0.0	0.0	110.29829406738281	-39.338104248046875	124.3349838256836	84.48311614990234	0.18657052516937256	7.833678680135194e-05
5	135	-38.951927185058594	0.0	0.0	324.8302001953125	-38.96251678466797	128.55133056640625	88.86128997802734	0.16079187393188477	0.0001104499721691862
6	162	-38.81721115112305	0.0	0.0	180.3857421875	-38.855865478515625	134.03416442871094	94.550537109375	0.09867066144943237	0.00014410138236510013
7	189	-38.556461334228516	0.0	0.0	167.94384765625	-38.475154876708984	155.92202758789062	117.18611145019531	0.09681206196546555	0.00017664327513976246
8	216	-37.2863883972168	0.0	0.0	264.4983825683594	-38.48988342285156	148.43942260742188	110.02413940429688	0.09162744134664536	0.0002055152066998506
9	243	-37.70840072631836	0.0	0.0	185.0487518310547	-37.89611053466797	184.5606689453125	147.47633361816406	0.043583162128925323	0.00022844549117643985
10	270	-35.981475830078125	0.0	0.0	789.9267578125	-36.29825210571289	233.0394744873047	197.66171264648438	0.008357252925634384	0.00024362994019690677
11	297	-37.4010124206543	0.0	0.0	117.9328384399414	-37.321624755859375	208.15281677246094	171.0374755859375	0.028225630521774292	0.000249873819068998
12	324	-37.621726989746094	0.0	0.0	222.38233947753906	-37.68950653076172	196.4002685546875	160.1744842529297	0.036883581429719925	0.0002490831148795666
13	351	-36.840309143066406	0.0	0.0	368.31439208984375	-37.52793884277344	212.05577087402344	175.26666259765625	0.04039551317691803	0.0002456179920635089
14	378	-37.54058074951172	0.0	0.0	595.3702392578125	-38.18746566772461	210.33311462402344	172.5417938232422	0.05053798109292984	0.0002396906279377499
15	405	-32.000972747802734	0.0	0.0	761.3195190429688	-35.17249298095703	224.06480407714844	186.0264129638672	0.008516281843185425	0.00023150769222457458
16	432	-37.60661315917969	0.0	0.0	263.2173156738281	-37.99116516113281	216.86346435546875	179.7191162109375	0.056405019015073776	0.00022135449978155481
17	459	-38.49525451660156	0.0	0.0	86.23695373535156	-38.27660369873047	196.90594482421875	159.37115478515625	0.03765418753027916	0.00020958506251313652
18	486	-37.69317626953125	0.0	0.0	137.78948974609375	-37.844444274902344	197.01416015625	160.63473510742188	0.02721349708735943	0.0001966097460186159
19	513	-38.852638244628906	0.0	0.0	165.53256225585938	-38.687904357910156	189.40658569335938	151.04087829589844	0.09231265634298325	0.0001828809613528205
20	540	-38.87751770019531	0.0	0.0	100.41498565673828	-39.005096435546875	162.93630981445312	123.77196502685547	0.1297205090522766	0.00016887739078564148
21	567	-38.876251220703125	0.0	0.0	96.89257049560547	-39.030921936035156	164.20437622070312	125.09036254882812	0.07793067395687103	0.00015508729756170373
22	594	-38.983394622802734	0.0	0.0	196.5854949951172	-38.98946762084961	168.74880981445312	129.3431396484375	0.10483033955097198	0.00014199150159967716
23	621	-39.155113220214844	0.0	0.0	175.27987670898438	-39.122188568115234	150.75497436523438	110.92095947265625	0.13571697473526	0.00013004661471843258
24	648	-39.25216293334961	0.0	0.0	123.2613296508789	-39.27946090698242	153.44924926757812	113.88594818115234	0.17865771055221558	0.00011966911992830905
25	675	-39.256893157958984	0.0	0.0	64.31607055664062	-39.23040008544922	150.51528930664062	110.73690032958984	0.1724637746810913	0.00011122084989569658
26	702	-39.33386993408203	0.0	0.0	81.83961486816406	-39.3271369934082	141.04693603515625	101.11582946777344	0.09355394542217255	0.00010499637090408714
27	729	-39.33184051513672	0.0	0.0	103.89125061035156	-39.36298370361328	143.6150360107422	103.86865234375	0.17622016370296478	0.00010121271219569881
28	756	-39.367305755615234	0.0	0.0	54.41184997558594	-39.377220153808594	137.87319946289062	98.01336669921875	0.1863722801208496	0.00010000179880126917
# Best epoch: 1
