# epoch	step	nll	ecut	ecut_viol	grad_norm	val_nll	val_ecut	val_ecut_viol	val_ress_zx	LR
1	27	-27.651092529296875	0.0	0.0	3378.050048828125	-27.34908103942871	192.05662536621094	165.5688934326172	0.028530200943350792	9.757729755661011e-05
2	54	-28.04230308532715	0.0	0.0	586.4755859375	-28.059659957885742	171.0674285888672	143.77493286132812	0.07197879254817963	9.05463412215599e-05
3	81	-28.124547958374023	0.0	0.0	146.69200134277344	-28.162704467773438	174.26095581054688	146.73464965820312	0.0540405809879303	7.959536998847742e-05
4	108	-27.94423484802246	0.0	0.0	289.189208984375	-28.175487518310547	164.65574645996094	137.5000457763672	0.05731463432312012	6.57963412215599e-05
5	135	-28.416336059570312	0.0	0.0	1725.7518310546875	-27.90639305114746	158.52459716796875	131.0757598876953	0.050616852939128876	5.05e-05
6	162	-28.496932983398438	0.0	0.0	100.18462371826172	-28.499385833740234	149.01455688476562	121.11099243164062	0.025942398235201836	3.5203658778440106e-05
7	189	-28.526912689208984	0.0	0.0	413.4321594238281	-28.478111267089844	156.77151489257812	128.60476684570312	0.05021951347589493	2.1404630011522586e-05
8	216	-28.574186325073242	0.0	0.0	5838.36279296875	-28.497121810913086	159.87579345703125	131.6973876953125	0.08857274055480957	1.0453658778440107e-05
9	243	-28.52522850036621	0.0	0.0	56.908878326416016	-28.58173942565918	160.6383056640625	132.44866943359375	0.06641475856304169	3.4227024433899e-06
10	270	-28.58136749267578	0.0	0.0	531.427001953125	-28.604293823242188	158.46142578125	130.23812866210938	0.06438316404819489	1e-06
# Best epoch: 8
