# epoch	step	nll	ecut	ecut_viol	grad_norm	val_nll	val_ecut	val_ecut_viol	val_ress_zx	LR
1	27	-30.80944061279297	0.0	0.0	114.50396728515625	-30.837928771972656	150.39080810546875	119.28328704833984	0.1264294683933258	9.757729755661011e-05
2	54	-31.07558250427246	0.0	0.0	1044.9866943359375	-30.98769187927246	149.00698852539062	117.63509368896484	0.08626403659582138	9.05463412215599e-05
3	81	-30.885406494140625	0.0	0.0	185.83389282226562	-30.932613372802734	146.22421264648438	115.02012634277344	0.09998806565999985	7.959536998847742e-05
4	108	-30.93460464477539	0.0	0.0	232.6708984375	-31.02381706237793	148.6802978515625	117.64280700683594	0.0840725302696228	6.57963412215599e-05
5	135	-31.237308502197266	0.0	0.0	222.29104614257812	-31.1568603515625	140.12582397460938	108.680419921875	0.06451354920864105	5.05e-05
6	162	-31.143688201904297	0.0	0.0	168.7117919921875	-31.214340209960938	137.43804931640625	105.96739959716797	0.10063352435827255	3.5203658778440106e-05
7	189	-31.359302520751953	0.0	0.0	100.38462829589844	-31.37411880493164	136.53903198242188	105.1332015991211	0.1643459051847458	2.1404630011522586e-05
8	216	-31.44369125366211	0.0	0.0	120.17479705810547	-31.44356918334961	130.8894500732422	99.23616027832031	0.1561632603406906	1.0453658778440107e-05
9	243	-31.503936767578125	0.0	0.0	36.60773849487305	-31.494680404663086	132.05596923828125	100.37734985351562	0.18724188208580017	3.4227024433899e-06
10	270	-31.50442886352539	0.0	0.0	54.25945281982422	-31.52832794189453	132.35675048828125	100.70127868652344	0.15952587127685547	1e-06
# Best epoch: 9
