# epoch	step	nll	ecut	ecut_viol	grad_norm	val_nll	val_ecut	val_ecut_viol	val_ress_zx	LR
1	27	-45.29571533203125	0.0	0.0	137.01026916503906	-45.39024353027344	149.86709594726562	104.42406463623047	0.11730048060417175	9.757729755661011e-05
2	54	-45.95960998535156	0.0	0.0	236.01809692382812	-45.91710662841797	139.206298828125	92.7650375366211	0.12215171754360199	9.05463412215599e-05
3	81	-45.85026168823242	0.0	0.0	195.2220916748047	-45.99967956542969	129.47518920898438	83.00951385498047	0.15911081433296204	7.959536998847742e-05
4	108	-46.0958366394043	0.0	0.0	101.4094009399414	-46.148582458496094	127.55133056640625	80.75802612304688	0.25351613759994507	6.57963412215599e-05
5	135	-46.0677604675293	0.0	0.0	117.87593841552734	-46.099056243896484	130.13983154296875	83.27666473388672	0.24542288482189178	5.05e-05
6	162	-46.21154022216797	0.0	0.0	119.10751342773438	-46.29943084716797	120.75831604003906	73.65367126464844	0.26219284534454346	3.5203658778440106e-05
7	189	-46.30129623413086	0.0	0.0	166.47500610351562	-46.3016357421875	117.28665161132812	70.04388427734375	0.30152231454849243	2.1404630011522586e-05
8	216	-46.38627243041992	0.0	0.0	75.21185302734375	-46.374847412109375	119.23494720458984	71.98196411132812	0.32674992084503174	1.0453658778440107e-05
9	243	-46.39640808105469	0.0	0.0	67.73283386230469	-46.41962432861328	117.69021606445312	70.48526000976562	0.29028424620628357	3.4227024433899e-06
10	270	-46.45518112182617	0.0	0.0	68.97779083251953	-46.44622802734375	118.35694885253906	71.06040954589844	0.33131957054138184	1e-06
# Best epoch: 10
