# epoch	step	nll	ecut	ecut_viol	grad_norm	val_nll	val_ecut	val_ecut_viol	val_ress_zx	LR
1	27	-26.708332061767578	0.0	0.0	825.6976318359375	-26.657026290893555	174.39810180664062	148.38528442382812	0.03520365059375763	1.4720887892512898e-05
2	54	-26.5830078125	0.0	0.0	284.4944763183594	-26.71240997314453	168.1812744140625	142.24807739257812	0.0597095750272274	2.851210519515696e-05
3	81	-26.44329071044922	0.0	0.0	75.8927230834961	-26.577306747436523	170.3155975341797	144.32334899902344	0.037760645151138306	5.028853872814779e-05
4	108	-26.50860595703125	0.0	0.0	7465.876953125	-25.731510162353516	174.04592895507812	148.24560546875	0.013198677450418472	7.833678680135194e-05
5	135	-22.966949462890625	0.0	0.0	823.3345947265625	-23.571941375732422	214.3821258544922	189.9171600341797	0.0089204590767622	0.0001104499721691862
6	162	-25.07257080078125	0.0	0.0	266.7080078125	-25.462980270385742	218.96658325195312	195.4671630859375	0.01182328350841999	0.00014410138236510013
7	189	-24.30282211303711	0.0	0.0	487.28338623046875	-24.486303329467773	209.3686981201172	185.26145935058594	0.011623724363744259	0.00017664327513976246
8	216	-24.795698165893555	0.0	0.0	195.84085083007812	-25.147262573242188	227.58763122558594	204.11851501464844	0.01294743549078703	0.0002055152066998506
9	243	-24.109966278076172	0.0	0.0	448.26055908203125	-23.48517417907715	313.93011474609375	291.3671875	0.005498246755450964	0.00022844549117643985
10	270	-24.498340606689453	0.0	0.0	1038.6402587890625	-23.836353302001953	270.32135009765625	248.9712371826172	0.00805478822439909	0.00024362994019690677
11	297	-23.358448028564453	0.0	0.0	406.2100830078125	-23.568401336669922	301.3390197753906	280.0368347167969	0.006166746374219656	0.000249873819068998
12	324	-24.658428192138672	0.0	0.0	143.12460327148438	-24.92593002319336	263.0791931152344	239.8726043701172	0.010786442086100578	0.0002490831148795666
13	351	-23.728857040405273	0.0	0.0	169.55496215820312	-24.25594139099121	284.36663818359375	262.547119140625	0.009350782260298729	0.0002456179920635089
14	378	-25.258800506591797	0.0	0.0	248.7764892578125	-25.06719207763672	283.8291931152344	261.1683044433594	0.017143961042165756	0.0002396906279377499
15	405	-24.877408981323242	0.0	0.0	144.99697875976562	-25.181076049804688	269.79473876953125	247.22381591796875	0.015471480786800385	0.00023150769222457458
16	432	-23.465408325195312	0.0	0.0	341.9404296875	-23.85743522644043	336.5574645996094	315.6300048828125	0.007694748230278492	0.00022135449978155481
17	459	-23.844900131225586	0.0	0.0	229.17636108398438	-23.897396087646484	322.4070739746094	301.660888671875	0.007227710913866758	0.00020958506251313652
18	486	-22.62567710876465	0.0	0.0	740.067138671875	-23.321449279785156	335.0094909667969	314.15142822265625	0.007320219650864601	0.0001966097460186159
19	513	-24.78517723083496	0.0	0.0	223.10484313964844	-25.19646453857422	246.5955810546875	222.76373291015625	0.02682555839419365	0.0001828809613528205
20	540	-24.371078491210938	0.0	0.0	10343.9677734375	-23.952306747436523	282.08404541015625	259.61590576171875	0.004104413092136383	0.00016887739078564148
21	567	-25.530292510986328	0.0	0.0	661.6456909179688	-25.607662200927734	238.84756469726562	215.27911376953125	0.022792037576436996	0.00015508729756170373
22	594	-24.890254974365234	0.0	0.0	698.8432006835938	-24.900543212890625	244.427490234375	221.4652099609375	0.009981432929635048	0.00014199150159967716
23	621	-25.796072006225586	0.0	0.0	102.95171356201172	-25.974096298217773	225.11062622070312	200.94615173339844	0.03765363618731499	0.00013004661471843258
24	648	-26.10488510131836	0.0	0.0	145.96670532226562	-26.363113403320312	215.3240966796875	190.76211547851562	0.05093105137348175	0.00011966911992830905
25	675	-26.1217041015625	0.0	0.0	262.0308837890625	-26.256330490112305	214.82916259765625	190.39378356933594	0.03682125732302666	0.00011122084989569658
26	702	-26.557750701904297	0.0	0.0	71.53245544433594	-26.629125595092773	195.407470703125	169.88426208496094	0.04598370939493179	0.00010499637090408714
27	729	-27.013957977294922	0.0	0.0	189.041015625	-26.737462997436523	188.3879852294922	162.75314331054688	0.04783053323626518	0.00010121271219569881
28	756	-26.955684661865234	0.0	0.0	285.6787414550781	-26.827667236328125	184.64279174804688	158.62359619140625	0.07668493688106537	0.00010000179880126917
# Best epoch: 28
