# epoch	step	nll	ecut	ecut_viol	grad_norm	val_nll	val_ecut	val_ecut_viol	val_ress_zx	LR
1	27	-9.072643280029297	0.0	0.0	127.44529724121094	-9.077616691589355	263.4993896484375	254.41390991210938	0.010694443248212337	1.4720887892512898e-05
2	54	-9.100055694580078	0.0	0.0	315.6259765625	-9.049397468566895	268.06280517578125	258.8174743652344	0.010476741008460522	2.851210519515696e-05
3	81	-9.124285697937012	0.0	0.0	746.6554565429688	-9.050585746765137	264.00469970703125	254.87881469726562	0.003454189747571945	5.028853872814779e-05
4	108	-8.873720169067383	0.0	0.0	552.5984497070312	-8.900575637817383	271.517822265625	262.2597351074219	0.014011687599122524	7.833678680135194e-05
5	135	-8.6437406539917	0.0	0.0	477.11517333984375	-8.733894348144531	271.5920104980469	262.3035888671875	0.006725236773490906	0.0001104499721691862
6	162	-8.211626052856445	0.0	0.0	319.0537414550781	-8.300935745239258	305.27642822265625	296.410400390625	0.014259661547839642	0.00014410138236510013
7	189	-8.031851768493652	0.0	0.0	479.78045654296875	-7.948667049407959	327.7330017089844	318.79669189453125	0.009844689629971981	0.00017664327513976246
8	216	-8.643549919128418	0.0	0.0	943.1282348632812	-8.508106231689453	304.1815490722656	295.4154052734375	0.012769786641001701	0.0002055152066998506
9	243	-7.5704665184021	0.0	0.0	187.16455078125	-7.475136756896973	392.8292236328125	384.6646423339844	0.005253460258245468	0.00022844549117643985
10	270	-7.540517330169678	0.0	0.0	246.56784057617188	-7.646613121032715	380.11279296875	371.9865417480469	0.005787975620478392	0.00024362994019690677
11	297	-7.404447078704834	0.0	0.0	366.869384765625	-6.725642681121826	399.6553649902344	391.2875671386719	0.006027772091329098	0.000249873819068998
12	324	-7.266283988952637	0.0	0.0	262.4971618652344	-7.128970146179199	399.0203552246094	390.832763671875	0.00839903298765421	0.0002490831148795666
13	351	-6.266984939575195	0.0	0.0	462.7452392578125	-5.895519256591797	502.7821044921875	495.1773376464844	0.0028476787265390158	0.0002456179920635089
14	378	-6.533038139343262	0.0	0.0	116.5753402709961	-6.610249996185303	446.5589599609375	439.1058044433594	0.003761873347684741	0.0002396906279377499
15	405	-7.788712501525879	0.0	0.0	179.21951293945312	-7.814292907714844	406.1766052246094	398.7707214355469	0.0065511902794241905	0.00023150769222457458
16	432	-7.310173034667969	0.0	0.0	148.11114501953125	-7.781808853149414	364.20684814453125	356.08111572265625	0.010845046490430832	0.00022135449978155481
17	459	-6.233443737030029	0.0	0.0	448.953125	-5.7637786865234375	487.09002685546875	479.646728515625	0.004451164044439793	0.00020958506251313652
18	486	-7.9373979568481445	0.0	0.0	84.04742431640625	-7.931781768798828	358.0198974609375	349.78631591796875	0.008456333540380001	0.0001966097460186159
19	513	-7.934112548828125	0.0	0.0	327.782958984375	-7.7658820152282715	356.6175231933594	348.3397216796875	0.010724327526986599	0.0001828809613528205
20	540	-7.73657751083374	0.0	0.0	322.0237121582031	-7.686183929443359	350.5059509277344	342.0453796386719	0.008491385728120804	0.00016887739078564148
21	567	-8.013606071472168	0.0	0.0	62.670684814453125	-8.194403648376465	328.6657409667969	320.3426513671875	0.013853954151272774	0.00015508729756170373
22	594	-8.008893966674805	0.0	0.0	282.4081726074219	-8.188985824584961	336.6128234863281	328.283447265625	0.015216195955872536	0.00014199150159967716
23	621	-8.357451438903809	0.0	0.0	379.0917053222656	-8.405120849609375	307.608642578125	299.117919921875	0.015044423751533031	0.00013004661471843258
24	648	-7.898970603942871	0.0	0.0	1616.34521484375	-7.861917495727539	314.478759765625	305.75958251953125	0.011370116844773293	0.00011966911992830905
25	675	-7.745999813079834	0.0	0.0	244.3077850341797	-7.730348587036133	375.33978271484375	367.2276611328125	0.01032598502933979	0.00011122084989569658
26	702	-8.453075408935547	0.0	0.0	412.08050537109375	-8.3756103515625	305.60784912109375	296.6042785644531	0.01922610029578209	0.00010499637090408714
27	729	-8.644781112670898	0.0	0.0	210.53016662597656	-8.787203788757324	289.33380126953125	280.50469970703125	0.014019643887877464	0.00010121271219569881
28	756	-8.811296463012695	0.0	0.0	150.73037719726562	-8.954161643981934	275.530517578125	266.62860107421875	0.007807367481291294	0.00010000179880126917
# Best epoch: 26
