# epoch	step	nll	ecut	ecut_viol	grad_norm	val_nll	val_ecut	val_ecut_viol	val_ress_zx	LR
1	9	0.010657177306711674	0.0	0.0	2.353229284286499	0.02593141607940197	41.058162689208984	41.035823822021484	0.8597996830940247	1.052763184736645e-05
2	18	0.032861534506082535	0.0	0.0	2.870164632797241	0.035308629274368286	37.37138366699219	37.32424545288086	0.8348451256752014	1.2105887466693226e-05
3	27	0.011130445636808872	0.0	0.0	2.1017253398895264	0.0051382663659751415	39.014591217041016	38.992828369140625	0.8754916191101074	1.4720887892512898e-05
4	36	0.011110545136034489	0.0	0.0	2.4197709560394287	0.019405126571655273	40.99298858642578	40.970001220703125	0.8696943521499634	1.8349637166399852e-05
5	45	0.004060291685163975	0.0	0.0	1.936347246170044	0.011326462961733341	39.143795013427734	39.125892639160156	0.8768787980079651	2.2960224560303956e-05
6	54	0.012242385186254978	0.0	0.0	2.6044907569885254	0.002612424548715353	36.39798355102539	36.36779022216797	0.8632618188858032	2.851210519515696e-05
7	63	0.0051889060996472836	0.0	0.0	2.049077033996582	0.005264672450721264	39.034053802490234	38.99825668334961	0.8708023428916931	3.495645658703017e-05
8	72	0.010011738166213036	0.0	0.0	2.414980888366699	0.022646261379122734	37.684814453125	37.64860153198242	0.8569508194923401	4.2236607985424016e-05
9	81	0.019102338701486588	0.0	0.0	2.053593873977661	0.024958007037639618	39.277587890625	39.24608612060547	0.8593099117279053	5.028853872814779e-05
10	90	0.023781854659318924	0.0	0.0	2.735905885696411	0.014110592193901539	37.350181579589844	37.303680419921875	0.8571805953979492	5.9041441230324026e-05
11	99	0.02537301741540432	0.0	0.0	3.0459110736846924	0.01465638168156147	40.4086799621582	40.367645263671875	0.8584348559379578	6.841834365666868e-05
12	108	0.011754701845347881	0.0	0.0	2.6191744804382324	0.030830705538392067	39.14671325683594	39.085079193115234	0.8413571715354919	7.833678680135194e-05
13	117	0.04799971356987953	0.0	0.0	2.5834293365478516	0.040628232061862946	39.204933166503906	39.145267486572266	0.8212742209434509	8.870954922305004e-05
14	126	0.029802443459630013	0.0	0.0	2.5279343128204346	0.031212080270051956	37.3398551940918	37.29130935668945	0.8116511702537537	9.944541425844868e-05
15	135	0.06266150623559952	0.0	0.0	3.538274049758911	0.028177781030535698	38.421749114990234	38.36359786987305	0.8153856992721558	0.0001104499721691862
16	144	0.02514730393886566	0.0	0.0	2.7733616828918457	0.04957273229956627	41.272212982177734	41.204978942871094	0.7994595170021057	0.00012162645036826436
17	153	0.07076822966337204	0.0	0.0	3.086383104324341	0.059906624257564545	41.78688430786133	41.69762420654297	0.8062317967414856	0.00013287656442502926
18	162	0.0691118836402893	0.0	0.0	3.0677497386932373	0.050184465944767	43.50130844116211	43.41350173950195	0.7804685235023499	0.00014410138236510013
19	171	0.04912455752491951	0.0	0.0	2.963876962661743	0.045947372913360596	40.397220611572266	40.31150817871094	0.7740091681480408	0.000155202194664709
20	180	0.09620367735624313	0.0	0.0	3.693330764770508	0.0674988180398941	37.229164123535156	37.122493743896484	0.7558994293212891	0.00016608138228884072
21	189	0.09306623786687851	0.0	0.0	2.6669700145721436	0.06049330532550812	43.20804977416992	43.13141632080078	0.7771811485290527	0.00017664327513976246
22	198	0.08322607725858688	0.0	0.0	2.8859469890594482	0.07289794087409973	44.51596450805664	44.43550491333008	0.757994532585144	0.00018679499336686397
23	207	0.06009046360850334	0.0	0.0	2.7312045097351074	0.08594279736280441	39.90183639526367	39.811180114746094	0.7442841529846191	0.00019644726413944343
24	216	0.06850811839103699	0.0	0.0	2.9913861751556396	0.10794809460639954	35.33270263671875	35.203887939453125	0.7089505791664124	0.0002055152066998506
25	225	0.09793119877576828	0.0	0.0	3.021531105041504	0.0845169797539711	36.10628890991211	35.96605682373047	0.7460148930549622	0.00021391907879333603
26	234	0.0477774441242218	0.0	0.0	2.2452778816223145	0.08950119465589523	35.6258659362793	35.484161376953125	0.73659348487854	0.0002215849779106045
27	243	0.08592713624238968	0.0	0.0	3.2628960609436035	0.07320616394281387	38.518798828125	38.39476013183594	0.7554117441177368	0.00022844549117643985
28	252	0.053358301520347595	0.0	0.0	2.5194103717803955	0.06953667104244232	39.512596130371094	39.413822174072266	0.7593564987182617	0.00023444028816936983
29	261	0.07425357401371002	0.0	0.0	2.499267578125	0.0507681667804718	38.255126953125	38.17378234863281	0.766414999961853	0.000239516651459195
30	270	0.07108637690544128	0.0	0.0	2.8266055583953857	0.04757853224873543	34.72095489501953	34.605384826660156	0.780863881111145	0.00024362994019690677
31	279	0.07537342607975006	0.0	0.0	2.727923631668091	0.04444018006324768	37.920284271240234	37.80853271484375	0.7722489833831787	0.000246743982680248
32	288	0.07375919073820114	0.0	0.0	2.5240161418914795	0.04107527807354927	37.539424896240234	37.44544982910156	0.7829214930534363	0.00024883139444274765
33	297	0.05078405514359474	0.0	0.0	2.575643301010132	0.05960731580853462	38.32282257080078	38.23179244995117	0.7664262056350708	0.000249873819068998
34	306	0.08336363732814789	0.0	0.0	2.916679859161377	0.07096976786851883	38.412105560302734	38.308189392089844	0.776512086391449	0.0002499619404323871
35	315	0.06697241216897964	0.0	0.0	2.7783820629119873	0.051509659737348557	36.84418869018555	36.74571228027344	0.7686258554458618	0.00024966753830202776
36	324	0.055004771798849106	0.0	0.0	2.8485543727874756	0.04057833552360535	36.67606735229492	36.594139099121094	0.7759346961975098	0.0002490831148795666
37	333	0.03992282226681709	0.0	0.0	2.2150652408599854	0.05186324566602707	36.564430236816406	36.48642349243164	0.8035672307014465	0.0002482109401639882
38	342	0.04431137442588806	0.0	0.0	2.274648666381836	0.04736562818288803	37.768470764160156	37.70966720581055	0.8044264316558838	0.00024705440182875405
39	351	0.04602612555027008	0.0	0.0	2.157205104827881	0.033316392451524734	36.574920654296875	36.52109146118164	0.8021996021270752	0.0002456179920635089
40	360	0.05121771618723869	0.0	0.0	1.9326541423797607	0.040639329701662064	36.02943420410156	35.95574951171875	0.8058328628540039	0.0002439072901256592
41	369	0.028185565024614334	0.0	0.0	2.466508388519287	0.04618007317185402	36.78665542602539	36.71944808959961	0.7961364984512329	0.0002419289406695984
42	378	0.03404282033443451	0.0	0.0	2.214756965637207	0.054686907678842545	36.78962326049805	36.71512222290039	0.7813850045204163	0.0002396906279377499
43	387	0.038372304290533066	0.0	0.0	2.096083641052246	0.04566483199596405	38.03087615966797	37.969112396240234	0.8171325922012329	0.00023720104591367573
44	396	0.012569931335747242	0.0	0.0	1.9943193197250366	0.032892003655433655	37.581878662109375	37.51866912841797	0.8082872629165649	0.00023446986455318052
45	405	0.03836113587021828	0.0	0.0	2.2821686267852783	0.02240348607301712	38.93103790283203	38.87575912475586	0.8159275054931641	0.00023150769222457458
46	414	0.033146489411592484	0.0	0.0	2.591447591781616	0.04497664421796799	38.920379638671875	38.84148406982422	0.8105353713035583	0.00022832603450398522
47	423	0.03229833394289017	0.0	0.0	2.461169958114624	0.04169484227895737	37.58604049682617	37.534114837646484	0.790367841720581	0.00022493724948576145
48	432	0.01617550663650036	0.0	0.0	2.028437376022339	0.017250707373023033	36.692501068115234	36.63109588623047	0.8117819428443909	0.00022135449978155481
49	441	0.013502519577741623	0.0	0.0	1.736079216003418	0.012407400645315647	38.60074996948242	38.52947235107422	0.8183310031890869	0.00021759170139451901
50	450	0.017779555171728134	0.0	0.0	2.033536195755005	0.03659500181674957	37.68571853637695	37.62385177612305	0.831549346446991	0.00021366346966721043
51	459	0.02694440819323063	0.0	0.0	2.458373546600342	0.031052889302372932	36.26780700683594	36.20745849609375	0.8179047703742981	0.00020958506251313652
52	468	0.033088672906160355	0.0	0.0	2.865910530090332	0.015004996210336685	39.990745544433594	39.935245513916016	0.8301014304161072	0.00020537232115245055
53	477	0.004963790997862816	0.0	0.0	1.66140615940094	0.0050783222541213036	37.530059814453125	37.47983169555664	0.8219814896583557	0.00020104160858198486
54	486	0.019735367968678474	0.0	0.0	1.9030768871307373	0.017131712287664413	36.63763427734375	36.5713005065918	0.8222619891166687	0.0001966097460186159
55	495	0.019809896126389503	0.0	0.0	2.0637128353118896	0.024354008957743645	37.29710388183594	37.254493713378906	0.8232762217521667	0.00019209394756282525
56	504	0.021938614547252655	0.0	0.0	1.7294517755508423	0.019506337121129036	37.26266860961914	37.214393615722656	0.8334890604019165	0.00018751175333623477
57	513	-0.00712457112967968	0.0	0.0	1.543366551399231	0.016519621014595032	35.990089416503906	35.933658599853516	0.8326775431632996	0.0001828809613528205
58	522	0.04305029660463333	0.0	0.0	1.9699960947036743	0.0011678057489916682	37.09384536743164	37.028564453125	0.8251989483833313	0.00017821955838842938
59	531	0.017163967713713646	0.0	0.0	2.298663377761841	0.02022419683635235	39.66569519042969	39.61732482910156	0.8392824530601501	0.0001735456501171132
60	540	-0.00362934242002666	0.0	0.0	2.1929595470428467	0.026341833174228668	38.194454193115234	38.14710235595703	0.8476064205169678	0.00016887739078564148
61	549	0.009211601689457893	0.0	0.0	2.1541779041290283	0.027493514120578766	37.00101852416992	36.944786071777344	0.8362523317337036	0.00016423291269935017
62	558	0.01505604200065136	0.0	0.0	2.3438119888305664	0.017609696835279465	38.37107849121094	38.31101608276367	0.8394325971603394	0.00015963025579321456
63	567	0.010452312417328358	0.0	0.0	1.7709884643554688	0.004913739860057831	35.4754753112793	35.41547393798828	0.837576150894165	0.00015508729756170373
64	576	0.011843755841255188	0.0	0.0	1.9538154602050781	0.011194761842489243	36.896915435791016	36.846012115478516	0.8376266360282898	0.00015062168361958177
65	585	-0.0043952553533017635	0.0	0.0	1.4911177158355713	-0.002684371080249548	37.82435989379883	37.77750015258789	0.8505026698112488	0.00014625075916336897
66	594	0.008666790090501308	0.0	0.0	1.6991865634918213	0.013683682307600975	35.89627456665039	35.8429069519043	0.8385705947875977	0.00014199150159967716
67	603	-0.002916417084634304	0.0	0.0	1.7069319486618042	0.0076361470855772495	36.096153259277344	36.048274993896484	0.8569324016571045	0.00013786045460210415
68	612	0.01894986256957054	0.0	0.0	1.4739794731140137	0.012151659466326237	36.15664291381836	36.10150909423828	0.8451908230781555	0.00013387366385281946
69	621	-0.006096099503338337	0.0	0.0	1.9198426008224487	0.014060583896934986	36.16777038574219	36.122440338134766	0.8480722904205322	0.00013004661471843258
70	630	-0.0017820828361436725	0.0	0.0	1.6894893646240234	0.015805639326572418	36.82087326049805	36.768768310546875	0.8433652520179749	0.00012639417210222198
71	639	-0.002928434405475855	0.0	0.0	1.8852125406265259	0.002233599778264761	36.23887634277344	36.19465255737305	0.8473093509674072	0.00012293052270634722
72	648	-0.003147234208881855	0.0	0.0	1.7607454061508179	0.006997483316808939	36.930057525634766	36.89296340942383	0.8545141816139221	0.00011966911992830905
73	657	-0.00630134716629982	0.0	0.0	1.6736946105957031	0.008734588511288166	38.28575897216797	38.23136901855469	0.8469538688659668	0.00011662263160568802
74	666	-0.014416064135730267	0.0	0.0	1.5743790864944458	0.010756636038422585	35.28113555908203	35.218955993652344	0.8465458750724792	0.0001138028908121302
75	675	0.004287960473448038	0.0	0.0	2.0067965984344482	0.01651524007320404	36.42975997924805	36.37884521484375	0.8484243750572205	0.00011122084989569658
76	684	-0.012584581971168518	0.0	0.0	1.590029239654541	0.01734316721558571	37.85746383666992	37.808956146240234	0.8454990386962891	0.00010888653793809889
77	693	-0.006913060322403908	0.0	0.0	1.8519877195358276	0.016914188861846924	36.94674301147461	36.89929962158203	0.8485228419303894	0.0001068090218000574
78	702	-0.010743075050413609	0.0	0.0	1.6818712949752808	0.006744048558175564	37.3259162902832	37.29233932495117	0.8466161489486694	0.00010499637090408714
79	711	-0.013452757149934769	0.0	0.0	1.7652724981307983	0.004118384327739477	36.98868942260742	36.94380187988281	0.8449129462242126	0.00010345562589150206
80	720	0.006321627181023359	0.0	0.0	2.0528578758239746	0.015242643654346466	35.46857833862305	35.41435623168945	0.848768413066864	0.00010219277127537851
81	729	0.011989101767539978	0.0	0.0	1.9656023979187012	0.017829712480306625	36.69369888305664	36.64122009277344	0.8544707894325256	0.00010121271219569881
82	738	-0.017768017947673798	0.0	0.0	1.8174347877502441	0.009925096295773983	36.770931243896484	36.719627380371094	0.8623138070106506	0.00010051925536696148
83	747	-0.017057698220014572	0.0	0.0	1.67849862575531	0.008831009268760681	36.16593933105469	36.11383056640625	0.8580222129821777	0.00010011509429226121
84	756	-0.02514955773949623	0.0	0.0	1.5177668333053589	0.010171116329729557	36.76191329956055	36.710609436035156	0.8601687550544739	0.00010000179880126917
# Best epoch: 5
