# epoch	step	nll	ecut	ecut_viol	grad_norm	val_nll	val_ecut	val_ecut_viol	val_ress_zx	LR
1	27	-44.10616683959961	0.0	0.0	66.54780578613281	-44.160823822021484	122.2191390991211	77.37248229980469	0.2552046775817871	1.4720887892512898e-05
2	54	-44.14141845703125	0.0	0.0	187.75978088378906	-44.12664031982422	119.93074798583984	75.00352478027344	0.2849063575267792	2.851210519515696e-05
3	81	-43.96527862548828	0.0	0.0	137.864013671875	-43.998512268066406	121.6484375	76.86978149414062	0.24588625133037567	5.028853872814779e-05
4	108	-43.926116943359375	0.0	0.0	81.51422119140625	-43.9461784362793	120.9597396850586	76.20892333984375	0.20104309916496277	7.833678680135194e-05
5	135	-43.81126403808594	0.0	0.0	127.26175689697266	-43.861175537109375	130.10125732421875	85.54957580566406	0.217985600233078	0.0001104499721691862
6	162	-42.877681732177734	0.0	0.0	399.015380859375	-43.30052947998047	130.86444091796875	86.89215087890625	0.07695711404085159	0.00014410138236510013
7	189	-43.28153991699219	0.0	0.0	319.10174560546875	-43.25419235229492	141.86988830566406	97.54531860351562	0.10381202399730682	0.00017664327513976246
8	216	-43.05314636230469	0.0	0.0	223.3806610107422	-42.96780014038086	190.0343475341797	146.22093200683594	0.07791783660650253	0.0002055152066998506
9	243	-42.92251205444336	0.0	0.0	173.12060546875	-42.543643951416016	172.00732421875	129.54400634765625	0.05591864883899689	0.00022844549117643985
10	270	-42.13395309448242	0.0	0.0	235.34800720214844	-42.59347152709961	194.2245330810547	151.55145263671875	0.04621041566133499	0.00024362994019690677
11	297	-42.18407440185547	0.0	0.0	187.3640899658203	-42.54930114746094	190.72647094726562	148.58807373046875	0.048875704407691956	0.000249873819068998
12	324	-42.820556640625	0.0	0.0	381.2967224121094	-42.58758544921875	175.56167602539062	132.8812255859375	0.044024836272001266	0.0002490831148795666
13	351	-41.9937744140625	0.0	0.0	109.3578109741211	-41.83221435546875	194.34141540527344	152.96414184570312	0.02036808431148529	0.0002456179920635089
14	378	-42.98151779174805	0.0	0.0	232.24822998046875	-42.93846893310547	204.7996063232422	162.6429443359375	0.048497915267944336	0.0002396906279377499
15	405	-43.055110931396484	0.0	0.0	218.59255981445312	-43.17890548706055	182.61253356933594	139.6836395263672	0.11418326944112778	0.00023150769222457458
16	432	-43.043052673339844	0.0	0.0	180.8345184326172	-43.21065902709961	174.03903198242188	130.62313842773438	0.08627273142337799	0.00022135449978155481
17	459	-43.311683654785156	0.0	0.0	98.36085510253906	-43.306640625	183.36203002929688	139.9205322265625	0.10894646495580673	0.00020958506251313652
18	486	-43.112274169921875	0.0	0.0	180.26748657226562	-43.42155456542969	164.9684295654297	121.59385681152344	0.14167824387550354	0.0001966097460186159
19	513	-43.472530364990234	0.0	0.0	141.14833068847656	-43.55084228515625	171.61541748046875	127.76094818115234	0.19184336066246033	0.0001828809613528205
20	540	-43.336177825927734	0.0	0.0	333.3753967285156	-43.51119613647461	153.97593688964844	110.12797546386719	0.14783990383148193	0.00016887739078564148
21	567	-43.416316986083984	0.0	0.0	135.1313018798828	-43.35309600830078	155.12135314941406	111.4166488647461	0.08963718265295029	0.00015508729756170373
22	594	-43.048316955566406	0.0	0.0	295.0827331542969	-43.09466552734375	162.29364013671875	119.1676254272461	0.08810405433177948	0.00014199150159967716
23	621	-43.41326141357422	0.0	0.0	233.8734588623047	-43.44391632080078	162.19287109375	118.65135192871094	0.1658795177936554	0.00013004661471843258
24	648	-43.187435150146484	0.0	0.0	1993.5284423828125	-42.902305603027344	150.13323974609375	106.00143432617188	0.05866380035877228	0.00011966911992830905
25	675	-43.35364532470703	0.0	0.0	128.76138305664062	-43.27198791503906	159.10745239257812	115.52608489990234	0.1017385721206665	0.00011122084989569658
26	702	-43.81086730957031	0.0	0.0	134.1609344482422	-43.658531188964844	154.4188995361328	110.17601013183594	0.16547006368637085	0.00010499637090408714
27	729	-43.597625732421875	0.0	0.0	174.12161254882812	-43.653045654296875	144.28306579589844	99.9974594116211	0.12456300109624863	0.00010121271219569881
28	756	-43.764183044433594	0.0	0.0	94.16995239257812	-43.755409240722656	149.13491821289062	104.97289276123047	0.19667194783687592	0.00010000179880126917
# Best epoch: 2
