# epoch	step	nll	ecut	ecut_viol	grad_norm	val_nll	val_ecut	val_ecut_viol	val_ress_zx	LR
1	27	-40.66134262084961	0.0	0.0	307.12109375	-40.676513671875	117.6385498046875	76.28572082519531	0.2688014507293701	1.4720887892512898e-05
2	54	-40.70161437988281	0.0	0.0	101.29413604736328	-40.67921447753906	121.4034423828125	79.98486328125	0.2740265130996704	2.851210519515696e-05
3	81	-40.61974334716797	0.0	0.0	72.90428161621094	-40.590721130371094	122.47390747070312	81.26486206054688	0.22175586223602295	5.028853872814779e-05
4	108	-40.49391174316406	0.0	0.0	190.58786010742188	-40.36534118652344	123.37458801269531	82.31620025634766	0.17123040556907654	7.833678680135194e-05
5	135	-40.369117736816406	0.0	0.0	289.7267150878906	-40.25587463378906	126.14956665039062	84.90989685058594	0.1341419368982315	0.0001104499721691862
6	162	-40.11686325073242	0.0	0.0	189.45486450195312	-39.830711364746094	127.42733001708984	86.58518981933594	0.05443578213453293	0.00014410138236510013
7	189	-39.886993408203125	0.0	0.0	175.64508056640625	-39.846435546875	140.79498291015625	100.43267822265625	0.10592876374721527	0.00017664327513976246
8	216	-39.643428802490234	0.0	0.0	203.41641235351562	-39.45558166503906	144.7608184814453	104.63580322265625	0.07538236677646637	0.0002055152066998506
9	243	-39.0425910949707	0.0	0.0	406.4680480957031	-39.15117645263672	174.783935546875	135.76739501953125	0.0255507193505764	0.00022844549117643985
10	270	-39.226409912109375	0.0	0.0	457.2541809082031	-39.43025207519531	167.43003845214844	128.01820373535156	0.09975193440914154	0.00024362994019690677
11	297	-39.146484375	0.0	0.0	299.3463134765625	-39.516082763671875	163.96218872070312	124.49301147460938	0.06863754242658615	0.000249873819068998
12	324	-39.531776428222656	0.0	0.0	145.9922637939453	-39.112091064453125	185.3250732421875	145.8662109375	0.025968581438064575	0.0002490831148795666
13	351	-39.23173522949219	0.0	0.0	74.44667053222656	-39.548282623291016	173.54791259765625	134.45556640625	0.09049724042415619	0.0002456179920635089
14	378	-39.4359016418457	0.0	0.0	234.22474670410156	-39.310630798339844	175.50448608398438	136.12039184570312	0.05928417295217514	0.0002396906279377499
15	405	-39.41947555541992	0.0	0.0	159.20938110351562	-39.60997009277344	170.86521911621094	131.02865600585938	0.06890513002872467	0.00023150769222457458
16	432	-39.74243927001953	0.0	0.0	160.5121612548828	-39.527122497558594	175.89610290527344	136.0140380859375	0.04873964190483093	0.00022135449978155481
17	459	-39.6560173034668	0.0	0.0	175.10548400878906	-39.8465690612793	177.37669372558594	137.5565643310547	0.061070218682289124	0.00020958506251313652
18	486	-40.08544921875	0.0	0.0	69.8427734375	-40.0383186340332	164.02474975585938	123.58169555664062	0.13528382778167725	0.0001966097460186159
19	513	-40.11815643310547	0.0	0.0	168.86578369140625	-40.086158752441406	161.32733154296875	121.17720794677734	0.14322566986083984	0.0001828809613528205
20	540	-40.17325973510742	0.0	0.0	232.6221923828125	-40.148948669433594	149.4471893310547	108.87326049804688	0.11521800607442856	0.00016887739078564148
21	567	-40.28805160522461	0.0	0.0	139.33535766601562	-40.301326751708984	148.57675170898438	107.75143432617188	0.15609660744667053	0.00015508729756170373
22	594	-40.34417724609375	0.0	0.0	76.62298583984375	-40.29434585571289	148.36558532714844	107.49764251708984	0.14080649614334106	0.00014199150159967716
23	621	-40.25367736816406	0.0	0.0	130.42079162597656	-40.32090759277344	145.63613891601562	104.673828125	0.12346857786178589	0.00013004661471843258
24	648	-40.327796936035156	0.0	0.0	105.18869018554688	-40.24694061279297	149.18247985839844	108.54208374023438	0.16237294673919678	0.00011966911992830905
25	675	-40.415374755859375	0.0	0.0	373.65478515625	-40.3563232421875	135.6595458984375	94.49668884277344	0.19804608821868896	0.00011122084989569658
26	702	-40.39482879638672	0.0	0.0	211.25575256347656	-40.292572021484375	135.40261840820312	94.18687438964844	0.09517046809196472	0.00010499637090408714
27	729	-40.48662567138672	0.0	0.0	105.83829498291016	-40.4377326965332	134.20855712890625	93.10740661621094	0.17753009498119354	0.00010121271219569881
28	756	-40.50245666503906	0.0	0.0	93.20552062988281	-40.55624008178711	132.05148315429688	90.83441162109375	0.2652653157711029	0.00010000179880126917
# Best epoch: 2
