# epoch	step	nll	ecut	ecut_viol	grad_norm	val_nll	val_ecut	val_ecut_viol	val_ress_zx	LR
1	27	-17.322952270507812	0.0	0.0	378.36175537109375	-17.60464096069336	224.2532196044922	206.3022918701172	0.010829554870724678	9.757729755661011e-05
2	54	-18.163631439208984	0.0	0.0	524.9324340820312	-18.1422176361084	219.47891235351562	201.658935546875	0.014070424251258373	9.05463412215599e-05
3	81	-17.270423889160156	0.0	0.0	1885.132568359375	-17.235809326171875	251.6944580078125	234.7786865234375	0.008688906207680702	7.959536998847742e-05
4	108	-17.44677734375	0.0	0.0	1095.647216796875	-17.536876678466797	231.09593200683594	213.3255615234375	0.011243654415011406	6.57963412215599e-05
5	135	-18.349132537841797	0.0	0.0	315.1662902832031	-18.450958251953125	216.07418823242188	198.2272186279297	0.012297727167606354	5.05e-05
6	162	-18.77918815612793	0.0	0.0	345.8732604980469	-18.765167236328125	197.7844696044922	179.5867919921875	0.015202604234218597	3.5203658778440106e-05
7	189	-18.89131736755371	0.0	0.0	245.92527770996094	-18.927837371826172	190.19842529296875	172.01641845703125	0.013753943145275116	2.1404630011522586e-05
8	216	-19.196733474731445	0.0	0.0	9337.2001953125	-19.084819793701172	187.9971923828125	169.584228515625	0.01683388650417328	1.0453658778440107e-05
9	243	-19.07286834716797	0.0	0.0	796.7332763671875	-19.201709747314453	184.38232421875	165.9124755859375	0.02148076705634594	3.4227024433899e-06
10	270	-19.237499237060547	0.0	0.0	245.65208435058594	-19.26555824279785	179.8180389404297	161.2884521484375	0.014440732076764107	1e-06
# Best epoch: 9
