# epoch	step	nll	ecut	ecut_viol	grad_norm	val_nll	val_ecut	val_ecut_viol	val_ress_zx	LR
1	27	-4.401415824890137	0.0	0.0	144.91424560546875	-4.355098724365234	328.31646728515625	323.6617126464844	0.039607882499694824	1.4720887892512898e-05
2	54	-4.427481651306152	0.0	0.0	48.43700408935547	-4.38900899887085	321.6473388671875	316.946533203125	0.02886362001299858	2.851210519515696e-05
3	81	-4.488123893737793	0.0	0.0	53.84901809692383	-4.428018569946289	318.8573913574219	314.0581970214844	0.02432534471154213	5.028853872814779e-05
4	108	-4.376260757446289	0.0	0.0	49.968780517578125	-4.362086296081543	322.6039733886719	317.873046875	0.04181724786758423	7.833678680135194e-05
5	135	-4.295100688934326	0.0	0.0	56.57829666137695	-4.323386192321777	323.3438720703125	318.4892272949219	0.0401754230260849	0.0001104499721691862
6	162	-4.216429710388184	0.0	0.0	39.869361877441406	-4.211406230926514	336.79302978515625	332.1069030761719	0.032166987657547	0.00014410138236510013
7	189	-3.8121023178100586	0.0	0.0	60.40999984741211	-3.80305814743042	361.5686950683594	356.90728759765625	0.0183139368891716	0.00017664327513976246
8	216	-3.781693935394287	0.0	0.0	50.98880386352539	-3.8512206077575684	362.47698974609375	357.811279296875	0.02640114352107048	0.0002055152066998506
9	243	-3.440610408782959	0.0	0.0	84.9542236328125	-3.404527187347412	429.1101989746094	424.89752197265625	0.015140443108975887	0.00022844549117643985
10	270	-3.4377121925354004	0.0	0.0	72.52154541015625	-3.4410502910614014	440.24993896484375	436.04644775390625	0.022172128781676292	0.00024362994019690677
11	297	-3.3612258434295654	0.0	0.0	98.96681213378906	-3.4733500480651855	448.0262451171875	443.99041748046875	0.011744149029254913	0.000249873819068998
12	324	-3.708951950073242	0.0	0.0	99.68470764160156	-3.671607494354248	401.20843505859375	396.90911865234375	0.014465270563960075	0.0002490831148795666
13	351	-3.5024023056030273	0.0	0.0	125.47080993652344	-3.472529172897339	417.205810546875	412.9541931152344	0.011905422434210777	0.0002456179920635089
14	378	-3.289560079574585	0.0	0.0	92.6995849609375	-3.45971941947937	442.548583984375	438.23773193359375	0.014826356433331966	0.0002396906279377499
15	405	-3.0759799480438232	0.0	0.0	42.973976135253906	-2.9977526664733887	492.5093994140625	488.4495544433594	0.01338483951985836	0.00023150769222457458
16	432	-3.4077601432800293	0.0	0.0	52.24763107299805	-3.446934461593628	450.8064880371094	446.693359375	0.019310740754008293	0.00022135449978155481
17	459	-2.8607728481292725	0.0	0.0	260.3165283203125	-2.9606165885925293	499.90155029296875	496.08184814453125	0.008637936785817146	0.00020958506251313652
18	486	-2.205993413925171	0.0	0.0	225.5170135498047	-2.2722415924072266	605.18017578125	601.54150390625	0.0058269016444683075	0.0001966097460186159
19	513	-3.341386318206787	0.0	0.0	207.36097717285156	-3.2412209510803223	471.90771484375	467.8511962890625	0.009294758550822735	0.0001828809613528205
20	540	-3.590667247772217	0.0	0.0	249.45947265625	-3.504739761352539	454.9333190917969	450.6380615234375	0.013821244239807129	0.00016887739078564148
21	567	-3.915842056274414	0.0	0.0	58.515567779541016	-4.034314155578613	387.18994140625	382.877685546875	0.022025179117918015	0.00015508729756170373
22	594	-4.010720729827881	0.0	0.0	68.34788513183594	-3.978424072265625	373.4102478027344	368.8733825683594	0.02827787958085537	0.00014199150159967716
23	621	-4.03983736038208	0.0	0.0	182.5053253173828	-4.016269207000732	371.1067810058594	366.5889587402344	0.02571415714919567	0.00013004661471843258
24	648	-4.1065263748168945	0.0	0.0	358.90069580078125	-3.998814344406128	357.132080078125	352.55596923828125	0.020235512405633926	0.00011966911992830905
25	675	-4.03794002532959	0.0	0.0	88.94628143310547	-4.073750972747803	356.8123779296875	352.259521484375	0.028500869870185852	0.00011122084989569658
26	702	-4.123504638671875	0.0	0.0	248.96078491210938	-4.05525541305542	367.30902099609375	362.78411865234375	0.027342071756720543	0.00010499637090408714
27	729	-4.150286674499512	0.0	0.0	35.282501220703125	-4.145968437194824	343.09429931640625	338.42236328125	0.022691776975989342	0.00010121271219569881
28	756	-4.166152477264404	0.0	0.0	211.99803161621094	-4.093716621398926	336.9258728027344	332.1365966796875	0.031307246536016464	0.00010000179880126917
# Best epoch: 4
