# epoch	step	nll	ecut	ecut_viol	grad_norm	val_nll	val_ecut	val_ecut_viol	val_ress_zx	LR
1	27	-37.69015121459961	0.0	0.0	171.22659301757812	-37.717918395996094	144.5440216064453	106.91700744628906	0.05848585069179535	9.757729755661011e-05
2	54	-37.624977111816406	0.0	0.0	117.96173095703125	-37.95716094970703	150.49188232421875	112.0925521850586	0.09242890775203705	9.05463412215599e-05
3	81	-37.55308151245117	0.0	0.0	221.37245178222656	-37.76554870605469	147.44100952148438	109.48701477050781	0.10552762448787689	7.959536998847742e-05
4	108	-37.96190643310547	0.0	0.0	663.6071166992188	-37.819454193115234	148.64666748046875	110.32955169677734	0.06962835043668747	6.57963412215599e-05
5	135	-38.119606018066406	0.0	0.0	80.59494018554688	-38.197471618652344	143.45941162109375	105.28684997558594	0.19506125152111053	5.05e-05
6	162	-38.1198844909668	0.0	0.0	124.54794311523438	-38.24918746948242	138.56175231933594	99.85786437988281	0.1560300588607788	3.5203658778440106e-05
7	189	-38.347564697265625	0.0	0.0	251.0200653076172	-38.35863494873047	138.16156005859375	99.65394592285156	0.17573174834251404	2.1404630011522586e-05
8	216	-38.420616149902344	0.0	0.0	77.46051025390625	-38.44051742553711	132.81430053710938	94.00103759765625	0.23379328846931458	1.0453658778440107e-05
9	243	-38.500972747802734	0.0	0.0	289.35137939453125	-38.50138473510742	133.38470458984375	94.55561828613281	0.27420109510421753	3.4227024433899e-06
10	270	-38.51133346557617	0.0	0.0	85.1165771484375	-38.52558517456055	133.2862548828125	94.415283203125	0.2852479815483093	1e-06
# Best epoch: 10
