# epoch	step	nll	ecut	ecut_viol	grad_norm	val_nll	val_ecut	val_ecut_viol	val_ress_zx	LR
1	27	-1.060692310333252	0.0	0.0	8.292058944702148	-1.0472825765609741	301.90850830078125	300.19500732421875	0.10133441537618637	9.757729755661011e-05
2	54	-0.9994630813598633	0.0	0.0	10.065523147583008	-1.077650785446167	311.8997802734375	310.1434020996094	0.09538554400205612	9.05463412215599e-05
3	81	-1.0637259483337402	0.0	0.0	10.81657886505127	-1.0654165744781494	302.2753601074219	300.4718322753906	0.08522404730319977	7.959536998847742e-05
4	108	-1.1127595901489258	0.0	0.0	9.15541934967041	-1.104935646057129	307.9664306640625	306.24072265625	0.10965979099273682	6.57963412215599e-05
5	135	-1.110135793685913	0.0	0.0	10.305497169494629	-1.0939297676086426	300.64215087890625	298.95599365234375	0.09593889117240906	5.05e-05
6	162	-1.1043801307678223	0.0	0.0	8.484054565429688	-1.1151213645935059	291.42529296875	289.6650390625	0.0874321311712265	3.5203658778440106e-05
7	189	-1.1764414310455322	0.0	0.0	17.45880699157715	-1.1459105014801025	282.5444030761719	280.7798767089844	0.08951063454151154	2.1404630011522586e-05
8	216	-1.1872532367706299	0.0	0.0	14.189218521118164	-1.1551907062530518	287.42877197265625	285.70867919921875	0.11597026884555817	1.0453658778440107e-05
9	243	-1.1463046073913574	0.0	0.0	14.036222457885742	-1.1662023067474365	282.0323181152344	280.2740783691406	0.11904239654541016	3.4227024433899e-06
10	270	-1.155562162399292	0.0	0.0	11.236899375915527	-1.16762113571167	283.1475524902344	281.4132385253906	0.1138673722743988	1e-06
# Best epoch: 9
