# epoch	step	nll	ecut	ecut_viol	grad_norm	val_nll	val_ecut	val_ecut_viol	val_ress_zx	LR
1	27	-20.203292846679688	0.0	0.0	41282.640625	-19.876195907592773	229.30780029296875	209.64288330078125	0.008403157815337181	9.757729755661011e-05
2	54	-19.676450729370117	0.0	0.0	3838.896240234375	-19.75540542602539	226.49484252929688	207.15298461914062	0.0072124130092561245	9.05463412215599e-05
3	81	-20.797073364257812	0.0	0.0	1198.496826171875	-20.778348922729492	205.7102508544922	185.54832458496094	0.020842354744672775	7.959536998847742e-05
4	108	-20.384750366210938	0.0	0.0	625.7730712890625	-20.37378692626953	213.4278564453125	193.22509765625	0.00906442105770111	6.57963412215599e-05
5	135	-20.851926803588867	0.0	0.0	420.5906982421875	-20.913589477539062	206.141845703125	186.01199340820312	0.022778641432523727	5.05e-05
6	162	-20.488399505615234	0.0	0.0	1517.228515625	-20.401540756225586	208.7760467529297	188.2772216796875	0.010860706679522991	3.5203658778440106e-05
7	189	-21.24065399169922	0.0	0.0	1553.2197265625	-21.107486724853516	201.23130798339844	180.60299682617188	0.020056113600730896	2.1404630011522586e-05
8	216	-20.674880981445312	0.0	0.0	446.9662170410156	-20.887210845947266	209.5909423828125	188.8312225341797	0.012362239882349968	1.0453658778440107e-05
9	243	-21.140642166137695	0.0	0.0	450.5826110839844	-21.117048263549805	204.05722045898438	183.33444213867188	0.02454010397195816	3.4227024433899e-06
10	270	-21.222244262695312	0.0	0.0	432.888916015625	-21.18226432800293	204.9266357421875	184.1683807373047	0.027628188952803612	1e-06
# Best epoch: 10
