# epoch	step	nll	ecut	ecut_viol	grad_norm	val_nll	val_ecut	val_ecut_viol	val_ress_zx	LR
1	27	-13.181053161621094	0.0	0.0	307.4869384765625	-13.27595329284668	264.5483093261719	252.0176239013672	0.01071867160499096	9.757729755661011e-05
2	54	-13.04294204711914	0.0	0.0	1097.9705810546875	-12.914182662963867	263.51702880859375	250.62725830078125	0.005475275218486786	9.05463412215599e-05
3	81	-13.606871604919434	0.0	0.0	406.6564636230469	-13.682647705078125	236.2254638671875	222.9215087890625	0.014064265415072441	7.959536998847742e-05
4	108	-13.424522399902344	0.0	0.0	296.9921569824219	-13.548065185546875	236.3498992919922	223.10980224609375	0.012827858328819275	6.57963412215599e-05
5	135	-13.49878215789795	0.0	0.0	1809.8548583984375	-13.240768432617188	227.21255493164062	213.74954223632812	0.007600589655339718	5.05e-05
6	162	-13.534170150756836	0.0	0.0	214.1961669921875	-13.737189292907715	206.9385986328125	193.14306640625	0.013512404635548592	3.5203658778440106e-05
7	189	-14.019224166870117	0.0	0.0	1109.61376953125	-14.135478019714355	205.0699462890625	191.19712829589844	0.021474041044712067	2.1404630011522586e-05
8	216	-14.158649444580078	0.0	0.0	2774.195556640625	-14.255489349365234	199.4657440185547	185.5760498046875	0.024524301290512085	1.0453658778440107e-05
9	243	-14.227740287780762	0.0	0.0	469.345458984375	-14.294563293457031	196.23068237304688	182.23526000976562	0.02229352667927742	3.4227024433899e-06
10	270	-14.339372634887695	0.0	0.0	3372.627685546875	-14.319534301757812	193.9420623779297	179.8834686279297	0.024340178817510605	1e-06
# Best epoch: 8
