# epoch	step	nll	ecut	ecut_viol	grad_norm	val_nll	val_ecut	val_ecut_viol	val_ress_zx	LR
1	27	-13.014765739440918	0.0	0.0	535.4678344726562	-13.043482780456543	216.11239624023438	203.5102996826172	0.016302011907100677	1.4720887892512898e-05
2	54	-13.097819328308105	0.0	0.0	142.85137939453125	-13.180384635925293	206.48382568359375	193.71115112304688	0.015622368082404137	2.851210519515696e-05
3	81	-13.145101547241211	0.0	0.0	76.69014739990234	-13.205814361572266	210.1381072998047	197.37396240234375	0.019913461059331894	5.028853872814779e-05
4	108	-13.080439567565918	0.0	0.0	590.6296997070312	-12.870291709899902	211.59353637695312	198.63623046875	0.014364732429385185	7.833678680135194e-05
5	135	-11.838479995727539	0.0	0.0	166.6954803466797	-12.3590087890625	245.3363494873047	233.12860107421875	0.007614194415509701	0.0001104499721691862
6	162	-11.654577255249023	0.0	0.0	549.8118286132812	-11.969982147216797	255.36851501464844	243.14964294433594	0.006006806623190641	0.00014410138236510013
7	189	-11.680572509765625	0.0	0.0	127.24771118164062	-11.919906616210938	288.85498046875	277.1123962402344	0.0036989403888583183	0.00017664327513976246
8	216	-11.200767517089844	0.0	0.0	265.8744201660156	-11.699026107788086	302.1810607910156	290.6414489746094	0.006699973251670599	0.0002055152066998506
9	243	-11.506429672241211	0.0	0.0	247.116455078125	-11.423628807067871	300.37640380859375	288.908447265625	0.004416910465806723	0.00022844549117643985
10	270	-10.387895584106445	0.0	0.0	315.4305419921875	-10.463770866394043	342.6708679199219	331.7091064453125	0.0028702951967716217	0.00024362994019690677
11	297	-9.823854446411133	0.0	0.0	1829.658203125	-8.317205429077148	430.76409912109375	420.8843688964844	0.0015014683594927192	0.000249873819068998
12	324	-8.25229263305664	0.0	0.0	158.3751678466797	-8.424515724182129	556.3367919921875	547.4181518554688	0.0003333333588670939	0.0002490831148795666
13	351	-10.011186599731445	0.0	0.0	349.6630859375	-9.823841094970703	465.34112548828125	455.8087158203125	0.0025521344505250454	0.0002456179920635089
14	378	-9.505441665649414	0.0	0.0	229.16029357910156	-10.779749870300293	362.85675048828125	352.25604248046875	0.0036723806988447905	0.0002396906279377499
15	405	-10.26516056060791	0.0	0.0	444.9649353027344	-10.465483665466309	402.8863220214844	392.8643493652344	0.004476954694837332	0.00023150769222457458
16	432	-9.238607406616211	0.0	0.0	363.7901916503906	-9.137556076049805	391.3043212890625	380.6899108886719	0.003403422422707081	0.00022135449978155481
17	459	-10.744658470153809	0.0	0.0	1006.4692993164062	-10.241867065429688	373.80096435546875	362.42816162109375	0.002643174957484007	0.00020958506251313652
18	486	-11.205161094665527	0.0	0.0	372.8473205566406	-10.857892990112305	370.17877197265625	359.6429443359375	0.0038418848998844624	0.0001966097460186159
19	513	-11.666994094848633	0.0	0.0	886.8845825195312	-11.048452377319336	334.8326416015625	323.94805908203125	0.003930765204131603	0.0001828809613528205
20	540	-11.450274467468262	0.0	0.0	251.10191345214844	-11.485751152038574	321.3201599121094	310.1339111328125	0.005214600823819637	0.00016887739078564148
21	567	-11.439300537109375	0.0	0.0	251.6964111328125	-11.612054824829102	321.1537780761719	309.6993103027344	0.007791283540427685	0.00015508729756170373
22	594	-11.747444152832031	0.0	0.0	320.0925598144531	-12.003442764282227	300.8797607421875	289.4801025390625	0.006909805815666914	0.00014199150159967716
23	621	-11.661649703979492	0.0	0.0	615.6324462890625	-11.252668380737305	321.618896484375	310.49359130859375	0.0064374180510640144	0.00013004661471843258
24	648	-11.302790641784668	0.0	0.0	755.7263793945312	-11.178152084350586	340.73443603515625	329.92877197265625	0.004167200531810522	0.00011966911992830905
25	675	-11.993595123291016	0.0	0.0	162.28062438964844	-11.986120223999023	321.6236267089844	310.35467529296875	0.00802882295101881	0.00011122084989569658
26	702	-12.313738822937012	0.0	0.0	292.0030517578125	-12.366952896118164	284.107666015625	272.3311767578125	0.015686120837926865	0.00010499637090408714
27	729	-12.478869438171387	0.0	0.0	673.1293334960938	-12.625030517578125	264.2557373046875	252.32200622558594	0.016588132828474045	0.00010121271219569881
28	756	-12.541385650634766	0.0	0.0	391.9388427734375	-12.491310119628906	257.6331787109375	245.493408203125	0.00930999219417572	0.00010000179880126917
# Best epoch: 3
