# epoch	step	nll	ecut	ecut_viol	grad_norm	val_nll	val_ecut	val_ecut_viol	val_ress_zx	LR
1	27	-0.2718679904937744	0.0	0.0	2.5457913875579834	-0.2908536195755005	461.482421875	460.9293212890625	0.11416345089673996	1.4720887892512898e-05
2	54	-0.3135323226451874	0.0	0.0	3.219569444656372	-0.29410648345947266	449.80810546875	449.1968688964844	0.10807739943265915	2.851210519515696e-05
3	81	-0.27689409255981445	0.0	0.0	2.4960217475891113	-0.2995404005050659	449.34259033203125	448.75506591796875	0.12335936725139618	5.028853872814779e-05
4	108	-0.30455583333969116	0.0	0.0	2.593092441558838	-0.30111509561538696	435.4046630859375	434.7315673828125	0.11836493015289307	7.833678680135194e-05
5	135	-0.2980433702468872	0.0	0.0	3.4892637729644775	-0.2874191999435425	429.18603515625	428.49688720703125	0.1283125877380371	0.0001104499721691862
6	162	-0.32409918308258057	0.0	0.0	4.445695877075195	-0.2735353410243988	427.48504638671875	426.742431640625	0.12210395187139511	0.00014410138236510013
7	189	-0.2791881561279297	0.0	0.0	3.754777431488037	-0.268488347530365	430.84619140625	430.1224060058594	0.1366119235754013	0.00017664327513976246
8	216	-0.22716620564460754	0.0	0.0	3.4564125537872314	-0.23369574546813965	443.59637451171875	442.90008544921875	0.13243556022644043	0.0002055152066998506
9	243	-0.20923970639705658	0.0	0.0	3.53202223777771	-0.22980330884456635	440.69659423828125	439.9754333496094	0.1366545557975769	0.00022844549117643985
10	270	-0.21421651542186737	0.0	0.0	3.8490564823150635	-0.23834511637687683	443.85601806640625	443.2072448730469	0.12983760237693787	0.00024362994019690677
11	297	-0.24988596141338348	0.0	0.0	2.948887825012207	-0.2548961043357849	429.2293701171875	428.4703063964844	0.12619248032569885	0.000249873819068998
12	324	-0.24912512302398682	0.0	0.0	5.820842266082764	-0.2521708905696869	426.3335876464844	425.6099548339844	0.12520831823349	0.0002490831148795666
13	351	-0.2751983404159546	0.0	0.0	4.736933708190918	-0.25599485635757446	431.6778564453125	430.9586181640625	0.11744751781225204	0.0002456179920635089
14	378	-0.29089343547821045	0.0	0.0	4.271385192871094	-0.28273794054985046	417.8326110839844	417.07305908203125	0.11876995861530304	0.0002396906279377499
15	405	-0.27492257952690125	0.0	0.0	4.308175086975098	-0.2732419967651367	420.00372314453125	419.2572021484375	0.11968615651130676	0.00023150769222457458
16	432	-0.3025253415107727	0.0	0.0	4.202785015106201	-0.27999863028526306	412.0872497558594	411.3263854980469	0.1444324254989624	0.00022135449978155481
17	459	-0.306583970785141	0.0	0.0	3.1621110439300537	-0.3017122149467468	405.824951171875	405.076904296875	0.13336670398712158	0.00020958506251313652
18	486	-0.27210134267807007	0.0	0.0	6.898848533630371	-0.3037381172180176	392.6305847167969	391.856689453125	0.12266971915960312	0.0001966097460186159
19	513	-0.34962591528892517	0.0	0.0	5.6863908767700195	-0.3267776370048523	388.11077880859375	387.32073974609375	0.143061101436615	0.0001828809613528205
20	540	-0.3146226704120636	0.0	0.0	3.774402379989624	-0.31738871335983276	385.4984130859375	384.669189453125	0.1249593049287796	0.00016887739078564148
21	567	-0.330619215965271	0.0	0.0	4.1905975341796875	-0.33093520998954773	381.6160583496094	380.8062744140625	0.15067456662654877	0.00015508729756170373
22	594	-0.38576018810272217	0.0	0.0	4.353453636169434	-0.34756219387054443	364.5212097167969	363.62664794921875	0.13820751011371613	0.00014199150159967716
23	621	-0.32579120993614197	0.0	0.0	4.6951117515563965	-0.3564837872982025	357.31072998046875	356.42742919921875	0.12672823667526245	0.00013004661471843258
24	648	-0.3736891448497772	0.0	0.0	3.3553223609924316	-0.3711956739425659	363.69146728515625	362.8720703125	0.14186149835586548	0.00011966911992830905
25	675	-0.36664682626724243	0.0	0.0	4.035423755645752	-0.36806297302246094	358.79541015625	357.97308349609375	0.14192257821559906	0.00011122084989569658
26	702	-0.3477494716644287	0.0	0.0	5.0713911056518555	-0.3780817985534668	355.4294128417969	354.62957763671875	0.16092056035995483	0.00010499637090408714
27	729	-0.35049062967300415	0.0	0.0	4.134122371673584	-0.38784259557724	349.524169921875	348.66888427734375	0.14732015132904053	0.00010121271219569881
28	756	-0.4389572739601135	0.0	0.0	3.894037961959839	-0.4057425260543823	336.9498291015625	336.03533935546875	0.15218469500541687	0.00010000179880126917
# Best epoch: 26
