# epoch	step	nll	ecut	ecut_viol	grad_norm	val_nll	val_ecut	val_ecut_viol	val_ress_zx	LR
1	27	-22.45697021484375	0.0	0.0	519.8475952148438	-22.50960350036621	190.17074584960938	168.36367797851562	0.021851150318980217	1.4720887892512898e-05
2	54	-22.50298309326172	0.0	0.0	595.821044921875	-22.579132080078125	186.78721618652344	164.838134765625	0.02288764715194702	2.851210519515696e-05
3	81	-22.306921005249023	0.0	0.0	3393.080810546875	-21.87189292907715	184.11862182617188	162.27359008789062	0.008072164840996265	5.028853872814779e-05
4	108	-21.812786102294922	0.0	0.0	432.38336181640625	-21.787250518798828	203.9407958984375	182.9928436279297	0.024559687823057175	7.833678680135194e-05
5	135	-21.47322654724121	0.0	0.0	1039.062744140625	-21.712928771972656	219.40350341796875	198.4405517578125	0.014849592000246048	0.0001104499721691862
6	162	-20.668537139892578	0.0	0.0	7890.38818359375	-19.478010177612305	252.72067260742188	232.7781982421875	0.004862729460000992	0.00014410138236510013
7	189	-20.650177001953125	0.0	0.0	2380.867919921875	-19.939773559570312	277.17156982421875	258.6177673339844	0.0050377435982227325	0.00017664327513976246
8	216	-15.807177543640137	0.0	0.0	5789.4462890625	-13.678515434265137	414.7779541015625	393.93841552734375	0.0003333333588670939	0.0002055152066998506
9	243	-19.134580612182617	0.0	0.0	299.4082336425781	-19.567020416259766	349.47015380859375	331.9543151855469	0.0035050511360168457	0.00022844549117643985
10	270	-17.176130294799805	0.0	0.0	258.072265625	-18.918071746826172	348.74346923828125	331.57171630859375	0.002774600638076663	0.00024362994019690677
11	297	-17.5716552734375	0.0	0.0	307.6826171875	-18.39767837524414	403.7747802734375	386.7818603515625	0.003466179594397545	0.000249873819068998
12	324	-16.97957992553711	0.0	0.0	373.7911071777344	-17.024681091308594	487.6761169433594	472.304443359375	0.0010123823303729296	0.0002490831148795666
13	351	-17.129175186157227	0.0	0.0	762.1455078125	-16.839263916015625	399.4539794921875	383.073486328125	0.0012336897198110819	0.0002456179920635089
14	378	-17.993772506713867	0.0	0.0	186.8456268310547	-18.71267318725586	343.60302734375	326.44873046875	0.0014511372428387403	0.0002396906279377499
15	405	-19.780296325683594	0.0	0.0	385.7106628417969	-19.95672035217285	332.5633239746094	314.9617919921875	0.007666964083909988	0.00023150769222457458
16	432	-18.852508544921875	0.0	0.0	262.7923889160156	-19.198183059692383	375.47552490234375	358.041748046875	0.0024672113358974457	0.00022135449978155481
17	459	-19.44160270690918	0.0	0.0	2035.8807373046875	-18.96410369873047	320.1136169433594	301.6034240722656	0.00412725331261754	0.00020958506251313652
18	486	-20.51891326904297	0.0	0.0	224.51499938964844	-20.643617630004883	296.849609375	278.29693603515625	0.004406946711242199	0.0001966097460186159
19	513	-19.17399024963379	0.0	0.0	4450.5595703125	-18.423477172851562	333.88336181640625	316.0517578125	0.0028795215766876936	0.0001828809613528205
20	540	-20.2950439453125	0.0	0.0	217.17001342773438	-20.240081787109375	311.6424865722656	293.2049255371094	0.0050481935031712055	0.00016887739078564148
21	567	-19.123414993286133	0.0	0.0	412.09228515625	-19.275609970092773	318.34539794921875	299.9623107910156	0.003030170453712344	0.00015508729756170373
22	594	-19.511240005493164	0.0	0.0	333.540771484375	-19.51519775390625	307.77789306640625	289.42388916015625	0.0035135287325829268	0.00014199150159967716
23	621	-20.5670166015625	0.0	0.0	562.1646118164062	-20.595359802246094	254.4512176513672	235.06451416015625	0.009410599246621132	0.00013004661471843258
24	648	-21.11924171447754	0.0	0.0	620.24853515625	-20.92843246459961	236.75341796875	216.4622802734375	0.011242004111409187	0.00011966911992830905
25	675	-21.472103118896484	0.0	0.0	539.2771606445312	-21.685928344726562	231.75193786621094	211.41513061523438	0.01416461355984211	0.00011122084989569658
26	702	-21.620250701904297	0.0	0.0	1496.946044921875	-21.50747299194336	233.49240112304688	212.87435913085938	0.012277203612029552	0.00010499637090408714
27	729	-21.47589683532715	0.0	0.0	240.3117218017578	-21.38513946533203	235.24571228027344	214.61376953125	0.01427499484270811	0.00010121271219569881
28	756	-22.225181579589844	0.0	0.0	882.0316772460938	-21.923206329345703	228.38699340820312	207.75193786621094	0.016517024487257004	0.00010000179880126917
# Best epoch: 4
