# epoch	step	nll	ecut	ecut_viol	grad_norm	val_nll	val_ecut	val_ecut_viol	val_ress_zx	LR
1	27	-25.206281661987305	0.0	0.0	136.2812957763672	-25.203968048095703	208.2185516357422	184.3970184326172	0.02143377810716629	1.4720887892512898e-05
2	54	-25.281482696533203	0.0	0.0	83.87533569335938	-25.286041259765625	198.8541717529297	174.9676971435547	0.03095221146941185	2.851210519515696e-05
3	81	-24.913251876831055	0.0	0.0	231.92974853515625	-25.063175201416016	203.03721618652344	179.41937255859375	0.033728502690792084	5.028853872814779e-05
4	108	-24.727153778076172	0.0	0.0	175.34768676757812	-24.792118072509766	198.85556030273438	175.27122497558594	0.03141103684902191	7.833678680135194e-05
5	135	-24.526168823242188	0.0	0.0	3104.30712890625	-23.24643325805664	218.8092041015625	195.4503173828125	0.008196323178708553	0.0001104499721691862
6	162	-23.28369903564453	0.0	0.0	309.85394287109375	-23.90814781188965	220.20970153808594	197.45751953125	0.006463918369263411	0.00014410138236510013
7	189	-22.725980758666992	0.0	0.0	472.5317077636719	-22.55489158630371	256.53851318359375	235.2830810546875	0.00602406170219183	0.00017664327513976246
8	216	-22.6705322265625	0.0	0.0	291.50042724609375	-22.64228057861328	295.94818115234375	275.13275146484375	0.0066017871722579	0.0002055152066998506
9	243	-22.094829559326172	0.0	0.0	4616.54052734375	-20.21770477294922	301.0581359863281	280.3088073730469	0.002366316970437765	0.00022844549117643985
10	270	-21.498205184936523	0.0	0.0	256.45758056640625	-22.268184661865234	330.65911865234375	310.5343933105469	0.008298370987176895	0.00024362994019690677
11	297	-22.107376098632812	0.0	0.0	468.53717041015625	-20.73477554321289	314.6336669921875	294.4459228515625	0.0033662905916571617	0.000249873819068998
12	324	-23.124141693115234	0.0	0.0	134.55368041992188	-23.426815032958984	315.4126281738281	294.2833251953125	0.0107951071113348	0.0002490831148795666
13	351	-22.466793060302734	0.0	0.0	296.2014465332031	-21.984966278076172	317.14837646484375	296.1363525390625	0.005836009047925472	0.0002456179920635089
14	378	-21.8770809173584	0.0	0.0	446.7384033203125	-21.763545989990234	366.1380310058594	346.6740417480469	0.00328943133354187	0.0002396906279377499
15	405	-22.086889266967773	0.0	0.0	117.98954772949219	-21.631378173828125	336.4212951660156	316.29705810546875	0.006440296769142151	0.00023150769222457458
16	432	-21.34760093688965	0.0	0.0	652.6061401367188	-21.319894790649414	395.0712585449219	376.1263122558594	0.005071019753813744	0.00022135449978155481
17	459	-23.30763053894043	0.0	0.0	324.50885009765625	-22.680938720703125	309.4530944824219	288.248779296875	0.009524276480078697	0.00020958506251313652
18	486	-22.76380157470703	0.0	0.0	261.6120910644531	-23.175809860229492	317.9378662109375	296.3665771484375	0.006680346559733152	0.0001966097460186159
19	513	-23.008499145507812	0.0	0.0	274.269775390625	-23.111356735229492	315.6651916503906	294.8303527832031	0.009895158000290394	0.0001828809613528205
20	540	-23.69605255126953	0.0	0.0	269.54510498046875	-23.736156463623047	278.84466552734375	256.8067626953125	0.01302400790154934	0.00016887739078564148
21	567	-24.421100616455078	0.0	0.0	572.9694213867188	-23.98614501953125	254.82550048828125	232.02671813964844	0.017689909785985947	0.00015508729756170373
22	594	-23.798110961914062	0.0	0.0	144.93539428710938	-24.362056732177734	258.72760009765625	236.2210693359375	0.012851826846599579	0.00014199150159967716
23	621	-24.072696685791016	0.0	0.0	1139.728759765625	-24.099918365478516	249.80563354492188	226.907470703125	0.002192461397498846	0.00013004661471843258
24	648	-24.99868392944336	0.0	0.0	766.4708251953125	-24.85183334350586	231.22604370117188	207.26902770996094	0.029395034536719322	0.00011966911992830905
25	675	-24.99862289428711	0.0	0.0	280.75909423828125	-24.922374725341797	230.0577850341797	206.66152954101562	0.03721313923597336	0.00011122084989569658
26	702	-24.43152618408203	0.0	0.0	284.6167907714844	-24.529632568359375	238.5502166748047	215.4019012451172	0.02622467838227749	0.00010499637090408714
27	729	-25.075504302978516	0.0	0.0	183.17588806152344	-25.220577239990234	223.55438232421875	199.75717163085938	0.024385210126638412	0.00010121271219569881
28	756	-25.069440841674805	0.0	0.0	1150.0244140625	-25.125234603881836	217.9244842529297	193.78567504882812	0.014388608746230602	0.00010000179880126917
# Best epoch: 25
