# epoch	step	nll	ecut	ecut_viol	grad_norm	val_nll	val_ecut	val_ecut_viol	val_ress_zx	LR
1	27	-4.970438480377197	0.0	0.0	135.2020721435547	-5.037749767303467	323.9768371582031	318.5500183105469	0.02155313640832901	9.757729755661011e-05
2	54	-4.8761115074157715	0.0	0.0	244.39688110351562	-4.851719379425049	335.50885009765625	330.00177001953125	0.02945936843752861	9.05463412215599e-05
3	81	-4.837885856628418	0.0	0.0	109.71971893310547	-4.843401908874512	353.3313903808594	347.968017578125	0.023306412622332573	7.959536998847742e-05
4	108	-5.084742546081543	0.0	0.0	158.00161743164062	-5.032286643981934	332.4525146484375	326.95867919921875	0.021917574107646942	6.57963412215599e-05
5	135	-5.218371868133545	0.0	0.0	263.5036315917969	-5.106186866760254	318.83563232421875	313.36004638671875	0.02245553582906723	5.05e-05
6	162	-5.211847305297852	0.0	0.0	948.9681396484375	-5.146689414978027	309.23583984375	303.74224853515625	0.03114924393594265	3.5203658778440106e-05
7	189	-5.261172294616699	0.0	0.0	148.6132049560547	-5.285388946533203	298.7225036621094	293.0577087402344	0.04571792110800743	2.1404630011522586e-05
8	216	-5.374422073364258	0.0	0.0	70.10652923583984	-5.355381011962891	294.83673095703125	289.2279052734375	0.029883012175559998	1.0453658778440107e-05
9	243	-5.372342586517334	0.0	0.0	63.53049087524414	-5.387735366821289	298.0068359375	292.37188720703125	0.04491901025176048	3.4227024433899e-06
10	270	-5.333938121795654	0.0	0.0	30.198915481567383	-5.409184455871582	294.6681823730469	289.01300048828125	0.04764045402407646	1e-06
# Best epoch: 10
