# epoch	step	nll	ecut	ecut_viol	grad_norm	val_nll	val_ecut	val_ecut_viol	val_ress_zx	LR
1	27	-33.82419967651367	0.0	0.0	81.4410629272461	-33.85796356201172	139.4266357421875	105.62890625	0.20991413295269012	1.4720887892512898e-05
2	54	-33.89585876464844	0.0	0.0	58.190059661865234	-33.83927917480469	136.5216522216797	102.521728515625	0.23031596839427948	2.851210519515696e-05
3	81	-33.67762756347656	0.0	0.0	121.64789581298828	-33.76097106933594	135.4222412109375	101.32228088378906	0.1686755269765854	5.028853872814779e-05
4	108	-33.668540954589844	0.0	0.0	503.23687744140625	-33.57274627685547	136.24261474609375	102.45704650878906	0.12547749280929565	7.833678680135194e-05
5	135	-33.470333099365234	0.0	0.0	112.6720199584961	-33.314308166503906	149.26950073242188	115.37974548339844	0.1093590185046196	0.0001104499721691862
6	162	-33.338462829589844	0.0	0.0	155.90554809570312	-33.44230651855469	147.4536590576172	114.00711059570312	0.13415686786174774	0.00014410138236510013
7	189	-32.696739196777344	0.0	0.0	133.3731689453125	-33.03803253173828	162.3232421875	129.577392578125	0.1090821772813797	0.00017664327513976246
8	216	-33.03403854370117	0.0	0.0	210.84060668945312	-33.08952331542969	156.70956420898438	123.9522933959961	0.11954426020383835	0.0002055152066998506
9	243	-31.94019889831543	0.0	0.0	662.6005249023438	-32.383995056152344	175.1290740966797	143.11656188964844	0.03831000626087189	0.00022844549117643985
10	270	-32.81300354003906	0.0	0.0	111.91340637207031	-32.728004455566406	169.63499450683594	137.0046844482422	0.032304249703884125	0.00024362994019690677
11	297	-32.06885528564453	0.0	0.0	208.0484619140625	-32.45698547363281	210.69403076171875	180.144775390625	0.04820391535758972	0.000249873819068998
12	324	-32.433448791503906	0.0	0.0	194.95889282226562	-32.55779266357422	196.52780151367188	165.27610778808594	0.04663647711277008	0.0002490831148795666
13	351	-32.02631759643555	0.0	0.0	556.4246215820312	-31.450801849365234	229.01412963867188	197.55490112304688	0.011285694316029549	0.0002456179920635089
14	378	-32.33302307128906	0.0	0.0	1293.17041015625	-32.429527282714844	214.5611572265625	183.69430541992188	0.048342265188694	0.0002396906279377499
15	405	-32.75001525878906	0.0	0.0	1220.7108154296875	-32.161277770996094	184.1485595703125	152.081298828125	0.03672926872968674	0.00023150769222457458
16	432	-32.886375427246094	0.0	0.0	106.17296600341797	-32.857269287109375	181.06695556640625	148.497802734375	0.06944173574447632	0.00022135449978155481
17	459	-32.63115692138672	0.0	0.0	474.8641662597656	-32.3377799987793	205.8450164794922	174.70272827148438	0.04120304062962532	0.00020958506251313652
18	486	-32.254615783691406	0.0	0.0	234.0900421142578	-32.7928466796875	178.5115966796875	146.28912353515625	0.0715429037809372	0.0001966097460186159
19	513	-32.8217658996582	0.0	0.0	150.48495483398438	-33.09684753417969	184.9500732421875	152.52993774414062	0.07359682023525238	0.0001828809613528205
20	540	-33.276039123535156	0.0	0.0	191.729736328125	-32.91875076293945	177.9416961669922	144.716064453125	0.07866161316633224	0.00016887739078564148
21	567	-33.393245697021484	0.0	0.0	146.26412963867188	-33.31061553955078	163.79782104492188	130.4722900390625	0.15863382816314697	0.00015508729756170373
22	594	-32.75779724121094	0.0	0.0	114.4450454711914	-33.10132598876953	164.53160095214844	131.81419372558594	0.08858399093151093	0.00014199150159967716
23	621	-33.37408447265625	0.0	0.0	60.95671463012695	-33.45170593261719	149.9357147216797	116.3519287109375	0.06040443480014801	0.00013004661471843258
24	648	-33.41779327392578	0.0	0.0	106.24047088623047	-33.502967834472656	158.77279663085938	125.3196029663086	0.13566428422927856	0.00011966911992830905
25	675	-33.590126037597656	0.0	0.0	93.9139633178711	-33.59590148925781	152.02230834960938	118.3781967163086	0.14250537753105164	0.00011122084989569658
26	702	-33.679420471191406	0.0	0.0	70.10514831542969	-33.619102478027344	149.82431030273438	115.97124481201172	0.17331215739250183	0.00010499637090408714
27	729	-33.62720489501953	0.0	0.0	153.7174072265625	-33.597259521484375	139.2822265625	105.24385070800781	0.1565263718366623	0.00010121271219569881
28	756	-33.65251922607422	0.0	0.0	139.6405792236328	-33.65898513793945	144.19749450683594	110.19522094726562	0.12116400897502899	0.00010000179880126917
# Best epoch: 2
