# epoch	step	nll	ecut	ecut_viol	grad_norm	val_nll	val_ecut	val_ecut_viol	val_ress_zx	LR
1	27	-17.974515914916992	0.0	0.0	2744.957763671875	-17.78433609008789	193.38827514648438	176.31387329101562	0.009308773092925549	1.4720887892512898e-05
2	54	-17.974346160888672	0.0	0.0	473.6240234375	-17.947298049926758	187.91897583007812	170.66990661621094	0.019024670124053955	2.851210519515696e-05
3	81	-17.951221466064453	0.0	0.0	7731.6591796875	-17.856184005737305	183.8837890625	166.65420532226562	0.03280734643340111	5.028853872814779e-05
4	108	-17.683622360229492	0.0	0.0	180.0342559814453	-17.701353073120117	182.1777801513672	164.76995849609375	0.014837868511676788	7.833678680135194e-05
5	135	-16.58004379272461	0.0	0.0	290.91845703125	-16.247264862060547	227.20602416992188	211.2422332763672	0.0045614661648869514	0.0001104499721691862
6	162	-16.058391571044922	0.0	0.0	3074.674072265625	-15.84504222869873	262.8558044433594	247.298583984375	0.00726996548473835	0.00014410138236510013
7	189	-16.307350158691406	0.0	0.0	1715.5733642578125	-15.846124649047852	267.1672058105469	251.3416748046875	0.008850058540701866	0.00017664327513976246
8	216	-15.828224182128906	0.0	0.0	351.82684326171875	-15.885744094848633	265.36614990234375	249.82666015625	0.004006223287433386	0.0002055152066998506
9	243	-14.049086570739746	0.0	0.0	174.5707244873047	-14.005973815917969	423.3250427246094	409.7713317871094	0.0030325723346322775	0.00022844549117643985
10	270	-14.145846366882324	0.0	0.0	144.992431640625	-14.846442222595215	377.1556091308594	363.5296325683594	0.0027468509506434202	0.00024362994019690677
11	297	-13.497520446777344	0.0	0.0	307.8664245605469	-13.289718627929688	376.9476013183594	363.41314697265625	0.0023075114004313946	0.000249873819068998
12	324	-14.603717803955078	0.0	0.0	483.1189270019531	-14.456521987915039	352.1270446777344	337.99127197265625	0.0028391205705702305	0.0002490831148795666
13	351	-14.94236946105957	0.0	0.0	241.44749450683594	-15.585799217224121	336.2164001464844	322.29833984375	0.0037889431696385145	0.0002456179920635089
14	378	-14.68323040008545	0.0	0.0	186.72344970703125	-15.491141319274902	340.92938232421875	327.1343688964844	0.0041791582480072975	0.0002396906279377499
15	405	-15.548422813415527	0.0	0.0	209.86459350585938	-15.959917068481445	314.8013000488281	299.8263854980469	0.005246238317340612	0.00023150769222457458
16	432	-14.914716720581055	0.0	0.0	223.3986053466797	-15.218897819519043	304.52313232421875	289.07275390625	0.009119519032537937	0.00022135449978155481
17	459	-14.163084030151367	0.0	0.0	1060.3623046875	-14.062505722045898	318.59539794921875	303.54052734375	0.004743314813822508	0.00020958506251313652
18	486	-14.894213676452637	0.0	0.0	333.7489318847656	-15.311854362487793	318.12310791015625	304.04364013671875	0.007235548458993435	0.0001966097460186159
19	513	-14.705337524414062	0.0	0.0	416.81915283203125	-14.863801956176758	330.4928894042969	315.9947509765625	0.00714092655107379	0.0001828809613528205
20	540	-15.224894523620605	0.0	0.0	227.81822204589844	-15.846220970153809	297.6408386230469	282.9732360839844	0.00533469021320343	0.00016887739078564148
21	567	-15.979864120483398	0.0	0.0	1856.6566162109375	-15.73114013671875	278.69830322265625	263.10760498046875	0.006810750812292099	0.00015508729756170373
22	594	-16.552032470703125	0.0	0.0	588.8177490234375	-16.540008544921875	256.9365234375	240.93701171875	0.01181409414857626	0.00014199150159967716
23	621	-17.18994140625	0.0	0.0	757.406494140625	-16.985889434814453	240.77049255371094	224.5220184326172	0.01384913083165884	0.00013004661471843258
24	648	-16.867023468017578	0.0	0.0	1461.6429443359375	-16.38309097290039	243.30789184570312	226.8907470703125	0.017279017716646194	0.00011966911992830905
25	675	-17.150671005249023	0.0	0.0	194.32150268554688	-17.081300735473633	247.05711364746094	230.7839813232422	0.01036356296390295	0.00011122084989569658
26	702	-17.381546020507812	0.0	0.0	298.99517822265625	-17.406129837036133	223.15594482421875	206.09539794921875	0.012870533391833305	0.00010499637090408714
27	729	-16.896862030029297	0.0	0.0	594.4963989257812	-17.157011032104492	226.12307739257812	209.50311279296875	0.010131065733730793	0.00010121271219569881
28	756	-17.600406646728516	0.0	0.0	245.93765258789062	-17.574979782104492	212.47760009765625	195.56163024902344	0.007130046840757132	0.00010000179880126917
# Best epoch: 3
