# epoch	step	nll	ecut	ecut_viol	grad_norm	val_nll	val_ecut	val_ecut_viol	val_ress_zx	LR
1	27	-7.031747341156006	0.0	0.0	83.35198211669922	-6.911679267883301	316.7626647949219	309.70123291015625	0.020045485347509384	1.4720887892512898e-05
2	54	-7.032443046569824	0.0	0.0	254.07415771484375	-6.956166744232178	304.52105712890625	297.37451171875	0.01654374599456787	2.851210519515696e-05
3	81	-6.943630218505859	0.0	0.0	834.4480590820312	-6.857827663421631	318.5653991699219	311.37518310546875	0.018712935969233513	5.028853872814779e-05
4	108	-6.860106468200684	0.0	0.0	160.27783203125	-6.779422283172607	317.315673828125	310.0977783203125	0.02307920530438423	7.833678680135194e-05
5	135	-6.585644721984863	0.0	0.0	348.5698547363281	-6.471465110778809	336.1883239746094	329.0491943359375	0.015434755943715572	0.0001104499721691862
6	162	-6.5809550285339355	0.0	0.0	142.85336303710938	-6.6115617752075195	331.0293273925781	323.7162780761719	0.020000658929347992	0.00014410138236510013
7	189	-5.92848539352417	0.0	0.0	150.64234924316406	-6.1397504806518555	379.2201843261719	372.47601318359375	0.014051204547286034	0.00017664327513976246
8	216	-6.295565605163574	0.0	0.0	178.50787353515625	-6.306098937988281	381.85357666015625	374.96026611328125	0.010390693321824074	0.0002055152066998506
9	243	-5.355567932128906	0.0	0.0	92.0794906616211	-5.500138282775879	430.5797119140625	424.08331298828125	0.007764338981360197	0.00022844549117643985
10	270	-5.732972621917725	0.0	0.0	244.3350067138672	-5.540821075439453	422.58099365234375	416.3128356933594	0.009998651221394539	0.00024362994019690677
11	297	-5.321468353271484	0.0	0.0	150.59457397460938	-4.730769157409668	481.43017578125	474.99871826171875	0.0031650480814278126	0.000249873819068998
12	324	-5.854623317718506	0.0	0.0	91.70438385009766	-5.931893825531006	420.84197998046875	414.55865478515625	0.011892301961779594	0.0002490831148795666
13	351	-5.741035461425781	0.0	0.0	185.21234130859375	-5.763324737548828	457.356201171875	451.228515625	0.00649747159332037	0.0002456179920635089
14	378	-5.729761123657227	0.0	0.0	173.68484497070312	-5.881778717041016	409.2222595214844	402.63104248046875	0.008077177219092846	0.0002396906279377499
15	405	-5.760539531707764	0.0	0.0	301.75299072265625	-5.563920497894287	465.5269470214844	459.2867126464844	0.0066819689236581326	0.00023150769222457458
16	432	-5.5380353927612305	0.0	0.0	189.96218872070312	-5.724212169647217	460.6187438964844	454.6729431152344	0.008239135146141052	0.00022135449978155481
17	459	-5.998241424560547	0.0	0.0	89.10765075683594	-6.058444976806641	414.58917236328125	408.404296875	0.007058919873088598	0.00020958506251313652
18	486	-6.34778356552124	0.0	0.0	83.90740966796875	-6.365690231323242	394.57586669921875	388.147216796875	0.016262616962194443	0.0001966097460186159
19	513	-6.010899543762207	0.0	0.0	817.1063842773438	-5.725701332092285	406.634033203125	399.9251708984375	0.004635314457118511	0.0001828809613528205
20	540	-5.984321117401123	0.0	0.0	104.71620178222656	-6.007819175720215	395.6324157714844	389.1979675292969	0.006534510292112827	0.00016887739078564148
21	567	-5.065069198608398	0.0	0.0	164.9744110107422	-5.039687156677246	477.39715576171875	471.2109375	0.006835677661001682	0.00015508729756170373
22	594	-5.48329496383667	0.0	0.0	79.21345520019531	-5.515687942504883	469.77069091796875	463.81085205078125	0.006906986236572266	0.00014199150159967716
23	621	-6.211364269256592	0.0	0.0	286.9187316894531	-6.117156028747559	391.20965576171875	384.4980163574219	0.013517449609935284	0.00013004661471843258
24	648	-5.782081604003906	0.0	0.0	103.62743377685547	-5.689534664154053	439.773681640625	433.3144226074219	0.008058326318860054	0.00011966911992830905
25	675	-5.745978355407715	0.0	0.0	206.3132781982422	-5.79945182800293	414.8828125	408.6115417480469	0.008175533264875412	0.00011122084989569658
26	702	-6.2801947593688965	0.0	0.0	165.52740478515625	-6.307313442230225	395.7358093261719	389.1737060546875	0.006784260272979736	0.00010499637090408714
27	729	-6.391924858093262	0.0	0.0	128.098388671875	-6.300612449645996	377.5081787109375	370.913818359375	0.013774022459983826	0.00010121271219569881
28	756	-6.229658126831055	0.0	0.0	117.8429183959961	-6.256111145019531	367.3262634277344	360.50506591796875	0.00857437402009964	0.00010000179880126917
# Best epoch: 4
