# epoch	step	nll	ecut	ecut_viol	grad_norm	val_nll	val_ecut	val_ecut_viol	val_ress_zx	LR
1	27	-15.992202758789062	0.0	0.0	468.4672546386719	-15.981501579284668	230.7081756591797	215.59158325195312	0.01224142499268055	9.757729755661011e-05
2	54	-15.54920768737793	0.0	0.0	1574.1983642578125	-15.653498649597168	222.0555419921875	206.60838317871094	0.009830680675804615	9.05463412215599e-05
3	81	-15.906326293945312	0.0	0.0	1444.496826171875	-15.85792350769043	225.4957733154297	210.2494354248047	0.01063423603773117	7.959536998847742e-05
4	108	-16.129840850830078	0.0	0.0	921.00146484375	-16.04425048828125	206.6711883544922	191.06210327148438	0.011618400923907757	6.57963412215599e-05
5	135	-16.232389450073242	0.0	0.0	320.8279724121094	-15.925743103027344	203.3627166748047	187.68386840820312	0.006895378232002258	5.05e-05
6	162	-16.310611724853516	0.0	0.0	174.55267333984375	-16.519683837890625	198.64874267578125	182.67515563964844	0.030949123203754425	3.5203658778440106e-05
7	189	-16.765422821044922	0.0	0.0	460.1753845214844	-16.72638702392578	191.16644287109375	175.02459716796875	0.01801038719713688	2.1404630011522586e-05
8	216	-16.753955841064453	0.0	0.0	241.34564208984375	-16.83429718017578	186.8021697998047	170.62229919433594	0.026491086930036545	1.0453658778440107e-05
9	243	-16.885774612426758	0.0	0.0	950.1173095703125	-16.87598991394043	183.3966522216797	167.04542541503906	0.018669039011001587	3.4227024433899e-06
10	270	-16.980579376220703	0.0	0.0	326.24176025390625	-16.90117645263672	180.49673461914062	164.12985229492188	0.01913382112979889	1e-06
# Best epoch: 6
