# epoch	step	nll	ecut	ecut_viol	grad_norm	val_nll	val_ecut	val_ecut_viol	val_ress_zx	LR
1	27	-7.767514228820801	0.0	0.0	91.6805648803711	-7.613278865814209	311.1615295410156	303.0823669433594	0.021580418571829796	9.757729755661011e-05
2	54	-7.708390712738037	0.0	0.0	127.21161651611328	-7.7584381103515625	303.09149169921875	295.10943603515625	0.02227797731757164	9.05463412215599e-05
3	81	-7.941028118133545	0.0	0.0	80.38726806640625	-7.8391313552856445	304.4530944824219	296.48291015625	0.03020782396197319	7.959536998847742e-05
4	108	-7.962453365325928	0.0	0.0	97.13872528076172	-7.96512508392334	293.1442565917969	285.0379638671875	0.022434448823332787	6.57963412215599e-05
5	135	-8.026602745056152	0.0	0.0	156.27218627929688	-7.991117477416992	278.1713562011719	269.8943786621094	0.013000561855733395	5.05e-05
6	162	-8.014066696166992	0.0	0.0	61.040061950683594	-8.023820877075195	280.4812927246094	272.35467529296875	0.024994410574436188	3.5203658778440106e-05
7	189	-8.229808807373047	0.0	0.0	328.86041259765625	-8.094486236572266	277.2174987792969	268.931396484375	0.03385567665100098	2.1404630011522586e-05
8	216	-8.387016296386719	0.0	0.0	75.01335144042969	-8.18384075164795	267.1339111328125	258.7653503417969	0.02808304876089096	1.0453658778440107e-05
9	243	-8.138813018798828	0.0	0.0	799.9537353515625	-8.220720291137695	260.1806640625	251.772216796875	0.02790238708257675	3.4227024433899e-06
10	270	-8.357540130615234	0.0	0.0	231.11119079589844	-8.243422508239746	261.17706298828125	252.75241088867188	0.01708940602838993	1e-06
# Best epoch: 7
