# epoch	step	nll	ecut	ecut_viol	grad_norm	val_nll	val_ecut	val_ecut_viol	val_ress_zx	LR
1	27	-3.3647713661193848	0.0	0.0	47.24922561645508	-3.4187488555908203	324.8802185058594	320.8445129394531	0.026165245100855827	9.757729755661011e-05
2	54	-3.3433895111083984	0.0	0.0	85.60875701904297	-3.40482759475708	331.0334167480469	327.097900390625	0.020502015948295593	9.05463412215599e-05
3	81	-3.4903159141540527	0.0	0.0	72.99337768554688	-3.455657720565796	325.34161376953125	321.34063720703125	0.030210910364985466	7.959536998847742e-05
4	108	-3.468654155731201	0.0	0.0	330.2155456542969	-3.4880595207214355	311.70355224609375	307.6180419921875	0.033471666276454926	6.57963412215599e-05
5	135	-3.513256788253784	0.0	0.0	69.25543212890625	-3.5228431224823	305.56396484375	301.44049072265625	0.038408003747463226	5.05e-05
6	162	-3.5089759826660156	0.0	0.0	132.9373016357422	-3.5708394050598145	302.0198669433594	297.9764404296875	0.03760988637804985	3.5203658778440106e-05
7	189	-3.5992941856384277	0.0	0.0	40.67881774902344	-3.6068215370178223	296.7747497558594	292.7022705078125	0.0357426218688488	2.1404630011522586e-05
8	216	-3.645045042037964	0.0	0.0	116.1055908203125	-3.6464943885803223	291.5858154296875	287.47625732421875	0.044165369123220444	1.0453658778440107e-05
9	243	-3.622544050216675	0.0	0.0	39.60880661010742	-3.657099485397339	290.4440612792969	286.34698486328125	0.053945865482091904	3.4227024433899e-06
10	270	-3.6706485748291016	0.0	0.0	62.15000915527344	-3.6679320335388184	290.24755859375	286.1414794921875	0.04579949378967285	1e-06
# Best epoch: 9
