# epoch	step	nll	ecut	ecut_viol	grad_norm	val_nll	val_ecut	val_ecut_viol	val_ress_zx	LR
1	27	-24.306903839111328	0.0	0.0	226.65231323242188	-24.71234893798828	233.39566040039062	210.155029296875	0.024299560114741325	9.757729755661011e-05
2	54	-24.156967163085938	0.0	0.0	485.2419738769531	-24.166072845458984	221.89865112304688	198.6779022216797	0.009332792833447456	9.05463412215599e-05
3	81	-23.20406723022461	0.0	0.0	298.435791015625	-23.097570419311523	233.6544189453125	211.00759887695312	0.011344876140356064	7.959536998847742e-05
4	108	-24.60135269165039	0.0	0.0	715.2387084960938	-24.480438232421875	201.3627166748047	177.1831512451172	0.015560602769255638	6.57963412215599e-05
5	135	-24.8894100189209	0.0	0.0	1213.645263671875	-24.457298278808594	190.34996032714844	166.57669067382812	0.02697800099849701	5.05e-05
6	162	-24.845420837402344	0.0	0.0	579.3191528320312	-24.880996704101562	182.66534423828125	158.2330322265625	0.01926819421350956	3.5203658778440106e-05
7	189	-25.280942916870117	0.0	0.0	1275.4630126953125	-25.13809585571289	186.0132293701172	161.80679321289062	0.032939113676548004	2.1404630011522586e-05
8	216	-25.230350494384766	0.0	0.0	203.5726776123047	-25.309097290039062	172.72967529296875	148.1582489013672	0.01753504015505314	1.0453658778440107e-05
9	243	-25.38661766052246	0.0	0.0	3529.7685546875	-25.360008239746094	172.16351318359375	147.4317626953125	0.04631684347987175	3.4227024433899e-06
10	270	-25.48995590209961	0.0	0.0	1407.3343505859375	-25.47725486755371	171.5714111328125	146.84803771972656	0.03123161941766739	1e-06
# Best epoch: 9
