# epoch	step	nll	ecut	ecut_viol	grad_norm	val_nll	val_ecut	val_ecut_viol	val_ress_zx	LR
1	27	-47.49907684326172	0.0	0.0	84.3862533569336	-47.49382781982422	121.76898193359375	73.44779968261719	0.33693140745162964	1.4720887892512898e-05
2	54	-47.47465133666992	0.0	0.0	75.89999389648438	-47.48046875	122.9277572631836	74.44872283935547	0.25456681847572327	2.851210519515696e-05
3	81	-47.365962982177734	0.0	0.0	169.60166931152344	-47.350791931152344	121.66970825195312	73.45515441894531	0.28613734245300293	5.028853872814779e-05
4	108	-47.284847259521484	0.0	0.0	86.54322052001953	-47.28861999511719	120.70095825195312	72.50875091552734	0.28912803530693054	7.833678680135194e-05
5	135	-46.73828125	0.0	0.0	251.42620849609375	-46.98041534423828	131.14215087890625	83.55389404296875	0.2391207218170166	0.0001104499721691862
6	162	-46.767730712890625	0.0	0.0	253.66612243652344	-46.92264938354492	132.18954467773438	84.21572875976562	0.20165324211120605	0.00014410138236510013
7	189	-46.75834655761719	0.0	0.0	219.63389587402344	-46.437767028808594	141.4830322265625	94.12860107421875	0.06844942271709442	0.00017664327513976246
8	216	-46.27577209472656	0.0	0.0	270.1189270019531	-46.414161682128906	155.4326629638672	108.39544677734375	0.13049021363258362	0.0002055152066998506
9	243	-46.27174377441406	0.0	0.0	519.9966430664062	-46.44663619995117	159.35775756835938	112.20744323730469	0.09051001071929932	0.00022844549117643985
10	270	-45.23107147216797	0.0	0.0	194.84349060058594	-45.6591911315918	206.87994384765625	161.59848022460938	0.056477487087249756	0.00024362994019690677
11	297	-41.56428527832031	0.0	0.0	1071.4652099609375	-44.53050994873047	207.05810546875	161.73069763183594	0.010042193345725536	0.000249873819068998
12	324	-45.83367919921875	0.0	0.0	224.85784912109375	-45.517417907714844	205.20591735839844	160.01416015625	0.031376417726278305	0.0002490831148795666
13	351	-46.49974822998047	0.0	0.0	231.40493774414062	-46.66514587402344	172.96380615234375	126.40213012695312	0.10462623834609985	0.0002456179920635089
14	378	-46.057518005371094	0.0	0.0	346.3351135253906	-46.190643310546875	177.53591918945312	131.0029754638672	0.08931572735309601	0.0002396906279377499
15	405	-46.478965759277344	0.0	0.0	174.5520782470703	-46.40647506713867	172.52017211914062	125.5457992553711	0.09086322039365768	0.00023150769222457458
16	432	-46.45243835449219	0.0	0.0	164.71017456054688	-46.56395721435547	175.2219696044922	128.80690002441406	0.10839754343032837	0.00022135449978155481
17	459	-46.75189208984375	0.0	0.0	176.90692138671875	-46.55196762084961	171.68780517578125	124.87098693847656	0.1458529829978943	0.00020958506251313652
18	486	-46.596214294433594	0.0	0.0	153.07421875	-46.677406311035156	172.11801147460938	125.53575897216797	0.11001250147819519	0.0001966097460186159
19	513	-46.427345275878906	0.0	0.0	283.7733154296875	-46.59357833862305	168.36228942871094	121.60293579101562	0.05652511119842529	0.0001828809613528205
20	540	-46.903533935546875	0.0	0.0	137.64508056640625	-46.967769622802734	157.27383422851562	109.99725341796875	0.12753146886825562	0.00016887739078564148
21	567	-47.029144287109375	0.0	0.0	182.7408447265625	-46.97263717651367	159.4371337890625	111.94164276123047	0.14290878176689148	0.00015508729756170373
22	594	-46.801353454589844	0.0	0.0	220.43971252441406	-46.863311767578125	159.1105194091797	111.5462646484375	0.16452039778232574	0.00014199150159967716
23	621	-47.03863525390625	0.0	0.0	126.06734466552734	-47.05287170410156	154.76687622070312	106.98393249511719	0.14472338557243347	0.00013004661471843258
24	648	-47.1351432800293	0.0	0.0	89.95237731933594	-47.08982467651367	157.22506713867188	109.47285461425781	0.16853567957878113	0.00011966911992830905
25	675	-47.17228317260742	0.0	0.0	124.44142150878906	-47.217529296875	147.65390014648438	99.74201965332031	0.2710602283477783	0.00011122084989569658
26	702	-47.16100311279297	0.0	0.0	207.57643127441406	-47.020721435546875	141.4188690185547	93.4365463256836	0.16887563467025757	0.00010499637090408714
27	729	-47.29035568237305	0.0	0.0	98.05457305908203	-47.15194320678711	146.02963256835938	98.12691497802734	0.22583959996700287	0.00010121271219569881
28	756	-47.015960693359375	0.0	0.0	294.1815185546875	-47.161529541015625	139.62440490722656	91.56442260742188	0.16532176733016968	0.00010000179880126917
# Best epoch: 1
