# epoch	step	nll	ecut	ecut_viol	grad_norm	val_nll	val_ecut	val_ecut_viol	val_ress_zx	LR
1	27	-20.400102615356445	0.0	0.0	679.1224365234375	-20.41083526611328	179.84689331054688	160.41094970703125	0.0283096581697464	1.4720887892512898e-05
2	54	-20.516632080078125	0.0	0.0	1131.860595703125	-20.482421875	176.8953857421875	157.275146484375	0.021439075469970703	2.851210519515696e-05
3	81	-20.197589874267578	0.0	0.0	229.2038116455078	-20.367431640625	179.0222625732422	159.36822509765625	0.02221519872546196	5.028853872814779e-05
4	108	-18.97723388671875	0.0	0.0	263.2884216308594	-19.572128295898438	194.08831787109375	175.0828857421875	0.006567314267158508	7.833678680135194e-05
5	135	-19.837665557861328	0.0	0.0	243.47439575195312	-20.031147003173828	197.91085815429688	178.80160522460938	0.012743884697556496	0.0001104499721691862
6	162	-19.204570770263672	0.0	0.0	534.9530639648438	-18.498903274536133	203.65066528320312	184.40966796875	0.008387256413698196	0.00014410138236510013
7	189	-18.41698455810547	0.0	0.0	251.6251983642578	-19.029056549072266	243.5845184326172	225.43603515625	0.009863033890724182	0.00017664327513976246
8	216	-16.271038055419922	0.0	0.0	1161.0804443359375	-16.54779052734375	349.82928466796875	334.3322448730469	0.002219653455540538	0.0002055152066998506
9	243	-16.49527931213379	0.0	0.0	3843.5986328125	-14.949793815612793	406.80572509765625	391.783447265625	0.0016354275867342949	0.00022844549117643985
10	270	-17.348033905029297	0.0	0.0	730.5542602539062	-16.145893096923828	289.21044921875	272.41033935546875	0.0034743777941912413	0.00024362994019690677
11	297	-17.341323852539062	0.0	0.0	304.80181884765625	-17.378337860107422	310.63751220703125	294.2568054199219	0.0042012776248157024	0.000249873819068998
12	324	-16.435245513916016	0.0	0.0	460.582275390625	-17.76091766357422	294.69232177734375	277.94586181640625	0.0030105910263955593	0.0002490831148795666
13	351	-15.967037200927734	0.0	0.0	788.7772827148438	-16.341394424438477	330.1410827636719	313.24493408203125	0.0041226716712117195	0.0002456179920635089
14	378	-15.475811004638672	0.0	0.0	452.9818420410156	-16.524932861328125	368.4403991699219	353.5851745605469	0.0034030049573630095	0.0002396906279377499
15	405	-17.312089920043945	0.0	0.0	573.402099609375	-17.05865478515625	335.7376403808594	319.16546630859375	0.0060221790336072445	0.00023150769222457458
16	432	-14.997257232666016	0.0	0.0	263.2784118652344	-15.768710136413574	416.6036071777344	402.769775390625	0.0011391316074877977	0.00022135449978155481
17	459	-16.464391708374023	0.0	0.0	168.19874572753906	-16.649377822875977	383.2145690917969	368.3565673828125	0.002840522676706314	0.00020958506251313652
18	486	-17.573646545410156	0.0	0.0	483.87786865234375	-16.059322357177734	330.2449645996094	314.01263427734375	0.0031944476068019867	0.0001966097460186159
19	513	-17.39832305908203	0.0	0.0	248.2360382080078	-17.766284942626953	307.47015380859375	290.7244567871094	0.006798240356147289	0.0001828809613528205
20	540	-17.221084594726562	0.0	0.0	308.3384094238281	-17.347949981689453	323.49884033203125	307.4328308105469	0.006410092115402222	0.00016887739078564148
21	567	-15.172950744628906	0.0	0.0	209.22897338867188	-15.273298263549805	361.829345703125	346.4432067871094	0.003622217569500208	0.00015508729756170373
22	594	-17.16967010498047	0.0	0.0	143.2425079345703	-17.554847717285156	352.75439453125	337.43939208984375	0.004919412545859814	0.00014199150159967716
23	621	-16.42744255065918	0.0	0.0	523.4246215820312	-16.38452911376953	353.96966552734375	338.1949157714844	0.003544274251908064	0.00013004661471843258
24	648	-18.457233428955078	0.0	0.0	567.985595703125	-18.497026443481445	283.21722412109375	265.87432861328125	0.010561803355813026	0.00011966911992830905
25	675	-18.911209106445312	0.0	0.0	135.32540893554688	-18.865581512451172	255.43359375	238.05551147460938	0.011065991595387459	0.00011122084989569658
26	702	-19.305011749267578	0.0	0.0	151.02987670898438	-19.435592651367188	238.6725311279297	220.50706481933594	0.016523312777280807	0.00010499637090408714
27	729	-18.953414916992188	0.0	0.0	408.0332946777344	-19.124670028686523	251.2196502685547	233.13937377929688	0.00938735157251358	0.00010121271219569881
28	756	-19.664833068847656	0.0	0.0	99.96309661865234	-19.686925888061523	249.06539916992188	230.94662475585938	0.02172793820500374	0.00010000179880126917
# Best epoch: 1
