# epoch	step	nll	ecut	ecut_viol	grad_norm	val_nll	val_ecut	val_ecut_viol	val_ress_zx	LR
1	27	-43.44010925292969	0.0	0.0	228.77291870117188	-43.36602020263672	155.22784423828125	111.46852111816406	0.1284460872411728	9.757729755661011e-05
2	54	-43.88069152832031	0.0	0.0	77.1684341430664	-43.789390563964844	144.74044799804688	100.60154724121094	0.21530602872371674	9.05463412215599e-05
3	81	-43.729347229003906	0.0	0.0	160.71058654785156	-43.679718017578125	135.6002655029297	91.40099334716797	0.17797169089317322	7.959536998847742e-05
4	108	-43.7793083190918	0.0	0.0	336.31396484375	-43.57756042480469	134.13050842285156	89.6175765991211	0.15751466155052185	6.57963412215599e-05
5	135	-43.979339599609375	0.0	0.0	146.5255126953125	-43.97675704956055	130.0863494873047	85.39305114746094	0.20152997970581055	5.05e-05
6	162	-43.973106384277344	0.0	0.0	128.62054443359375	-44.06553268432617	126.70668029785156	82.07971954345703	0.22826015949249268	3.5203658778440106e-05
7	189	-44.05073165893555	0.0	0.0	90.13190460205078	-44.071861267089844	127.35216522216797	82.64278411865234	0.31104597449302673	2.1404630011522586e-05
8	216	-44.169368743896484	0.0	0.0	86.01946258544922	-44.131439208984375	124.4224853515625	79.63737487792969	0.28832563757896423	1.0453658778440107e-05
9	243	-44.17441940307617	0.0	0.0	64.43966674804688	-44.162410736083984	123.49745178222656	78.60102844238281	0.2996100187301636	3.4227024433899e-06
10	270	-44.2120475769043	0.0	0.0	80.3580093383789	-44.206809997558594	124.58799743652344	79.70590209960938	0.332741379737854	1e-06
# Best epoch: 10
