# epoch	step	nll	ecut	ecut_viol	grad_norm	val_nll	val_ecut	val_ecut_viol	val_ress_zx	LR
1	27	-10.997865676879883	0.0	0.0	740.838134765625	-10.983833312988281	237.3731689453125	226.663818359375	0.018685735762119293	1.4720887892512898e-05
2	54	-11.022743225097656	0.0	0.0	900.4480590820312	-10.999603271484375	237.03668212890625	226.1842498779297	0.021654844284057617	2.851210519515696e-05
3	81	-11.044734001159668	0.0	0.0	288.62896728515625	-11.051599502563477	233.22613525390625	222.31533813476562	0.02310863882303238	5.028853872814779e-05
4	108	-10.603292465209961	0.0	0.0	864.3244018554688	-10.673131942749023	244.52537536621094	233.7825164794922	0.010179426521062851	7.833678680135194e-05
5	135	-10.108518600463867	0.0	0.0	605.4922485351562	-10.151662826538086	260.7059326171875	249.91403198242188	0.015689823776483536	0.0001104499721691862
6	162	-9.919157028198242	0.0	0.0	814.629638671875	-9.417745590209961	275.091796875	263.81781005859375	0.004585301503539085	0.00014410138236510013
7	189	-9.151837348937988	0.0	0.0	274.1544189453125	-9.776091575622559	299.7695007324219	289.47308349609375	0.007064666599035263	0.00017664327513976246
8	216	-7.478513717651367	0.0	0.0	252.86561584472656	-8.741141319274902	384.4827880859375	375.1167907714844	0.0038186609745025635	0.0002055152066998506
9	243	-9.060680389404297	0.0	0.0	991.5874633789062	-8.94859504699707	344.85418701171875	334.5977478027344	0.006360232830047607	0.00022844549117643985
10	270	-8.694059371948242	0.0	0.0	331.9917297363281	-8.989975929260254	384.5830078125	375.30035400390625	0.0045870388858020306	0.00024362994019690677
11	297	-8.822663307189941	0.0	0.0	214.2184295654297	-9.043384552001953	364.7876892089844	355.28607177734375	0.005592347588390112	0.000249873819068998
12	324	-8.93342399597168	0.0	0.0	120.43799591064453	-8.85725212097168	378.69732666015625	369.5154724121094	0.006563977804034948	0.0002490831148795666
13	351	-7.791810989379883	0.0	0.0	571.4990844726562	-7.724695205688477	491.185302734375	482.4776306152344	0.0021246057003736496	0.0002456179920635089
14	378	-6.429715156555176	0.0	0.0	250.43130493164062	-6.925131797790527	559.7991943359375	551.5052490234375	0.0014258300652727485	0.0002396906279377499
15	405	-8.470296859741211	0.0	0.0	269.59234619140625	-8.675775527954102	431.4931640625	422.930908203125	0.0034905318170785904	0.00023150769222457458
16	432	-9.652923583984375	0.0	0.0	82.82440948486328	-9.588284492492676	353.59619140625	344.3167724609375	0.006783968769013882	0.00022135449978155481
17	459	-9.569747924804688	0.0	0.0	821.4974365234375	-9.325048446655273	339.18017578125	329.33782958984375	0.004578066989779472	0.00020958506251313652
18	486	-7.700573921203613	0.0	0.0	176.8670654296875	-7.897665977478027	492.72393798828125	484.44091796875	0.0031661437824368477	0.0001966097460186159
19	513	-8.359170913696289	0.0	0.0	91.5632095336914	-8.552335739135742	464.0257568359375	455.69451904296875	0.004253912717103958	0.0001828809613528205
20	540	-8.928592681884766	0.0	0.0	166.8554229736328	-9.298147201538086	374.708251953125	365.5453796386719	0.004543950781226158	0.00016887739078564148
21	567	-9.592695236206055	0.0	0.0	145.33932495117188	-9.822504997253418	338.5782165527344	329.0526123046875	0.010885953903198242	0.00015508729756170373
22	594	-9.906991958618164	0.0	0.0	232.8372344970703	-9.896427154541016	331.25146484375	321.6273193359375	0.005501867271959782	0.00014199150159967716
23	621	-10.220837593078613	0.0	0.0	236.29241943359375	-10.144268035888672	305.8314208984375	295.831298828125	0.010556668043136597	0.00013004661471843258
24	648	-10.079032897949219	0.0	0.0	341.68011474609375	-9.927447319030762	308.57177734375	298.52581787109375	0.007924491539597511	0.00011966911992830905
25	675	-9.925978660583496	0.0	0.0	608.1611938476562	-10.142577171325684	290.46392822265625	280.0482177734375	0.010781361721456051	0.00011122084989569658
26	702	-10.25443172454834	0.0	0.0	179.8187255859375	-10.249860763549805	281.1841735839844	270.75531005859375	0.014774362556636333	0.00010499637090408714
27	729	-10.161201477050781	0.0	0.0	394.70159912109375	-10.155409812927246	278.77288818359375	268.1397399902344	0.016340484842658043	0.00010121271219569881
28	756	-10.251769065856934	0.0	0.0	252.05462646484375	-10.12662410736084	297.109130859375	286.9416198730469	0.0097543615847826	0.00010000179880126917
# Best epoch: 3
