# epoch	step	nll	ecut	ecut_viol	grad_norm	val_nll	val_ecut	val_ecut_viol	val_ress_zx	LR
1	27	-2.53426456451416	0.0	0.0	37.90191650390625	-2.570516586303711	320.1514587402344	316.9068603515625	0.040912382304668427	9.757729755661011e-05
2	54	-2.6470890045166016	0.0	0.0	54.00925064086914	-2.5941977500915527	314.09765625	310.897216796875	0.05508681386709213	9.05463412215599e-05
3	81	-2.6490602493286133	0.0	0.0	24.496553421020508	-2.559438467025757	303.7547607421875	300.5075378417969	0.025303436443209648	7.959536998847742e-05
4	108	-2.5497899055480957	0.0	0.0	51.67457580566406	-2.6215455532073975	312.9753723144531	309.79913330078125	0.05459849163889885	6.57963412215599e-05
5	135	-2.6534714698791504	0.0	0.0	38.9586181640625	-2.67873477935791	294.48187255859375	291.1922302246094	0.05126839876174927	5.05e-05
6	162	-2.709073543548584	0.0	0.0	27.38294219970703	-2.718060255050659	293.67437744140625	290.4104309082031	0.06810031831264496	3.5203658778440106e-05
7	189	-2.8068180084228516	0.0	0.0	57.60777282714844	-2.7528128623962402	280.7197265625	277.36602783203125	0.08672885596752167	2.1404630011522586e-05
8	216	-2.8062846660614014	0.0	0.0	97.1686782836914	-2.744819164276123	286.7054443359375	283.35882568359375	0.07864704728126526	1.0453658778440107e-05
9	243	-2.8168296813964844	0.0	0.0	30.64134979248047	-2.7695484161376953	279.8487548828125	276.522705078125	0.07712477445602417	3.4227024433899e-06
10	270	-2.887838363647461	0.0	0.0	64.62129974365234	-2.777261734008789	279.86846923828125	276.54962158203125	0.08712028712034225	1e-06
# Best epoch: 10
