# epoch	step	nll	ecut	ecut_viol	grad_norm	val_nll	val_ecut	val_ecut_viol	val_ress_zx	LR
1	27	-21.754995346069336	0.0	0.0	276.4158020019531	-21.761749267578125	168.15518188476562	146.98619079589844	0.030221518129110336	1.4720887892512898e-05
2	54	-21.600536346435547	0.0	0.0	336.496337890625	-21.661067962646484	171.2079315185547	150.0888214111328	0.02435029111802578	2.851210519515696e-05
3	81	-21.62761688232422	0.0	0.0	526.9021606445312	-21.583187103271484	177.2667236328125	156.18630981445312	0.03863052651286125	5.028853872814779e-05
4	108	-20.926319122314453	0.0	0.0	725.6845092773438	-20.716217041015625	193.88150024414062	173.31582641601562	0.013167023658752441	7.833678680135194e-05
5	135	-20.663467407226562	0.0	0.0	6106.0263671875	-20.36885643005371	210.0510711669922	190.16989135742188	0.011086809448897839	0.0001104499721691862
6	162	-19.720945358276367	0.0	0.0	553.44287109375	-19.671295166015625	248.19869995117188	229.3602752685547	0.009335058741271496	0.00014410138236510013
7	189	-18.40964126586914	0.0	0.0	155.9884490966797	-18.694807052612305	291.7098083496094	273.2792663574219	0.0054735890589654446	0.00017664327513976246
8	216	-18.993602752685547	0.0	0.0	330.41357421875	-19.191837310791016	301.7618713378906	284.2518615722656	0.005593057256191969	0.0002055152066998506
9	243	-17.119277954101562	0.0	0.0	2025.0484619140625	-14.773425102233887	386.73883056640625	369.7958984375	0.002624968532472849	0.00022844549117643985
10	270	-18.075132369995117	0.0	0.0	268.9720458984375	-18.308252334594727	303.9290771484375	286.0753173828125	0.007101402617990971	0.00024362994019690677
11	297	-15.880996704101562	0.0	0.0	716.1571655273438	-16.207168579101562	423.9756774902344	409.1143493652344	0.0018619922921061516	0.000249873819068998
12	324	-16.457876205444336	0.0	0.0	932.2467041015625	-16.475467681884766	403.286865234375	388.46136474609375	0.0013353474205359817	0.0002490831148795666
13	351	-18.284561157226562	0.0	0.0	557.532958984375	-17.30266571044922	332.9150085449219	315.73492431640625	0.002356261946260929	0.0002456179920635089
14	378	-18.639583587646484	0.0	0.0	328.76800537109375	-18.063003540039062	313.19085693359375	295.56689453125	0.0038628156762570143	0.0002396906279377499
15	405	-11.827910423278809	0.0	0.0	874.56982421875	-14.053974151611328	439.41131591796875	422.63189697265625	0.001568141276948154	0.00023150769222457458
16	432	-18.11339569091797	0.0	0.0	634.201904296875	-18.132661819458008	385.7000732421875	370.0767517089844	0.0035157199017703533	0.00022135449978155481
17	459	-19.246501922607422	0.0	0.0	1076.9627685546875	-19.16573143005371	293.7746276855469	274.839111328125	0.005778287537395954	0.00020958506251313652
18	486	-19.23183822631836	0.0	0.0	301.2057800292969	-19.2496337890625	278.9752197265625	261.0079040527344	0.006800915114581585	0.0001966097460186159
19	513	-19.09906005859375	0.0	0.0	274.0022277832031	-19.508134841918945	292.87738037109375	274.72698974609375	0.007435319479554892	0.0001828809613528205
20	540	-19.557554244995117	0.0	0.0	729.1968994140625	-19.41254234313965	274.3429870605469	255.72494506835938	0.010968225076794624	0.00016887739078564148
21	567	-20.27585220336914	0.0	0.0	448.96319580078125	-20.288650512695312	257.17864990234375	238.2252197265625	0.01817816123366356	0.00015508729756170373
22	594	-20.635183334350586	0.0	0.0	309.31683349609375	-20.69518280029297	246.85104370117188	227.37451171875	0.014616210013628006	0.00014199150159967716
23	621	-20.27432632446289	0.0	0.0	364.213623046875	-20.395450592041016	235.65631103515625	216.13812255859375	0.01919286698102951	0.00013004661471843258
24	648	-20.16061019897461	0.0	0.0	945.8338623046875	-20.004871368408203	222.7672119140625	202.92367553710938	0.0151180699467659	0.00011966911992830905
25	675	-20.524234771728516	0.0	0.0	88.17542266845703	-20.318092346191406	238.80874633789062	219.6927490234375	0.01091061718761921	0.00011122084989569658
26	702	-20.400434494018555	0.0	0.0	1031.93408203125	-20.50065040588379	237.7154998779297	217.8162078857422	0.011913478374481201	0.00010499637090408714
27	729	-20.585248947143555	0.0	0.0	1442.8201904296875	-20.51006507873535	219.5990447998047	199.4337615966797	0.013296651653945446	0.00010121271219569881
28	756	-20.894088745117188	0.0	0.0	1393.765625	-20.923059463500977	223.2333221435547	202.96719360351562	0.01828308403491974	0.00010000179880126917
# Best epoch: 3
