# epoch	step	nll	ecut	ecut_viol	grad_norm	val_nll	val_ecut	val_ecut_viol	val_ress_zx	LR
1	18	-0.1258266270160675	0.0	0.0	1.809967279434204	-0.12679626047611237	384.2469482421875	384.10455322265625	0.297742635011673	1.2105887466693226e-05
2	36	-0.13894236087799072	0.0	0.0	1.941520094871521	-0.14403119683265686	375.1155090332031	374.9732360839844	0.30593645572662354	1.8349637166399852e-05
3	54	-0.14287039637565613	0.0	0.0	2.1232967376708984	-0.1556028127670288	361.5079650878906	361.3014831542969	0.2953660786151886	2.851210519515696e-05
4	72	-0.1234387457370758	0.0	0.0	2.5217490196228027	-0.15022045373916626	359.71856689453125	359.5106201171875	0.2930161654949188	4.2236607985424016e-05
5	90	-0.16569072008132935	0.0	0.0	2.655512571334839	-0.14907638728618622	362.11834716796875	361.92523193359375	0.2913140654563904	5.9041441230324026e-05
6	108	-0.11715643852949142	0.0	0.0	2.162442922592163	-0.13432002067565918	365.1630859375	364.96307373046875	0.29469460248947144	7.833678680135194e-05
7	126	-0.10823599994182587	0.0	0.0	2.37900972366333	-0.12720757722854614	359.902587890625	359.6837158203125	0.2879852056503296	9.944541425844868e-05
8	144	-0.10948541015386581	0.0	0.0	2.338888168334961	-0.12212128937244415	355.2257995605469	354.9859619140625	0.2675949037075043	0.00012162645036826436
9	162	-0.09889629483222961	0.0	0.0	2.490649461746216	-0.12372618168592453	353.0120849609375	352.7949523925781	0.2933315336704254	0.00014410138236510013
10	180	-0.11588390171527863	0.0	0.0	2.695253849029541	-0.1151551753282547	340.78570556640625	340.52337646484375	0.28526341915130615	0.00016608138228884072
11	198	-0.09508264809846878	0.0	0.0	2.539224147796631	-0.1216791570186615	327.84893798828125	327.5618896484375	0.27697819471359253	0.00018679499336686397
12	216	-0.07665540277957916	0.0	0.0	3.6780927181243896	-0.11558209359645844	328.0916748046875	327.7755432128906	0.2691235840320587	0.0002055152066998506
13	234	-0.129927396774292	0.0	0.0	3.2356667518615723	-0.11890770494937897	328.829833984375	328.48748779296875	0.27200672030448914	0.0002215849779106045
14	252	-0.14136925339698792	0.0	0.0	3.2119035720825195	-0.12044540792703629	318.01055908203125	317.6419677734375	0.2687029242515564	0.00023444028816936983
15	270	-0.13724353909492493	0.0	0.0	2.7112836837768555	-0.14360478520393372	310.535400390625	310.21343994140625	0.2845977544784546	0.00024362994019690677
16	288	-0.15087991952896118	0.0	0.0	2.8058066368103027	-0.13053834438323975	303.81201171875	303.46044921875	0.2829340696334839	0.00024883139444274765
17	306	-0.172613263130188	0.0	0.0	3.470404624938965	-0.14500467479228973	298.4394836425781	298.0794372558594	0.2764394283294678	0.0002499619404323871
18	324	-0.20906519889831543	0.0	0.0	2.7780282497406006	-0.1432412564754486	307.4175109863281	307.10455322265625	0.28497374057769775	0.0002490831148795666
19	342	-0.18055036664009094	0.0	0.0	2.3535704612731934	-0.21680764853954315	291.52960205078125	291.1846008300781	0.29404598474502563	0.00024705440182875405
20	360	-0.1605779230594635	0.0	0.0	3.0692222118377686	-0.1894458383321762	287.0234375	286.675048828125	0.3032989203929901	0.0002439072901256592
21	378	-0.2092856764793396	0.0	0.0	2.373344898223877	-0.20962589979171753	284.57879638671875	284.23870849609375	0.3118802011013031	0.0002396906279377499
22	396	-0.17115379869937897	0.0	0.0	2.706873893737793	-0.21240153908729553	282.03558349609375	281.658203125	0.2907675504684448	0.00023446986455318052
23	414	-0.24207794666290283	0.0	0.0	2.686249017715454	-0.19871874153614044	269.11651611328125	268.68792724609375	0.2936341166496277	0.00022832603450398522
24	432	-0.1958148181438446	0.0	0.0	3.0048024654388428	-0.23119956254959106	267.69305419921875	267.3058776855469	0.2983947992324829	0.00022135449978155481
25	450	-0.24583449959754944	0.0	0.0	2.2383382320404053	-0.2518652081489563	264.2668151855469	263.8858337402344	0.30428990721702576	0.00021366346966721043
26	468	-0.2808030843734741	0.0	0.0	2.365485191345215	-0.23739027976989746	271.09375	270.7071838378906	0.30849939584732056	0.00020537232115245055
27	486	-0.24382194876670837	0.0	0.0	2.299107074737549	-0.23949724435806274	257.8728332519531	257.4549255371094	0.31306102871894836	0.0001966097460186159
28	504	-0.28384190797805786	0.0	0.0	2.346644163131714	-0.2695460319519043	256.31561279296875	255.88983154296875	0.30818599462509155	0.00018751175333623477
29	522	-0.2931850552558899	0.0	0.0	2.2881956100463867	-0.2717876434326172	260.77471923828125	260.37054443359375	0.30161812901496887	0.00017821955838842938
30	540	-0.23056823015213013	0.0	0.0	2.529874801635742	-0.288015753030777	248.8248291015625	248.38406372070312	0.32749617099761963	0.00016887739078564148
31	558	-0.2726433277130127	0.0	0.0	2.3039321899414062	-0.2768229842185974	258.3898620605469	258.0111389160156	0.3275872468948364	0.00015963025579321456
32	576	-0.2967548370361328	0.0	0.0	2.674469232559204	-0.2913692593574524	251.1680908203125	250.73403930664062	0.3213255703449249	0.00015062168361958177
33	594	-0.26612430810928345	0.0	0.0	2.4699037075042725	-0.2962672710418701	242.29046630859375	241.841796875	0.3179246783256531	0.00014199150159967716
34	612	-0.2857969403266907	0.0	0.0	2.438310146331787	-0.2916274666786194	249.38677978515625	248.9718017578125	0.3259345293045044	0.00013387366385281946
35	630	-0.27320337295532227	0.0	0.0	2.3090217113494873	-0.29492413997650146	237.93350219726562	237.49758911132812	0.3324934244155884	0.00012639417210222198
36	648	-0.2923378050327301	0.0	0.0	2.590620756149292	-0.30216729640960693	241.14468383789062	240.71795654296875	0.3241923451423645	0.00011966911992830905
37	666	-0.2989882230758667	0.0	0.0	2.5247490406036377	-0.31692957878112793	235.04434204101562	234.60110473632812	0.3286108374595642	0.0001138028908121302
38	684	-0.3067817687988281	0.0	0.0	2.4083211421966553	-0.31123024225234985	235.7563934326172	235.3080291748047	0.3229132294654846	0.00010888653793809889
39	702	-0.32053446769714355	0.0	0.0	2.5082898139953613	-0.3240468502044678	232.109375	231.64971923828125	0.319394052028656	0.00010499637090408714
40	720	-0.2935395836830139	0.0	0.0	2.6345980167388916	-0.31438711285591125	228.7564697265625	228.30426025390625	0.3218959867954254	0.00010219277127537851
41	738	-0.32517382502555847	0.0	0.0	2.238147497177124	-0.33132997155189514	227.65513610839844	227.21804809570312	0.3384022116661072	0.00010051925536696148
42	756	-0.3413318991661072	0.0	0.0	2.0516204833984375	-0.3351150155067444	227.117431640625	226.69580078125	0.3334079384803772	0.00010000179880126917
# Best epoch: 41
