# epoch	step	nll	ecut	ecut_viol	grad_norm	val_nll	val_ecut	val_ecut_viol	val_ress_zx	LR
1	27	-3.5468101501464844	0.0	0.0	23.604354858398438	-3.5527114868164062	321.0336608886719	317.13427734375	0.055126383900642395	1.4720887892512898e-05
2	54	-3.5209996700286865	0.0	0.0	69.13018035888672	-3.5660452842712402	317.8629150390625	313.92864990234375	0.047624312341213226	2.851210519515696e-05
3	81	-3.55572509765625	0.0	0.0	89.49787139892578	-3.5666160583496094	305.65924072265625	301.59747314453125	0.04038633406162262	5.028853872814779e-05
4	108	-3.5082976818084717	0.0	0.0	60.9969596862793	-3.50345778465271	309.049072265625	304.9883728027344	0.045674651861190796	7.833678680135194e-05
5	135	-3.3435864448547363	0.0	0.0	92.24809265136719	-3.453903913497925	318.72357177734375	314.5981750488281	0.03714476525783539	0.0001104499721691862
6	162	-3.292828321456909	0.0	0.0	39.6301155090332	-3.323486089706421	330.23876953125	326.1517028808594	0.029832739382982254	0.00014410138236510013
7	189	-3.1539125442504883	0.0	0.0	46.925594329833984	-3.316856861114502	341.42919921875	337.5255126953125	0.03496606647968292	0.00017664327513976246
8	216	-3.1679129600524902	0.0	0.0	87.48775482177734	-3.115485191345215	385.3908386230469	381.56561279296875	0.030057093128561974	0.0002055152066998506
9	243	-3.169008255004883	0.0	0.0	185.59970092773438	-2.9699878692626953	352.014892578125	347.91815185546875	0.018103349953889847	0.00022844549117643985
10	270	-2.8071513175964355	0.0	0.0	48.20294189453125	-2.6755752563476562	423.5993347167969	419.98565673828125	0.019497539848089218	0.00024362994019690677
11	297	-2.7559077739715576	0.0	0.0	35.1331901550293	-2.7156906127929688	418.9180603027344	415.37347412109375	0.021072236821055412	0.000249873819068998
12	324	-3.058018684387207	0.0	0.0	148.3695068359375	-2.9637179374694824	391.2104187011719	387.26470947265625	0.016170518472790718	0.0002490831148795666
13	351	-2.6930129528045654	0.0	0.0	42.8255500793457	-2.8084018230438232	398.4471130371094	394.72650146484375	0.0183640755712986	0.0002456179920635089
14	378	-2.9172263145446777	0.0	0.0	184.8090057373047	-2.8789262771606445	394.594482421875	390.8895263671875	0.03176286816596985	0.0002396906279377499
15	405	-3.1786537170410156	0.0	0.0	94.37779235839844	-3.217477321624756	363.3125	359.5919189453125	0.031024634838104248	0.00023150769222457458
16	432	-3.214888572692871	0.0	0.0	109.40624237060547	-3.2314746379852295	343.39794921875	339.42626953125	0.023929638788104057	0.00022135449978155481
17	459	-3.144460439682007	0.0	0.0	141.49337768554688	-3.086899518966675	368.69683837890625	365.0418395996094	0.034478627145290375	0.00020958506251313652
18	486	-3.134687900543213	0.0	0.0	33.3226432800293	-3.1203856468200684	363.22027587890625	359.42779541015625	0.027363721281290054	0.0001966097460186159
19	513	-3.025489568710327	0.0	0.0	73.01749420166016	-2.969306468963623	372.490478515625	368.5735778808594	0.023536216467618942	0.0001828809613528205
20	540	-3.210984945297241	0.0	0.0	33.357566833496094	-3.232694387435913	361.5829772949219	357.7159118652344	0.02334672585129738	0.00016887739078564148
21	567	-3.107412338256836	0.0	0.0	288.5106506347656	-3.1028800010681152	356.6116943359375	352.64031982421875	0.04316231235861778	0.00015508729756170373
22	594	-2.9957072734832764	0.0	0.0	63.39725875854492	-3.0084786415100098	356.96331787109375	353.0721130371094	0.015923000872135162	0.00014199150159967716
23	621	-3.2227230072021484	0.0	0.0	62.87202835083008	-3.234020948410034	344.76116943359375	340.73272705078125	0.030894018709659576	0.00013004661471843258
24	648	-3.322005271911621	0.0	0.0	199.3924560546875	-3.3363006114959717	319.2060241699219	315.12237548828125	0.0471712127327919	0.00011966911992830905
25	675	-3.352633476257324	0.0	0.0	309.2622985839844	-3.3679704666137695	320.28729248046875	316.2893981933594	0.028438976034522057	0.00011122084989569658
26	702	-3.323604106903076	0.0	0.0	126.84201049804688	-3.3353304862976074	313.50860595703125	309.41278076171875	0.03688774257898331	0.00010499637090408714
27	729	-3.3312442302703857	0.0	0.0	77.40087127685547	-3.379952907562256	323.27655029296875	319.2970886230469	0.04185957461595535	0.00010121271219569881
28	756	-3.3223178386688232	0.0	0.0	103.99563598632812	-3.329702138900757	322.8251953125	318.7572937011719	0.02466481737792492	0.00010000179880126917
# Best epoch: 1
