# epoch	step	nll	ecut	ecut_viol	grad_norm	val_nll	val_ecut	val_ecut_viol	val_ress_zx	LR
1	27	-7.76820707321167	0.0	0.0	228.8906707763672	-7.737761497497559	300.7369079589844	292.90045166015625	0.016841813921928406	1.4720887892512898e-05
2	54	-7.965462684631348	0.0	0.0	140.0395050048828	-7.803807258605957	293.2587890625	285.3206481933594	0.019617144018411636	2.851210519515696e-05
3	81	-7.874715805053711	0.0	0.0	363.77880859375	-7.801686763763428	300.1519470214844	292.12298583984375	0.01778274029493332	5.028853872814779e-05
4	108	-7.7586212158203125	0.0	0.0	1693.85888671875	-7.686985015869141	299.7712097167969	291.779541015625	0.011561065912246704	7.833678680135194e-05
5	135	-7.693934440612793	0.0	0.0	166.60032653808594	-7.643459320068359	302.3992919921875	294.502197265625	0.010496801696717739	0.0001104499721691862
6	162	-7.521356582641602	0.0	0.0	269.78173828125	-7.4415693283081055	328.0946044921875	320.33062744140625	0.016618624329566956	0.00014410138236510013
7	189	-6.814558982849121	0.0	0.0	150.5962371826172	-6.619088649749756	408.755615234375	401.76947021484375	0.0046943663619458675	0.00017664327513976246
8	216	-7.029070854187012	0.0	0.0	191.23570251464844	-7.016757011413574	381.3205261230469	374.1240234375	0.008966175839304924	0.0002055152066998506
9	243	-6.7081451416015625	0.0	0.0	252.4184112548828	-6.547881126403809	405.9295349121094	398.50604248046875	0.006579851731657982	0.00022844549117643985
10	270	-6.220571041107178	0.0	0.0	483.2391052246094	-6.349020004272461	413.2394714355469	405.7026062011719	0.004895400255918503	0.00024362994019690677
11	297	-6.193574905395508	0.0	0.0	246.88272094726562	-5.437193870544434	521.8836669921875	515.0398559570312	0.00299803982488811	0.000249873819068998
12	324	-6.6533942222595215	0.0	0.0	93.73363494873047	-6.588139533996582	407.3250732421875	400.28131103515625	0.010256651788949966	0.0002490831148795666
13	351	-7.048844814300537	0.0	0.0	104.71135711669922	-7.056855201721191	400.5018005371094	393.566650390625	0.013388331048190594	0.0002456179920635089
14	378	-6.780865669250488	0.0	0.0	107.69303894042969	-6.801353454589844	414.5641784667969	407.6355895996094	0.00791294313967228	0.0002396906279377499
15	405	-6.170600414276123	0.0	0.0	424.20294189453125	-6.315667629241943	400.8035583496094	393.49029541015625	0.00868316926062107	0.00023150769222457458
16	432	-6.786296367645264	0.0	0.0	122.46279907226562	-6.971661567687988	390.05975341796875	382.83709716796875	0.010780956596136093	0.00022135449978155481
17	459	-7.06483793258667	0.0	0.0	172.73110961914062	-6.937769889831543	379.8750915527344	372.3609313964844	0.008106878027319908	0.00020958506251313652
18	486	-7.356757164001465	0.0	0.0	359.236328125	-7.153110504150391	340.1931457519531	332.35723876953125	0.013560510240495205	0.0001966097460186159
19	513	-7.073507308959961	0.0	0.0	126.92855072021484	-7.055459499359131	338.6015625	330.856689453125	0.00903485156595707	0.0001828809613528205
20	540	-7.033164024353027	0.0	0.0	76.01836395263672	-7.171131134033203	347.10107421875	339.23565673828125	0.017331421375274658	0.00016887739078564148
21	567	-6.82086706161499	0.0	0.0	133.79547119140625	-7.02487850189209	356.7779235839844	349.2380065917969	0.010804983787238598	0.00015508729756170373
22	594	-7.0030837059021	0.0	0.0	223.88723754882812	-6.925827980041504	375.2842712402344	367.8645935058594	0.005978323519229889	0.00014199150159967716
23	621	-7.242808818817139	0.0	0.0	258.25726318359375	-7.1769537925720215	343.3438720703125	335.6830749511719	0.014234760776162148	0.00013004661471843258
24	648	-7.404318809509277	0.0	0.0	333.7240295410156	-7.258327484130859	351.70819091796875	344.0868835449219	0.012571408413350582	0.00011966911992830905
25	675	-7.670449733734131	0.0	0.0	192.40554809570312	-7.5908050537109375	313.6005554199219	305.7191467285156	0.02165505290031433	0.00011122084989569658
26	702	-7.860719203948975	0.0	0.0	157.8810577392578	-7.7920379638671875	303.604736328125	295.59326171875	0.026775125414133072	0.00010499637090408714
27	729	-7.626528739929199	0.0	0.0	78.29413604736328	-7.674661159515381	312.0575866699219	304.25396728515625	0.018171941861510277	0.00010121271219569881
28	756	-7.5966315269470215	0.0	0.0	131.85076904296875	-7.593452453613281	305.748291015625	297.7559814453125	0.01341838389635086	0.00010000179880126917
# Best epoch: 26
