# epoch	step	nll	ecut	ecut_viol	grad_norm	val_nll	val_ecut	val_ecut_viol	val_ress_zx	LR
1	27	-0.387635201215744	0.0	0.0	4.1655473709106445	-0.393483966588974	347.8169860839844	346.96282958984375	0.14860014617443085	9.757729755661011e-05
2	54	-0.3790505826473236	0.0	0.0	5.613870620727539	-0.41104310750961304	336.1617126464844	335.2494812011719	0.16012489795684814	9.05463412215599e-05
3	81	-0.42096447944641113	0.0	0.0	3.6975502967834473	-0.41225290298461914	331.99932861328125	331.0805358886719	0.1520984172821045	7.959536998847742e-05
4	108	-0.4278986155986786	0.0	0.0	3.458631753921509	-0.4300196170806885	329.6349792480469	328.7604675292969	0.16120654344558716	6.57963412215599e-05
5	135	-0.39536553621292114	0.0	0.0	6.100235939025879	-0.42820632457733154	326.2476501464844	325.36749267578125	0.149830162525177	5.05e-05
6	162	-0.42804858088493347	0.0	0.0	3.7509570121765137	-0.44304871559143066	318.1615295410156	317.2502136230469	0.16323381662368774	3.5203658778440106e-05
7	189	-0.3970559537410736	0.0	0.0	5.702726364135742	-0.4533115029335022	311.9708251953125	311.04058837890625	0.14757075905799866	2.1404630011522586e-05
8	216	-0.42795199155807495	0.0	0.0	5.821385860443115	-0.460921972990036	310.605224609375	309.6835632324219	0.16779986023902893	1.0453658778440107e-05
9	243	-0.44967254996299744	0.0	0.0	3.727860689163208	-0.46631920337677	309.4157409667969	308.48870849609375	0.15677234530448914	3.4227024433899e-06
10	270	-0.4496327340602875	0.0	0.0	3.781048536300659	-0.46852749586105347	308.788330078125	307.8674621582031	0.1582905352115631	1e-06
# Best epoch: 8
