# epoch	step	nll	ecut	ecut_viol	grad_norm	val_nll	val_ecut	val_ecut_viol	val_ress_zx	LR
1	27	-6.704894065856934	0.0	0.0	135.88595581054688	-6.584146499633789	328.99212646484375	321.9695739746094	0.019445516169071198	9.757729755661011e-05
2	54	-6.769702434539795	0.0	0.0	161.82003784179688	-6.719836235046387	320.9346618652344	313.7109375	0.020161867141723633	9.05463412215599e-05
3	81	-6.579377174377441	0.0	0.0	122.38987731933594	-6.639347076416016	324.18084716796875	317.02978515625	0.01844620518386364	7.959536998847742e-05
4	108	-6.834536552429199	0.0	0.0	404.76025390625	-6.795064449310303	320.6846923828125	313.62322998046875	0.0288008414208889	6.57963412215599e-05
5	135	-6.517825603485107	0.0	0.0	434.5969543457031	-6.550389766693115	331.9617004394531	324.82025146484375	0.007856146432459354	5.05e-05
6	162	-6.674642086029053	0.0	0.0	251.6746063232422	-6.650714874267578	326.76727294921875	319.722412109375	0.015895415097475052	3.5203658778440106e-05
7	189	-6.768712520599365	0.0	0.0	63.66145706176758	-6.823570251464844	319.0968933105469	311.992919921875	0.020333830267190933	2.1404630011522586e-05
8	216	-6.918876647949219	0.0	0.0	63.76494216918945	-6.88690185546875	314.1611022949219	307.01544189453125	0.024423783645033836	1.0453658778440107e-05
9	243	-7.088094234466553	0.0	0.0	211.31260681152344	-6.964942455291748	310.2745056152344	303.1141052246094	0.03158697113394737	3.4227024433899e-06
10	270	-7.040270805358887	0.0	0.0	322.03350830078125	-6.976489067077637	307.32354736328125	300.1094055175781	0.0244754608720541	1e-06
# Best epoch: 9
