# epoch	step	nll	ecut	ecut_viol	grad_norm	val_nll	val_ecut	val_ecut_viol	val_ress_zx	LR
1	27	-35.53274917602539	0.0	0.0	241.59922790527344	-35.546348571777344	141.1810760498047	105.329833984375	0.08268660306930542	9.757729755661011e-05
2	54	-35.940181732177734	0.0	0.0	68.10211181640625	-35.753318786621094	144.1212158203125	108.1165771484375	0.11135020107030869	9.05463412215599e-05
3	81	-35.56512451171875	0.0	0.0	188.1583709716797	-35.715065002441406	146.66722106933594	110.50948333740234	0.1193162202835083	7.959536998847742e-05
4	108	-35.928375244140625	0.0	0.0	521.3526611328125	-35.755523681640625	135.51168823242188	99.30752563476562	0.11436667293310165	6.57963412215599e-05
5	135	-36.04376983642578	0.0	0.0	249.7643280029297	-35.91307067871094	140.79132080078125	104.45467376708984	0.11351598799228668	5.05e-05
6	162	-36.08596420288086	0.0	0.0	105.46511840820312	-36.103267669677734	132.56553649902344	96.10375213623047	0.16819164156913757	3.5203658778440106e-05
7	189	-36.19588851928711	0.0	0.0	62.255889892578125	-36.108238220214844	130.68069458007812	94.03077697753906	0.1776953786611557	2.1404630011522586e-05
8	216	-36.1415901184082	0.0	0.0	103.30736541748047	-36.1712646484375	126.64986419677734	90.03340148925781	0.2441139668226242	1.0453658778440107e-05
9	243	-36.19563293457031	0.0	0.0	76.87234497070312	-36.216957092285156	123.530029296875	86.85066223144531	0.21922361850738525	3.4227024433899e-06
10	270	-36.27488327026367	0.0	0.0	38.64603805541992	-36.239967346191406	122.75910949707031	86.01870727539062	0.23151430487632751	1e-06
# Best epoch: 8
