# epoch	step	nll	ecut	ecut_viol	grad_norm	val_nll	val_ecut	val_ecut_viol	val_ress_zx	LR
1	27	-4.240697860717773	0.0	0.0	186.45956420898438	-4.2425737380981445	338.20330810546875	333.4557800292969	0.03293550759553909	9.757729755661011e-05
2	54	-4.185111045837402	0.0	0.0	121.92345428466797	-4.232547760009766	345.26629638671875	340.5180358886719	0.027796870097517967	9.05463412215599e-05
3	81	-4.233939170837402	0.0	0.0	240.5731658935547	-4.077058792114258	350.9720153808594	346.33648681640625	0.03302553668618202	7.959536998847742e-05
4	108	-4.314959526062012	0.0	0.0	83.10298919677734	-4.219771862030029	346.415771484375	341.83502197265625	0.03167553246021271	6.57963412215599e-05
5	135	-4.364898681640625	0.0	0.0	67.10191345214844	-4.282561302185059	326.0249938964844	321.256103515625	0.04314146563410759	5.05e-05
6	162	-4.279525279998779	0.0	0.0	52.6980094909668	-4.342861175537109	317.3564453125	312.4925537109375	0.04330844432115555	3.5203658778440106e-05
7	189	-4.429374694824219	0.0	0.0	165.03073120117188	-4.409942150115967	322.0429382324219	317.31805419921875	0.03847464919090271	2.1404630011522586e-05
8	216	-4.424761772155762	0.0	0.0	67.19799041748047	-4.417041778564453	316.52655029296875	311.75177001953125	0.037783630192279816	1.0453658778440107e-05
9	243	-4.479104042053223	0.0	0.0	57.180110931396484	-4.453752517700195	313.0568542480469	308.2288818359375	0.03946024179458618	3.4227024433899e-06
10	270	-4.487330913543701	0.0	0.0	155.4326934814453	-4.464859485626221	312.34326171875	307.5338134765625	0.03915269672870636	1e-06
# Best epoch: 6
