# epoch	step	nll	ecut	ecut_viol	grad_norm	val_nll	val_ecut	val_ecut_viol	val_ress_zx	LR
1	27	-26.444355010986328	0.0	0.0	250.60980224609375	-26.513776779174805	202.67144775390625	176.7487030029297	0.02587766945362091	9.757729755661011e-05
2	54	-27.017070770263672	0.0	0.0	232.79054260253906	-26.92083740234375	192.03347778320312	166.30615234375	0.06331591308116913	9.05463412215599e-05
3	81	-27.152713775634766	0.0	0.0	64.13936614990234	-27.219945907592773	173.8408203125	147.66873168945312	0.09283414483070374	7.959536998847742e-05
4	108	-26.849319458007812	0.0	0.0	366.7646789550781	-26.84970474243164	177.9443359375	151.99395751953125	0.046667929738759995	6.57963412215599e-05
5	135	-27.046234130859375	0.0	0.0	107.17718505859375	-27.2873592376709	164.12197875976562	137.68072509765625	0.06840258836746216	5.05e-05
6	162	-27.35329246520996	0.0	0.0	181.80006408691406	-27.351118087768555	165.0301055908203	138.40966796875	0.08799942582845688	3.5203658778440106e-05
7	189	-27.49941635131836	0.0	0.0	337.510009765625	-27.371410369873047	156.94415283203125	130.05496215820312	0.03858146071434021	2.1404630011522586e-05
8	216	-27.48933982849121	0.0	0.0	131.43984985351562	-27.480388641357422	152.66795349121094	125.66470336914062	0.09562905877828598	1.0453658778440107e-05
9	243	-27.576459884643555	0.0	0.0	46.25735855102539	-27.598922729492188	150.92333984375	123.75774383544922	0.12292777001857758	3.4227024433899e-06
10	270	-27.660045623779297	0.0	0.0	243.72409057617188	-27.6186580657959	151.6404266357422	124.50730895996094	0.13707737624645233	1e-06
# Best epoch: 10
