# target  rep  gen  seed  eff_generation  RESS  eff_identity   (10000 base samples per generation, seed = 10*rep + gen)
  50000   0   0     0 0.379500 0.104858 0.006000
  50000   0   1     1 0.386600 0.093769 0.005100
  50000   0   2     2 0.379700 0.108131 0.006500
  50000   0   3     3 0.382600 0.093468 0.005200
  50000   0   4     4 0.388300 0.112341 0.007500
  50000   0   5     5 0.378600 0.047701 0.005200
  50000   0   6     6 0.389500 0.091665 0.004800
  50000   0   7     7 0.378200 0.120611 0.006000
  50000   0   8     8 0.383800 0.093094 0.005900
  50000   0   9     9 0.383700 0.007465 0.007600
  50000   1   0    10 0.429800 0.127860 0.005600
  50000   1   1    11 0.416900 0.132720 0.004900
  50000   1   2    12 0.425100 0.110408 0.005500
  50000   1   3    13 0.422900 0.095844 0.006100
  50000   1   4    14 0.430700 0.113159 0.005200
  50000   1   5    15 0.419900 0.113118 0.006400
  50000   1   6    16 0.425600 0.102248 0.005200
  50000   1   7    17 0.434600 0.111862 0.006000
  50000   1   8    18 0.421900 0.095126 0.006000
  50000   1   9    19 0.425300 0.111900 0.006200
  50000   2   0    20 0.396500 0.078861 0.005000
  50000   2   1    21 0.397800 0.085324 0.005500
  50000   2   2    22 0.401500 0.063562 0.005700
  50000   2   3    23 0.411400 0.117307 0.005000
  50000   2   4    24 0.403400 0.065230 0.006600
  50000   2   5    25 0.401800 0.113277 0.005500
  50000   2   6    26 0.412100 0.092935 0.005900
  50000   2   7    27 0.402900 0.091780 0.005400
  50000   2   8    28 0.402800 0.119431 0.006400
  50000   2   9    29 0.413000 0.107272 0.006700
  50000   3   0    30 0.373100 0.098565 0.005400
  50000   3   1    31 0.368700 0.101031 0.006600
  50000   3   2    32 0.373600 0.092592 0.005900
  50000   3   3    33 0.362700 0.072666 0.007500
  50000   3   4    34 0.371900 0.094296 0.005600
  50000   3   5    35 0.358500 0.088043 0.005900
  50000   3   6    36 0.377800 0.088039 0.006600
  50000   3   7    37 0.367700 0.052541 0.006300
  50000   3   8    38 0.367100 0.063103 0.006500
  50000   3   9    39 0.367700 0.090361 0.005600
  50000   4   0    40 0.422200 0.134792 0.006200
  50000   4   1    41 0.419200 0.104770 0.005100
  50000   4   2    42 0.419100 0.131610 0.005000
  50000   4   3    43 0.420200 0.090438 0.006100
  50000   4   4    44 0.425800 0.103236 0.005200
  50000   4   5    45 0.413400 0.133062 0.006400
  50000   4   6    46 0.420000 0.133145 0.005900
  50000   4   7    47 0.413200 0.097748 0.006200
  50000   4   8    48 0.406600 0.126243 0.006700
  50000   4   9    49 0.426000 0.054011 0.005600
  50000   5   0    50 0.413700 0.115697 0.005200
  50000   5   1    51 0.410600 0.110599 0.006000
  50000   5   2    52 0.415700 0.093039 0.006000
  50000   5   3    53 0.412200 0.090138 0.005300
  50000   5   4    54 0.411200 0.104249 0.006800
  50000   5   5    55 0.412400 0.069384 0.006500
  50000   5   6    56 0.415500 0.120647 0.006400
  50000   5   7    57 0.419000 0.082858 0.005800
  50000   5   8    58 0.423000 0.125588 0.005300
  50000   5   9    59 0.410900 0.067943 0.007600
  50000   6   0    60 0.405000 0.096047 0.005100
  50000   6   1    61 0.407700 0.082790 0.006600
  50000   6   2    62 0.410400 0.099406 0.005900
  50000   6   3    63 0.405400 0.110926 0.005900
  50000   6   4    64 0.405200 0.118305 0.005300
  50000   6   5    65 0.409300 0.110451 0.006900
  50000   6   6    66 0.396400 0.113096 0.006400
  50000   6   7    67 0.404700 0.100891 0.005700
  50000   6   8    68 0.408900 0.120227 0.006000
  50000   6   9    69 0.403400 0.114243 0.004500
  50000   7   0    70 0.419600 0.104176 0.005200
  50000   7   1    71 0.415500 0.088801 0.006300
  50000   7   2    72 0.415100 0.119354 0.005000
  50000   7   3    73 0.414100 0.070859 0.005800
  50000   7   4    74 0.423900 0.117326 0.006600
  50000   7   5    75 0.424600 0.092828 0.005500
  50000   7   6    76 0.430500 0.117787 0.006700
  50000   7   7    77 0.419200 0.125264 0.005900
  50000   7   8    78 0.410700 0.108206 0.005800
  50000   7   9    79 0.415700 0.110046 0.004800
  50000   8   0    80 0.384900 0.118384 0.006500
  50000   8   1    81 0.382300 0.109069 0.005800
  50000   8   2    82 0.389100 0.114461 0.006500
  50000   8   3    83 0.396500 0.086021 0.005700
  50000   8   4    84 0.388200 0.096683 0.004700
  50000   8   5    85 0.394200 0.104719 0.007100
  50000   8   6    86 0.383700 0.085097 0.006200
  50000   8   7    87 0.394100 0.097117 0.005400
  50000   8   8    88 0.399400 0.112487 0.005800
  50000   8   9    89 0.388700 0.089758 0.006400
  50000   9   0    90 0.396300 0.106804 0.007200
  50000   9   1    91 0.398900 0.108722 0.005600
  50000   9   2    92 0.391100 0.031729 0.005300
  50000   9   3    93 0.399300 0.105372 0.005500
  50000   9   4    94 0.398600 0.118192 0.005300
  50000   9   5    95 0.397500 0.097633 0.007000
  50000   9   6    96 0.394500 0.100347 0.006200
  50000   9   7    97 0.403300 0.124905 0.006800
  50000   9   8    98 0.395400 0.120550 0.004900
  50000   9   9    99 0.396100 0.074889 0.007300
 150000   0   0     0 0.293700 0.040299 0.000000
 150000   0   1     1 0.289700 0.027020 0.000000
 150000   0   2     2 0.296900 0.074793 0.000000
 150000   0   3     3 0.294900 0.017510 0.000000
 150000   0   4     4 0.297600 0.045275 0.000000
 150000   0   5     5 0.289300 0.054588 0.000000
 150000   0   6     6 0.296900 0.040845 0.000000
 150000   0   7     7 0.292600 0.035414 0.000000
 150000   0   8     8 0.285400 0.037720 0.000000
 150000   0   9     9 0.296500 0.038079 0.000000
 150000   1   0    10 0.262800 0.037360 0.000000
 150000   1   1    11 0.253200 0.041950 0.000000
 150000   1   2    12 0.252500 0.028381 0.000000
 150000   1   3    13 0.267200 0.048638 0.000000
 150000   1   4    14 0.255000 0.019295 0.000000
 150000   1   5    15 0.257100 0.047701 0.000000
 150000   1   6    16 0.257100 0.025097 0.000000
 150000   1   7    17 0.271100 0.027191 0.000000
 150000   1   8    18 0.259600 0.034884 0.000000
 150000   1   9    19 0.264400 0.008799 0.000000
 150000   2   0    20 0.246800 0.028263 0.000000
 150000   2   1    21 0.234000 0.018993 0.000000
 150000   2   2    22 0.242800 0.014428 0.000000
 150000   2   3    23 0.233500 0.028550 0.000000
 150000   2   4    24 0.241300 0.047803 0.000000
 150000   2   5    25 0.241800 0.015943 0.000000
 150000   2   6    26 0.242200 0.046689 0.000000
 150000   2   7    27 0.239200 0.019398 0.000000
 150000   2   8    28 0.230500 0.041090 0.000000
 150000   2   9    29 0.240900 0.006897 0.000000
 150000   3   0    30 0.262200 0.039974 0.000000
 150000   3   1    31 0.267000 0.037154 0.000000
 150000   3   2    32 0.260900 0.023731 0.000000
 150000   3   3    33 0.266700 0.050050 0.000000
 150000   3   4    34 0.263300 0.022488 0.000000
 150000   3   5    35 0.259800 0.026481 0.000000
 150000   3   6    36 0.264600 0.024852 0.000000
 150000   3   7    37 0.262500 0.046043 0.000000
 150000   3   8    38 0.269000 0.034246 0.000000
 150000   3   9    39 0.267300 0.027582 0.000000
 150000   4   0    40 0.279700 0.022082 0.000000
 150000   4   1    41 0.283400 0.049084 0.000000
 150000   4   2    42 0.282600 0.044992 0.000000
 150000   4   3    43 0.283200 0.034153 0.000000
 150000   4   4    44 0.281200 0.061960 0.000000
 150000   4   5    45 0.274100 0.078007 0.000000
 150000   4   6    46 0.277600 0.000615 0.000000
 150000   4   7    47 0.277300 0.047130 0.000000
 150000   4   8    48 0.292200 0.013622 0.000000
 150000   4   9    49 0.288600 0.073317 0.000000
 150000   5   0    50 0.335500 0.029710 0.000000
 150000   5   1    51 0.331000 0.039609 0.000000
 150000   5   2    52 0.332300 0.045446 0.000000
 150000   5   3    53 0.340800 0.044048 0.000000
 150000   5   4    54 0.332000 0.060155 0.000000
 150000   5   5    55 0.336000 0.068535 0.000000
 150000   5   6    56 0.332100 0.031121 0.000000
 150000   5   7    57 0.336600 0.075515 0.000000
 150000   5   8    58 0.335700 0.045663 0.000000
 150000   5   9    59 0.338600 0.016801 0.000000
 150000   6   0    60 0.261500 0.050469 0.000000
 150000   6   1    61 0.257800 0.021116 0.000000
 150000   6   2    62 0.259100 0.047908 0.000000
 150000   6   3    63 0.262000 0.040165 0.000000
 150000   6   4    64 0.258000 0.033988 0.000000
 150000   6   5    65 0.258800 0.005996 0.000000
 150000   6   6    66 0.256500 0.019067 0.000000
 150000   6   7    67 0.254000 0.032526 0.000000
 150000   6   8    68 0.256200 0.008916 0.000000
 150000   6   9    69 0.251600 0.039212 0.000000
 150000   7   0    70 0.304600 0.066544 0.000000
 150000   7   1    71 0.298000 0.033583 0.000000
 150000   7   2    72 0.307500 0.045135 0.000000
 150000   7   3    73 0.306900 0.004937 0.000000
 150000   7   4    74 0.305100 0.035161 0.000000
 150000   7   5    75 0.310500 0.039057 0.000000
 150000   7   6    76 0.301200 0.010657 0.000000
 150000   7   7    77 0.305800 0.037825 0.000000
 150000   7   8    78 0.301300 0.015170 0.000000
 150000   7   9    79 0.310100 0.047500 0.000000
 150000   8   0    80 0.226500 0.028006 0.000000
 150000   8   1    81 0.233200 0.039070 0.000000
 150000   8   2    82 0.220500 0.033336 0.000000
 150000   8   3    83 0.224700 0.035390 0.000000
 150000   8   4    84 0.218200 0.044442 0.000000
 150000   8   5    85 0.226300 0.028908 0.000100
 150000   8   6    86 0.224700 0.049140 0.000000
 150000   8   7    87 0.231500 0.021675 0.000000
 150000   8   8    88 0.226500 0.001136 0.000000
 150000   8   9    89 0.221800 0.045896 0.000000
 150000   9   0    90 0.304200 0.071910 0.000000
 150000   9   1    91 0.307100 0.020742 0.000000
 150000   9   2    92 0.300400 0.067300 0.000000
 150000   9   3    93 0.301100 0.071474 0.000000
 150000   9   4    94 0.311100 0.072556 0.000000
 150000   9   5    95 0.309500 0.057020 0.000000
 150000   9   6    96 0.308000 0.054987 0.000000
 150000   9   7    97 0.306700 0.018893 0.000000
 150000   9   8    98 0.306200 0.038776 0.000000
 150000   9   9    99 0.297800 0.037993 0.000000
 250000   0   0     0 0.405600 0.076718 0.000000
 250000   0   1     1 0.407800 0.068143 0.000000
 250000   0   2     2 0.413500 0.093588 0.000000
 250000   0   3     3 0.419700 0.106730 0.000000
 250000   0   4     4 0.415500 0.078825 0.000000
 250000   0   5     5 0.407400 0.132407 0.000000
 250000   0   6     6 0.409200 0.122176 0.000000
 250000   0   7     7 0.407200 0.143286 0.000000
 250000   0   8     8 0.409700 0.148569 0.000000
 250000   0   9     9 0.413800 0.092865 0.000000
 250000   1   0    10 0.393100 0.107321 0.000000
 250000   1   1    11 0.390100 0.078576 0.000000
 250000   1   2    12 0.393900 0.111078 0.000000
 250000   1   3    13 0.393500 0.067936 0.000000
 250000   1   4    14 0.385400 0.098485 0.000000
 250000   1   5    15 0.390700 0.104174 0.000000
 250000   1   6    16 0.394300 0.056052 0.000000
 250000   1   7    17 0.401700 0.076841 0.000000
 250000   1   8    18 0.382200 0.095334 0.000000
 250000   1   9    19 0.391600 0.091435 0.000000
 250000   2   0    20 0.289200 0.069741 0.000000
 250000   2   1    21 0.286200 0.104454 0.000000
 250000   2   2    22 0.285300 0.082118 0.000000
 250000   2   3    23 0.288400 0.090261 0.000000
 250000   2   4    24 0.292000 0.080344 0.000000
 250000   2   5    25 0.290100 0.094519 0.000000
 250000   2   6    26 0.296500 0.075932 0.000000
 250000   2   7    27 0.297500 0.120874 0.000000
 250000   2   8    28 0.282200 0.088664 0.000000
 250000   2   9    29 0.297500 0.109769 0.000000
 250000   3   0    30 0.488900 0.080443 0.000000
 250000   3   1    31 0.488700 0.178367 0.000000
 250000   3   2    32 0.492700 0.096559 0.000000
 250000   3   3    33 0.481300 0.106370 0.000000
 250000   3   4    34 0.485900 0.028992 0.000000
 250000   3   5    35 0.482500 0.158655 0.000000
 250000   3   6    36 0.492300 0.114625 0.000000
 250000   3   7    37 0.492100 0.187896 0.000000
 250000   3   8    38 0.483800 0.183172 0.000000
 250000   3   9    39 0.488400 0.147415 0.000000
 250000   4   0    40 0.294200 0.008744 0.000000
 250000   4   1    41 0.287000 0.070898 0.000000
 250000   4   2    42 0.297000 0.088632 0.000000
 250000   4   3    43 0.297800 0.088839 0.000000
 250000   4   4    44 0.301600 0.085257 0.000000
 250000   4   5    45 0.297600 0.066326 0.000000
 250000   4   6    46 0.297000 0.114594 0.000000
 250000   4   7    47 0.297800 0.108542 0.000000
 250000   4   8    48 0.306800 0.071904 0.000000
 250000   4   9    49 0.303700 0.050584 0.000000
 250000   5   0    50 0.437000 0.119986 0.000000
 250000   5   1    51 0.448300 0.115481 0.000000
 250000   5   2    52 0.435200 0.079834 0.000000
 250000   5   3    53 0.431200 0.084768 0.000000
 250000   5   4    54 0.435400 0.118503 0.000000
 250000   5   5    55 0.435300 0.132701 0.000000
 250000   5   6    56 0.435500 0.157568 0.000000
 250000   5   7    57 0.427900 0.136286 0.000000
 250000   5   8    58 0.444500 0.042833 0.000000
 250000   5   9    59 0.434700 0.122778 0.000000
 250000   6   0    60 0.410900 0.075916 0.000000
 250000   6   1    61 0.418700 0.118696 0.000000
 250000   6   2    62 0.424700 0.076690 0.000000
 250000   6   3    63 0.421500 0.068227 0.000000
 250000   6   4    64 0.422000 0.055593 0.000000
 250000   6   5    65 0.419200 0.119176 0.000000
 250000   6   6    66 0.423000 0.024034 0.000000
 250000   6   7    67 0.415400 0.041148 0.000000
 250000   6   8    68 0.427000 0.111375 0.000000
 250000   6   9    69 0.427500 0.111020 0.000000
 250000   7   0    70 0.308200 0.081131 0.000000
 250000   7   1    71 0.312400 0.122475 0.000000
 250000   7   2    72 0.301000 0.080283 0.000000
 250000   7   3    73 0.305800 0.061272 0.000000
 250000   7   4    74 0.301000 0.068670 0.000000
 250000   7   5    75 0.312900 0.108164 0.000000
 250000   7   6    76 0.310800 0.085017 0.000000
 250000   7   7    77 0.310300 0.017693 0.000000
 250000   7   8    78 0.312500 0.104986 0.000000
 250000   7   9    79 0.301100 0.085189 0.000000
 250000   8   0    80 0.302400 0.002544 0.000000
 250000   8   1    81 0.299300 0.094704 0.000000
 250000   8   2    82 0.288900 0.078777 0.000000
 250000   8   3    83 0.291900 0.058800 0.000000
 250000   8   4    84 0.295800 0.090058 0.000000
 250000   8   5    85 0.300700 0.101520 0.000000
 250000   8   6    86 0.293500 0.085955 0.000000
 250000   8   7    87 0.299000 0.051299 0.000000
 250000   8   8    88 0.296400 0.016664 0.000000
 250000   8   9    89 0.293200 0.100063 0.000000
 250000   9   0    90 0.543000 0.112568 0.000000
 250000   9   1    91 0.534900 0.134134 0.000000
 250000   9   2    92 0.537100 0.066767 0.000000
 250000   9   3    93 0.540400 0.152575 0.000000
 250000   9   4    94 0.525000 0.174068 0.000000
 250000   9   5    95 0.538400 0.167331 0.000000
 250000   9   6    96 0.535000 0.003920 0.000000
 250000   9   7    97 0.541200 0.198579 0.000000
 250000   9   8    98 0.545600 0.218311 0.000000
 250000   9   9    99 0.537800 0.173270 0.000000
 350000   0   0     0 0.299200 0.114234 0.000000
 350000   0   1     1 0.296200 0.121412 0.000000
 350000   0   2     2 0.317300 0.114844 0.000000
 350000   0   3     3 0.301200 0.091472 0.000000
 350000   0   4     4 0.308600 0.126734 0.000000
 350000   0   5     5 0.305700 0.038713 0.000000
 350000   0   6     6 0.309600 0.129783 0.000000
 350000   0   7     7 0.305900 0.101416 0.000000
 350000   0   8     8 0.310700 0.033775 0.000000
 350000   0   9     9 0.309400 0.119151 0.000000
 350000   1   0    10 0.265200 0.076608 0.000000
 350000   1   1    11 0.264200 0.107403 0.000000
 350000   1   2    12 0.269200 0.116175 0.000000
 350000   1   3    13 0.267400 0.041830 0.000000
 350000   1   4    14 0.256800 0.097856 0.000000
 350000   1   5    15 0.262100 0.099943 0.000000
 350000   1   6    16 0.267800 0.096271 0.000000
 350000   1   7    17 0.269700 0.095041 0.000000
 350000   1   8    18 0.263100 0.097109 0.000000
 350000   1   9    19 0.269800 0.080818 0.000000
 350000   2   0    20 0.384400 0.147068 0.000000
 350000   2   1    21 0.388000 0.139871 0.000000
 350000   2   2    22 0.380300 0.115430 0.000000
 350000   2   3    23 0.388600 0.116592 0.000000
 350000   2   4    24 0.393200 0.134909 0.000000
 350000   2   5    25 0.377800 0.127548 0.000000
 350000   2   6    26 0.394000 0.128323 0.000000
 350000   2   7    27 0.382500 0.138030 0.000000
 350000   2   8    28 0.386100 0.132742 0.000000
 350000   2   9    29 0.383200 0.158785 0.000000
 350000   3   0    30 0.216000 0.078856 0.000000
 350000   3   1    31 0.218600 0.095810 0.000000
 350000   3   2    32 0.211800 0.093845 0.000000
 350000   3   3    33 0.211100 0.099734 0.000000
 350000   3   4    34 0.216500 0.068930 0.000000
 350000   3   5    35 0.216400 0.095192 0.000000
 350000   3   6    36 0.216200 0.095224 0.000000
 350000   3   7    37 0.219100 0.099493 0.000000
 350000   3   8    38 0.211400 0.088856 0.000000
 350000   3   9    39 0.221500 0.103240 0.000000
 350000   4   0    40 0.279900 0.093183 0.000000
 350000   4   1    41 0.289500 0.046156 0.000000
 350000   4   2    42 0.289900 0.114668 0.000000
 350000   4   3    43 0.292600 0.132686 0.000000
 350000   4   4    44 0.284900 0.112220 0.000000
 350000   4   5    45 0.291700 0.147520 0.000000
 350000   4   6    46 0.291600 0.102158 0.000000
 350000   4   7    47 0.292100 0.140336 0.000000
 350000   4   8    48 0.280900 0.135315 0.000000
 350000   4   9    49 0.283900 0.126280 0.000000
 350000   5   0    50 0.105500 0.036739 0.000000
 350000   5   1    51 0.105500 0.049964 0.000000
 350000   5   2    52 0.103300 0.049904 0.000000
 350000   5   3    53 0.102400 0.045627 0.000000
 350000   5   4    54 0.104400 0.062988 0.000000
 350000   5   5    55 0.107900 0.038147 0.000000
 350000   5   6    56 0.110800 0.060518 0.000000
 350000   5   7    57 0.109000 0.053286 0.000000
 350000   5   8    58 0.105900 0.037242 0.000000
 350000   5   9    59 0.107300 0.054785 0.000000
 350000   6   0    60 0.172200 0.067806 0.000000
 350000   6   1    61 0.164300 0.052004 0.000000
 350000   6   2    62 0.161800 0.056083 0.000000
 350000   6   3    63 0.165200 0.070359 0.000000
 350000   6   4    64 0.164200 0.048496 0.000000
 350000   6   5    65 0.162700 0.060850 0.000000
 350000   6   6    66 0.169600 0.082768 0.000000
 350000   6   7    67 0.166300 0.075719 0.000000
 350000   6   8    68 0.165500 0.014774 0.000000
 350000   6   9    69 0.162400 0.060868 0.000000
 350000   7   0    70 0.305600 0.083359 0.000000
 350000   7   1    71 0.306800 0.050236 0.000000
 350000   7   2    72 0.315500 0.057058 0.000000
 350000   7   3    73 0.308900 0.060648 0.000000
 350000   7   4    74 0.310700 0.108260 0.000000
 350000   7   5    75 0.307500 0.070634 0.000000
 350000   7   6    76 0.305200 0.078801 0.000000
 350000   7   7    77 0.313600 0.110148 0.000000
 350000   7   8    78 0.306000 0.070855 0.000000
 350000   7   9    79 0.311000 0.061830 0.000000
 350000   8   0    80 0.182300 0.074126 0.000000
 350000   8   1    81 0.173100 0.074515 0.000000
 350000   8   2    82 0.171700 0.062510 0.000000
 350000   8   3    83 0.181600 0.059493 0.000000
 350000   8   4    84 0.172700 0.058210 0.000000
 350000   8   5    85 0.181300 0.081375 0.000000
 350000   8   6    86 0.175900 0.071732 0.000000
 350000   8   7    87 0.180000 0.079061 0.000000
 350000   8   8    88 0.175500 0.033795 0.000000
 350000   8   9    89 0.176300 0.078609 0.000000
 350000   9   0    90 0.371300 0.104078 0.000000
 350000   9   1    91 0.364700 0.123487 0.000000
 350000   9   2    92 0.361800 0.040695 0.000000
 350000   9   3    93 0.371900 0.144188 0.000000
 350000   9   4    94 0.368000 0.124968 0.000000
 350000   9   5    95 0.372000 0.125304 0.000000
 350000   9   6    96 0.373200 0.116494 0.000000
 350000   9   7    97 0.365500 0.121468 0.000000
 350000   9   8    98 0.369400 0.141920 0.000000
 350000   9   9    99 0.373200 0.090015 0.000000
 450000   0   0     0 0.284100 0.063190 0.000000
 450000   0   1     1 0.271000 0.014627 0.000000
 450000   0   2     2 0.288600 0.112650 0.000000
 450000   0   3     3 0.275500 0.096494 0.000000
 450000   0   4     4 0.283500 0.111500 0.000000
 450000   0   5     5 0.279700 0.111585 0.000000
 450000   0   6     6 0.289100 0.087318 0.000000
 450000   0   7     7 0.282400 0.070295 0.000000
 450000   0   8     8 0.288800 0.098238 0.000000
 450000   0   9     9 0.290400 0.052422 0.000000
 450000   1   0    10 0.261900 0.109565 0.000000
 450000   1   1    11 0.265000 0.085277 0.000000
 450000   1   2    12 0.261700 0.095952 0.000000
 450000   1   3    13 0.258100 0.085621 0.000000
 450000   1   4    14 0.266700 0.119009 0.000000
 450000   1   5    15 0.250900 0.051911 0.000000
 450000   1   6    16 0.261100 0.087866 0.000000
 450000   1   7    17 0.262900 0.130706 0.000000
 450000   1   8    18 0.258900 0.082449 0.000000
 450000   1   9    19 0.263700 0.093382 0.000000
 450000   2   0    20 0.297400 0.040212 0.000000
 450000   2   1    21 0.296000 0.167310 0.000000
 450000   2   2    22 0.291700 0.160080 0.000000
 450000   2   3    23 0.299800 0.182467 0.000000
 450000   2   4    24 0.296200 0.066647 0.000000
 450000   2   5    25 0.289700 0.074682 0.000000
 450000   2   6    26 0.297100 0.149538 0.000000
 450000   2   7    27 0.293500 0.024139 0.000000
 450000   2   8    28 0.296700 0.013614 0.000000
 450000   2   9    29 0.295000 0.127137 0.000000
 450000   3   0    30 0.240400 0.061701 0.000000
 450000   3   1    31 0.236300 0.046465 0.000000
 450000   3   2    32 0.239900 0.102502 0.000000
 450000   3   3    33 0.233100 0.056239 0.000000
 450000   3   4    34 0.238200 0.104619 0.000000
 450000   3   5    35 0.228500 0.004379 0.000000
 450000   3   6    36 0.242700 0.084893 0.000000
 450000   3   7    37 0.233900 0.092207 0.000000
 450000   3   8    38 0.239900 0.110591 0.000000
 450000   3   9    39 0.243300 0.089906 0.000000
 450000   4   0    40 0.279700 0.093171 0.000000
 450000   4   1    41 0.270100 0.090361 0.000000
 450000   4   2    42 0.277500 0.081982 0.000000
 450000   4   3    43 0.275500 0.127994 0.000000
 450000   4   4    44 0.271400 0.049038 0.000000
 450000   4   5    45 0.274700 0.067545 0.000000
 450000   4   6    46 0.274800 0.073075 0.000000
 450000   4   7    47 0.277100 0.087384 0.000000
 450000   4   8    48 0.277100 0.107743 0.000000
 450000   4   9    49 0.275500 0.100982 0.000000
 450000   5   0    50 0.190600 0.085389 0.000000
 450000   5   1    51 0.194900 0.083003 0.000000
 450000   5   2    52 0.189600 0.060807 0.000000
 450000   5   3    53 0.186100 0.073284 0.000000
 450000   5   4    54 0.188500 0.067045 0.000000
 450000   5   5    55 0.189300 0.076223 0.000000
 450000   5   6    56 0.195200 0.037775 0.000000
 450000   5   7    57 0.185500 0.061618 0.000000
 450000   5   8    58 0.193800 0.079080 0.000000
 450000   5   9    59 0.192800 0.082833 0.000000
 450000   6   0    60 0.300600 0.127268 0.000000
 450000   6   1    61 0.296100 0.132451 0.000000
 450000   6   2    62 0.290600 0.089142 0.000000
 450000   6   3    63 0.291800 0.089144 0.000000
 450000   6   4    64 0.295600 0.125629 0.000000
 450000   6   5    65 0.293600 0.057839 0.000000
 450000   6   6    66 0.295900 0.115844 0.000000
 450000   6   7    67 0.293300 0.126126 0.000000
 450000   6   8    68 0.293000 0.092872 0.000000
 450000   6   9    69 0.292700 0.105393 0.000000
 450000   7   0    70 0.234400 0.075906 0.000000
 450000   7   1    71 0.226200 0.001587 0.000000
 450000   7   2    72 0.229400 0.064211 0.000000
 450000   7   3    73 0.219700 0.043904 0.000000
 450000   7   4    74 0.228200 0.054462 0.000000
 450000   7   5    75 0.234200 0.063217 0.000000
 450000   7   6    76 0.229500 0.074152 0.000000
 450000   7   7    77 0.229200 0.056871 0.000000
 450000   7   8    78 0.224800 0.022269 0.000000
 450000   7   9    79 0.226100 0.075989 0.000000
 450000   8   0    80 0.242300 0.079764 0.000000
 450000   8   1    81 0.247400 0.069286 0.000000
 450000   8   2    82 0.238400 0.029792 0.000000
 450000   8   3    83 0.237600 0.026388 0.000000
 450000   8   4    84 0.242400 0.055523 0.000000
 450000   8   5    85 0.244800 0.097570 0.000000
 450000   8   6    86 0.245100 0.051505 0.000000
 450000   8   7    87 0.246600 0.088273 0.000000
 450000   8   8    88 0.252600 0.078695 0.000000
 450000   8   9    89 0.247400 0.046391 0.000000
 450000   9   0    90 0.119000 0.035639 0.000000
 450000   9   1    91 0.118600 0.059398 0.000000
 450000   9   2    92 0.115100 0.041305 0.000000
 450000   9   3    93 0.117500 0.025563 0.000000
 450000   9   4    94 0.120500 0.057333 0.000000
 450000   9   5    95 0.120400 0.041403 0.000000
 450000   9   6    96 0.125000 0.053516 0.000000
 450000   9   7    97 0.123100 0.063240 0.000000
 450000   9   8    98 0.121500 0.052686 0.000000
 450000   9   9    99 0.117000 0.061504 0.000000
