# Generation 18

0 0.0038
1 0.00587
2 0.008
3 0.01055
4 0.01525
5 0.02061
6 0.02211
7 0.02476
8 0.0287
9 0.03012
10 0.03596
11 0.0416
12 0.0445
13 0.05072
14 0.05536
15 0.0622
16 0.06514
17 0.06552
18 0.06888
19 0.07352
20 0.0776
21 0.07904
22 0.08683
23 0.08943
24 0.09384
25 0.09881
26 0.09976
27 0.10477
28 0.10766
29 0.11002
30 0.11367
31 0.11636
32 0.11945
33 0.1255
34 0.12705
35 0.13162
36 0.13591
37 0.13888
38 0.14371
39 0.14652
40 0.15069
41 0.15172
42 0.15566
43 0.16009
44 0.16138
45 0.16416
46 0.16673
47 0.16748
48 0.16829
49 0.17503
50 0.17645
51 0.17995
52 0.18121
53 0.18696
54 0.19178
55 0.19231
56 0.19549
57 0.19799
58 0.19997
59 0.20274
60 0.20621
61 0.21045
62 0.21437
63 0.21683
64 0.22073
65 0.22539
66 0.22659
67 0.23123
68 0.23184
69 0.23617
70 0.23979
71 0.24068
72 0.24136
73 0.24312
74 0.24562
75 0.25023
76 0.25499
77 0.25661
78 0.25849
79 0.26331
80 0.26373
81 0.26584
82 0.27188
83 0.27794
84 0.28067
85 0.28374
86 0.28408
87 0.28821
88 0.29028
89 0.29285
90 0.29712
91 0.29881
92 0.30371
93 0.30702
94 0.31333
95 0.31355
96 0.31809
97 0.32183
98 0.32503
99 0.32707
100 0.32937
101 0.33654
102 0.34195
103 0.34461
104 0.34676
105 0.35074
106 0.35216
107 0.35328
108 0.3561
109 0.36105
110 0.36352
111 0.36585
112 0.37269
113 0.37355
114 0.38053
115 0.38473
116 0.38783
117 0.39016
118 0.39308
119 0.39725
120 0.39846
121 0.40286
122 0.40324
123 0.40557
124 0.40746
125 0.4131
126 0.41514
127 0.41675
128 0.41798
129 0.42216
130 0.42338
131 0.42554
132 0.42969
133 0.43736
134 0.43912
135 0.44325
136 0.4457
137 0.44744
138 0.45037
139 0.45623
140 0.4604
141 0.46115
142 0.46432
143 0.46529
144 0.46738
145 0.47046
146 0.4764
147 0.47866
148 0.48021
149 0.48412
150 0.48723
151 0.48958
152 0.49252
153 0.49473
154 0.50053
155 0.50606
156 0.50865
157 0.51444
158 0.52069
159 0.52659
160 0.52982
161 0.53629
162 0.54311
163 0.54564
164 0.54861
165 0.5535
166 0.56045
167 0.56404
168 0.56556
169 0.56797
170 0.56905
171 0.57223
172 0.57423
173 0.57596
174 0.58012
175 0.58388
176 0.58628
177 0.59015
178 0.59171
179 0.59735
180 0.6034
181 0.61023
182 0.61238
183 0.61615
184 0.61911
185 0.625
186 0.63065
187 0.63234
188 0.63461
189 0.63691
190 0.63745
191 0.64029
192 0.64442
193 0.64859
194 0.65346
195 0.65704
196 0.66053
197 0.66396
198 0.66696
199 0.66936
200 0.6749
201 0.67799
202 0.67971
203 0.68176
204 0.68609
205 0.69326
206 0.69799
207 0.69927
208 0.70311
209 0.70477
210 0.70895
211 0.71235
212 0.7158
213 0.72276
214 0.72594
215 0.72816
216 0.73065
217 0.73636
218 0.74247
219 0.7459
220 0.7494
221 0.75034
222 0.75434
223 0.76086
224 0.76405
225 0.76999
226 0.77345
227 0.77833
228 0.78499
229 0.78594
230 0.79032
231 0.79357
232 0.79429
233 0.79736
234 0.80401
235 0.80428
236 0.80621
237 0.81142
238 0.81286
239 0.8148
240 0.81583
241 0.81983
242 0.82575
243 0.83068
244 0.83566
245 0.83944
246 0.84275
247 0.84636
248 0.84815
249 0.85066
250 0.85211
251 0.86051
252 0.86349
253 0.86575
254 0.86736
255 0.87037
256 0.87907
257 0.88044
258 0.88282
259 0.88514
260 0.89381
261 0.89722
262 0.90266
263 0.90515
264 0.90663
265 0.91013
266 0.91491
267 0.91795
268 0.92
269 0.92555
270 0.92892
271 0.93305
272 0.93556
273 0.93664
274 0.94095
275 0.94157
276 0.94958
277 0.95224
278 0.95585
279 0.95947
280 0.9628
281 0.96601
282 0.97248
283 0.97639
284 0.97909
285 0.98466
286 0.98639
287 0.99043
288 0.9928
289 0.99607
290 0.9982
291 1.0001
# Generated pool n. 18 for Umax = -14.542542457580566
# Generated a biased pool of 100000 with an acceptance of 0.7571815848350525
# Generated a pool of 100000 with an acceptance of 0.017124999999999994
# Generation repeated 292 times
# Average relative effective sample size: 0.3576725125312805
# Generation efficiency: 0.003424657534246575
