# Generation 4

0 0.00089
1 0.00217
2 0.00304
3 0.00331
4 0.00521
5 0.00604
6 0.00721
7 0.00768
8 0.00853
9 0.00992
10 0.01088
11 0.01258
12 0.01344
13 0.01367
14 0.01502
15 0.0159
16 0.01702
17 0.01835
18 0.01905
19 0.02062
20 0.02208
21 0.02251
22 0.02305
23 0.02367
24 0.02433
25 0.02505
26 0.02591
27 0.02705
28 0.02826
29 0.0296
30 0.02983
31 0.03155
32 0.03289
33 0.03349
34 0.03507
35 0.03566
36 0.0367
37 0.03734
38 0.03859
39 0.03902
40 0.03963
41 0.04067
42 0.04108
43 0.04149
44 0.04182
45 0.04263
46 0.04361
47 0.04402
48 0.04561
49 0.04568
50 0.04611
51 0.04666
52 0.04807
53 0.04959
54 0.05089
55 0.05186
56 0.05227
57 0.05255
58 0.05372
59 0.05427
60 0.05454
61 0.05483
62 0.0554
63 0.05698
64 0.05867
65 0.0596
66 0.06049
67 0.06202
68 0.06263
69 0.06289
70 0.06373
71 0.06517
72 0.06611
73 0.06702
74 0.06725
75 0.06796
76 0.06834
77 0.06896
78 0.06975
79 0.07023
80 0.07053
81 0.07131
82 0.07187
83 0.0731
84 0.07434
85 0.07492
86 0.07517
87 0.07583
88 0.07652
89 0.07735
90 0.0782
91 0.07851
92 0.08007
93 0.08105
94 0.08152
95 0.08232
96 0.08323
97 0.08534
98 0.08634
99 0.0866
100 0.08744
101 0.08848
102 0.08947
103 0.09094
104 0.09166
105 0.09202
106 0.09281
107 0.0932
108 0.09384
109 0.09509
110 0.09598
111 0.09674
112 0.0969
113 0.09752
114 0.09924
115 0.1
116 0.10098
117 0.10273
118 0.10317
119 0.10391
120 0.10431
121 0.10534
122 0.10546
123 0.10579
124 0.10696
125 0.10791
126 0.10828
127 0.10881
128 0.11029
129 0.1113
130 0.11263
131 0.11377
132 0.1147
133 0.11492
134 0.11553
135 0.11703
136 0.11875
137 0.11959
138 0.12027
139 0.1209
140 0.12153
141 0.1221
142 0.12298
143 0.12363
144 0.12428
145 0.12585
146 0.12642
147 0.12753
148 0.12772
149 0.1279
150 0.12821
151 0.12914
152 0.13027
153 0.13143
154 0.13218
155 0.13279
156 0.13461
157 0.13545
158 0.1359
159 0.13682
160 0.13783
161 0.13827
162 0.13879
163 0.13945
164 0.14056
165 0.14114
166 0.14158
167 0.14279
168 0.14362
169 0.14408
170 0.1445
171 0.14496
172 0.1458
173 0.14602
174 0.14746
175 0.14862
176 0.14967
177 0.15054
178 0.15089
179 0.15128
180 0.15245
181 0.15402
182 0.15522
183 0.15585
184 0.15601
185 0.15629
186 0.15643
187 0.15673
188 0.15735
189 0.15881
190 0.16043
191 0.16189
192 0.1631
193 0.16363
194 0.16455
195 0.16586
196 0.16644
197 0.16717
198 0.16847
199 0.16866
200 0.16991
201 0.17031
202 0.17106
203 0.17171
204 0.1722
205 0.17296
206 0.17343
207 0.17399
208 0.1747
209 0.17539
210 0.17583
211 0.17745
212 0.17926
213 0.18027
214 0.18052
215 0.18077
216 0.18084
217 0.18214
218 0.18293
219 0.18381
220 0.18403
221 0.18485
222 0.18518
223 0.18594
224 0.18657
225 0.18808
226 0.18961
227 0.18985
228 0.19128
229 0.19196
230 0.192
231 0.19323
232 0.19373
233 0.19444
234 0.19558
235 0.19597
236 0.19653
237 0.19734
238 0.19784
239 0.19875
240 0.19949
241 0.20075
242 0.20138
243 0.20223
244 0.20294
245 0.20481
246 0.20531
247 0.20568
248 0.20614
249 0.20763
250 0.208
251 0.20884
252 0.21077
253 0.21192
254 0.21259
255 0.2137
256 0.21471
257 0.21555
258 0.21617
259 0.21782
260 0.21898
261 0.21942
262 0.21986
263 0.22154
264 0.22303
265 0.22399
266 0.22475
267 0.22609
268 0.22651
269 0.22706
270 0.22804
271 0.22863
272 0.22895
273 0.22942
274 0.23168
275 0.23219
276 0.23386
277 0.23437
278 0.23463
279 0.23538
280 0.23638
281 0.23739
282 0.23837
283 0.2392
284 0.23937
285 0.24026
286 0.24189
287 0.24231
288 0.24336
289 0.24379
290 0.24464
291 0.24684
292 0.24816
293 0.24889
294 0.24936
295 0.24951
296 0.25035
297 0.25117
298 0.2521
299 0.25338
300 0.25361
301 0.25483
302 0.25515
303 0.25576
304 0.25724
305 0.2577
306 0.25846
307 0.25893
308 0.26018
309 0.26075
310 0.26222
311 0.2628
312 0.26397
313 0.26483
314 0.26566
315 0.26603
316 0.26688
317 0.26808
318 0.2692
319 0.27055
320 0.27098
321 0.27274
322 0.27288
323 0.27417
324 0.27487
325 0.27571
326 0.27627
327 0.27672
328 0.27719
329 0.27839
330 0.27877
331 0.28022
332 0.28122
333 0.28172
334 0.28205
335 0.28391
336 0.28517
337 0.28607
338 0.28749
339 0.28839
340 0.28881
341 0.28907
342 0.28982
343 0.29112
344 0.2919
345 0.2926
346 0.29272
347 0.29441
348 0.29531
349 0.29642
350 0.29837
351 0.29903
352 0.30001
353 0.30144
354 0.30212
355 0.30268
356 0.30376
357 0.30594
358 0.30751
359 0.30833
360 0.30886
361 0.30979
362 0.3114
363 0.31308
364 0.31374
365 0.31482
366 0.31544
367 0.31602
368 0.3163
369 0.31718
370 0.3181
371 0.31886
372 0.32032
373 0.32059
374 0.32114
375 0.3223
376 0.32342
377 0.32355
378 0.32435
379 0.32523
380 0.32584
381 0.32675
382 0.32782
383 0.32916
384 0.33104
385 0.33227
386 0.3331
387 0.33428
388 0.33516
389 0.3359
390 0.33649
391 0.33826
392 0.33854
393 0.33937
394 0.33989
395 0.34037
396 0.34295
397 0.34373
398 0.34565
399 0.34677
400 0.34784
401 0.34913
402 0.35012
403 0.35146
404 0.35187
405 0.35219
406 0.35287
407 0.35421
408 0.3549
409 0.35617
410 0.3569
411 0.35757
412 0.35936
413 0.35979
414 0.36105
415 0.36178
416 0.36254
417 0.36292
418 0.36353
419 0.36476
420 0.36652
421 0.36743
422 0.36854
423 0.36956
424 0.37015
425 0.37131
426 0.37196
427 0.37343
428 0.37447
429 0.37542
430 0.37659
431 0.37732
432 0.37784
433 0.37836
434 0.37912
435 0.38115
436 0.38171
437 0.38257
438 0.38362
439 0.38421
440 0.38529
441 0.38589
442 0.38686
443 0.38809
444 0.38922
445 0.39055
446 0.39092
447 0.39123
448 0.39222
449 0.39332
450 0.39446
451 0.39587
452 0.39666
453 0.39799
454 0.39908
455 0.40039
456 0.4009
457 0.40152
458 0.40241
459 0.40307
460 0.4036
461 0.40392
462 0.40453
463 0.40538
464 0.40745
465 0.40793
466 0.40884
467 0.40982
468 0.41126
469 0.41141
470 0.41225
471 0.41343
472 0.41394
473 0.41527
474 0.41636
475 0.41769
476 0.41826
477 0.41884
478 0.41936
479 0.42034
480 0.42096
481 0.42263
482 0.4233
483 0.42431
484 0.42462
485 0.42511
486 0.42568
487 0.4273
488 0.42821
489 0.42898
490 0.42994
491 0.43185
492 0.43215
493 0.43286
494 0.43354
495 0.43476
496 0.43554
497 0.43595
498 0.43779
499 0.4392
500 0.44018
501 0.44046
502 0.44162
503 0.4419
504 0.44327
505 0.44379
506 0.44425
507 0.4446
508 0.44548
509 0.44589
510 0.44647
511 0.44766
512 0.44979
513 0.45062
514 0.45097
515 0.45301
516 0.45541
517 0.45721
518 0.45733
519 0.45845
520 0.45911
521 0.45948
522 0.46094
523 0.46226
524 0.46262
525 0.46346
526 0.46452
527 0.46488
528 0.46667
529 0.46768
530 0.46792
531 0.46895
532 0.46992
533 0.47106
534 0.47274
535 0.47314
536 0.47492
537 0.47594
538 0.47752
539 0.47837
540 0.47877
541 0.48067
542 0.48135
543 0.48198
544 0.48333
545 0.48419
546 0.4847
547 0.48549
548 0.4868
549 0.4883
550 0.4891
551 0.49033
552 0.49059
553 0.49073
554 0.49127
555 0.49195
556 0.49308
557 0.49438
558 0.4951
559 0.49591
560 0.4973
561 0.49806
562 0.49929
563 0.50014
564 0.50022
565 0.50095
566 0.50144
567 0.50195
568 0.50262
569 0.50374
570 0.5048
571 0.50576
572 0.50639
573 0.50749
574 0.50877
575 0.50962
576 0.51016
577 0.51163
578 0.51258
579 0.51377
580 0.5152
581 0.51624
582 0.51737
583 0.51834
584 0.52035
585 0.52109
586 0.52247
587 0.52355
588 0.52503
589 0.52552
590 0.52578
591 0.52645
592 0.52778
593 0.52885
594 0.52945
595 0.53094
596 0.53138
597 0.5325
598 0.53275
599 0.53425
600 0.53538
601 0.53611
602 0.53632
603 0.53754
604 0.53828
605 0.53943
606 0.53968
607 0.53985
608 0.54086
609 0.54199
610 0.54278
611 0.54407
612 0.54508
613 0.54563
614 0.54591
615 0.54745
616 0.5485
617 0.54935
618 0.54983
619 0.55142
620 0.55272
621 0.55389
622 0.55515
623 0.55554
624 0.55626
625 0.55814
626 0.55933
627 0.55978
628 0.56075
629 0.56129
630 0.56232
631 0.56304
632 0.56428
633 0.56506
634 0.56621
635 0.56701
636 0.5676
637 0.56891
638 0.57059
639 0.57127
640 0.57218
641 0.57272
642 0.57455
643 0.57563
644 0.57688
645 0.57795
646 0.57875
647 0.58017
648 0.58062
649 0.58083
650 0.58166
651 0.58172
652 0.58286
653 0.58405
654 0.5856
655 0.58696
656 0.58852
657 0.59011
658 0.59056
659 0.59096
660 0.59117
661 0.59181
662 0.59212
663 0.59278
664 0.59345
665 0.59534
666 0.59591
667 0.59621
668 0.59674
669 0.59836
670 0.59917
671 0.59922
672 0.59983
673 0.60158
674 0.60227
675 0.60327
676 0.60389
677 0.60426
678 0.60536
679 0.60573
680 0.60627
681 0.60794
682 0.60866
683 0.60963
684 0.60986
685 0.61072
686 0.61122
687 0.61182
688 0.61314
689 0.61324
690 0.61379
691 0.61426
692 0.61494
693 0.61538
694 0.61648
695 0.61669
696 0.61727
697 0.61793
698 0.61813
699 0.61953
700 0.61973
701 0.61998
702 0.62023
703 0.62145
704 0.623
705 0.62441
706 0.62561
707 0.62753
708 0.62803
709 0.62866
710 0.6289
711 0.63037
712 0.63155
713 0.63191
714 0.63325
715 0.63449
716 0.63537
717 0.63656
718 0.63691
719 0.63788
720 0.63896
721 0.63994
722 0.6403
723 0.64102
724 0.6424
725 0.64342
726 0.64416
727 0.64481
728 0.64628
729 0.64749
730 0.64834
731 0.6491
732 0.64918
733 0.6494
734 0.65082
735 0.65142
736 0.65241
737 0.65301
738 0.65369
739 0.65473
740 0.65513
741 0.65643
742 0.65751
743 0.65925
744 0.66036
745 0.66082
746 0.66227
747 0.66308
748 0.66347
749 0.66446
750 0.66625
751 0.66728
752 0.66808
753 0.66886
754 0.66986
755 0.67045
756 0.67114
757 0.67223
758 0.67233
759 0.67321
760 0.67409
761 0.67562
762 0.67619
763 0.6775
764 0.67886
765 0.67954
766 0.68107
767 0.68194
768 0.6825
769 0.68312
770 0.68504
771 0.68556
772 0.68601
773 0.68671
774 0.68717
775 0.68894
776 0.68967
777 0.69151
778 0.69212
779 0.69332
780 0.69387
781 0.69558
782 0.69657
783 0.6981
784 0.6988
785 0.69959
786 0.70021
787 0.70125
788 0.70243
789 0.704
790 0.70555
791 0.7064
792 0.70722
793 0.70764
794 0.70795
795 0.70875
796 0.71033
797 0.71091
798 0.71186
799 0.71266
800 0.71375
801 0.71445
802 0.71572
803 0.71649
804 0.71739
805 0.7189
806 0.71938
807 0.72089
808 0.72176
809 0.72202
810 0.72255
811 0.72307
812 0.72362
813 0.72462
814 0.72486
815 0.72541
816 0.7278
817 0.72832
818 0.72961
819 0.73028
820 0.731
821 0.73175
822 0.73245
823 0.73346
824 0.7341
825 0.73472
826 0.73529
827 0.73649
828 0.73735
829 0.73825
830 0.73857
831 0.73923
832 0.74076
833 0.74144
834 0.74237
835 0.74345
836 0.74461
837 0.74669
838 0.74685
839 0.74812
840 0.74858
841 0.75011
842 0.75092
843 0.75099
844 0.75131
845 0.75165
846 0.75211
847 0.75228
848 0.75295
849 0.75379
850 0.75442
851 0.7551
852 0.75575
853 0.75771
854 0.75845
855 0.75933
856 0.75979
857 0.76032
858 0.76079
859 0.76093
860 0.76162
861 0.76191
862 0.76231
863 0.76302
864 0.76375
865 0.76423
866 0.76647
867 0.7672
868 0.76853
869 0.76899
870 0.76993
871 0.77154
872 0.77285
873 0.77332
874 0.7742
875 0.77461
876 0.7754
877 0.77628
878 0.7766
879 0.77868
880 0.77874
881 0.77887
882 0.77985
883 0.78049
884 0.7822
885 0.78261
886 0.78474
887 0.78496
888 0.78538
889 0.78613
890 0.78732
891 0.78751
892 0.78919
893 0.78975
894 0.79161
895 0.79218
896 0.79305
897 0.79357
898 0.79425
899 0.79542
900 0.7969
901 0.79821
902 0.79848
903 0.79935
904 0.80098
905 0.80211
906 0.80249
907 0.8051
908 0.80589
909 0.80739
910 0.8092
911 0.8108
912 0.81221
913 0.81295
914 0.81389
915 0.81549
916 0.81558
917 0.81593
918 0.81695
919 0.81899
920 0.81994
921 0.82059
922 0.8211
923 0.82124
924 0.82159
925 0.82437
926 0.82579
927 0.82753
928 0.82792
929 0.82959
930 0.83104
931 0.83162
932 0.83284
933 0.83461
934 0.83523
935 0.83662
936 0.83753
937 0.83839
938 0.83946
939 0.84071
940 0.84145
941 0.8422
942 0.84266
943 0.84311
944 0.84324
945 0.84481
946 0.84591
947 0.84684
948 0.84756
949 0.84824
950 0.84905
951 0.85032
952 0.85119
953 0.85263
954 0.85422
955 0.85507
956 0.85589
957 0.85716
958 0.85729
959 0.85807
960 0.85901
961 0.86003
962 0.8611
963 0.86125
964 0.86168
965 0.8628
966 0.86313
967 0.86336
968 0.86422
969 0.86494
970 0.86677
971 0.86727
972 0.86854
973 0.86899
974 0.86969
975 0.87015
976 0.87127
977 0.87199
978 0.87219
979 0.87292
980 0.87324
981 0.87426
982 0.87494
983 0.87526
984 0.8761
985 0.87738
986 0.87862
987 0.87916
988 0.87954
989 0.87986
990 0.88083
991 0.88145
992 0.88289
993 0.88427
994 0.88536
995 0.88708
996 0.88736
997 0.8883
998 0.88956
999 0.8901
1000 0.89108
1001 0.89114
1002 0.89214
1003 0.89228
1004 0.89271
1005 0.89364
1006 0.89411
1007 0.89534
1008 0.89593
1009 0.89666
1010 0.89737
1011 0.89799
1012 0.89907
1013 0.89987
1014 0.90158
1015 0.90327
1016 0.90396
1017 0.90455
1018 0.90493
1019 0.90565
1020 0.90674
1021 0.9069
1022 0.90785
1023 0.90845
1024 0.90909
1025 0.91001
1026 0.91131
1027 0.91208
1028 0.91287
1029 0.91517
1030 0.91692
1031 0.91733
1032 0.91751
1033 0.91821
1034 0.91926
1035 0.91961
1036 0.92039
1037 0.92123
1038 0.92207
1039 0.92253
1040 0.92292
1041 0.92358
1042 0.92517
1043 0.92582
1044 0.92627
1045 0.92755
1046 0.92888
1047 0.9296
1048 0.93058
1049 0.93208
1050 0.93321
1051 0.9336
1052 0.93457
1053 0.93498
1054 0.93587
1055 0.93637
1056 0.93725
1057 0.9374
1058 0.93835
1059 0.93971
1060 0.94053
1061 0.94151
1062 0.94231
1063 0.94348
1064 0.94445
1065 0.94498
1066 0.94544
1067 0.94656
1068 0.94787
1069 0.94827
1070 0.94888
1071 0.95021
1072 0.95031
1073 0.95135
1074 0.9517
1075 0.95212
1076 0.95271
1077 0.95395
1078 0.95471
1079 0.9556
1080 0.95648
1081 0.95661
1082 0.95702
1083 0.95808
1084 0.95829
1085 0.9584
1086 0.95928
1087 0.96086
1088 0.96185
1089 0.96332
1090 0.96441
1091 0.9648
1092 0.96615
1093 0.96765
1094 0.96879
1095 0.96955
1096 0.96997
1097 0.97069
1098 0.97188
1099 0.97282
1100 0.97323
1101 0.97424
1102 0.97475
1103 0.97586
1104 0.97674
1105 0.97756
1106 0.97795
1107 0.97844
1108 0.97851
1109 0.97943
1110 0.98028
1111 0.98143
1112 0.98291
1113 0.98375
1114 0.9848
1115 0.98578
1116 0.98642
1117 0.98795
1118 0.98823
1119 0.98905
1120 0.98977
1121 0.99068
1122 0.99155
1123 0.99232
1124 0.99288
1125 0.99403
1126 0.99453
1127 0.99595
1128 0.99673
1129 0.99808
1130 0.99877
1131 0.99941
1132 1.00007
# Generated pool n. 4 for Umax = 175.34617614746094
# Generated a biased pool of 100000 with an acceptance of 0.359963983297348
# Generated a pool of 100000 with an acceptance of 0.0044133715798764335
# Generation repeated 1133 times
# Average relative effective sample size: 0.060233309864997864
# Generation efficiency: 0.00088261253309797
