# Generation 13

0 0.00271
1 0.00739
2 0.00881
3 0.01043
4 0.01224
5 0.01393
6 0.01656
7 0.01975
8 0.02577
9 0.03075
10 0.03174
11 0.03284
12 0.03522
13 0.03771
14 0.04057
15 0.04122
16 0.04258
17 0.04356
18 0.0488
19 0.05326
20 0.05466
21 0.05764
22 0.05813
23 0.06089
24 0.06308
25 0.06602
26 0.06786
27 0.07108
28 0.07666
29 0.0789
30 0.08177
31 0.08494
32 0.08606
33 0.08698
34 0.08823
35 0.0906
36 0.09372
37 0.09513
38 0.09707
39 0.10011
40 0.10207
41 0.10325
42 0.10581
43 0.10724
44 0.10732
45 0.10895
46 0.11129
47 0.11598
48 0.11868
49 0.12047
50 0.12771
51 0.12818
52 0.13018
53 0.13189
54 0.13254
55 0.13672
56 0.13991
57 0.14209
58 0.14459
59 0.14589
60 0.14971
61 0.15085
62 0.1553
63 0.15559
64 0.15701
65 0.15859
66 0.16105
67 0.16456
68 0.16998
69 0.17138
70 0.17325
71 0.17417
72 0.17668
73 0.17994
74 0.18409
75 0.18537
76 0.18817
77 0.19106
78 0.19514
79 0.19934
80 0.20081
81 0.20526
82 0.20601
83 0.21195
84 0.21364
85 0.21633
86 0.21655
87 0.21917
88 0.22208
89 0.22605
90 0.22893
91 0.23048
92 0.23157
93 0.23279
94 0.23399
95 0.2373
96 0.24291
97 0.24501
98 0.25039
99 0.25166
100 0.25201
101 0.25233
102 0.25521
103 0.25884
104 0.26131
105 0.26478
106 0.26644
107 0.26992
108 0.27291
109 0.27693
110 0.27981
111 0.28061
112 0.28178
113 0.28432
114 0.28584
115 0.2885
116 0.29267
117 0.29451
118 0.29632
119 0.29893
120 0.30143
121 0.30377
122 0.30572
123 0.30677
124 0.30982
125 0.31329
126 0.31696
127 0.32041
128 0.32511
129 0.32887
130 0.32988
131 0.33113
132 0.33713
133 0.33933
134 0.34397
135 0.34534
136 0.34576
137 0.34905
138 0.35144
139 0.35319
140 0.35894
141 0.36168
142 0.36309
143 0.36656
144 0.36895
145 0.37142
146 0.37378
147 0.37488
148 0.37796
149 0.37916
150 0.38189
151 0.38392
152 0.38695
153 0.39071
154 0.39133
155 0.39359
156 0.39769
157 0.39874
158 0.40117
159 0.4038
160 0.40755
161 0.41022
162 0.41215
163 0.41395
164 0.41707
165 0.41954
166 0.42121
167 0.42197
168 0.42264
169 0.42611
170 0.42806
171 0.42856
172 0.4295
173 0.43149
174 0.43528
175 0.43867
176 0.44092
177 0.44189
178 0.44354
179 0.44575
180 0.44893
181 0.44934
182 0.45494
183 0.45655
184 0.46328
185 0.46504
186 0.46678
187 0.46959
188 0.47259
189 0.47372
190 0.47638
191 0.47786
192 0.48072
193 0.48617
194 0.48771
195 0.48859
196 0.49181
197 0.49473
198 0.49876
199 0.49966
200 0.50091
201 0.50636
202 0.50853
203 0.51128
204 0.51434
205 0.51674
206 0.51823
207 0.5204
208 0.52225
209 0.52343
210 0.52608
211 0.53115
212 0.53504
213 0.53792
214 0.54099
215 0.54263
216 0.54341
217 0.54605
218 0.54926
219 0.5502
220 0.55281
221 0.55378
222 0.55429
223 0.55598
224 0.55716
225 0.56259
226 0.56263
227 0.56389
228 0.56658
229 0.56894
230 0.57316
231 0.5751
232 0.57746
233 0.57903
234 0.58106
235 0.58408
236 0.58732
237 0.58853
238 0.58941
239 0.59068
240 0.59101
241 0.59481
242 0.59619
243 0.59902
244 0.59952
245 0.60196
246 0.60394
247 0.60423
248 0.60865
249 0.60978
250 0.6107
251 0.61311
252 0.61704
253 0.62255
254 0.62441
255 0.62573
256 0.62943
257 0.63076
258 0.63157
259 0.63505
260 0.63639
261 0.63695
262 0.6378
263 0.64206
264 0.64447
265 0.64802
266 0.65061
267 0.65382
268 0.65693
269 0.65961
270 0.66221
271 0.66307
272 0.66644
273 0.6687
274 0.67012
275 0.672
276 0.67502
277 0.67735
278 0.68074
279 0.68199
280 0.68562
281 0.6869
282 0.68791
283 0.69066
284 0.69164
285 0.69188
286 0.69334
287 0.69543
288 0.69995
289 0.70097
290 0.70176
291 0.70529
292 0.70729
293 0.70836
294 0.70909
295 0.71287
296 0.71654
297 0.71714
298 0.71927
299 0.72422
300 0.72579
301 0.72991
302 0.73103
303 0.73196
304 0.73619
305 0.7405
306 0.74074
307 0.74399
308 0.74617
309 0.74675
310 0.74894
311 0.75089
312 0.75362
313 0.75455
314 0.75759
315 0.76021
316 0.76463
317 0.76681
318 0.76734
319 0.77056
320 0.77309
321 0.77466
322 0.77824
323 0.78047
324 0.7848
325 0.78517
326 0.78891
327 0.78893
328 0.7926
329 0.79457
330 0.79892
331 0.80345
332 0.80533
333 0.80786
334 0.80849
335 0.81173
336 0.81418
337 0.81839
338 0.82277
339 0.82394
340 0.82553
341 0.82855
342 0.83062
343 0.8349
344 0.83722
345 0.83966
346 0.84155
347 0.845
348 0.8476
349 0.85305
350 0.85515
351 0.8576
352 0.85861
353 0.85942
354 0.86057
355 0.86132
356 0.86455
357 0.86571
358 0.86928
359 0.87136
360 0.87471
361 0.87873
362 0.88217
363 0.88231
364 0.88334
365 0.88804
366 0.88928
367 0.89266
368 0.89486
369 0.89512
370 0.90004
371 0.90397
372 0.90515
373 0.90544
374 0.90976
375 0.91191
376 0.91309
377 0.91779
378 0.91832
379 0.92194
380 0.92399
381 0.92463
382 0.92603
383 0.92854
384 0.9356
385 0.93948
386 0.94286
387 0.94342
388 0.94605
389 0.95045
390 0.95355
391 0.95618
392 0.95999
393 0.96152
394 0.96405
395 0.96692
396 0.97146
397 0.97162
398 0.97261
399 0.97709
400 0.97844
401 0.98103
402 0.98218
403 0.98398
404 0.98548
405 0.98933
406 0.99386
407 0.99549
408 0.9975
409 0.99973
410 1.004
# Generated pool n. 13 for Umax = -12.463384628295898
# Generated a biased pool of 100000 with an acceptance of 0.6960600018501282
# Generated a pool of 100000 with an acceptance of 0.012214111922141118
# Generation repeated 411 times
# Average relative effective sample size: 0.2616097927093506
# Generation efficiency: 0.0024330900243309003
