# Generation 9

0 0.00072
1 0.0011
2 0.00134
3 0.00175
4 0.0035
5 0.00361
6 0.00414
7 0.0043
8 0.0049
9 0.00548
10 0.00707
11 0.00809
12 0.00836
13 0.00905
14 0.00993
15 0.01083
16 0.01184
17 0.01233
18 0.01275
19 0.01282
20 0.01465
21 0.01485
22 0.01587
23 0.01785
24 0.01817
25 0.01932
26 0.01971
27 0.02064
28 0.02148
29 0.02291
30 0.02357
31 0.02436
32 0.02486
33 0.02665
34 0.02777
35 0.02973
36 0.03062
37 0.03158
38 0.03327
39 0.03413
40 0.03459
41 0.03666
42 0.03708
43 0.0376
44 0.03872
45 0.03935
46 0.03956
47 0.03987
48 0.04023
49 0.04065
50 0.04301
51 0.0438
52 0.04532
53 0.04657
54 0.04879
55 0.04958
56 0.05051
57 0.0509
58 0.05129
59 0.05293
60 0.05411
61 0.0557
62 0.05669
63 0.05709
64 0.05774
65 0.05829
66 0.05875
67 0.05966
68 0.06067
69 0.06089
70 0.06214
71 0.06242
72 0.06282
73 0.06317
74 0.06384
75 0.06409
76 0.0654
77 0.06636
78 0.06684
79 0.06735
80 0.06859
81 0.06934
82 0.07028
83 0.07222
84 0.07307
85 0.07353
86 0.07382
87 0.07421
88 0.07517
89 0.07657
90 0.07738
91 0.07784
92 0.07827
93 0.07938
94 0.08015
95 0.08138
96 0.08143
97 0.08192
98 0.08285
99 0.08333
100 0.08436
101 0.08504
102 0.08566
103 0.08659
104 0.08774
105 0.0886
106 0.0889
107 0.0896
108 0.0904
109 0.09124
110 0.09275
111 0.09312
112 0.09384
113 0.09465
114 0.09523
115 0.09739
116 0.09853
117 0.09908
118 0.09998
119 0.10083
120 0.10189
121 0.10294
122 0.10368
123 0.10514
124 0.10618
125 0.10691
126 0.10815
127 0.1088
128 0.11015
129 0.11034
130 0.11138
131 0.11144
132 0.11155
133 0.1125
134 0.11307
135 0.11523
136 0.11552
137 0.11636
138 0.11742
139 0.11929
140 0.12062
141 0.12085
142 0.12142
143 0.12207
144 0.12228
145 0.12327
146 0.12439
147 0.12514
148 0.12608
149 0.12661
150 0.12741
151 0.12825
152 0.12949
153 0.13105
154 0.13121
155 0.13141
156 0.13239
157 0.13324
158 0.13387
159 0.13554
160 0.13692
161 0.13759
162 0.13875
163 0.13983
164 0.14047
165 0.14128
166 0.14166
167 0.1427
168 0.14361
169 0.14395
170 0.14521
171 0.14523
172 0.14581
173 0.14654
174 0.14715
175 0.1485
176 0.14967
177 0.15044
178 0.15146
179 0.15345
180 0.15436
181 0.15538
182 0.15581
183 0.15636
184 0.15643
185 0.15719
186 0.15837
187 0.15865
188 0.16026
189 0.16187
190 0.16208
191 0.16353
192 0.16487
193 0.16579
194 0.16695
195 0.1677
196 0.16855
197 0.17072
198 0.17147
199 0.17252
200 0.17461
201 0.17542
202 0.17594
203 0.17617
204 0.17678
205 0.17701
206 0.17741
207 0.17785
208 0.17816
209 0.17859
210 0.17874
211 0.17945
212 0.1811
213 0.18176
214 0.18225
215 0.18397
216 0.18429
217 0.18472
218 0.1862
219 0.18676
220 0.18707
221 0.18797
222 0.18871
223 0.18892
224 0.18941
225 0.18974
226 0.19016
227 0.19083
228 0.19244
229 0.19385
230 0.1949
231 0.19603
232 0.19673
233 0.19727
234 0.19801
235 0.1983
236 0.20004
237 0.20165
238 0.20241
239 0.2032
240 0.20519
241 0.20552
242 0.20606
243 0.20795
244 0.20868
245 0.2093
246 0.21018
247 0.21182
248 0.21305
249 0.21419
250 0.21496
251 0.21618
252 0.21744
253 0.21835
254 0.21959
255 0.22021
256 0.22206
257 0.2233
258 0.22412
259 0.22459
260 0.22634
261 0.22641
262 0.22669
263 0.22849
264 0.22936
265 0.23108
266 0.23186
267 0.23208
268 0.23279
269 0.23291
270 0.23403
271 0.23593
272 0.23742
273 0.238
274 0.23963
275 0.23997
276 0.24121
277 0.24256
278 0.24295
279 0.24344
280 0.24463
281 0.24662
282 0.24784
283 0.24851
284 0.24908
285 0.24984
286 0.25114
287 0.25254
288 0.25322
289 0.25518
290 0.25564
291 0.25679
292 0.25716
293 0.25781
294 0.25814
295 0.25875
296 0.2589
297 0.26014
298 0.2604
299 0.26181
300 0.26211
301 0.26401
302 0.26501
303 0.26635
304 0.2665
305 0.26656
306 0.26691
307 0.26792
308 0.26908
309 0.26982
310 0.27108
311 0.27154
312 0.27358
313 0.27371
314 0.27445
315 0.27487
316 0.27676
317 0.27793
318 0.27876
319 0.27905
320 0.28024
321 0.28094
322 0.28114
323 0.28286
324 0.28483
325 0.28547
326 0.28582
327 0.2866
328 0.28731
329 0.28765
330 0.28907
331 0.28927
332 0.29003
333 0.29025
334 0.29071
335 0.29176
336 0.29195
337 0.29303
338 0.29413
339 0.29525
340 0.29591
341 0.29701
342 0.29758
343 0.2979
344 0.29822
345 0.29901
346 0.29935
347 0.30044
348 0.30098
349 0.30281
350 0.3031
351 0.30322
352 0.30383
353 0.30473
354 0.30493
355 0.30584
356 0.30722
357 0.308
358 0.30846
359 0.30875
360 0.30969
361 0.31131
362 0.3126
363 0.31448
364 0.31494
365 0.31569
366 0.31615
367 0.31675
368 0.31766
369 0.31817
370 0.31832
371 0.31876
372 0.31951
373 0.3204
374 0.32107
375 0.32252
376 0.32271
377 0.32345
378 0.32371
379 0.32412
380 0.32519
381 0.32686
382 0.32719
383 0.32811
384 0.329
385 0.33
386 0.33082
387 0.33125
388 0.33223
389 0.33368
390 0.33458
391 0.33583
392 0.33647
393 0.33725
394 0.33778
395 0.33868
396 0.3396
397 0.34087
398 0.34122
399 0.34294
400 0.34369
401 0.34483
402 0.34517
403 0.34746
404 0.34803
405 0.34876
406 0.34898
407 0.35011
408 0.35158
409 0.35341
410 0.35439
411 0.35476
412 0.35538
413 0.35553
414 0.35611
415 0.35638
416 0.35764
417 0.35813
418 0.35851
419 0.35877
420 0.35905
421 0.35959
422 0.36041
423 0.36214
424 0.36236
425 0.36274
426 0.36526
427 0.36581
428 0.36833
429 0.36877
430 0.36939
431 0.37017
432 0.37105
433 0.37138
434 0.37178
435 0.37251
436 0.37317
437 0.37415
438 0.37502
439 0.37554
440 0.37651
441 0.37785
442 0.37831
443 0.37981
444 0.38049
445 0.38143
446 0.38246
447 0.38308
448 0.38366
449 0.3851
450 0.38601
451 0.38691
452 0.38724
453 0.39015
454 0.39117
455 0.39231
456 0.3925
457 0.39379
458 0.39517
459 0.39537
460 0.39639
461 0.39746
462 0.39814
463 0.39862
464 0.39875
465 0.40083
466 0.401
467 0.40272
468 0.40303
469 0.40362
470 0.40436
471 0.40506
472 0.40534
473 0.40645
474 0.40694
475 0.40735
476 0.408
477 0.40881
478 0.41043
479 0.41112
480 0.41167
481 0.41199
482 0.41338
483 0.41491
484 0.41518
485 0.41554
486 0.41585
487 0.41721
488 0.41886
489 0.41989
490 0.42101
491 0.42172
492 0.4224
493 0.42355
494 0.42361
495 0.42369
496 0.42426
497 0.42509
498 0.42521
499 0.42596
500 0.42735
501 0.42772
502 0.42891
503 0.42901
504 0.42967
505 0.43076
506 0.4329
507 0.43322
508 0.43503
509 0.43603
510 0.43654
511 0.43708
512 0.43765
513 0.43841
514 0.4386
515 0.43895
516 0.43948
517 0.44005
518 0.44108
519 0.4412
520 0.44319
521 0.44358
522 0.44481
523 0.44562
524 0.44717
525 0.44954
526 0.45097
527 0.45128
528 0.45192
529 0.45238
530 0.45283
531 0.45305
532 0.45477
533 0.45573
534 0.4573
535 0.4581
536 0.45886
537 0.45945
538 0.46156
539 0.46215
540 0.46354
541 0.46421
542 0.46472
543 0.46493
544 0.46625
545 0.46671
546 0.46682
547 0.4674
548 0.46787
549 0.46857
550 0.46911
551 0.46945
552 0.46953
553 0.47054
554 0.47167
555 0.47231
556 0.47284
557 0.47378
558 0.47507
559 0.4768
560 0.47862
561 0.47937
562 0.48107
563 0.48132
564 0.4823
565 0.4828
566 0.48287
567 0.48342
568 0.48352
569 0.48523
570 0.48583
571 0.48617
572 0.48697
573 0.48791
574 0.48888
575 0.4897
576 0.49027
577 0.49115
578 0.49213
579 0.49344
580 0.49443
581 0.49474
582 0.49517
583 0.49646
584 0.4966
585 0.49784
586 0.49961
587 0.49999
588 0.50122
589 0.50225
590 0.50277
591 0.50319
592 0.5049
593 0.50559
594 0.50645
595 0.50736
596 0.50854
597 0.50908
598 0.50954
599 0.51024
600 0.51093
601 0.51107
602 0.51204
603 0.51353
604 0.5149
605 0.51584
606 0.51763
607 0.51809
608 0.51932
609 0.52053
610 0.52274
611 0.52351
612 0.52428
613 0.52505
614 0.52735
615 0.52892
616 0.52969
617 0.53069
618 0.53162
619 0.53197
620 0.5328
621 0.53365
622 0.53492
623 0.53665
624 0.53684
625 0.53766
626 0.53879
627 0.53958
628 0.5397
629 0.5404
630 0.54076
631 0.54081
632 0.54233
633 0.54308
634 0.54386
635 0.54588
636 0.54662
637 0.54766
638 0.54789
639 0.54837
640 0.54884
641 0.54981
642 0.55082
643 0.55181
644 0.55315
645 0.55321
646 0.55402
647 0.55539
648 0.55603
649 0.55772
650 0.5588
651 0.55943
652 0.56114
653 0.56219
654 0.56297
655 0.56345
656 0.56386
657 0.5648
658 0.56574
659 0.56833
660 0.56917
661 0.56985
662 0.57052
663 0.57183
664 0.57239
665 0.57261
666 0.57282
667 0.57428
668 0.57502
669 0.57578
670 0.57733
671 0.57831
672 0.57907
673 0.57916
674 0.58099
675 0.58142
676 0.58253
677 0.58405
678 0.58442
679 0.5862
680 0.58686
681 0.58785
682 0.5881
683 0.58832
684 0.58949
685 0.58995
686 0.59096
687 0.5921
688 0.59319
689 0.59346
690 0.59455
691 0.59505
692 0.59667
693 0.59747
694 0.59914
695 0.60037
696 0.6012
697 0.60261
698 0.60294
699 0.60297
700 0.6039
701 0.6042
702 0.60506
703 0.60588
704 0.60616
705 0.60732
706 0.60785
707 0.60853
708 0.60886
709 0.60897
710 0.60953
711 0.60966
712 0.61066
713 0.61092
714 0.61181
715 0.61321
716 0.61364
717 0.61434
718 0.61455
719 0.61652
720 0.61806
721 0.61861
722 0.61976
723 0.62019
724 0.62145
725 0.62261
726 0.62359
727 0.62523
728 0.6263
729 0.62795
730 0.62884
731 0.62892
732 0.62911
733 0.63055
734 0.63103
735 0.63226
736 0.63355
737 0.63423
738 0.63539
739 0.63618
740 0.63644
741 0.63684
742 0.63732
743 0.63847
744 0.63975
745 0.64015
746 0.64036
747 0.64148
748 0.64196
749 0.6436
750 0.64402
751 0.64517
752 0.64561
753 0.646
754 0.64706
755 0.64877
756 0.64933
757 0.65031
758 0.65055
759 0.65159
760 0.65217
761 0.65385
762 0.65439
763 0.65585
764 0.65705
765 0.65729
766 0.65763
767 0.65804
768 0.65887
769 0.66042
770 0.66129
771 0.66216
772 0.66347
773 0.66353
774 0.66466
775 0.66528
776 0.66554
777 0.66603
778 0.66698
779 0.66772
780 0.66851
781 0.66879
782 0.67086
783 0.6714
784 0.67229
785 0.6726
786 0.67309
787 0.67318
788 0.67478
789 0.67607
790 0.67636
791 0.67927
792 0.68028
793 0.68115
794 0.68256
795 0.68395
796 0.68539
797 0.68555
798 0.686
799 0.68762
800 0.68818
801 0.68875
802 0.68955
803 0.69007
804 0.69066
805 0.69168
806 0.69249
807 0.69278
808 0.69367
809 0.69415
810 0.69472
811 0.69493
812 0.69636
813 0.69645
814 0.69698
815 0.69712
816 0.69775
817 0.69919
818 0.69975
819 0.70153
820 0.70248
821 0.7045
822 0.70497
823 0.70555
824 0.70657
825 0.70756
826 0.70859
827 0.71111
828 0.71194
829 0.71259
830 0.7127
831 0.71374
832 0.71503
833 0.71648
834 0.71663
835 0.71824
836 0.71912
837 0.71969
838 0.72133
839 0.72222
840 0.72255
841 0.72293
842 0.72318
843 0.7236
844 0.72434
845 0.72682
846 0.72696
847 0.72867
848 0.72882
849 0.73076
850 0.73227
851 0.73284
852 0.73442
853 0.73494
854 0.73577
855 0.73599
856 0.73608
857 0.73687
858 0.73866
859 0.73904
860 0.73936
861 0.74034
862 0.7409
863 0.7428
864 0.74378
865 0.74478
866 0.74639
867 0.74684
868 0.7472
869 0.74793
870 0.74841
871 0.74945
872 0.75116
873 0.75274
874 0.75329
875 0.75446
876 0.75502
877 0.75589
878 0.75708
879 0.75827
880 0.75898
881 0.75939
882 0.76053
883 0.76254
884 0.76379
885 0.76455
886 0.76526
887 0.76615
888 0.76642
889 0.76718
890 0.76804
891 0.76864
892 0.76947
893 0.76974
894 0.77085
895 0.77131
896 0.77166
897 0.77191
898 0.77268
899 0.77317
900 0.77322
901 0.77373
902 0.77436
903 0.77483
904 0.77535
905 0.77622
906 0.77651
907 0.7776
908 0.77795
909 0.77958
910 0.78014
911 0.78222
912 0.78329
913 0.78441
914 0.78662
915 0.78715
916 0.78813
917 0.78914
918 0.79016
919 0.79121
920 0.79229
921 0.79245
922 0.79325
923 0.79341
924 0.79358
925 0.79432
926 0.79468
927 0.79586
928 0.79665
929 0.79712
930 0.7986
931 0.80055
932 0.80127
933 0.80205
934 0.80214
935 0.80307
936 0.80405
937 0.80452
938 0.80533
939 0.80592
940 0.80635
941 0.80759
942 0.80833
943 0.80957
944 0.81056
945 0.8118
946 0.81203
947 0.81265
948 0.81305
949 0.81409
950 0.8145
951 0.81535
952 0.8165
953 0.81738
954 0.81957
955 0.82009
956 0.82095
957 0.82125
958 0.82215
959 0.82313
960 0.82388
961 0.82424
962 0.82512
963 0.82582
964 0.82732
965 0.82768
966 0.82876
967 0.82893
968 0.83061
969 0.8311
970 0.83154
971 0.83187
972 0.83262
973 0.83337
974 0.83374
975 0.8339
976 0.83452
977 0.83487
978 0.83496
979 0.83645
980 0.83809
981 0.83968
982 0.84021
983 0.84083
984 0.84151
985 0.84231
986 0.84294
987 0.84315
988 0.84423
989 0.84483
990 0.84613
991 0.84648
992 0.84687
993 0.84699
994 0.84775
995 0.8479
996 0.84882
997 0.84974
998 0.85021
999 0.85119
1000 0.85187
1001 0.8531
1002 0.85323
1003 0.85377
1004 0.85475
1005 0.85525
1006 0.85591
1007 0.8573
1008 0.85751
1009 0.85846
1010 0.85858
1011 0.85915
1012 0.85994
1013 0.86046
1014 0.86117
1015 0.86349
1016 0.86372
1017 0.86412
1018 0.86525
1019 0.86561
1020 0.86591
1021 0.86655
1022 0.86747
1023 0.86803
1024 0.86805
1025 0.86875
1026 0.86927
1027 0.86978
1028 0.87042
1029 0.87129
1030 0.87147
1031 0.87206
1032 0.87242
1033 0.87297
1034 0.87415
1035 0.87475
1036 0.87501
1037 0.87606
1038 0.87697
1039 0.87793
1040 0.87817
1041 0.8788
1042 0.87913
1043 0.88069
1044 0.8808
1045 0.88155
1046 0.88213
1047 0.88312
1048 0.88319
1049 0.88364
1050 0.88444
1051 0.88552
1052 0.88578
1053 0.88679
1054 0.88714
1055 0.88767
1056 0.8885
1057 0.8892
1058 0.88964
1059 0.89056
1060 0.89196
1061 0.89263
1062 0.89286
1063 0.89365
1064 0.89511
1065 0.89624
1066 0.89687
1067 0.8974
1068 0.8977
1069 0.89826
1070 0.89851
1071 0.89915
1072 0.90114
1073 0.90223
1074 0.9029
1075 0.90324
1076 0.90483
1077 0.90525
1078 0.90618
1079 0.90767
1080 0.90817
1081 0.90891
1082 0.91004
1083 0.91048
1084 0.91065
1085 0.91177
1086 0.91258
1087 0.91298
1088 0.91399
1089 0.91494
1090 0.91526
1091 0.91582
1092 0.91605
1093 0.91692
1094 0.91761
1095 0.91798
1096 0.91915
1097 0.92025
1098 0.9209
1099 0.92121
1100 0.92152
1101 0.92225
1102 0.92291
1103 0.92422
1104 0.92583
1105 0.92648
1106 0.92704
1107 0.92795
1108 0.92825
1109 0.92941
1110 0.93046
1111 0.93107
1112 0.93237
1113 0.93295
1114 0.93412
1115 0.93436
1116 0.935
1117 0.93577
1118 0.93644
1119 0.93677
1120 0.93709
1121 0.93757
1122 0.93835
1123 0.93951
1124 0.94048
1125 0.9411
1126 0.94159
1127 0.94188
1128 0.94361
1129 0.94424
1130 0.94459
1131 0.94544
1132 0.94665
1133 0.94759
1134 0.94858
1135 0.94973
1136 0.95089
1137 0.95174
1138 0.95274
1139 0.95325
1140 0.95333
1141 0.95523
1142 0.95598
1143 0.95628
1144 0.95661
1145 0.95706
1146 0.95853
1147 0.96012
1148 0.96198
1149 0.96419
1150 0.96467
1151 0.96517
1152 0.96586
1153 0.96785
1154 0.96822
1155 0.96878
1156 0.9693
1157 0.97035
1158 0.97099
1159 0.97144
1160 0.97246
1161 0.97406
1162 0.97541
1163 0.97702
1164 0.97773
1165 0.97917
1166 0.98015
1167 0.98153
1168 0.98222
1169 0.98253
1170 0.98285
1171 0.98355
1172 0.98407
1173 0.98453
1174 0.98551
1175 0.98606
1176 0.98793
1177 0.98912
1178 0.98997
1179 0.99011
1180 0.99118
1181 0.99195
1182 0.99268
1183 0.99407
1184 0.99484
1185 0.99511
1186 0.99531
1187 0.99566
1188 0.9972
1189 0.99759
1190 0.99798
1191 0.99871
1192 1.00056
# Generated pool n. 9 for Umax = -2.355860710144043
# Generated a biased pool of 100000 with an acceptance of 0.42205125093460083
# Generated a pool of 100000 with an acceptance of 0.004193461860854984
# Generation repeated 1193 times
# Average relative effective sample size: 0.06331386417150497
# Generation efficiency: 0.0008382229673093043
