# Generation 8

0 0.00101
1 0.00195
2 0.00259
3 0.00305
4 0.00386
5 0.004
6 0.00524
7 0.0057
8 0.0063
9 0.0072
10 0.00823
11 0.00926
12 0.01088
13 0.01212
14 0.01222
15 0.01377
16 0.01458
17 0.01501
18 0.01536
19 0.01646
20 0.01745
21 0.01799
22 0.01929
23 0.01982
24 0.0202
25 0.02152
26 0.02195
27 0.02235
28 0.023
29 0.02359
30 0.02414
31 0.0251
32 0.02547
33 0.02625
34 0.02726
35 0.02855
36 0.02902
37 0.03024
38 0.03037
39 0.03055
40 0.03083
41 0.0317
42 0.03277
43 0.03349
44 0.03447
45 0.03569
46 0.03609
47 0.03674
48 0.03843
49 0.03929
50 0.04015
51 0.04103
52 0.04242
53 0.04294
54 0.04362
55 0.04526
56 0.0457
57 0.04688
58 0.04763
59 0.04794
60 0.04811
61 0.04821
62 0.04906
63 0.04943
64 0.0498
65 0.05036
66 0.05108
67 0.05171
68 0.05235
69 0.05408
70 0.05476
71 0.05586
72 0.0565
73 0.05671
74 0.05767
75 0.05788
76 0.05801
77 0.05851
78 0.05939
79 0.06013
80 0.06111
81 0.06113
82 0.06153
83 0.06287
84 0.06318
85 0.0643
86 0.06454
87 0.06536
88 0.06578
89 0.06616
90 0.06857
91 0.06976
92 0.07012
93 0.07199
94 0.07258
95 0.07363
96 0.07399
97 0.07421
98 0.07542
99 0.07683
100 0.07811
101 0.07845
102 0.07947
103 0.07991
104 0.08121
105 0.08257
106 0.08313
107 0.08435
108 0.08503
109 0.08589
110 0.08707
111 0.08751
112 0.08823
113 0.08892
114 0.08919
115 0.09
116 0.09055
117 0.0916
118 0.09259
119 0.09283
120 0.09323
121 0.09475
122 0.09537
123 0.09733
124 0.09821
125 0.09859
126 0.09957
127 0.0998
128 0.09985
129 0.1007
130 0.10169
131 0.10268
132 0.10312
133 0.10428
134 0.10472
135 0.10632
136 0.10649
137 0.10671
138 0.10713
139 0.10746
140 0.108
141 0.1088
142 0.1097
143 0.11075
144 0.11209
145 0.11273
146 0.11375
147 0.11515
148 0.11613
149 0.1166
150 0.11672
151 0.1173
152 0.11884
153 0.12109
154 0.12116
155 0.12191
156 0.12281
157 0.12358
158 0.12389
159 0.12541
160 0.12676
161 0.12749
162 0.12757
163 0.12882
164 0.12954
165 0.13011
166 0.13037
167 0.13179
168 0.13243
169 0.1336
170 0.13418
171 0.13528
172 0.1364
173 0.13763
174 0.1389
175 0.13898
176 0.1401
177 0.1414
178 0.1427
179 0.14351
180 0.14414
181 0.14476
182 0.14594
183 0.14763
184 0.14887
185 0.14999
186 0.1508
187 0.15215
188 0.15247
189 0.15473
190 0.15568
191 0.15593
192 0.15639
193 0.15667
194 0.15724
195 0.15791
196 0.15885
197 0.16005
198 0.16092
199 0.16145
200 0.16219
201 0.16297
202 0.16358
203 0.16438
204 0.16457
205 0.16463
206 0.16556
207 0.16607
208 0.16729
209 0.16803
210 0.16874
211 0.16999
212 0.17098
213 0.17109
214 0.17189
215 0.17344
216 0.17355
217 0.174
218 0.17477
219 0.17535
220 0.17678
221 0.17701
222 0.17804
223 0.17875
224 0.17947
225 0.18095
226 0.18133
227 0.18224
228 0.18253
229 0.18457
230 0.18584
231 0.18632
232 0.18671
233 0.18781
234 0.18859
235 0.18944
236 0.19045
237 0.19119
238 0.19309
239 0.19481
240 0.19529
241 0.19643
242 0.19788
243 0.19872
244 0.19974
245 0.20131
246 0.20285
247 0.2033
248 0.20451
249 0.20478
250 0.20508
251 0.20647
252 0.20807
253 0.20903
254 0.21084
255 0.21119
256 0.21223
257 0.21305
258 0.21362
259 0.21442
260 0.21462
261 0.21485
262 0.21572
263 0.21643
264 0.21735
265 0.21748
266 0.21794
267 0.21864
268 0.22011
269 0.22125
270 0.22218
271 0.22265
272 0.22451
273 0.2258
274 0.22651
275 0.22687
276 0.22713
277 0.22837
278 0.2296
279 0.23006
280 0.23075
281 0.23101
282 0.23305
283 0.23321
284 0.23417
285 0.23473
286 0.23611
287 0.23712
288 0.2377
289 0.23826
290 0.23961
291 0.24026
292 0.24262
293 0.243
294 0.24314
295 0.24409
296 0.24515
297 0.24644
298 0.24742
299 0.24923
300 0.24971
301 0.25017
302 0.25058
303 0.25274
304 0.25352
305 0.25419
306 0.25442
307 0.25453
308 0.25501
309 0.25564
310 0.25666
311 0.25708
312 0.25772
313 0.25953
314 0.26099
315 0.2614
316 0.26179
317 0.26318
318 0.26369
319 0.26562
320 0.26616
321 0.26713
322 0.2672
323 0.26811
324 0.26844
325 0.26954
326 0.27003
327 0.27058
328 0.27137
329 0.2724
330 0.27287
331 0.27345
332 0.27471
333 0.27511
334 0.27574
335 0.27729
336 0.27803
337 0.27913
338 0.27988
339 0.28087
340 0.28196
341 0.28279
342 0.28333
343 0.28449
344 0.285
345 0.28562
346 0.28602
347 0.28818
348 0.28854
349 0.29016
350 0.29042
351 0.29068
352 0.29108
353 0.29165
354 0.29248
355 0.29377
356 0.29443
357 0.29529
358 0.29614
359 0.29688
360 0.29791
361 0.29959
362 0.30053
363 0.30182
364 0.30192
365 0.3028
366 0.30405
367 0.30453
368 0.30588
369 0.30668
370 0.30707
371 0.30785
372 0.30821
373 0.30896
374 0.30985
375 0.31065
376 0.31075
377 0.31175
378 0.31211
379 0.3125
380 0.31311
381 0.31414
382 0.3147
383 0.31483
384 0.31558
385 0.31721
386 0.31753
387 0.31807
388 0.3188
389 0.32063
390 0.32202
391 0.32284
392 0.32388
393 0.32448
394 0.32564
395 0.32658
396 0.32818
397 0.32909
398 0.32965
399 0.33023
400 0.33105
401 0.33205
402 0.333
403 0.33404
404 0.33435
405 0.33525
406 0.33577
407 0.33647
408 0.33679
409 0.3374
410 0.33752
411 0.33786
412 0.3381
413 0.33988
414 0.34129
415 0.34182
416 0.3422
417 0.34268
418 0.34403
419 0.34531
420 0.34549
421 0.34693
422 0.34801
423 0.34815
424 0.34836
425 0.34923
426 0.35023
427 0.35171
428 0.35264
429 0.35342
430 0.35409
431 0.35505
432 0.35572
433 0.3571
434 0.35773
435 0.35818
436 0.3593
437 0.35948
438 0.36002
439 0.36107
440 0.36148
441 0.36165
442 0.36232
443 0.36391
444 0.36437
445 0.36537
446 0.36558
447 0.36641
448 0.36737
449 0.36913
450 0.3703
451 0.37064
452 0.37121
453 0.37176
454 0.37206
455 0.3729
456 0.37345
457 0.37361
458 0.37439
459 0.37487
460 0.37538
461 0.37648
462 0.37677
463 0.3772
464 0.37825
465 0.37895
466 0.37977
467 0.38051
468 0.38249
469 0.38377
470 0.38419
471 0.38454
472 0.38615
473 0.38681
474 0.38723
475 0.3883
476 0.38968
477 0.39063
478 0.39135
479 0.39229
480 0.39305
481 0.39336
482 0.39413
483 0.39461
484 0.39477
485 0.39589
486 0.39758
487 0.39858
488 0.39925
489 0.39957
490 0.39995
491 0.40086
492 0.40195
493 0.40275
494 0.40439
495 0.40626
496 0.40763
497 0.40835
498 0.40853
499 0.40884
500 0.41038
501 0.41115
502 0.41181
503 0.41356
504 0.41416
505 0.4146
506 0.41604
507 0.41671
508 0.41707
509 0.41865
510 0.41876
511 0.41909
512 0.41953
513 0.42031
514 0.42122
515 0.42174
516 0.42282
517 0.4229
518 0.42366
519 0.42464
520 0.42568
521 0.4263
522 0.42868
523 0.42923
524 0.42982
525 0.43054
526 0.43116
527 0.43333
528 0.43429
529 0.43513
530 0.43603
531 0.43667
532 0.43708
533 0.43771
534 0.43832
535 0.43854
536 0.43889
537 0.43969
538 0.44044
539 0.4409
540 0.44219
541 0.44278
542 0.44393
543 0.44431
544 0.44519
545 0.44648
546 0.44749
547 0.44906
548 0.44994
549 0.45023
550 0.45083
551 0.45223
552 0.45323
553 0.45394
554 0.45438
555 0.45576
556 0.45681
557 0.45818
558 0.45846
559 0.45965
560 0.45998
561 0.46018
562 0.46099
563 0.46123
564 0.46152
565 0.46202
566 0.46237
567 0.46264
568 0.46296
569 0.46325
570 0.46464
571 0.46552
572 0.46596
573 0.4668
574 0.46743
575 0.46797
576 0.46946
577 0.47016
578 0.47123
579 0.4729
580 0.47356
581 0.47407
582 0.47541
583 0.47676
584 0.47889
585 0.47907
586 0.4797
587 0.48044
588 0.48057
589 0.48105
590 0.48182
591 0.48375
592 0.48432
593 0.48449
594 0.48475
595 0.48519
596 0.48603
597 0.48751
598 0.48814
599 0.48822
600 0.48968
601 0.49064
602 0.49158
603 0.49261
604 0.4929
605 0.49327
606 0.49449
607 0.49525
608 0.49596
609 0.4965
610 0.49786
611 0.49866
612 0.49991
613 0.50066
614 0.50104
615 0.50167
616 0.50249
617 0.50265
618 0.50353
619 0.5047
620 0.50575
621 0.50585
622 0.50635
623 0.50708
624 0.50806
625 0.51038
626 0.51116
627 0.51226
628 0.5134
629 0.51347
630 0.51373
631 0.51398
632 0.51426
633 0.51527
634 0.51578
635 0.51649
636 0.51852
637 0.51945
638 0.51994
639 0.52065
640 0.52122
641 0.52338
642 0.52384
643 0.52486
644 0.52567
645 0.52774
646 0.52899
647 0.52909
648 0.5294
649 0.52966
650 0.53001
651 0.53109
652 0.53173
653 0.53291
654 0.5343
655 0.53568
656 0.53703
657 0.53775
658 0.53834
659 0.53858
660 0.53944
661 0.54063
662 0.54127
663 0.54274
664 0.54315
665 0.54355
666 0.54421
667 0.54561
668 0.54568
669 0.54757
670 0.54834
671 0.54838
672 0.54959
673 0.55098
674 0.55261
675 0.55287
676 0.55364
677 0.5542
678 0.55492
679 0.55515
680 0.55542
681 0.556
682 0.55651
683 0.5569
684 0.55788
685 0.55885
686 0.55934
687 0.55992
688 0.56038
689 0.56144
690 0.56173
691 0.56255
692 0.56431
693 0.5649
694 0.56506
695 0.56612
696 0.56701
697 0.56799
698 0.56828
699 0.56882
700 0.56933
701 0.57028
702 0.57055
703 0.57228
704 0.57398
705 0.57424
706 0.57612
707 0.57711
708 0.57738
709 0.57827
710 0.57893
711 0.57987
712 0.58069
713 0.5808
714 0.58247
715 0.583
716 0.58483
717 0.5863
718 0.5868
719 0.58803
720 0.58877
721 0.58933
722 0.59087
723 0.59189
724 0.59261
725 0.59402
726 0.59453
727 0.596
728 0.59738
729 0.59812
730 0.59977
731 0.60007
732 0.60206
733 0.60298
734 0.6035
735 0.60488
736 0.60608
737 0.60763
738 0.6085
739 0.60933
740 0.61047
741 0.612
742 0.61272
743 0.61334
744 0.6144
745 0.61477
746 0.61514
747 0.61656
748 0.61747
749 0.61779
750 0.61857
751 0.61884
752 0.61892
753 0.61992
754 0.62022
755 0.62062
756 0.62145
757 0.62252
758 0.62313
759 0.62351
760 0.62574
761 0.62636
762 0.62659
763 0.62685
764 0.62801
765 0.62862
766 0.62948
767 0.6304
768 0.63252
769 0.63267
770 0.63342
771 0.63418
772 0.63429
773 0.63641
774 0.63703
775 0.63843
776 0.64047
777 0.64069
778 0.64184
779 0.64226
780 0.64253
781 0.64387
782 0.64438
783 0.64507
784 0.64529
785 0.64633
786 0.64707
787 0.64899
788 0.65076
789 0.65146
790 0.65207
791 0.6524
792 0.65298
793 0.65329
794 0.6538
795 0.65499
796 0.65633
797 0.65675
798 0.6585
799 0.65851
800 0.66046
801 0.66074
802 0.66205
803 0.66294
804 0.66338
805 0.66388
806 0.66492
807 0.66515
808 0.66635
809 0.66666
810 0.66705
811 0.66753
812 0.66799
813 0.6695
814 0.67001
815 0.67038
816 0.67117
817 0.67256
818 0.67289
819 0.67327
820 0.67363
821 0.6739
822 0.67529
823 0.67589
824 0.67667
825 0.67816
826 0.6791
827 0.67947
828 0.68118
829 0.68297
830 0.68408
831 0.68526
832 0.68598
833 0.68716
834 0.68774
835 0.68822
836 0.68886
837 0.68903
838 0.69013
839 0.69053
840 0.69135
841 0.69234
842 0.69344
843 0.69357
844 0.69412
845 0.69538
846 0.69703
847 0.69931
848 0.70075
849 0.70106
850 0.70216
851 0.70242
852 0.70305
853 0.70395
854 0.70412
855 0.70512
856 0.70537
857 0.70575
858 0.7063
859 0.70915
860 0.70991
861 0.71013
862 0.71078
863 0.71143
864 0.71157
865 0.71166
866 0.71228
867 0.71331
868 0.71336
869 0.71455
870 0.7158
871 0.71627
872 0.71786
873 0.71828
874 0.71856
875 0.71965
876 0.72034
877 0.72081
878 0.72157
879 0.72206
880 0.72323
881 0.7241
882 0.7246
883 0.72574
884 0.72626
885 0.72768
886 0.72857
887 0.72905
888 0.72951
889 0.7306
890 0.73092
891 0.73168
892 0.73326
893 0.73422
894 0.73571
895 0.73646
896 0.73724
897 0.73852
898 0.73928
899 0.73949
900 0.73958
901 0.74004
902 0.74022
903 0.74123
904 0.74201
905 0.74287
906 0.74427
907 0.74602
908 0.74678
909 0.7479
910 0.74835
911 0.74896
912 0.7492
913 0.75037
914 0.75071
915 0.75092
916 0.75146
917 0.75222
918 0.75336
919 0.75361
920 0.75511
921 0.7566
922 0.75664
923 0.75684
924 0.75785
925 0.75864
926 0.75973
927 0.76047
928 0.76075
929 0.76217
930 0.76356
931 0.7639
932 0.76425
933 0.76461
934 0.76602
935 0.76637
936 0.76711
937 0.7682
938 0.76942
939 0.77092
940 0.77143
941 0.77199
942 0.77297
943 0.77325
944 0.77352
945 0.77388
946 0.77419
947 0.77437
948 0.77491
949 0.7757
950 0.7762
951 0.77733
952 0.77751
953 0.77925
954 0.77952
955 0.78056
956 0.78147
957 0.78209
958 0.78306
959 0.78391
960 0.78434
961 0.78521
962 0.78631
963 0.78667
964 0.78735
965 0.78862
966 0.78919
967 0.7899
968 0.79069
969 0.79208
970 0.79263
971 0.79422
972 0.79626
973 0.79724
974 0.79843
975 0.79871
976 0.79972
977 0.8011
978 0.80121
979 0.80245
980 0.80329
981 0.80449
982 0.80592
983 0.80641
984 0.80707
985 0.80813
986 0.8085
987 0.8096
988 0.81051
989 0.81148
990 0.81238
991 0.81383
992 0.81531
993 0.81666
994 0.81738
995 0.81809
996 0.8184
997 0.81862
998 0.8195
999 0.82061
1000 0.82239
1001 0.82317
1002 0.82412
1003 0.82513
1004 0.82672
1005 0.82865
1006 0.82961
1007 0.82978
1008 0.83009
1009 0.83145
1010 0.83217
1011 0.83264
1012 0.83282
1013 0.83383
1014 0.83478
1015 0.8351
1016 0.83571
1017 0.83758
1018 0.83909
1019 0.83965
1020 0.84057
1021 0.84128
1022 0.84361
1023 0.84437
1024 0.84461
1025 0.8452
1026 0.84595
1027 0.84619
1028 0.84726
1029 0.84748
1030 0.84843
1031 0.84978
1032 0.85027
1033 0.85149
1034 0.85263
1035 0.8536
1036 0.85564
1037 0.85575
1038 0.85633
1039 0.85742
1040 0.85819
1041 0.85954
1042 0.86104
1043 0.86179
1044 0.86209
1045 0.86308
1046 0.86481
1047 0.86555
1048 0.86661
1049 0.86701
1050 0.86803
1051 0.86986
1052 0.87018
1053 0.87042
1054 0.87153
1055 0.87261
1056 0.87283
1057 0.87381
1058 0.87414
1059 0.87514
1060 0.87573
1061 0.87709
1062 0.87795
1063 0.87846
1064 0.87988
1065 0.88034
1066 0.88089
1067 0.88271
1068 0.88348
1069 0.88467
1070 0.88563
1071 0.88632
1072 0.88679
1073 0.88732
1074 0.88853
1075 0.88938
1076 0.88994
1077 0.89047
1078 0.89116
1079 0.89183
1080 0.8942
1081 0.8953
1082 0.89609
1083 0.89793
1084 0.89841
1085 0.89926
1086 0.90102
1087 0.9021
1088 0.9025
1089 0.90332
1090 0.90453
1091 0.90528
1092 0.90578
1093 0.90661
1094 0.90794
1095 0.90848
1096 0.90893
1097 0.90936
1098 0.90947
1099 0.90989
1100 0.91126
1101 0.91255
1102 0.91359
1103 0.91436
1104 0.91555
1105 0.91591
1106 0.91641
1107 0.91761
1108 0.91879
1109 0.91914
1110 0.9199
1111 0.92077
1112 0.92146
1113 0.92182
1114 0.92291
1115 0.92426
1116 0.92545
1117 0.92549
1118 0.92582
1119 0.92656
1120 0.92674
1121 0.92796
1122 0.92877
1123 0.92991
1124 0.93022
1125 0.93098
1126 0.93124
1127 0.93227
1128 0.93343
1129 0.93384
1130 0.93502
1131 0.93579
1132 0.93647
1133 0.93684
1134 0.93867
1135 0.93908
1136 0.94018
1137 0.94149
1138 0.94168
1139 0.94251
1140 0.94299
1141 0.94486
1142 0.94612
1143 0.94656
1144 0.94769
1145 0.94845
1146 0.94971
1147 0.9501
1148 0.95129
1149 0.95135
1150 0.95224
1151 0.9526
1152 0.95332
1153 0.95466
1154 0.95677
1155 0.95849
1156 0.95942
1157 0.96022
1158 0.96073
1159 0.96172
1160 0.96219
1161 0.96258
1162 0.96443
1163 0.96457
1164 0.96544
1165 0.9669
1166 0.96718
1167 0.96767
1168 0.96809
1169 0.9682
1170 0.96947
1171 0.96999
1172 0.97067
1173 0.97175
1174 0.97216
1175 0.97287
1176 0.97486
1177 0.97504
1178 0.97638
1179 0.97742
1180 0.97874
1181 0.97922
1182 0.98033
1183 0.98168
1184 0.9825
1185 0.98306
1186 0.98404
1187 0.98446
1188 0.98582
1189 0.9861
1190 0.98758
1191 0.98774
1192 0.9882
1193 0.98877
1194 0.98935
1195 0.98986
1196 0.99053
1197 0.9908
1198 0.99128
1199 0.99249
1200 0.99332
1201 0.99447
1202 0.99594
1203 0.99706
1204 0.99766
1205 0.99857
1206 0.99962
1207 0.9997
1208 1.00018
# Generated pool n. 8 for Umax = 4.866419792175293
# Generated a biased pool of 100000 with an acceptance of 0.36100590229034424
# Generated a pool of 100000 with an acceptance of 0.004136393713813068
# Generation repeated 1209 times
# Average relative effective sample size: 0.05737704783678055
# Generation efficiency: 0.0008271298593879239
