# Generation 2

0 0.00166
1 0.00193
2 0.00253
3 0.0048
4 0.00663
5 0.00881
6 0.01053
7 0.01305
8 0.01393
9 0.01646
10 0.01884
11 0.02136
12 0.02277
13 0.02499
14 0.02634
15 0.02937
16 0.03065
17 0.03258
18 0.03518
19 0.03549
20 0.03762
21 0.03883
22 0.03953
23 0.04056
24 0.04394
25 0.0459
26 0.04746
27 0.04895
28 0.05211
29 0.05389
30 0.05608
31 0.05687
32 0.05884
33 0.06181
34 0.06472
35 0.06711
36 0.0701
37 0.07214
38 0.07312
39 0.07422
40 0.07537
41 0.07718
42 0.07903
43 0.08136
44 0.08331
45 0.08568
46 0.08793
47 0.08899
48 0.0909
49 0.0934
50 0.09377
51 0.09426
52 0.09733
53 0.09828
54 0.09934
55 0.10132
56 0.10272
57 0.10308
58 0.10412
59 0.10616
60 0.10764
61 0.11002
62 0.1128
63 0.11488
64 0.11548
65 0.11806
66 0.11972
67 0.12217
68 0.1234
69 0.12639
70 0.12777
71 0.12972
72 0.13144
73 0.13378
74 0.13547
75 0.13689
76 0.13876
77 0.13918
78 0.14097
79 0.14252
80 0.14623
81 0.14806
82 0.15078
83 0.15245
84 0.15393
85 0.15478
86 0.15621
87 0.15724
88 0.15795
89 0.15921
90 0.16079
91 0.16183
92 0.16273
93 0.16476
94 0.16666
95 0.16796
96 0.16883
97 0.16933
98 0.1701
99 0.17212
100 0.1752
101 0.17542
102 0.17615
103 0.17807
104 0.18002
105 0.18227
106 0.18383
107 0.1848
108 0.18642
109 0.18666
110 0.18823
111 0.18954
112 0.19088
113 0.19147
114 0.19426
115 0.19615
116 0.19817
117 0.19963
118 0.20177
119 0.20253
120 0.20374
121 0.20481
122 0.20665
123 0.20848
124 0.21118
125 0.21214
126 0.21286
127 0.2145
128 0.21769
129 0.2189
130 0.22024
131 0.22081
132 0.22125
133 0.22268
134 0.22485
135 0.22527
136 0.22551
137 0.22698
138 0.22835
139 0.22999
140 0.23182
141 0.2344
142 0.2358
143 0.2375
144 0.23945
145 0.24064
146 0.24162
147 0.24373
148 0.24616
149 0.24805
150 0.24984
151 0.25194
152 0.25378
153 0.25592
154 0.25783
155 0.25852
156 0.26013
157 0.26255
158 0.26426
159 0.26685
160 0.26851
161 0.26914
162 0.27197
163 0.275
164 0.27661
165 0.27885
166 0.28007
167 0.28136
168 0.2843
169 0.28638
170 0.2888
171 0.29083
172 0.29324
173 0.29617
174 0.29808
175 0.30046
176 0.30166
177 0.3033
178 0.30517
179 0.30763
180 0.30998
181 0.31098
182 0.31297
183 0.31478
184 0.31629
185 0.31836
186 0.31907
187 0.32087
188 0.32183
189 0.3251
190 0.32753
191 0.32933
192 0.33084
193 0.33236
194 0.33415
195 0.3359
196 0.33723
197 0.33941
198 0.34259
199 0.34494
200 0.34579
201 0.34844
202 0.34957
203 0.35038
204 0.35274
205 0.35648
206 0.35804
207 0.35966
208 0.36187
209 0.3626
210 0.3643
211 0.36552
212 0.36671
213 0.37
214 0.37201
215 0.37375
216 0.37537
217 0.37692
218 0.37876
219 0.38187
220 0.38249
221 0.38564
222 0.38771
223 0.39016
224 0.3921
225 0.39502
226 0.39687
227 0.3993
228 0.40091
229 0.40232
230 0.40515
231 0.407
232 0.40894
233 0.41138
234 0.41259
235 0.41357
236 0.4144
237 0.41628
238 0.41798
239 0.41949
240 0.42012
241 0.42253
242 0.4244
243 0.42658
244 0.42808
245 0.42899
246 0.43049
247 0.43361
248 0.43494
249 0.43723
250 0.43818
251 0.43935
252 0.44065
253 0.44273
254 0.44465
255 0.44683
256 0.44825
257 0.45071
258 0.45187
259 0.45301
260 0.45449
261 0.45657
262 0.45995
263 0.46156
264 0.46285
265 0.46406
266 0.46673
267 0.46762
268 0.46989
269 0.47079
270 0.47285
271 0.47623
272 0.47766
273 0.47907
274 0.48148
275 0.48223
276 0.48459
277 0.48673
278 0.48815
279 0.49057
280 0.49349
281 0.49592
282 0.49779
283 0.50053
284 0.50192
285 0.50434
286 0.50622
287 0.50932
288 0.51097
289 0.51263
290 0.51479
291 0.51659
292 0.51803
293 0.52012
294 0.52269
295 0.52437
296 0.52522
297 0.5262
298 0.52802
299 0.53034
300 0.5334
301 0.53585
302 0.53709
303 0.53843
304 0.53958
305 0.54132
306 0.54221
307 0.54461
308 0.54597
309 0.54913
310 0.55157
311 0.55274
312 0.55455
313 0.55723
314 0.55816
315 0.56028
316 0.56253
317 0.56342
318 0.56524
319 0.5662
320 0.56678
321 0.56783
322 0.56965
323 0.57149
324 0.57334
325 0.57582
326 0.57673
327 0.57923
328 0.58158
329 0.58342
330 0.58436
331 0.58624
332 0.58749
333 0.59013
334 0.59102
335 0.59198
336 0.59376
337 0.59449
338 0.59608
339 0.59741
340 0.599
341 0.60079
342 0.60202
343 0.60277
344 0.60381
345 0.60719
346 0.60842
347 0.60976
348 0.61068
349 0.61232
350 0.61336
351 0.61432
352 0.61654
353 0.61803
354 0.61973
355 0.62085
356 0.62272
357 0.62318
358 0.62442
359 0.62586
360 0.62723
361 0.6296
362 0.63043
363 0.63194
364 0.63405
365 0.63676
366 0.63797
367 0.64165
368 0.64374
369 0.64463
370 0.6461
371 0.6479
372 0.64971
373 0.6501
374 0.65134
375 0.65348
376 0.65468
377 0.65704
378 0.65857
379 0.65992
380 0.66087
381 0.66331
382 0.66514
383 0.66649
384 0.66782
385 0.6698
386 0.67189
387 0.67459
388 0.67592
389 0.67745
390 0.67968
391 0.68125
392 0.68355
393 0.68662
394 0.68773
395 0.68913
396 0.69059
397 0.69109
398 0.69284
399 0.6961
400 0.69773
401 0.69918
402 0.70221
403 0.7056
404 0.70747
405 0.70937
406 0.71038
407 0.71252
408 0.71395
409 0.71757
410 0.71962
411 0.72067
412 0.72173
413 0.72486
414 0.72575
415 0.72659
416 0.7283
417 0.72877
418 0.7297
419 0.73286
420 0.73416
421 0.73507
422 0.73594
423 0.73745
424 0.73805
425 0.74142
426 0.74262
427 0.74525
428 0.74557
429 0.74646
430 0.74765
431 0.74942
432 0.75011
433 0.75149
434 0.75199
435 0.75299
436 0.75582
437 0.75715
438 0.75893
439 0.75966
440 0.76087
441 0.7621
442 0.76299
443 0.76513
444 0.76773
445 0.77046
446 0.77139
447 0.77226
448 0.77359
449 0.77642
450 0.77899
451 0.78245
452 0.78444
453 0.78671
454 0.78925
455 0.79002
456 0.79111
457 0.79334
458 0.79577
459 0.79781
460 0.79922
461 0.80145
462 0.8039
463 0.8063
464 0.80708
465 0.80733
466 0.80907
467 0.81092
468 0.81351
469 0.81499
470 0.81656
471 0.81973
472 0.82188
473 0.82497
474 0.8278
475 0.82906
476 0.83098
477 0.83251
478 0.83507
479 0.83607
480 0.83811
481 0.84085
482 0.84326
483 0.84468
484 0.84756
485 0.84929
486 0.8523
487 0.85489
488 0.85629
489 0.85915
490 0.86152
491 0.86276
492 0.86506
493 0.86574
494 0.86776
495 0.86951
496 0.86986
497 0.87255
498 0.87417
499 0.87426
500 0.87654
501 0.87791
502 0.87962
503 0.88129
504 0.88246
505 0.88473
506 0.88643
507 0.88722
508 0.88768
509 0.89
510 0.8929
511 0.89401
512 0.89503
513 0.89832
514 0.89938
515 0.90167
516 0.9041
517 0.90571
518 0.90893
519 0.91109
520 0.91234
521 0.91423
522 0.91623
523 0.9186
524 0.91937
525 0.92159
526 0.92181
527 0.92258
528 0.92382
529 0.92587
530 0.92732
531 0.92867
532 0.92955
533 0.93079
534 0.93284
535 0.93335
536 0.93372
537 0.93657
538 0.93768
539 0.93849
540 0.93988
541 0.94112
542 0.94258
543 0.94482
544 0.94656
545 0.94673
546 0.94805
547 0.95081
548 0.95233
549 0.95392
550 0.9556
551 0.95723
552 0.95907
553 0.96089
554 0.96284
555 0.96485
556 0.9662
557 0.96705
558 0.96874
559 0.97131
560 0.97222
561 0.97555
562 0.97818
563 0.9796
564 0.98207
565 0.98287
566 0.98435
567 0.9871
568 0.99006
569 0.99157
570 0.99298
571 0.99378
572 0.99443
573 0.99567
574 0.99781
575 1.00055
# Generated pool n. 2 for Umax = 530.6554565429688
# Generated a biased pool of 100000 with an acceptance of 0.4418911635875702
# Generated a pool of 100000 with an acceptance of 0.008685329861111108
# Generation repeated 576 times
# Average relative effective sample size: 0.11542116105556488
# Generation efficiency: 0.001736111111111111
