# epoch	step	nll	ecut	ecut_viol	grad_norm	val_nll	val_ecut	val_ecut_viol	val_ress_zx	LR
1	27	-3.2435851097106934	0.0	0.0	13.080642700195312	-3.2845351696014404	168.85816955566406	165.4564208984375	0.12550781667232513	9.986158796046841e-05
2	54	-3.238952398300171	0.0	0.0	15.647553443908691	-3.335886001586914	169.30386352539062	165.93746948242188	0.1066524013876915	9.944712589814385e-05
3	81	-3.381671905517578	0.0	0.0	24.936298370361328	-3.3387465476989746	159.1488494873047	155.6917724609375	0.09391552209854126	9.875893165300026e-05
4	108	-3.3337230682373047	0.0	0.0	16.057775497436523	-3.3399033546447754	170.0422821044922	166.677490234375	0.12293268740177155	9.780085388641395e-05
5	135	-3.237353801727295	0.0	0.0	16.29294204711914	-3.371163845062256	156.04412841796875	152.5627899169922	0.12715470790863037	9.65782505578881e-05
6	162	-3.378023862838745	0.0	0.0	23.19693374633789	-3.3339765071868896	158.573974609375	155.12301635742188	0.1145896166563034	9.509795896116972e-05
7	189	-3.296600103378296	0.0	0.0	35.028404235839844	-3.3237786293029785	165.51986694335938	162.123046875	0.09133770316839218	9.336825748732971e-05
8	216	-3.278033971786499	0.0	0.0	13.875934600830078	-3.2940731048583984	168.03265380859375	164.6285858154297	0.10856129974126816	9.139881932864174e-05
9	243	-3.325634002685547	0.0	0.0	23.643478393554688	-3.2913451194763184	168.9002685546875	165.55133056640625	0.1299985945224762	8.920065838216747e-05
10	270	-3.272031784057617	0.0	0.0	10.979413986206055	-3.338336944580078	161.68890380859375	158.2524871826172	0.14602574706077576	8.678606765557639e-05
11	297	-3.3528499603271484	0.0	0.0	17.814674377441406	-3.3278560638427734	159.81826782226562	156.41534423828125	0.08030001819133759	8.416855051966051e-05
12	324	-3.3900299072265625	0.0	0.0	13.40091609954834	-3.3762614727020264	161.28643798828125	157.8937225341797	0.12175484746694565	8.136274519200731e-05
13	351	-3.3667144775390625	0.0	0.0	16.703182220458984	-3.384596824645996	156.581298828125	153.12899780273438	0.08499132096767426	7.83843428741493e-05
14	378	-3.4279162883758545	0.0	0.0	16.07171630859375	-3.408599376678467	159.18283081054688	155.74755859375	0.10848559439182281	7.525000000000001e-05
15	405	-3.3445346355438232	0.0	0.0	58.74812316894531	-3.3757762908935547	159.28343200683594	155.85397338867188	0.0868527740240097	7.197724508631914e-05
16	432	-3.3875253200531006	0.0	0.0	11.088863372802734	-3.386101484298706	155.0978546142578	151.715087890625	0.11631983518600464	6.858438070613657e-05
17	459	-3.3958520889282227	0.0	0.0	28.236190795898438	-3.417417526245117	156.32925415039062	152.91429138183594	0.11770674586296082	6.509038113333976e-05
18	486	-3.4786489009857178	0.0	0.0	17.431304931640625	-3.4400556087493896	144.98043823242188	141.48736572265625	0.1437011957168579	6.151478623083758e-05
19	513	-3.4866652488708496	0.0	0.0	15.661699295043945	-3.4273672103881836	147.64224243164062	144.15203857421875	0.09309818595647812	5.787759217572066e-05
20	540	-3.456392288208008	0.0	0.0	17.370990753173828	-3.4167213439941406	146.54928588867188	143.0522918701172	0.13854536414146423	5.419913963252802e-05
21	567	-3.449375867843628	0.0	0.0	106.92082214355469	-3.4600162506103516	141.31680297851562	137.80245971679688	0.09832270443439484	5.0500000000000015e-05
22	594	-3.375587224960327	0.0	0.0	13.30825424194336	-3.4835429191589355	140.2726593017578	136.73818969726562	0.1299406737089157	4.680086036747202e-05
23	621	-3.4535341262817383	0.0	0.0	22.96607208251953	-3.478123188018799	140.02096557617188	136.478271484375	0.1327037364244461	4.3122407824279384e-05
24	648	-3.5334906578063965	0.0	0.0	13.684564590454102	-3.472494125366211	139.91189575195312	136.3966064453125	0.15423128008842468	3.948521376916245e-05
25	675	-3.4636707305908203	0.0	0.0	14.100287437438965	-3.477224826812744	140.05865478515625	136.534423828125	0.1374581754207611	3.590961886666025e-05
26	702	-3.543351888656616	0.0	0.0	20.590669631958008	-3.4873080253601074	139.47808837890625	135.94430541992188	0.13471779227256775	3.241561929386345e-05
27	729	-3.4561116695404053	0.0	0.0	23.133832931518555	-3.4957218170166016	143.65328979492188	140.1705322265625	0.10984846204519272	2.9022754913680884e-05
28	756	-3.49031925201416	0.0	0.0	15.019085884094238	-3.491563320159912	142.54776000976562	139.0447235107422	0.08465750515460968	2.575000000000002e-05
29	783	-3.503849744796753	0.0	0.0	22.40867805480957	-3.5069289207458496	141.84259033203125	138.36526489257812	0.10083234310150146	2.2615657125850715e-05
30	810	-3.5628561973571777	0.0	0.0	24.680992126464844	-3.5162246227264404	133.57615661621094	130.01339721679688	0.10016008466482162	1.9637254807992697e-05
31	837	-3.591383695602417	0.0	0.0	10.83232593536377	-3.5300698280334473	137.35299682617188	133.81350708007812	0.15483936667442322	1.68314494803395e-05
32	864	-3.610028028488159	0.0	0.0	15.463438987731934	-3.5094621181488037	138.3604278564453	134.83888244628906	0.14696840941905975	1.4213932344423597e-05
33	891	-3.516688823699951	0.0	0.0	15.9949369430542	-3.534696578979492	136.14889526367188	132.65280151367188	0.14237180352210999	1.1799341617832526e-05
34	918	-3.520019054412842	0.0	0.0	23.057167053222656	-3.545302152633667	134.4591064453125	130.92837524414062	0.15193679928779602	9.601180671358249e-06
35	945	-3.5460658073425293	0.0	0.0	16.52915382385254	-3.5540075302124023	132.71536254882812	129.1383514404297	0.17264899611473083	7.631742512670296e-06
36	972	-3.5807435512542725	0.0	0.0	11.563298225402832	-3.5506179332733154	131.39002990722656	127.80894470214844	0.12974730134010315	5.902041038830259e-06
37	999	-3.592602491378784	0.0	0.0	13.027365684509277	-3.5515294075012207	132.08416748046875	128.52200317382812	0.1432642638683319	4.421749442111885e-06
38	1026	-3.4860434532165527	0.0	0.0	17.74965476989746	-3.557486057281494	131.24415588378906	127.67436218261719	0.16327370703220367	3.199146113586043e-06
39	1053	-3.5698280334472656	0.0	0.0	31.723194122314453	-3.5532660484313965	131.4755859375	127.91610717773438	0.18054798245429993	2.2410683469997316e-06
40	1080	-3.5623130798339844	0.0	0.0	16.7598819732666	-3.559863567352295	130.2239227294922	126.66769409179688	0.15807825326919556	1.5528741018561385e-06
41	1107	-3.5838327407836914	0.0	0.0	20.09906578063965	-3.5639724731445312	130.62826538085938	127.06427001953125	0.16735325753688812	1.1384120395315836e-06
42	1134	-3.583224058151245	0.0	0.0	37.22201156616211	-3.5579333305358887	130.5812225341797	127.01908874511719	0.19063904881477356	1e-06
# Best epoch: 42
