# epoch	step	nll	ecut	ecut_viol	grad_norm	val_nll	val_ecut	val_ecut_viol	val_ress_zx	LR
1	27	-5.152899742126465	0.0	0.0	39.72624206542969	-5.116476535797119	195.8083953857422	190.79876708984375	0.061910923570394516	9.986158796046841e-05
2	54	-5.08131217956543	0.0	0.0	50.014705657958984	-4.956331253051758	217.06683349609375	212.16961669921875	0.052305176854133606	9.944712589814385e-05
3	81	-5.182483196258545	0.0	0.0	22.60927391052246	-5.123465538024902	196.34695434570312	191.36679077148438	0.05086717754602432	9.875893165300026e-05
4	108	-5.322571754455566	0.0	0.0	22.53636932373047	-5.209752082824707	193.66867065429688	188.61892700195312	0.05544562265276909	9.780085388641395e-05
5	135	-5.132637977600098	0.0	0.0	23.470129013061523	-5.191707611083984	191.05169677734375	185.97129821777344	0.03521963581442833	9.65782505578881e-05
6	162	-5.166106224060059	0.0	0.0	34.56858444213867	-5.116612434387207	195.55101013183594	190.49752807617188	0.07103186100721359	9.509795896116972e-05
7	189	-5.200171947479248	0.0	0.0	27.12518882751465	-5.140305519104004	197.450439453125	192.38925170898438	0.06175774335861206	9.336825748732971e-05
8	216	-5.257702827453613	0.0	0.0	15.66363525390625	-5.159155368804932	186.30564880371094	181.110595703125	0.076817587018013	9.139881932864174e-05
9	243	-5.313953399658203	0.0	0.0	24.070295333862305	-5.20142936706543	183.70367431640625	178.48565673828125	0.07221764326095581	8.920065838216747e-05
10	270	-5.2873454093933105	0.0	0.0	181.59591674804688	-5.242104530334473	187.48959350585938	182.1905517578125	0.038934025913476944	8.678606765557639e-05
11	297	-5.31626033782959	0.0	0.0	19.769678115844727	-5.215791702270508	191.56253051757812	186.43130493164062	0.04927606135606766	8.416855051966051e-05
12	324	-5.275545120239258	0.0	0.0	21.564167022705078	-5.245278358459473	190.62176513671875	185.4747314453125	0.05707194656133652	8.136274519200731e-05
13	351	-5.343879222869873	0.0	0.0	20.317840576171875	-5.3041157722473145	179.19854736328125	173.99082946777344	0.062012579292058945	7.83843428741493e-05
14	378	-5.263757228851318	0.0	0.0	23.45070457458496	-5.240653038024902	180.3013916015625	175.02474975585938	0.04804069548845291	7.525000000000001e-05
15	405	-5.425046443939209	0.0	0.0	20.745594024658203	-5.323698997497559	176.52745056152344	171.26019287109375	0.06778653711080551	7.197724508631914e-05
16	432	-5.377206802368164	0.0	0.0	90.05596923828125	-5.379182815551758	178.28695678710938	173.0454559326172	0.08533148467540741	6.858438070613657e-05
17	459	-5.424546241760254	0.0	0.0	26.14176368713379	-5.341691970825195	173.15966796875	167.85104370117188	0.08665326237678528	6.509038113333976e-05
18	486	-5.368152618408203	0.0	0.0	45.92888259887695	-5.318020820617676	174.99478149414062	169.71554565429688	0.05463586375117302	6.151478623083758e-05
19	513	-5.452826976776123	0.0	0.0	19.80611228942871	-5.352474212646484	176.89364624023438	171.6578369140625	0.09292027354240417	5.787759217572066e-05
20	540	-5.400211334228516	0.0	0.0	18.06644058227539	-5.360291957855225	180.0684814453125	174.919677734375	0.08016447722911835	5.419913963252802e-05
21	567	-5.383872985839844	0.0	0.0	73.53508758544922	-5.312685012817383	182.78768920898438	177.5375213623047	0.08035612106323242	5.0500000000000015e-05
22	594	-5.344136714935303	0.0	0.0	22.729528427124023	-5.335288047790527	174.31781005859375	169.0472869873047	0.08888765424489975	4.680086036747202e-05
23	621	-5.444833278656006	0.0	0.0	39.12881851196289	-5.370479583740234	178.72166442871094	173.50604248046875	0.09873172640800476	4.3122407824279384e-05
24	648	-5.37305212020874	0.0	0.0	13.748217582702637	-5.337984085083008	174.2350311279297	169.00274658203125	0.08268345892429352	3.948521376916245e-05
25	675	-5.426952362060547	0.0	0.0	24.698503494262695	-5.3633623123168945	169.1636962890625	163.90147399902344	0.057610150426626205	3.590961886666025e-05
26	702	-5.365299224853516	0.0	0.0	29.57183074951172	-5.34652042388916	174.62118530273438	169.4139404296875	0.06651496887207031	3.241561929386345e-05
27	729	-5.508080959320068	0.0	0.0	16.786026000976562	-5.392415523529053	168.6135711669922	163.33636474609375	0.057370156049728394	2.9022754913680884e-05
28	756	-5.467935562133789	0.0	0.0	32.141265869140625	-5.391141891479492	170.4040069580078	165.1809844970703	0.08486689627170563	2.575000000000002e-05
29	783	-5.548727035522461	0.0	0.0	69.2474136352539	-5.440171718597412	165.87437438964844	160.5872802734375	0.07767245918512344	2.2615657125850715e-05
30	810	-5.474870681762695	0.0	0.0	43.7915153503418	-5.435606956481934	164.21133422851562	158.919189453125	0.0884433388710022	1.9637254807992697e-05
31	837	-5.506246089935303	0.0	0.0	12.5694580078125	-5.4485626220703125	162.76914978027344	157.43148803710938	0.06880815327167511	1.68314494803395e-05
32	864	-5.4576239585876465	0.0	0.0	62.431705474853516	-5.469793319702148	165.0398406982422	159.71380615234375	0.09643565118312836	1.4213932344423597e-05
33	891	-5.48419189453125	0.0	0.0	19.83720588684082	-5.488297939300537	162.8358154296875	157.48394775390625	0.09404385089874268	1.1799341617832526e-05
34	918	-5.466015815734863	0.0	0.0	28.249074935913086	-5.4993205070495605	160.56761169433594	155.21044921875	0.09486091136932373	9.601180671358249e-06
35	945	-5.539458274841309	0.0	0.0	21.80613899230957	-5.4990763664245605	163.52532958984375	158.2061004638672	0.08049537986516953	7.631742512670296e-06
36	972	-5.456093788146973	0.0	0.0	42.8524169921875	-5.5018744468688965	161.64932250976562	156.31948852539062	0.07359297573566437	5.902041038830259e-06
37	999	-5.499083995819092	0.0	0.0	127.3216323852539	-5.513637542724609	161.08941650390625	155.73643493652344	0.07378841936588287	4.421749442111885e-06
38	1026	-5.529023170471191	0.0	0.0	92.28502655029297	-5.522129058837891	159.31118774414062	153.96771240234375	0.06953230500221252	3.199146113586043e-06
39	1053	-5.565499782562256	0.0	0.0	25.656124114990234	-5.515090465545654	158.69931030273438	153.3646697998047	0.07096303254365921	2.2410683469997316e-06
40	1080	-5.5618414878845215	0.0	0.0	20.619192123413086	-5.511858940124512	160.00732421875	154.66909790039062	0.07229714095592499	1.5528741018561385e-06
41	1107	-5.560033798217773	0.0	0.0	163.039306640625	-5.511146068572998	160.76797485351562	155.43270874023438	0.07249676436185837	1.1384120395315836e-06
42	1134	-5.555418014526367	0.0	0.0	18.025455474853516	-5.5165228843688965	160.72738647460938	155.38717651367188	0.07152091711759567	1e-06
# Best epoch: 23
