# epoch	step	nll	ecut	ecut_viol	grad_norm	val_nll	val_ecut	val_ecut_viol	val_ress_zx	LR
1	9	0.016469914466142654	0.0	0.0	2.3533692359924316	0.02156197838485241	46.87638854980469	46.8434944152832	0.8542242050170898	1.0026357014558679e-05
2	18	0.017082050442695618	0.0	0.0	3.013820171356201	0.02393980138003826	44.63618850708008	44.585086822509766	0.8434650897979736	1.0105416480031125e-05
3	27	0.0021834326907992363	0.0	0.0	2.0183041095733643	0.008164582774043083	45.24483108520508	45.219783782958984	0.8695406913757324	1.0237143666892609e-05
4	36	0.004979913122951984	0.0	0.0	2.493706703186035	0.00440618209540844	45.345706939697266	45.331748962402344	0.8699583411216736	1.0421480709553449e-05
5	45	0.011865216307342052	0.0	0.0	2.459228038787842	0.0013259450206533074	44.195980072021484	44.18001174926758	0.8739470839500427	1.0658346631778353e-05
6	54	0.008879519067704678	0.0	0.0	2.4243407249450684	0.0012910817749798298	43.925235748291016	43.901580810546875	0.8784434795379639	1.094763738225795e-05
7	63	-0.0002946419990621507	0.0	0.0	2.3852856159210205	-0.0007965137483552098	43.792884826660156	43.76410675048828	0.8734627366065979	1.1289225880316967e-05
8	72	-0.00733795203268528	0.0	0.0	1.7955392599105835	-0.006337820552289486	43.3989143371582	43.37325668334961	0.8794605135917664	1.168296207173833e-05
9	81	0.0024825145956128836	0.0	0.0	1.8120750188827515	-0.0048201680183410645	44.343326568603516	44.32213592529297	0.8784356117248535	1.2128672994680007e-05
10	90	0.0036168177612125874	0.0	0.0	2.2221126556396484	0.0005412482423707843	44.68375778198242	44.664310455322266	0.8799129128456116	1.2626162855653805e-05
11	99	-0.0018351591425016522	0.0	0.0	2.2132937908172607	0.005257185082882643	44.18279266357422	44.166297912597656	0.8746098279953003	1.3175213115534668e-05
12	108	0.008875408209860325	0.0	0.0	2.075958013534546	0.004769396968185902	43.664573669433594	43.64716720581055	0.8740723729133606	1.3775582585561007e-05
13	117	0.005354371387511492	0.0	0.0	2.210967779159546	-0.00010140693484572694	43.864540100097656	43.84037780761719	0.8774386644363403	1.4427007533285128e-05
14	126	-0.0032497106585651636	0.0	0.0	2.0321662425994873	-0.0031164956744760275	43.8601188659668	43.83469009399414	0.8816249966621399	1.5129201798426504e-05
15	135	-0.0022411001846194267	0.0	0.0	2.071911334991455	-0.003203829051926732	43.76858901977539	43.74381637573242	0.8752992749214172	1.588185691857728e-05
16	144	-0.0033178189769387245	0.0	0.0	2.3091468811035156	-0.003573601134121418	43.1678466796875	43.14598083496094	0.8764447569847107	1.66846422647049e-05
17	153	0.00886619370430708	0.0	0.0	2.277578592300415	-0.0057773832231760025	42.67598342895508	42.65178298950195	0.8768184185028076	1.7537205186391673e-05
18	162	-0.00029583621653728187	0.0	0.0	1.863572359085083	-0.006351455580443144	43.01128005981445	42.979915618896484	0.87040114402771	1.8439171166748666e-05
19	171	0.005825367756187916	0.0	0.0	2.1618311405181885	-0.0010565355187281966	42.614532470703125	42.58685302734375	0.8730297088623047	1.9390143986934615e-05
20	180	0.005449424032121897	0.0	0.0	2.1372902393341064	0.01249515451490879	43.368743896484375	43.33876037597656	0.8694096207618713	2.0389705900208347e-05
21	189	0.0038067535497248173	0.0	0.0	1.9525827169418335	0.004162244964390993	43.26539993286133	43.23529815673828	0.8697444200515747	2.143741781543827e-05
22	198	0.0019487052923068404	0.0	0.0	2.3462910652160645	-0.0026134257204830647	42.79060745239258	42.764041900634766	0.8645158410072327	2.2532819489987636e-05
23	207	0.007276288233697414	0.0	0.0	2.1067380905151367	0.003682748880237341	42.49689865112305	42.46815872192383	0.8639058470726013	2.367542973189172e-05
24	216	0.00019608641741797328	0.0	0.0	2.3264880180358887	-0.0009534498094581068	43.88725662231445	43.86286926269531	0.8708932399749756	2.4864746611237527e-05
25	225	0.01216249167919159	0.0	0.0	1.9793002605438232	-0.0036865740548819304	43.60540008544922	43.5811882019043	0.8662827610969543	2.6100247680653287e-05
26	234	0.0005251989350654185	0.0	0.0	2.0529890060424805	0.006292176432907581	43.77835464477539	43.75560760498047	0.8629698157310486	2.7381390204811077e-05
27	243	0.014187827706336975	0.0	0.0	2.0898549556732178	0.00411422410979867	43.877071380615234	43.847991943359375	0.8579330444335938	2.870761139884165e-05
28	252	0.017052900046110153	0.0	0.0	2.588806629180908	0.004295120481401682	44.182003021240234	44.15460205078125	0.8549128174781799	3.0078328675556287e-05
29	261	0.006057442165911198	0.0	0.0	2.1926817893981934	0.0021858627442270517	42.52713394165039	42.500816345214844	0.8594301342964172	3.1492939901368015e-05
30	270	0.004559011664241552	0.0	0.0	2.3048391342163086	0.011293415911495686	43.821102142333984	43.79144287109375	0.8560966849327087	3.295082366079895e-05
31	279	0.017917100340127945	0.0	0.0	2.440891742706299	0.017358455806970596	43.72557830810547	43.68543243408203	0.8467698693275452	3.445133952945789e-05
32	288	0.008130191825330257	0.0	0.0	2.2823081016540527	0.013204921968281269	42.57204818725586	42.53371810913086	0.8548782467842102	3.599382835536827e-05
33	297	-0.003817151067778468	0.0	0.0	2.1991655826568604	0.008101017214357853	42.704933166503906	42.669837951660156	0.8504800796508789	3.7577612548522684e-05
34	306	0.0027126637287437916	0.0	0.0	2.7964534759521484	0.015981201082468033	42.194114685058594	42.1557502746582	0.8447278141975403	3.9201996378537206e-05
35	315	0.013086952269077301	0.0	0.0	2.591644525527954	0.011385205201804638	42.624454498291016	42.584896087646484	0.8444454073905945	4.086626628027422e-05
36	324	0.018109727650880814	0.0	0.0	2.4753241539001465	0.008683916181325912	45.49751663208008	45.462120056152344	0.8536625504493713	4.256969116729994e-05
37	333	0.02104177512228489	0.0	0.0	2.8228962421417236	0.008314458653330803	41.27993392944336	41.23857879638672	0.8487430810928345	4.431152275303856e-05
38	342	0.009602466598153114	0.0	0.0	2.87589693069458	0.010260742157697678	43.57155227661133	43.52617263793945	0.8435660004615784	4.60909958794823e-05
39	351	-0.002437158487737179	0.0	0.0	1.9677867889404297	0.01758492738008499	39.88215255737305	39.82164001464844	0.8355435132980347	4.790732885331288e-05
40	360	0.023903368040919304	0.0	0.0	2.61391019821167	0.028299879282712936	45.33376693725586	45.29006576538086	0.8311119079589844	4.975972378928637e-05
41	369	0.011031621135771275	0.0	0.0	2.2745003700256348	0.02542179822921753	39.62894821166992	39.56407928466797	0.8283389806747437	5.164736696073116e-05
42	378	0.02043912559747696	0.0	0.0	2.8858487606048584	0.026020195335149765	45.61085891723633	45.57773971557617	0.8345640897750854	5.356942915700472e-05
43	387	0.03388310968875885	0.0	0.0	3.006375312805176	0.025163114070892334	41.46065139770508	41.415706634521484	0.8419056534767151	5.5525066047752236e-05
44	396	0.006532292813062668	0.0	0.0	2.407548427581787	0.022057943046092987	41.6711311340332	41.62124252319336	0.8353489637374878	5.751341855380704e-05
45	405	0.018363019451498985	0.0	0.0	2.5960936546325684	0.004275960382074118	42.20796203613281	42.15829086303711	0.8422066569328308	5.953361322456993e-05
46	414	0.014820887707173824	0.0	0.0	2.2343854904174805	0.014836466871201992	42.64351272583008	42.595619201660156	0.8359647393226624	6.158476262170182e-05
47	423	0.01715918816626072	0.0	0.0	2.576068162918091	0.016979515552520752	41.79163360595703	41.73894500732422	0.8282100558280945	6.366596570896057e-05
48	432	0.0330607071518898	0.0	0.0	2.707274913787842	0.025560475885868073	41.303245544433594	41.253173828125	0.829310417175293	6.577630824801178e-05
49	441	0.016332924365997314	0.0	0.0	2.285224437713623	0.019522948190569878	40.86320114135742	40.808502197265625	0.8279253244400024	6.79148632000383e-05
50	450	0.02343731001019478	0.0	0.0	1.8450865745544434	0.024395238608121872	38.872833251953125	38.81777572631836	0.8348228335380554	7.00806911329734e-05
51	459	0.014969317242503166	0.0	0.0	2.6913411617279053	0.03171863034367561	43.075103759765625	43.024417877197266	0.8356219530105591	7.227284063417776e-05
52	468	0.015700189396739006	0.0	0.0	2.78763747215271	0.04466324672102928	42.96800231933594	42.8884162902832	0.8101460933685303	7.449034872837934e-05
53	477	0.04398456960916519	0.0	0.0	2.8324174880981445	0.035818155854940414	40.00592803955078	39.9403076171875	0.8048750162124634	7.673224130069287e-05
54	486	0.016411373391747475	0.0	0.0	2.3537421226501465	0.03451847285032272	41.67474365234375	41.61638641357422	0.8217310309410095	7.899753352453215e-05
55	495	0.020037665963172913	0.0	0.0	2.4917213916778564	0.029989328235387802	41.16044235229492	41.089229583740234	0.7934518456459045	8.128523029422846e-05
56	504	0.03184012696146965	0.0	0.0	3.0425190925598145	0.04673482105135918	40.1228141784668	40.05683135986328	0.7985318303108215	8.359432666216405e-05
57	513	0.025315282866358757	0.0	0.0	2.524986505508423	0.030277924612164497	41.960853576660156	41.88975524902344	0.8104574680328369	8.592380828022916e-05
58	522	0.038026243448257446	0.0	0.0	2.437865972518921	0.03704781457781792	39.584495544433594	39.504676818847656	0.8121828436851501	8.827265184540846e-05
59	531	0.029885277152061462	0.0	0.0	2.08113694190979	0.037306174635887146	42.84466552734375	42.76551055908203	0.8163029551506042	9.063982554930117e-05
60	540	0.0299611184746027	0.0	0.0	2.394418239593506	0.02454485185444355	40.890525817871094	40.825782775878906	0.8060153126716614	9.302428953137767e-05
61	549	0.027176503092050552	0.0	0.0	2.4247381687164307	0.023208772763609886	38.763885498046875	38.70124435424805	0.8187531232833862	9.542499633577323e-05
62	558	0.028407789766788483	0.0	0.0	2.501296043395996	0.028017014265060425	40.77923583984375	40.697837829589844	0.8035544753074646	9.784089137141781e-05
63	567	0.013620669953525066	0.0	0.0	2.2120015621185303	0.04538504779338837	42.74998474121094	42.684234619140625	0.8172678351402283	0.00010027091337530103
64	576	0.03375718370079994	0.0	0.0	2.6853272914886475	0.03679898381233215	39.29715347290039	39.21755599975586	0.808826744556427	0.00010271399487866729
65	585	0.025989098474383354	0.0	0.0	2.1451644897460938	0.02407989278435707	38.35231018066406	38.28581619262695	0.8204317092895508	0.00010516906267593742
66	594	0.016412828117609024	0.0	0.0	2.2888991832733154	0.03500804305076599	40.78133773803711	40.71405029296875	0.8100637197494507	0.00010763503829615015
67	603	0.014259652234613895	0.0	0.0	2.1580421924591064	0.062432125210762024	42.28886795043945	42.22550582885742	0.8113306760787964	0.00011011083847671678
68	612	0.018955979496240616	0.0	0.0	2.3815343379974365	0.04787978529930115	37.94688415527344	37.86960983276367	0.7966381311416626	0.0001125953756392805
69	621	0.02516593597829342	0.0	0.0	2.62493896484375	0.0398244671523571	42.18412780761719	42.108924865722656	0.7978962659835815	0.00011508755836747201
70	630	0.04120650887489319	0.0	0.0	2.6450579166412354	0.04715373367071152	44.59663391113281	44.5465087890625	0.8023132681846619	0.00011758629188635039
71	639	0.0343482568860054	0.0	0.0	2.5053117275238037	0.03866436332464218	39.58665466308594	39.52420425415039	0.7955270409584045	0.0001200904785433201
72	648	0.030385063961148262	0.0	0.0	2.6105942726135254	0.036838628351688385	38.52630615234375	38.455726623535156	0.7898052930831909	0.00012259901829031155
73	657	0.035327646881341934	0.0	0.0	2.392692804336548	0.023922953754663467	41.046966552734375	40.98397445678711	0.8010080456733704	0.00012511080916701415
74	666	0.023113859817385674	0.0	0.0	1.9561431407928467	0.04141536355018616	41.319393157958984	41.25657653808594	0.817760705947876	0.00012762474778494953
75	675	0.04228009283542633	0.0	0.0	2.5254437923431396	0.04384523257613182	39.99514389038086	39.94240951538086	0.812688410282135	0.00013013972981217172
76	684	0.03359882906079292	0.0	0.0	2.1460304260253906	0.03171618655323982	38.533775329589844	38.472110748291016	0.7971479296684265	0.00013265465045838242
77	693	0.050419535487890244	0.0	0.0	2.652280807495117	0.040828220546245575	43.32242202758789	43.25558090209961	0.7961339354515076	0.00013516840496024678
78	702	0.023692170158028603	0.0	0.0	2.197279453277588	0.06936072558164597	46.91891098022461	46.83650588989258	0.7870754599571228	0.00013767988906669806
79	711	0.03414953872561455	0.0	0.0	2.048187017440796	0.028216755017638206	40.140174865722656	40.0805778503418	0.7912150025367737	0.00014018799952401705
80	720	0.04049030318856239	0.0	0.0	2.5363190174102783	0.01592014543712139	38.56819152832031	38.49996566772461	0.7924564480781555	0.00014269163456047306
81	729	0.027259869500994682	0.0	0.0	2.5029103755950928	0.03227486461400986	40.94307327270508	40.88161849975586	0.8050423860549927	0.0001451896943703143
82	738	0.029522567987442017	0.0	0.0	2.037107229232788	0.017918206751346588	39.20790481567383	39.12582778930664	0.8030537962913513	0.00014768108159689456
83	747	0.044203102588653564	0.0	0.0	2.5320940017700195	0.027873612940311432	40.12129211425781	40.04758071899414	0.807921826839447	0.0001501647018147238
84	756	0.026398247107863426	0.0	0.0	2.107135772705078	0.04918496683239937	38.112709045410156	38.045814514160156	0.8073675036430359	0.00015263946401023132
85	765	0.031243188306689262	0.0	0.0	2.4267752170562744	0.03988168016076088	37.42372131347656	37.33712387084961	0.8191830515861511	0.00015510428106103017
86	774	0.04704975336790085	0.0	0.0	2.6770153045654297	0.050171755254268646	41.44499588012695	41.37715148925781	0.8069580793380737	0.00015755807021347221
87	783	0.03015248477458954	0.0	0.0	2.4622983932495117	0.033262722194194794	37.654109954833984	37.576385498046875	0.7994105815887451	0.00015999975355828383
88	792	0.04233192279934883	0.0	0.0	2.306260585784912	0.03534404933452606	40.66305923461914	40.59067153930664	0.8070643544197083	0.0001624282585040739
89	801	0.04200667887926102	0.0	0.0	2.650872230529785	0.04882030561566353	39.237613677978516	39.1352424621582	0.7871868014335632	0.00016484251824850553
90	810	0.03145375847816467	0.0	0.0	2.4897279739379883	0.03364698961377144	43.2279052734375	43.152767181396484	0.8168529868125916	0.00016724147224692488
91	819	0.022033140063285828	0.0	0.0	2.4145240783691406	0.04501445218920708	40.853599548339844	40.76770782470703	0.7942790389060974	0.00016962406667824095
92	828	0.029787633568048477	0.0	0.0	2.3345742225646973	0.043380189687013626	41.72486877441406	41.67051696777344	0.8017588257789612	0.00017198925490785182
93	837	0.03539220988750458	0.0	0.0	2.079071044921875	0.038863763213157654	43.91816329956055	43.83612060546875	0.7964062690734863	0.00017433599794741407
94	846	0.03765493258833885	0.0	0.0	2.344738721847534	0.028824971988797188	41.864341735839844	41.77747344970703	0.7902374863624573	0.00017666326491125344
95	855	0.02289120852947235	0.0	0.0	2.3905208110809326	0.037083614617586136	41.79060745239258	41.73842239379883	0.8021854758262634	0.00017897003346921582
96	864	0.011352472938597202	0.0	0.0	1.9839638471603394	0.011602219194173813	39.801971435546875	39.7557373046875	0.8103796243667603	0.00018125529029576
97	873	0.05946049094200134	0.0	0.0	2.8613457679748535	0.05352630838751793	38.038238525390625	37.965606689453125	0.7956355810165405	0.0001835180315150953
98	882	0.0416218601167202	0.0	0.0	2.330326557159424	0.05222807824611664	37.944725036621094	37.88785934448242	0.8075520992279053	0.00018575726314216736
99	891	0.029120808467268944	0.0	0.0	2.1735732555389404	0.036858364939689636	37.669246673583984	37.59485626220703	0.7835937738418579	0.00018797200151929956
100	900	0.04062722623348236	0.0	0.0	2.340172052383423	0.05094543471932411	41.780399322509766	41.6891975402832	0.7868033051490784	0.0001901612737482978
101	909	0.03571271151304245	0.0	0.0	2.0214409828186035	0.01697375252842903	43.10915756225586	43.05714797973633	0.8174600005149841	0.00019232411811782846
102	918	0.03390937298536301	0.0	0.0	2.065197467803955	0.02200235053896904	38.64158630371094	38.57770538330078	0.8202453255653381	0.00019445958452588268
103	927	0.035763781517744064	0.0	0.0	2.2875425815582275	0.03725063428282738	38.579017639160156	38.526607513427734	0.8090358376502991	0.00019656673489714028
104	936	0.013864012435078621	0.0	0.0	2.0366969108581543	0.026800045743584633	39.75132369995117	39.67149353027344	0.7986341714859009	0.0001986446435950511
105	945	0.03717288374900818	0.0	0.0	2.204652786254883	0.034264061599969864	42.362548828125	42.28643035888672	0.7989470362663269	0.00020069239782845172
106	954	0.02238074131309986	0.0	0.0	1.9840927124023438	0.02522832527756691	42.46070098876953	42.383087158203125	0.809562623500824	0.00020270909805253983
107	963	0.00842346716672182	0.0	0.0	2.0396015644073486	0.03929053246974945	41.676414489746094	41.616004943847656	0.804087221622467	0.00020469385836402926
108	972	0.02438424713909626	0.0	0.0	1.9380018711090088	0.012071908451616764	38.74079895019531	38.69334411621094	0.7834973931312561	0.00020664580689031296
109	981	0.016229402273893356	0.0	0.0	1.892350673675537	0.018212269991636276	39.759727478027344	39.69456481933594	0.819349467754364	0.00020856408617246216
110	990	0.012198550626635551	0.0	0.0	2.2764663696289062	0.01632589101791382	40.56633377075195	40.50352096557617	0.810740053653717	0.00021044785354189406
111	999	0.005901835393160582	0.0	0.0	1.7086349725723267	0.007253853138536215	41.64494705200195	41.587947845458984	0.8162387609481812	0.00021229628149054233
112	1008	0.0328667089343071	0.0	0.0	2.332869529724121	0.01638844422996044	39.68526840209961	39.6290397644043	0.8019192814826965	0.0002141085580343677
113	1017	0.02999616414308548	0.0	0.0	2.2908172607421875	0.0251481756567955	37.727298736572266	37.662452697753906	0.8068788051605225	0.0002158838870700494
114	1026	0.023309361189603806	0.0	0.0	2.798835515975952	0.029010776430368423	40.25837326049805	40.18968200683594	0.7996326088905334	0.0002176214887247001
115	1035	0.012187640182673931	0.0	0.0	2.61457896232605	0.021165672689676285	41.42361068725586	41.35440444946289	0.8259682059288025	0.00021932059969845128
116	1044	0.03849758580327034	0.0	0.0	2.3653573989868164	0.03502515330910683	40.377418518066406	40.3182373046875	0.8165819048881531	0.00022098047359975844
117	1053	0.002188388491049409	0.0	0.0	2.0935652256011963	0.028154825791716576	40.04408645629883	39.982566833496094	0.8086370825767517	0.0002226003812732785
118	1062	0.03655017167329788	0.0	0.0	2.1096978187561035	0.030150048434734344	41.06349563598633	40.99729537963867	0.8031201958656311	0.00022417961112017592
119	1071	0.016602497547864914	0.0	0.0	2.0714309215545654	0.03687669709324837	41.29071044921875	41.23024368286133	0.8102383613586426	0.0002257174694107162
120	1080	0.02567029744386673	0.0	0.0	2.226372718811035	0.03330538421869278	40.407470703125	40.34626007080078	0.8030685186386108	0.00022721328058901023
121	1089	0.019670529291033745	0.0	0.0	1.9118491411209106	0.025019913911819458	37.587928771972656	37.514949798583984	0.8117147088050842	0.00022866638756977457
122	1098	0.016897782683372498	0.0	0.0	2.4860594272613525	0.005625616293400526	38.88836669921875	38.82551956176758	0.8189995288848877	0.00023007615202697842
123	1107	0.028628114610910416	0.0	0.0	2.152226686477661	0.038364700973033905	39.50760269165039	39.44973373413086	0.7976685166358948	0.0002314419546742497
124	1116	0.028776198625564575	0.0	0.0	1.755615472793579	0.03537892922759056	39.71984100341797	39.651676177978516	0.8116468787193298	0.00023276319553691753
125	1125	0.0019440918695181608	0.0	0.0	2.2038228511810303	0.02372218482196331	37.60045623779297	37.543434143066406	0.8228452205657959	0.00023403929421557092
126	1134	0.03046390227973461	0.0	0.0	2.338132619857788	0.026054352521896362	40.437171936035156	40.38372802734375	0.8091747760772705	0.0002352696901410191
127	1143	0.02805319055914879	0.0	0.0	1.7818368673324585	0.0243973545730114	40.726844787597656	40.67007064819336	0.8082176446914673	0.00023645384282054
128	1152	0.025312844663858414	0.0	0.0	1.644355297088623	0.001921138959005475	40.57268524169922	40.51338577270508	0.8248124122619629	0.00023759123207531008
129	1161	0.026476895436644554	0.0	0.0	2.3937554359436035	0.028923962265253067	38.8588981628418	38.79450607299805	0.8243693113327026	0.00023868135826891025
130	1170	0.021828509867191315	0.0	0.0	2.04831862449646	0.025647645816206932	37.25104904174805	37.19059371948242	0.8203421831130981	0.00023972374252680792
131	1179	0.012998564168810844	0.0	0.0	1.808016061782837	0.006629925221204758	37.11425018310547	37.039146423339844	0.8098492622375488	0.00024071792694671873
132	1188	0.0074508641846477985	0.0	0.0	1.8787585496902466	0.024643611162900925	42.2119255065918	42.143798828125	0.8289114236831665	0.0002416634747997555
133	1197	0.011758989654481411	0.0	0.0	1.917098045349121	0.02915060892701149	41.066978454589844	41.008087158203125	0.8217502236366272	0.0002425599707222761
134	1206	0.027429480105638504	0.0	0.0	2.1353073120117188	0.017496777698397636	40.433937072753906	40.38157272338867	0.812960147857666	0.00024340702089834583
135	1215	0.019006403163075447	0.0	0.0	1.786237359046936	0.014167563058435917	39.579803466796875	39.52016830444336	0.8229113221168518	0.0002442042532327343
136	1224	0.017493324354290962	0.0	0.0	1.9373464584350586	0.03707556053996086	40.87644958496094	40.82070541381836	0.8308898210525513	0.00024495131751437084
137	1233	0.02715492807328701	0.0	0.0	2.2648181915283203	0.012581908144056797	39.33662796020508	39.27545166015625	0.8182755708694458	0.00024564788557018623
138	1242	0.01808803156018257	0.0	0.0	2.05617094039917	0.019196271896362305	43.13191604614258	43.06797409057617	0.7977420091629028	0.0002462936514092741
139	1251	0.03068552352488041	0.0	0.0	1.8406263589859009	0.026462700217962265	39.023353576660156	38.962486267089844	0.8196179866790771	0.00024688833135730733
140	1260	0.031069306656718254	0.0	0.0	2.4709413051605225	0.014965568669140339	39.72969055175781	39.66255569458008	0.8147129416465759	0.00024743166418115186
141	1269	0.013942275196313858	0.0	0.0	1.8356035947799683	0.02072402648627758	38.13555145263672	38.06233596801758	0.817689836025238	0.0002479234112036218
142	1278	0.009580989368259907	0.0	0.0	1.9229676723480225	0.026859957724809647	38.93362045288086	38.87797927856445	0.8239662051200867	0.00024836335640832666
143	1287	-0.004637446254491806	0.0	0.0	1.5625282526016235	0.03064047172665596	38.46489334106445	38.3837776184082	0.8256044387817383	0.00024875130653456375
144	1296	0.003837628522887826	0.0	0.0	2.007289409637451	0.02545645274221897	39.08726119995117	39.01443099975586	0.8183652758598328	0.0002490870911622143
145	1305	0.0118809062987566	0.0	0.0	1.7850486040115356	0.018785586580634117	38.82451629638672	38.76473617553711	0.8278481960296631	0.0002493705627866062
146	1314	-0.010259559378027916	0.0	0.0	1.9333100318908691	0.021321464329957962	37.3046760559082	37.23453140258789	0.8252474665641785	0.0002496015968833108
147	1323	0.02219494618475437	0.0	0.0	1.9493567943572998	0.021732475608587265	40.44654846191406	40.393310546875	0.8149043321609497	0.00024978009196284376
148	1332	0.006847222335636616	0.0	0.0	1.582182765007019	0.011874264106154442	41.33024597167969	41.26864242553711	0.8275497555732727	0.0002499059696152483
149	1341	0.006739266682416201	0.0	0.0	1.8699394464492798	0.01579175516963005	39.22172546386719	39.171142578125	0.8297505378723145	0.00024997917454453914
150	1350	0.006629050709307194	0.0	0.0	2.0138320922851562	0.02468329668045044	38.139610290527344	38.07773208618164	0.8308616876602173	0.0002499999097430048
151	1359	0.011771541088819504	0.0	0.0	1.8884148597717285	0.01303675677627325	38.55282974243164	38.484588623046875	0.8306027054786682	0.0002499909744797011
152	1368	0.010107840411365032	0.0	0.0	1.960249423980713	0.012757955119013786	41.19600296020508	41.133583068847656	0.8289947509765625	0.000249967419577336
153	1377	0.010019737295806408	0.0	0.0	1.877845287322998	0.03528570756316185	39.94807052612305	39.88772201538086	0.8263986706733704	0.0002499292496279845
154	1386	0.013320030644536018	0.0	0.0	1.881447196006775	0.021396329626441002	40.63192367553711	40.55982971191406	0.819327712059021	0.0002498764720729538
155	1395	0.01279756985604763	0.0	0.0	1.8503047227859497	0.04043411463499069	40.21026611328125	40.15365982055664	0.8125624656677246	0.00024980909720133295
156	1404	0.015810493379831314	0.0	0.0	1.9206044673919678	0.034659434109926224	39.64011764526367	39.59038543701172	0.8281137943267822	0.00024972713814798653
157	1413	-0.00031927612144500017	0.0	0.0	1.4125105142593384	0.023229174315929413	38.064876556396484	38.007408142089844	0.8157199621200562	0.0002496306108909945
158	1422	0.005486703012138605	0.0	0.0	1.8058100938796997	0.024441998451948166	39.737518310546875	39.68682861328125	0.8345935344696045	0.00024951953424853676
159	1431	-0.0014798333868384361	0.0	0.0	1.7606433629989624	0.016055375337600708	39.44181823730469	39.40135192871094	0.8372641205787659	0.0002493939298752249
160	1440	0.02277250774204731	0.0	0.0	1.8123458623886108	0.025360969826579094	41.49205017089844	41.448463439941406	0.817402720451355	0.0002492538222578803
161	1449	0.009744156152009964	0.0	0.0	1.6652361154556274	0.026304855942726135	38.10798263549805	38.05060958862305	0.8267906904220581	0.0002490992387107607
162	1458	0.0010133801260963082	0.0	0.0	1.5494599342346191	0.014347049407660961	40.340911865234375	40.29658126831055	0.8268274664878845	0.0002489302093702348
163	1467	-0.013474028557538986	0.0	0.0	1.7079262733459473	0.004640941973775625	37.970542907714844	37.911869049072266	0.831346333026886	0.0002487467671889075
164	1476	0.002216875087469816	0.0	0.0	2.1562154293060303	0.023875096812844276	39.77739334106445	39.72938919067383	0.8309783935546875	0.00024854894792919544
165	1485	0.0030500846914947033	0.0	0.0	1.899660348892212	0.019267624244093895	40.402286529541016	40.35251998901367	0.817342221736908	0.0002483367901563554
166	1494	-0.0037907555233687162	0.0	0.0	1.8113938570022583	0.02778678946197033	38.82953643798828	38.7774772644043	0.8230655789375305	0.00024811033523096545
167	1503	0.0182740930467844	0.0	0.0	2.1021416187286377	0.011859025806188583	37.851932525634766	37.80084228515625	0.8395940065383911	0.000247869627300862
168	1512	-0.0032804154325276613	0.0	0.0	2.14241099357605	0.00649589579552412	38.1811637878418	38.121429443359375	0.83208167552948	0.000247614713292533
169	1521	-0.0149700827896595	0.0	0.0	1.6532522439956665	0.019107788801193237	37.38239288330078	37.32635498046875	0.8295831084251404	0.00024734564290196945
170	1530	0.014782569371163845	0.0	0.0	1.969327688217163	0.017989633604884148	39.37118911743164	39.32535171508789	0.8284532427787781	0.00024706246858497707
171	1539	0.0005354438326321542	0.0	0.0	1.7453570365905762	0.013214267790317535	39.55845260620117	39.5080451965332	0.8319477438926697	0.0002467652455469501
172	1548	0.0029877854976803064	0.0	0.0	1.7927467823028564	0.004920547362416983	38.81354904174805	38.750213623046875	0.8365353941917419	0.0002464540317321087
173	1557	-0.011085305362939835	0.0	0.0	2.14683198928833	0.016247428953647614	39.167381286621094	39.10906982421875	0.8328046202659607	0.00024612888781220274
174	1566	0.0023072916083037853	0.0	0.0	1.9379502534866333	0.02206554263830185	38.87651824951172	38.81444549560547	0.8312684893608093	0.0002457898771746836
175	1575	0.017856769263744354	0.0	0.0	2.1981465816497803	0.011041737161576748	39.63237380981445	39.57536315917969	0.8170389533042908	0.0002454370659103468
176	1584	0.009352588094770908	0.0	0.0	1.5722473859786987	0.012692946940660477	39.41786193847656	39.37073516845703	0.8306950926780701	0.0002450705228004473
177	1593	-0.017136311158537865	0.0	0.0	1.7230744361877441	0.01942889764904976	37.66316604614258	37.603729248046875	0.8274074196815491	0.0002446903193032908
178	1602	0.016045918688178062	0.0	0.0	1.8600934743881226	0.020644471049308777	40.052513122558594	39.97921371459961	0.824129045009613	0.00024429652954030225
179	1611	0.004042229615151882	0.0	0.0	1.6730419397354126	0.01936085894703865	38.45278549194336	38.3835563659668	0.8236966133117676	0.00024388923028157626
180	1620	-0.013189448975026608	0.0	0.0	1.6006641387939453	0.02627217210829258	40.55289077758789	40.47758483886719	0.8273922801017761	0.00024346850093091035
181	1629	-0.002382300328463316	0.0	0.0	1.5723191499710083	0.022252559661865234	38.45243835449219	38.389957427978516	0.8259577751159668	0.00024303442351032505
182	1638	0.025419263169169426	0.0	0.0	2.2298521995544434	0.02129339426755905	40.131141662597656	40.071258544921875	0.821232259273529	0.0002425870826440736
183	1647	0.010122274048626423	0.0	0.0	1.9986618757247925	0.018629854544997215	37.40043640136719	37.33970642089844	0.8305394053459167	0.00024212656554214415
184	1656	-0.008531217463314533	0.0	0.0	1.792712688446045	0.007735989987850189	37.69445037841797	37.631248474121094	0.8270124197006226	0.00024165296198325832
185	1665	1.4721274965268094e-05	0.0	0.0	1.791105031967163	0.031370773911476135	41.50555419921875	41.45160675048828	0.8308466076850891	0.00024116636429736822
186	1674	-0.0058753895573318005	0.0	0.0	1.81423819065094	0.016078293323516846	37.693939208984375	37.63443374633789	0.821583092212677	0.0002406668673476568
187	1683	-0.016901995986700058	0.0	0.0	1.7981687784194946	0.00989848654717207	38.604331970214844	38.536773681640625	0.8229719996452332	0.00024015456851204426
188	1692	-0.0015759574016556144	0.0	0.0	2.0005075931549072	0.00789842288941145	39.765045166015625	39.72047805786133	0.8424370884895325	0.00023962956766420356
189	1701	-0.0029213116504251957	0.0	0.0	1.9493083953857422	0.020667916163802147	37.62899398803711	37.5763053894043	0.8393473029136658	0.00023909196715409025
190	1710	-0.010332074016332626	0.0	0.0	1.604520320892334	0.019346024841070175	38.446807861328125	38.39444351196289	0.8293622136116028	0.00023854187178798896
191	1719	-0.015270796604454517	0.0	0.0	2.115562915802002	0.0032788082025945187	37.39850616455078	37.33493423461914	0.819068968296051	0.00023797938880808125
192	1728	-0.01582159474492073	0.0	0.0	1.71854829788208	0.009061731398105621	38.95207214355469	38.886260986328125	0.8341506719589233	0.0002374046278715386
193	1737	-0.013298357836902142	0.0	0.0	1.5560142993927002	0.02739523909986019	39.021480560302734	38.9683952331543	0.8264694809913635	0.00023681770102914435
194	1746	0.022116241976618767	0.0	0.0	1.982561707496643	0.0336676649749279	38.92121887207031	38.858978271484375	0.8271031975746155	0.00023621872270344945
195	1755	0.010648908093571663	0.0	0.0	1.8485949039459229	0.021279454231262207	36.37375259399414	36.31346130371094	0.8330453038215637	0.0002356078096664652
196	1764	0.0006083011976443231	0.0	0.0	2.221109390258789	0.020636489614844322	38.93470764160156	38.87728500366211	0.8319315910339355	0.0002349850810168987
197	1773	-0.010801205411553383	0.0	0.0	1.5581167936325073	0.01441617775708437	37.85993957519531	37.78886032104492	0.8216421604156494	0.00023435065815693404
198	1782	-0.01912885531783104	0.0	0.0	1.9191384315490723	0.022629544138908386	36.21110534667969	36.147579193115234	0.825467586517334	0.0002337046647685648
199	1791	-0.02492220513522625	0.0	0.0	1.3495630025863647	0.02094688080251217	40.18885803222656	40.14741516113281	0.83256596326828	0.00023304722678948195
200	1800	-0.023692460730671883	0.0	0.0	1.7884234189987183	0.007366124540567398	37.594783782958984	37.536468505859375	0.8178778886795044	0.00023237847238852217
201	1809	-0.03236899897456169	0.0	0.0	1.7933769226074219	0.025702809914946556	41.235984802246094	41.184547424316406	0.8314046263694763	0.00023169853194068108
202	1818	-0.0003783569554798305	0.0	0.0	2.0815985202789307	0.02082832157611847	39.398948669433594	39.341854095458984	0.8338739275932312	0.00023100753800169618
203	1827	-0.014419002458453178	0.0	0.0	1.5833327770233154	2.856767241610214e-05	39.37926483154297	39.31171417236328	0.8302813172340393	0.00023030562528220496
204	1836	-0.011735592968761921	0.0	0.0	1.7252968549728394	0.020868655294179916	39.09243392944336	39.01395797729492	0.8257828950881958	0.0002295929306214829
205	1845	0.0017574506346136332	0.0	0.0	1.974465012550354	0.014129618182778358	37.15943145751953	37.08850860595703	0.8172209858894348	0.0002288695929607662
206	1854	-0.00478254584595561	0.0	0.0	1.8138470649719238	0.01995191164314747	39.91782760620117	39.85804748535156	0.8389806151390076	0.000228135753316165
207	1863	-0.014914406463503838	0.0	0.0	1.8687852621078491	0.02289130911231041	36.91085433959961	36.83309555053711	0.8291138410568237	0.0002273915547511721
208	1872	0.008683368563652039	0.0	0.0	2.1692428588867188	0.02027132175862789	40.54230499267578	40.4707145690918	0.8317722678184509	0.00022663714234877227
209	1881	-0.02293793298304081	0.0	0.0	1.6907302141189575	0.03140626475214958	40.09715270996094	40.04862976074219	0.8339237570762634	0.0002258726631831582
210	1890	-0.021388165652751923	0.0	0.0	1.7661335468292236	0.013523688539862633	37.186073303222656	37.13154602050781	0.8276376128196716	0.00022509826629105785
211	1899	-0.020804768428206444	0.0	0.0	1.5766468048095703	0.012014849111437798	38.46796798706055	38.410400390625	0.8336511254310608	0.00022431410264267982
212	1908	-0.015665041282773018	0.0	0.0	1.902937889099121	0.010346616618335247	38.28227233886719	38.22843551635742	0.8264119029045105	0.000223520325112281
213	1917	-0.00471891276538372	0.0	0.0	1.7414385080337524	0.02083577774465084	38.5906982421875	38.53199768066406	0.8269698619842529	0.0002227170884483638
214	1926	0.005829453002661467	0.0	0.0	1.7652612924575806	0.007608101237565279	38.93721008300781	38.86204528808594	0.8266389966011047	0.00022190454924350735
215	1935	-0.005397570785135031	0.0	0.0	1.8071013689041138	0.016577159985899925	38.12276840209961	38.03921127319336	0.8313683271408081	0.00022108286590383962
216	1944	-0.012775036506354809	0.0	0.0	2.059394598007202	0.022671952843666077	38.87754440307617	38.82515335083008	0.8241687417030334	0.0002202521986181557
217	1953	0.00398954376578331	0.0	0.0	1.954236388206482	0.014907080680131912	37.877010345458984	37.814247131347656	0.8223866820335388	0.00021941270932668885
218	1962	-0.011968813836574554	0.0	0.0	1.5198241472244263	0.0003837733529508114	35.51444625854492	35.44893264770508	0.8260674476623535	0.00021856456168953983
219	1971	-0.020803388208150864	0.0	0.0	1.828237533569336	0.021834321320056915	39.65951919555664	39.61062240600586	0.8264434337615967	0.00021770792105477095
220	1980	2.143478559446521e-05	0.0	0.0	1.5984909534454346	0.009194054640829563	36.85688400268555	36.801063537597656	0.8330011963844299	0.00021684295442617136
221	1989	-0.007976439781486988	0.0	0.0	2.114197015762329	0.0135834701359272	37.12051010131836	37.05118179321289	0.8227951526641846	0.00021596983043069908
222	1998	-0.024552354589104652	0.0	0.0	1.6623635292053223	0.010393624193966389	38.80621337890625	38.75272750854492	0.826288104057312	0.00021508871928560704
223	2007	0.002170635387301445	0.0	0.0	1.917758822441101	0.016650300472974777	38.38007354736328	38.313533782958984	0.8353461623191833	0.00021419979276525886
224	2016	0.0072935414500534534	0.0	0.0	1.939336895942688	0.011089266277849674	38.41985321044922	38.3592529296875	0.819647490978241	0.0002133032241676409
225	2025	-0.006123156752437353	0.0	0.0	2.0255513191223145	0.016459578648209572	37.35031509399414	37.276023864746094	0.8249803185462952	0.00021239918828057787
226	2034	-0.00560682313516736	0.0	0.0	2.12577748298645	0.016718365252017975	38.8780632019043	38.81816864013672	0.8337951898574829	0.000211487861347657
227	2043	-0.004404574166983366	0.0	0.0	2.0930378437042236	0.01536159310489893	38.72747802734375	38.6729850769043	0.8350256085395813	0.00021056942103386974
228	2052	-0.0160687193274498	0.0	0.0	1.6263999938964844	0.011807230301201344	38.33354949951172	38.271602630615234	0.8277091979980469	0.00020964404639097492
229	2061	-0.013117535971105099	0.0	0.0	1.8308473825454712	0.01600770093500614	38.07402038574219	38.01495361328125	0.8294158577919006	0.00020871191782259276
230	2070	-0.002674447139725089	0.0	0.0	1.5874786376953125	0.011088026687502861	37.412567138671875	37.36793899536133	0.8297637701034546	0.00020777321704903463
231	2079	-0.02546442672610283	0.0	0.0	1.744815707206726	0.005454663652926683	38.2578239440918	38.21518325805664	0.8323465585708618	0.00020682812707187618
232	2088	-0.00860777497291565	0.0	0.0	1.812730312347412	0.013576442375779152	38.89486312866211	38.8289680480957	0.8249461650848389	0.0002058768321382811
233	2097	-0.023341355845332146	0.0	0.0	1.6769438982009888	0.017213953658938408	39.978485107421875	39.912139892578125	0.824518084526062	0.00020491951770508152
234	2106	-0.00462811766192317	0.0	0.0	1.6683284044265747	0.01990458369255066	37.226783752441406	37.150577545166016	0.8304272890090942	0.0002039563704026231
235	2115	0.0010102181695401669	0.0	0.0	1.5121854543685913	0.00950704701244831	38.40827560424805	38.333900451660156	0.8201931118965149	0.00020298757799838078
236	2124	-0.026359286159276962	0.0	0.0	1.8096113204956055	0.01742343232035637	37.463233947753906	37.38655090332031	0.8265650272369385	0.0002020133293603533
237	2133	-0.012346248142421246	0.0	0.0	1.6865639686584473	0.025181030854582787	38.23872375488281	38.169342041015625	0.8179281949996948	0.00020103381442024303
238	2142	-0.02598743326961994	0.0	0.0	1.3036518096923828	0.0232835803180933	41.55194854736328	41.492618560791016	0.8308496475219727	0.00020004922413642838
239	2151	-0.01094501931220293	0.0	0.0	2.5003042221069336	0.006810122635215521	36.09785461425781	36.028419494628906	0.8229074478149414	0.000199059750456736
240	2160	-0.030821532011032104	0.0	0.0	1.7585793733596802	0.0011825881665572524	38.21451187133789	38.14105987548828	0.8346903324127197	0.0001980655862810203
241	2169	-0.0031785627361387014	0.0	0.0	1.8643357753753662	0.011647398583590984	38.392757415771484	38.32830810546875	0.8368238210678101	0.00019706692542355715
242	2178	-0.0027755943592637777	0.0	0.0	1.7103219032287598	0.009578589349985123	36.98332595825195	36.9267692565918	0.8279702663421631	0.00019606396257525947
243	2187	-0.029506228864192963	0.0	0.0	1.6642625331878662	0.024085525423288345	39.42752456665039	39.37773132324219	0.8334733247756958	0.00019505689326572176
244	2196	-0.016865383833646774	0.0	0.0	1.5672223567962646	0.008340457454323769	37.35147476196289	37.278709411621094	0.8147712349891663	0.00019404591382510137
245	2205	-0.02131553180515766	0.0	0.0	1.8411341905593872	0.02684178203344345	38.96175765991211	38.89341735839844	0.817274808883667	0.00019303122134584332
246	2214	-0.009259596467018127	0.0	0.0	1.6767429113388062	0.010324427857995033	38.48650360107422	38.427181243896484	0.8231287598609924	0.00019201301364425705
247	2223	-0.02431405708193779	0.0	0.0	2.099398136138916	0.030446549877524376	36.59086990356445	36.51237487792969	0.8105014562606812	0.00019099148922195134
248	2232	-0.014786886982619762	0.0	0.0	1.8050453662872314	0.013136052526533604	37.491580963134766	37.420166015625	0.8177555203437805	0.00018996684722713642
249	2241	-0.020689677447080612	0.0	0.0	1.6947821378707886	0.00432068295776844	36.81544876098633	36.73786163330078	0.8216680884361267	0.0001889392874157994
250	2250	-0.025561193004250526	0.0	0.0	1.7795701026916504	0.021127749234437943	38.78921890258789	38.726097106933594	0.8265668153762817	0.00018790901011276145
251	2259	-0.002796414541080594	0.0	0.0	1.8728688955307007	0.026043586432933807	37.11707305908203	37.04109573364258	0.8211109042167664	0.00018687621617262423
252	2268	-0.03151697665452957	0.0	0.0	1.7936384677886963	0.01954479143023491	36.872562408447266	36.79353332519531	0.8152601718902588	0.00018584110694061274
253	2277	-0.02452894300222397	0.0	0.0	1.5301529169082642	0.016151126474142075	37.24844741821289	37.17812728881836	0.8242193460464478	0.00018480388421332266
254	2286	-0.03625630959868431	0.0	0.0	1.7617311477661133	0.006056776270270348	37.81079864501953	37.739349365234375	0.8236110806465149	0.00018376475019937988
255	2295	-0.022099455818533897	0.0	0.0	1.7301926612854004	0.011179612018167973	37.46632385253906	37.383087158203125	0.8122835755348206	0.00018272390748001933
256	2304	-0.017465908080339432	0.0	0.0	1.9004888534545898	0.014474966563284397	37.51628875732422	37.42979049682617	0.8205192685127258	0.00018168155896959148
257	2313	-0.012565930373966694	0.0	0.0	2.0696568489074707	0.022582650184631348	37.519775390625	37.441036224365234	0.8245603442192078	0.0001806379078760037
258	2322	-0.024744106456637383	0.0	0.0	1.8550262451171875	0.016890747472643852	37.66851043701172	37.592994689941406	0.8116082549095154	0.00017959315766110463
259	2331	-0.04366559162735939	0.0	0.0	1.7175538539886475	0.019609130918979645	36.325740814208984	36.24787139892578	0.8127588033676147	0.0001785475120010186
260	2340	-0.009281089529395103	0.0	0.0	1.7222986221313477	0.008562605828046799	37.66985321044922	37.5857048034668	0.8199512958526611	0.00017750117474643905
261	2349	-0.036801811307668686	0.0	0.0	1.5935014486312866	0.01880726031959057	35.19453048706055	35.0993537902832	0.8185797929763794	0.00017645434988288684
262	2358	-0.013621596619486809	0.0	0.0	1.9542858600616455	0.016180191189050674	37.67244338989258	37.58420944213867	0.8252964615821838	0.00017540724149094333
263	2367	-0.040669482201337814	0.0	0.0	1.7270464897155762	0.006954055745154619	35.83182907104492	35.74396896362305	0.8205292224884033	0.00017436005370646425
264	2376	-0.01779926009476185	0.0	0.0	1.730520486831665	0.019242210313677788	39.65473556518555	39.57209014892578	0.8240570425987244	0.00017331299068078308
265	2385	-0.03306436166167259	0.0	0.0	1.702784776687622	0.025281032547354698	39.059226989746094	38.98591995239258	0.8315384387969971	0.0001722662565409113
266	2394	-0.004745339509099722	0.0	0.0	1.5424525737762451	0.018400391563773155	36.75740051269531	36.677154541015625	0.8216769695281982	0.0001712200553497435
267	2403	-0.011860686354339123	0.0	0.0	1.8726682662963867	0.026440396904945374	37.83084487915039	37.76445007324219	0.8237345218658447	0.00017017459106627485
268	2412	-0.0325898639857769	0.0	0.0	1.8903769254684448	0.030943648889660835	38.440673828125	38.36793899536133	0.8216762542724609	0.00016913006750583884
269	2421	-0.03565338999032974	0.0	0.0	2.0284554958343506	0.03167151287198067	37.9658317565918	37.88018035888672	0.8180358409881592	0.00016808668830037318
270	2430	-0.021413903683423996	0.0	0.0	1.5411721467971802	0.030523110181093216	36.307106018066406	36.221946716308594	0.8243492245674133	0.00016704465685872134
271	2439	-0.04338447377085686	0.0	0.0	2.216719627380371	0.015121213160455227	38.312744140625	38.2383918762207	0.8194601535797119	0.00016600417632697752
272	2448	-0.02433762326836586	0.0	0.0	2.088099718093872	0.0194778423756361	37.998130798339844	37.9323616027832	0.81919926404953	0.00016496544954888308
273	2457	-0.022664597257971764	0.0	0.0	1.7760368585586548	0.01193041168153286	36.808109283447266	36.731624603271484	0.8211997747421265	0.0001639286790262814
274	2466	-0.023853449150919914	0.0	0.0	2.2403488159179688	0.019879383966326714	38.37217330932617	38.295963287353516	0.8183227777481079	0.00016289406687964016
275	2475	-0.011131033301353455	0.0	0.0	1.5618314743041992	0.024821359664201736	37.234134674072266	37.15420150756836	0.8136047720909119	0.00016186181480864735
276	2484	-0.02540031261742115	0.0	0.0	2.1011054515838623	0.022577224299311638	38.0662841796875	37.9763298034668	0.8078893423080444	0.0001608321240528895
277	2493	-0.015222753398120403	0.0	0.0	1.9312686920166016	0.023485394194722176	39.40761184692383	39.326820373535156	0.814163088798523	0.00015980519535261964
278	2502	-0.04413934424519539	0.0	0.0	2.021287202835083	0.020195936784148216	35.756229400634766	35.68682098388672	0.816537618637085	0.0001587812289096226
279	2511	-0.010773438028991222	0.0	0.0	1.9070073366165161	0.029997799545526505	38.455039978027344	38.40229415893555	0.8209260106086731	0.00015776042434818542
280	2520	-0.03736778721213341	0.0	0.0	1.8021544218063354	0.028081821277737617	38.204322814941406	38.14411163330078	0.8144891858100891	0.00015674298067617988
281	2529	-0.026697691529989243	0.0	0.0	1.9654300212860107	0.01750451698899269	36.83845901489258	36.767852783203125	0.8121976256370544	0.00015572909624626585
282	2538	-0.023822464048862457	0.0	0.0	1.6305798292160034	0.02188193053007126	37.623985290527344	37.554893493652344	0.8124369978904724	0.00015471896871722181
283	2547	-0.042890824377536774	0.0	0.0	1.5494792461395264	0.019333867356181145	36.637027740478516	36.566619873046875	0.8077064752578735	0.000153712795015411
284	2556	-0.03356270119547844	0.0	0.0	1.6215492486953735	0.013795080594718456	37.472232818603516	37.39595413208008	0.8027864098548889	0.00015271077129639025
285	2565	-0.043693508952856064	0.0	0.0	2.1118478775024414	0.018012715503573418	36.21427536010742	36.13945388793945	0.8046121001243591	0.00015171309290666892
286	2574	-0.04956625774502754	0.0	0.0	2.0014288425445557	0.016963079571723938	38.77836990356445	38.71260452270508	0.8086767792701721	0.00015071995434562594
287	2583	-0.04091709852218628	0.0	0.0	1.7433445453643799	0.025151265785098076	37.449066162109375	37.38169860839844	0.8084848523139954	0.00014973154922759153
288	2592	-0.043722573667764664	0.0	0.0	1.8148796558380127	0.032368287444114685	38.50017547607422	38.42647933959961	0.8120271563529968	0.00014874807024410196
289	2601	-0.024366218596696854	0.0	0.0	1.6414190530776978	0.03410516306757927	37.95549774169922	37.876399993896484	0.8029972910881042	0.00014776970912633362
290	2610	-0.047087475657463074	0.0	0.0	1.8190481662750244	0.01693504862487316	38.04651641845703	37.976680755615234	0.811136782169342	0.00014679665660772493
291	2619	-0.03877594321966171	0.0	0.0	1.5990779399871826	0.018153641372919083	37.47050857543945	37.403846740722656	0.8098742961883545	0.00014582910238679245
292	2628	-0.02832919918000698	0.0	0.0	1.994964599609375	0.0271318219602108	38.409488677978516	38.349571228027344	0.8150200843811035	0.00014486723509014868
293	2637	-0.030547238886356354	0.0	0.0	2.1301541328430176	0.014728648588061333	36.89619445800781	36.83272171020508	0.8108273148536682	0.00014391124223572886
294	2646	-0.04228938743472099	0.0	0.0	1.933748722076416	0.010804993100464344	39.88884735107422	39.82942581176758	0.817177951335907	0.0001429613101962342
295	2655	-0.04076966643333435	0.0	0.0	1.8968615531921387	0.018754420801997185	37.63824462890625	37.55512619018555	0.804593026638031	0.00014201762416279798
296	2664	-0.040704600512981415	0.0	0.0	2.2539188861846924	0.02166660502552986	38.46303176879883	38.395660400390625	0.8153968453407288	0.0001410803681088822
297	2673	-0.029965709894895554	0.0	0.0	2.065946578979492	0.02472793124616146	36.13126754760742	36.052345275878906	0.807945966720581	0.00014014972475441165
298	2682	-0.0322413295507431	0.0	0.0	2.130211591720581	0.017752207815647125	36.049339294433594	35.967315673828125	0.805381178855896	0.00013922587553015232
299	2691	-0.04091710224747658	0.0	0.0	1.7732033729553223	0.015304584987461567	38.02315139770508	37.938228607177734	0.8139482736587524	0.00013830900054234092
300	2700	-0.04397156834602356	0.0	0.0	1.8951385021209717	0.027828240767121315	37.576683044433594	37.490962982177734	0.8012983202934265	0.000137399278537573
301	2709	-0.046348266303539276	0.0	0.0	2.1379013061523438	0.02200506255030632	36.78464889526367	36.7047119140625	0.7966568470001221	0.00013649688686795595
302	2718	-0.04991231486201286	0.0	0.0	1.8656538724899292	0.024094071239233017	37.09019470214844	37.01667404174805	0.8064396381378174	0.00013560200145653373
303	2727	-0.04715064540505409	0.0	0.0	1.654439926147461	0.02746112272143364	36.16952133178711	36.08393859863281	0.8111859560012817	0.00013471479676299046
304	2736	-0.025915035977959633	0.0	0.0	2.264483690261841	0.03006751462817192	36.73127746582031	36.65422058105469	0.80389803647995	0.00013383544574963898
305	2745	-0.05853661149740219	0.0	0.0	1.6914311647415161	0.017350442707538605	36.873050689697266	36.81269836425781	0.8165981769561768	0.00013296411984770168
306	2754	-0.041037384420633316	0.0	0.0	1.9428260326385498	0.016940724104642868	37.585205078125	37.51963806152344	0.8126258850097656	0.00013210098892388962
307	2763	-0.05829259380698204	0.0	0.0	1.7564283609390259	0.0053811450488865376	34.99030685424805	34.909420013427734	0.8063756227493286	0.00013124622124728664
308	2772	-0.05208703875541687	0.0	0.0	1.7672525644302368	0.015410101041197777	36.90068817138672	36.816349029541016	0.8189302086830139	0.00013039998345654483
309	2781	-0.04274878278374672	0.0	0.0	2.335113048553467	0.023050853982567787	36.21244812011719	36.11799621582031	0.8159621357917786	0.00012956244052739826
310	2790	-0.06292673200368881	0.0	0.0	1.6806912422180176	0.019047457724809647	36.94570541381836	36.86577606201172	0.8236977458000183	0.00012873375574050044
311	2799	-0.05983967334032059	0.0	0.0	2.0515575408935547	0.019918935373425484	36.0776252746582	35.98930740356445	0.8115497827529907	0.00012791409064959262
312	2808	-0.06782939285039902	0.0	0.0	1.7317479848861694	0.02350517176091671	36.55485153198242	36.472259521484375	0.8038322329521179	0.00012710360505000827
313	2817	-0.056516990065574646	0.0	0.0	2.0920369625091553	0.02254253625869751	35.31865310668945	35.22290802001953	0.8020575046539307	0.0001263024569475209
314	2826	-0.06715303659439087	0.0	0.0	1.8033779859542847	0.019206900149583817	35.767757415771484	35.67367172241211	0.8028749823570251	0.00012551080252754055
315	2835	-0.04931659996509552	0.0	0.0	1.7663363218307495	0.013258058577775955	35.38741683959961	35.29204559326172	0.7962743639945984	0.00012472879612466492
316	2844	-0.056313056498765945	0.0	0.0	1.9682320356369019	0.018197081983089447	36.27565383911133	36.18463134765625	0.8059713840484619	0.00012395659019259173
317	2853	-0.03881939873099327	0.0	0.0	1.8880563974380493	0.019823340699076653	36.760719299316406	36.67518615722656	0.8098520040512085	0.00012319433527439746
318	2862	-0.05232507362961769	0.0	0.0	2.1063239574432373	0.02177325077354908	36.26686477661133	36.185909271240234	0.8048288226127625	0.00012244217997318878
319	2871	-0.042744215577840805	0.0	0.0	1.92024827003479	0.028012404218316078	38.04289627075195	37.96697998046875	0.8038502931594849	0.00012170027092313194
320	2880	-0.05836961790919304	0.0	0.0	1.8708643913269043	0.030482415109872818	35.16488265991211	35.07257080078125	0.7912535071372986	0.00012096875276086627
321	2889	-0.049939751625061035	0.0	0.0	2.196194648742676	0.024361053481698036	37.87732696533203	37.79340744018555	0.7962367534637451	0.00012024776809730691
322	2898	-0.05994072183966637	0.0	0.0	1.7708677053451538	0.02740253321826458	36.55419921875	36.45875549316406	0.7958471179008484	0.0001195374574898426
323	2907	-0.04796050116419792	0.0	0.0	2.2009193897247314	0.021749606356024742	36.58400344848633	36.48533630371094	0.7967838048934937	0.00011883795941493368
324	2916	-0.0408569760620594	0.0	0.0	2.3728647232055664	0.01975586824119091	37.11164093017578	37.01620864868164	0.8084328174591064	0.00011814941024111579
325	2925	-0.06553193926811218	0.0	0.0	1.8202319145202637	0.017403075471520424	35.85595703125	35.756370544433594	0.8006723523139954	0.00011747194420241469
326	2934	-0.07683708518743515	0.0	0.0	2.1209471225738525	0.029013730585575104	38.44720458984375	38.35206604003906	0.8074772357940674	0.00011680569337217694
327	2943	-0.059446074068546295	0.0	0.0	1.775840163230896	0.03177019953727722	36.39205551147461	36.29011917114258	0.8064805269241333	0.00011615078763732197
328	2952	-0.04062996059656143	0.0	0.0	2.120408535003662	0.028287064284086227	37.12146759033203	37.030391693115234	0.807951807975769	0.00011550735467302044
329	2961	-0.06785546243190765	0.0	0.0	1.839402437210083	0.02277553826570511	38.011993408203125	37.92011260986328	0.8020339012145996	0.00011487551991780362
330	2970	-0.06218002736568451	0.0	0.0	1.9675372838974	0.021144138649106026	36.69208526611328	36.601097106933594	0.7976789474487305	0.000114255406549109
331	2979	-0.07310312241315842	0.0	0.0	1.927164077758789	0.016668986529111862	36.268089294433594	36.18018341064453	0.7941750288009644	0.00011364713545926645
332	2988	-0.07187291234731674	0.0	0.0	2.067699909210205	0.02417188696563244	36.58522033691406	36.49835968017578	0.7931209802627563	0.00011305082523193014
333	2997	-0.06816858053207397	0.0	0.0	1.8067560195922852	0.029606705531477928	35.402652740478516	35.30397415161133	0.7971848845481873	0.00011246659211896043
334	3006	-0.06866852194070816	0.0	0.0	1.7951382398605347	0.0273729395121336	37.89693832397461	37.813133239746094	0.799170970916748	0.00011189455001776034
335	3015	-0.06608220189809799	0.0	0.0	1.9196323156356812	0.01850851997733116	37.216827392578125	37.128944396972656	0.7862897515296936	0.00011133481044907087
336	3024	-0.06472203135490417	0.0	0.0	2.4346444606781006	0.025276485830545425	37.381614685058594	37.292144775390625	0.794049859046936	0.00011078748253523003
337	3033	-0.05970872938632965	0.0	0.0	2.2409157752990723	0.022343529388308525	36.33933639526367	36.24827575683594	0.8016343712806702	0.00011025267297889908
338	3042	-0.08491671830415726	0.0	0.0	2.248753309249878	0.02508286014199257	36.32512664794922	36.224884033203125	0.8032575249671936	0.0001097304860422607
339	3051	-0.047438498586416245	0.0	0.0	2.1130547523498535	0.014001253992319107	35.3788948059082	35.267478942871094	0.8001028895378113	0.00010922102352669286
340	3060	-0.075141541659832	0.0	0.0	2.0155792236328125	0.0143217658624053	35.726776123046875	35.62101364135742	0.7914004921913147	0.00010872438475292239
341	3069	-0.047028277069330215	0.0	0.0	2.113894462585449	0.021805020049214363	37.616485595703125	37.523738861083984	0.7912155985832214	0.00010824066654166228
342	3078	-0.06134534627199173	0.0	0.0	1.9210087060928345	0.026937024667859077	37.171730041503906	37.06941604614258	0.7841506004333496	0.00010776996319473627
343	3087	-0.05934397503733635	0.0	0.0	2.1464297771453857	0.03905932977795601	36.609867095947266	36.49492263793945	0.7916985154151917	0.00010731236647669446
344	3096	-0.06526843458414078	0.0	0.0	2.213489055633545	0.04044128581881523	35.436363220214844	35.32289123535156	0.7899336218833923	0.00010686796559692373
345	3105	-0.06593073159456253	0.0	0.0	1.7658913135528564	0.04947715997695923	37.098567962646484	36.9919319152832	0.7866740822792053	0.00010643684719225612
346	3114	-0.08113998919725418	0.0	0.0	1.7149096727371216	0.05280718579888344	35.59040451049805	35.47941589355469	0.7768064737319946	0.00010601909531007884
347	3123	-0.06895230710506439	0.0	0.0	1.9336186647415161	0.0380411371588707	36.019317626953125	35.916221618652344	0.7792381644248962	0.00010561479139194903
348	3132	-0.08394378423690796	0.0	0.0	1.977205514907837	0.03834576904773712	36.3458251953125	36.24551773071289	0.7796541452407837	0.00010522401425771664
349	3141	-0.07782377302646637	0.0	0.0	2.1546337604522705	0.03624420985579491	34.65873718261719	34.552940368652344	0.771769106388092	0.00010484684009015825
350	3150	-0.0482967384159565	0.0	0.0	2.007352590560913	0.036845359951257706	36.710758209228516	36.60969161987305	0.7884464263916016	0.00010448334242012518
351	3159	-0.06756894290447235	0.0	0.0	1.9066416025161743	0.03224749118089676	36.71897888183594	36.62269973754883	0.7933399677276611	0.0001041335921122084
352	3168	-0.09033939242362976	0.0	0.0	1.9195033311843872	0.03477642312645912	36.202816009521484	36.094337463378906	0.7945139408111572	0.00010379765735092345
353	3177	-0.07931029051542282	0.0	0.0	1.9648712873458862	0.035219624638557434	35.787837982177734	35.67509460449219	0.7842597365379333	0.00010347560362741766
354	3186	-0.061716776341199875	0.0	0.0	2.113168478012085	0.0321408212184906	36.66346740722656	36.55411148071289	0.7805818915367126	0.00010316749372670254
355	3195	-0.09477554261684418	0.0	0.0	2.0880467891693115	0.031142080202698708	34.40638732910156	34.279945373535156	0.7802809476852417	0.00010287338771541373
356	3204	-0.0612775981426239	0.0	0.0	2.3141109943389893	0.046760670840740204	34.74332809448242	34.613731384277344	0.7715895175933838	0.00010259334293010086
357	3213	-0.06372833251953125	0.0	0.0	2.305318593978882	0.04715276509523392	36.21575927734375	36.100223541259766	0.7816984057426453	0.0001023274139660497
358	3222	-0.08549704402685165	0.0	0.0	2.6749179363250732	0.05627577379345894	36.29111099243164	36.184932708740234	0.7822782397270203	0.00010207565266663873
359	3231	-0.06455723196268082	0.0	0.0	2.178980827331543	0.050461847335100174	36.570396423339844	36.466670989990234	0.7860504388809204	0.00010183810811323207
360	3240	-0.05671711266040802	0.0	0.0	2.1495745182037354	0.058911148458719254	35.30545425415039	35.189002990722656	0.7801165580749512	0.00010161482661561108
361	3249	-0.07999639958143234	0.0	0.0	2.1687440872192383	0.050489965826272964	36.03374099731445	35.91590118408203	0.7743858695030212	0.00010140585170294615
362	3258	-0.09138470888137817	0.0	0.0	2.065854072570801	0.048124514520168304	38.596839904785156	38.48546600341797	0.7755340337753296	0.00010121122411531057
363	3267	-0.08711178600788116	0.0	0.0	2.2603604793548584	0.04025472328066826	37.6688232421875	37.557594299316406	0.7712919116020203	0.00010103098179573815
364	3276	-0.08825508505105972	0.0	0.0	1.9380242824554443	0.03393648937344551	36.321510314941406	36.20878601074219	0.7792379260063171	0.00010086515988282625
365	3285	-0.09289181232452393	0.0	0.0	2.347891330718994	0.04027882590889931	37.013668060302734	36.90303421020508	0.7769395112991333	0.00010071379070388535
366	3294	-0.10207610577344894	0.0	0.0	2.233912229537964	0.031091513112187386	36.55998229980469	36.44319534301758	0.7761679887771606	0.00010057690376863677
367	3303	-0.053110864013433456	0.0	0.0	2.31565260887146	0.03740696236491203	38.32991409301758	38.21651077270508	0.7725470066070557	0.00010045452576345981
368	3312	-0.07590184360742569	0.0	0.0	2.3363184928894043	0.04408154636621475	36.993064880371094	36.87215805053711	0.7683659195899963	0.00010034668054618904
369	3321	-0.08265835791826248	0.0	0.0	2.285083532333374	0.044612541794776917	37.466651916503906	37.351985931396484	0.7654860019683838	0.00010025338914146325
370	3330	-0.08075674623250961	0.0	0.0	2.175481081008911	0.040130630135536194	35.95610427856445	35.8502197265625	0.7889879941940308	0.00010017466973662662
371	3339	-0.08797499537467957	0.0	0.0	2.374302387237549	0.04194715991616249	35.688594818115234	35.581600189208984	0.7851823568344116	0.00010011053767818313
372	3348	-0.08003243058919907	0.0	0.0	2.3768250942230225	0.04180676117539406	35.25649642944336	35.14863586425781	0.7831668853759766	0.00010006100546880462
373	3357	-0.09332893788814545	0.0	0.0	2.141537666320801	0.036295875906944275	36.00922775268555	35.89591598510742	0.7750672101974487	0.00010002608276489347
374	3366	-0.11283004283905029	0.0	0.0	2.275388717651367	0.04281740263104439	36.099117279052734	35.98077392578125	0.7726337909698486	0.00010000577637469998
375	3375	-0.08869212865829468	0.0	0.0	2.0564627647399902	0.04454557225108147	36.14092254638672	36.028907775878906	0.7762590050697327	0.00010000009025699517
# Best epoch: 14
