# epoch	step	nll	ecut	ecut_viol	grad_norm	val_nll	val_ecut	val_ecut_viol	val_ress_zx	LR
1	27	-38.03520202636719	0.0	0.0	36.43307876586914	-38.0507698059082	70.79094696044922	32.80503463745117	0.28545913100242615	1.0237143666892609e-05
2	54	-38.081214904785156	0.0	0.0	39.04359817504883	-38.136329650878906	71.20025634765625	32.8949089050293	0.30020052194595337	1.094763738225795e-05
3	81	-38.1048698425293	0.0	0.0	37.52254867553711	-38.14850616455078	70.86695861816406	32.59239196777344	0.35151588916778564	1.2128672994680007e-05
4	108	-38.193389892578125	0.0	0.0	55.19490432739258	-38.172096252441406	71.34573364257812	33.07406234741211	0.3716075122356415	1.3775582585561007e-05
5	135	-38.14259338378906	0.0	0.0	66.42991638183594	-38.139686584472656	72.15899658203125	33.886817932128906	0.3285304009914398	1.588185691857728e-05
6	162	-38.16999435424805	0.0	0.0	31.585573196411133	-38.148414611816406	71.90196228027344	33.615150451660156	0.38144561648368835	1.8439171166748666e-05
7	189	-38.112213134765625	0.0	0.0	51.677207946777344	-38.147830963134766	71.54805755615234	33.25518798828125	0.3230709433555603	2.143741781543827e-05
8	216	-38.13595199584961	0.0	0.0	38.26110076904297	-38.14083480834961	71.08146667480469	32.83171081542969	0.28101691603660583	2.4864746611237527e-05
9	243	-38.04106903076172	0.0	0.0	93.8734130859375	-38.090431213378906	72.41210174560547	34.04071044921875	0.33320456743240356	2.870761139884165e-05
10	270	-38.105506896972656	0.0	0.0	55.60692596435547	-38.108848571777344	71.79156494140625	33.475982666015625	0.36358171701431274	3.295082366079895e-05
11	297	-38.066192626953125	0.0	0.0	87.45885467529297	-38.0943717956543	73.19366455078125	34.9683952331543	0.2543365955352783	3.7577612548522684e-05
12	324	-38.0305290222168	0.0	0.0	55.45342254638672	-38.02238464355469	71.83126831054688	33.59295654296875	0.3207787871360779	4.256969116729994e-05
13	351	-38.067893981933594	0.0	0.0	62.42677688598633	-38.09060287475586	74.57469177246094	36.26067352294922	0.20694345235824585	4.790732885331288e-05
14	378	-38.008766174316406	0.0	0.0	72.47366333007812	-37.97857666015625	71.31459045410156	33.19200897216797	0.294777512550354	5.356942915700472e-05
15	405	-37.925987243652344	0.0	0.0	67.1380615234375	-37.936092376708984	72.35015869140625	34.09981918334961	0.2685699462890625	5.953361322456993e-05
16	432	-37.87281036376953	0.0	0.0	118.31939697265625	-38.02317810058594	72.63746643066406	34.544132232666016	0.22644880414009094	6.577630824801178e-05
17	459	-37.930702209472656	0.0	0.0	65.03253173828125	-37.93009948730469	73.03848266601562	34.7678108215332	0.24498139321804047	7.227284063417776e-05
18	486	-37.9279670715332	0.0	0.0	56.10372543334961	-37.82861328125	82.87802124023438	44.834224700927734	0.19944211840629578	7.899753352453215e-05
19	513	-37.841278076171875	0.0	0.0	82.44111633300781	-37.81401062011719	79.70259857177734	41.560523986816406	0.22343569993972778	8.592380828022916e-05
20	540	-37.83113098144531	0.0	0.0	87.96771240234375	-37.96751022338867	76.3778076171875	38.12970733642578	0.2333783358335495	9.302428953137767e-05
21	567	-37.84300231933594	0.0	0.0	79.08553314208984	-37.87974548339844	80.59187316894531	42.69670867919922	0.2653011977672577	0.00010027091337530103
22	594	-37.84332275390625	0.0	0.0	86.47625732421875	-37.820289611816406	79.20744323730469	41.03400421142578	0.24898096919059753	0.00010763503829615015
23	621	-37.78302764892578	0.0	0.0	80.2774429321289	-37.86125564575195	79.39701080322266	41.227210998535156	0.16142649948596954	0.00011508755836747201
24	648	-37.49585723876953	0.0	0.0	101.67021942138672	-37.53596115112305	79.87644958496094	41.935081481933594	0.16784827411174774	0.00012259901829031155
25	675	-37.8523063659668	0.0	0.0	80.43199157714844	-37.92072677612305	79.76006317138672	41.836158752441406	0.2693175971508026	0.00013013972981217172
26	702	-37.658382415771484	0.0	0.0	92.43238830566406	-37.725582122802734	80.20045471191406	42.292236328125	0.17070502042770386	0.00013767988906669806
27	729	-37.49647521972656	0.0	0.0	163.79559326171875	-37.50399398803711	79.97056579589844	42.02999496459961	0.20749180018901825	0.0001451896943703143
28	756	-37.65461730957031	0.0	0.0	60.69149398803711	-37.66657638549805	87.5687484741211	49.77778625488281	0.1718800961971283	0.00015263946401023132
29	783	-37.44346237182617	0.0	0.0	101.82421875	-37.41451644897461	82.66942596435547	44.999874114990234	0.128057062625885	0.00015999975355828383
30	810	-37.59113311767578	0.0	0.0	96.94860076904297	-37.46479034423828	87.2855453491211	49.54946517944336	0.21540658175945282	0.00016724147224692488
31	837	-37.459957122802734	0.0	0.0	104.58234405517578	-37.487403869628906	86.48725891113281	48.947479248046875	0.12684544920921326	0.00017433599794741407
32	864	-37.37157440185547	0.0	0.0	88.22702026367188	-37.020484924316406	89.96479797363281	52.34941101074219	0.041937604546546936	0.00018125529029576
33	891	-36.999229431152344	0.0	0.0	161.69764709472656	-37.0709114074707	96.87960815429688	59.46183776855469	0.07655136287212372	0.00018797200151929956
34	918	-37.10602951049805	0.0	0.0	84.32743072509766	-37.27062225341797	114.76239013671875	77.3832015991211	0.13531890511512756	0.00019445958452588268
35	945	-37.315608978271484	0.0	0.0	116.69632720947266	-37.50054168701172	96.55025482177734	59.0054931640625	0.16220462322235107	0.00020069239782845172
36	972	-37.41802215576172	0.0	0.0	106.72196197509766	-37.13518524169922	97.3475570678711	59.492919921875	0.0666734129190445	0.00020664580689031296
37	999	-37.19020080566406	0.0	0.0	139.5691375732422	-37.293670654296875	96.52742767333984	59.29399871826172	0.13330067694187164	0.00021229628149054233
38	1026	-37.13493347167969	0.0	0.0	97.55265808105469	-37.28005599975586	111.76619720458984	74.72232055664062	0.16919896006584167	0.0002176214887247001
39	1053	-37.28453063964844	0.0	0.0	71.7232437133789	-37.31686019897461	101.83682250976562	64.81502532958984	0.13042834401130676	0.0002226003812732785
40	1080	-37.27678298950195	0.0	0.0	106.17022705078125	-37.21037292480469	99.42172241210938	62.234283447265625	0.07881385087966919	0.00022721328058901023
41	1107	-37.31529235839844	0.0	0.0	121.36522674560547	-37.47642517089844	97.8143539428711	60.25798034667969	0.12957774102687836	0.0002314419546742497
42	1134	-37.38163375854492	0.0	0.0	65.92573547363281	-37.36048889160156	101.57688903808594	64.42022705078125	0.10188373178243637	0.0002352696901410191
43	1161	-37.16724395751953	0.0	0.0	116.17597961425781	-37.19792175292969	99.8631591796875	62.51255416870117	0.1109849214553833	0.00023868135826891025
44	1188	-37.15804672241211	0.0	0.0	108.95482635498047	-37.39439010620117	101.21588134765625	64.10863494873047	0.12449465692043304	0.0002416634747997555
45	1215	-36.84040451049805	0.0	0.0	94.86138153076172	-37.03104782104492	105.45989990234375	68.85540008544922	0.10527589917182922	0.0002442042532327343
46	1242	-36.88449478149414	0.0	0.0	147.51760864257812	-37.200355529785156	121.34405517578125	84.44882202148438	0.09461432695388794	0.0002462936514092741
47	1269	-36.359310150146484	0.0	0.0	104.25434112548828	-36.78696823120117	121.08120727539062	84.72102355957031	0.09533824026584625	0.0002479234112036218
48	1296	-37.12568283081055	0.0	0.0	58.36892318725586	-37.197776794433594	107.97274017333984	71.1250228881836	0.1210002526640892	0.0002490870911622143
49	1323	-37.43524169921875	0.0	0.0	105.29054260253906	-36.93986892700195	106.69575500488281	69.23655700683594	0.04370517656207085	0.00024978009196284376
50	1350	-37.111572265625	0.0	0.0	104.62905883789062	-37.362545013427734	109.09757995605469	72.1689453125	0.10437838733196259	0.0002499999097430048
51	1377	-37.406982421875	0.0	0.0	76.09219360351562	-37.38019943237305	96.3863525390625	58.779510498046875	0.12519541382789612	0.0002499292496279845
52	1404	-37.40568161010742	0.0	0.0	119.01580810546875	-37.52695083618164	105.76947021484375	68.42266082763672	0.1795574128627777	0.00024972713814798653
53	1431	-37.200801849365234	0.0	0.0	122.60186004638672	-37.2747917175293	105.43144989013672	68.2540283203125	0.16416394710540771	0.0002493939298752249
54	1458	-36.726959228515625	0.0	0.0	90.46884155273438	-36.46406936645508	97.53524017333984	60.95073699951172	0.08406796306371689	0.0002489302093702348
55	1485	-36.1765022277832	0.0	0.0	117.40463256835938	-36.452877044677734	133.7913818359375	98.08025360107422	0.048376768827438354	0.0002483367901563554
56	1512	-37.466041564941406	0.0	0.0	58.77885055541992	-37.52557373046875	101.78152465820312	64.31792449951172	0.11349020898342133	0.000247614713292533
57	1539	-37.28769302368164	0.0	0.0	125.27395629882812	-37.424190521240234	95.23955535888672	58.157588958740234	0.1162596046924591	0.0002467652455469501
58	1566	-37.37200164794922	0.0	0.0	113.5723876953125	-37.16034698486328	102.60260009765625	64.93181610107422	0.09706796705722809	0.0002457898771746836
59	1593	-37.2900390625	0.0	0.0	170.60311889648438	-37.377723693847656	110.89898681640625	73.93496704101562	0.19349631667137146	0.0002446903193032908
60	1620	-36.98090744018555	0.0	0.0	189.7914276123047	-37.39855194091797	103.50819396972656	66.35311126708984	0.1810150146484375	0.00024346850093091035
61	1647	-37.66007995605469	0.0	0.0	51.75273513793945	-37.62518310546875	105.14241027832031	67.83993530273438	0.19629351794719696	0.00024212656554214415
62	1674	-37.63264465332031	0.0	0.0	88.72667694091797	-37.62311553955078	101.95211029052734	64.14224243164062	0.18519489467144012	0.0002406668673476568
63	1701	-37.40393829345703	0.0	0.0	119.49821472167969	-37.54387664794922	94.4781494140625	56.81211853027344	0.14000865817070007	0.00023909196715409025
64	1728	-37.30796813964844	0.0	0.0	89.28329467773438	-37.44011688232422	99.99296569824219	62.66082763671875	0.14768467843532562	0.0002374046278715386
65	1755	-37.2396125793457	0.0	0.0	85.1158218383789	-37.474735260009766	108.174560546875	71.03739166259766	0.18471631407737732	0.0002356078096664652
66	1782	-37.200557708740234	0.0	0.0	96.55716705322266	-37.3963508605957	103.66889953613281	66.5901870727539	0.13495956361293793	0.0002337046647685648
67	1809	-37.592933654785156	0.0	0.0	73.12576293945312	-37.71457290649414	94.6419677734375	57.17008972167969	0.2329169362783432	0.00023169853194068108
68	1836	-37.50914764404297	0.0	0.0	103.0249252319336	-37.63125228881836	100.552001953125	63.080970764160156	0.19372282922267914	0.0002295929306214829
69	1863	-37.32816696166992	0.0	0.0	114.07421112060547	-37.54883575439453	102.7269287109375	65.42527770996094	0.11225544661283493	0.0002273915547511721
70	1890	-37.37183380126953	0.0	0.0	120.20894622802734	-37.52616882324219	102.81548309326172	65.32933807373047	0.1851682960987091	0.00022509826629105785
71	1917	-37.51675033569336	0.0	0.0	57.50196838378906	-37.46748352050781	95.25325775146484	57.840553283691406	0.15782161056995392	0.0002227170884483638
72	1944	-37.54405975341797	0.0	0.0	60.58586120605469	-37.62026596069336	95.2002182006836	57.68276596069336	0.20024698972702026	0.0002202521986181557
73	1971	-37.664520263671875	0.0	0.0	53.716209411621094	-37.66441345214844	105.68111419677734	68.08868408203125	0.15154600143432617	0.00021770792105477095
74	1998	-37.65021514892578	0.0	0.0	62.42927551269531	-37.7540283203125	100.97361755371094	63.16180419921875	0.2227689027786255	0.00021508871928560704
75	2025	-37.59734344482422	0.0	0.0	115.51643371582031	-37.488304138183594	93.40687561035156	55.792877197265625	0.1481379121541977	0.00021239918828057787
76	2052	-37.64203643798828	0.0	0.0	79.09610748291016	-37.587398529052734	95.61166381835938	57.732398986816406	0.15506915748119354	0.00020964404639097492
77	2079	-37.369380950927734	0.0	0.0	58.16999435424805	-37.44718551635742	92.14513397216797	54.52547836303711	0.13244783878326416	0.00020682812707187618
78	2106	-37.632293701171875	0.0	0.0	74.88091278076172	-37.715492248535156	96.05419921875	58.35163497924805	0.16086721420288086	0.0002039563704026231
79	2133	-37.66508483886719	0.0	0.0	63.801734924316406	-37.70135498046875	93.75531005859375	56.0740966796875	0.2471938133239746	0.00020103381442024303
80	2160	-37.52602767944336	0.0	0.0	70.20621490478516	-37.63712692260742	92.55309295654297	54.89070129394531	0.17733126878738403	0.0001980655862810203
81	2187	-37.47090148925781	0.0	0.0	76.61481475830078	-37.5496826171875	99.36143493652344	61.615562438964844	0.09751728177070618	0.00019505689326572176
82	2214	-37.580322265625	0.0	0.0	79.18585205078125	-37.601505279541016	94.8045883178711	57.30992889404297	0.14511820673942566	0.00019201301364425705
83	2241	-37.7159538269043	0.0	0.0	61.63275146484375	-37.71730041503906	91.16923522949219	53.393157958984375	0.19303618371486664	0.0001889392874157994
84	2268	-37.67385482788086	0.0	0.0	77.68331146240234	-37.696678161621094	90.8209228515625	53.063079833984375	0.20742937922477722	0.00018584110694061274
85	2295	-37.62223815917969	0.0	0.0	58.002716064453125	-37.69983673095703	98.53567504882812	60.95499801635742	0.21317607164382935	0.00018272390748001933
86	2322	-37.711669921875	0.0	0.0	70.45764923095703	-37.78724670410156	91.82088470458984	54.069602966308594	0.23108115792274475	0.00017959315766110463
87	2349	-37.67228698730469	0.0	0.0	52.50774383544922	-37.7582893371582	92.26631164550781	54.37913513183594	0.2338874638080597	0.00017645434988288684
88	2376	-37.72613525390625	0.0	0.0	55.75633239746094	-37.75043869018555	94.18350219726562	56.40134811401367	0.2457314431667328	0.00017331299068078308
89	2403	-37.767242431640625	0.0	0.0	91.53205871582031	-37.76011657714844	86.53047943115234	48.73640060424805	0.12071981281042099	0.00017017459106627485
90	2430	-37.77309799194336	0.0	0.0	59.012451171875	-37.83344650268555	84.13374328613281	46.15733337402344	0.23411345481872559	0.00016704465685872134
91	2457	-37.76521301269531	0.0	0.0	53.134918212890625	-37.74991226196289	94.68526458740234	56.71549606323242	0.19634811580181122	0.0001639286790262814
92	2484	-37.740516662597656	0.0	0.0	53.71965408325195	-37.73823165893555	91.19363403320312	53.47771453857422	0.2527061402797699	0.0001608321240528895
93	2511	-37.812007904052734	0.0	0.0	50.177757263183594	-37.69878387451172	92.44578552246094	54.53884506225586	0.171351820230484	0.00015776042434818542
94	2538	-37.766571044921875	0.0	0.0	44.2851676940918	-37.69219207763672	92.2628402709961	54.50223922729492	0.1640222668647766	0.00015471896871722181
95	2565	-37.65007781982422	0.0	0.0	99.89810943603516	-37.74894714355469	91.48323059082031	53.69132614135742	0.10427628457546234	0.00015171309290666892
96	2592	-37.78845977783203	0.0	0.0	41.148887634277344	-37.814632415771484	87.71781921386719	49.93644332885742	0.2706959843635559	0.00014874807024410196
97	2619	-37.7799186706543	0.0	0.0	72.6517105102539	-37.84700012207031	91.69425964355469	53.651695251464844	0.16936753690242767	0.00014582910238679245
98	2646	-37.69676208496094	0.0	0.0	50.47337341308594	-37.801822662353516	101.40486145019531	63.529449462890625	0.23849651217460632	0.0001429613101962342
99	2673	-37.8647575378418	0.0	0.0	40.061317443847656	-37.82362365722656	87.45071411132812	49.59651184082031	0.23338347673416138	0.00014014972475441165
100	2700	-37.906402587890625	0.0	0.0	49.31757354736328	-37.845855712890625	84.04531860351562	46.099159240722656	0.29368555545806885	0.000137399278537573
101	2727	-37.80180358886719	0.0	0.0	75.8076400756836	-37.88330841064453	86.1356201171875	48.1297607421875	0.15038864314556122	0.00013471479676299046
102	2754	-37.8067741394043	0.0	0.0	66.92402648925781	-37.84564971923828	89.9893798828125	52.095054626464844	0.2132984697818756	0.00013210098892388962
103	2781	-37.822410583496094	0.0	0.0	57.95726776123047	-37.85450744628906	83.36015319824219	45.349212646484375	0.2694668173789978	0.00012956244052739826
104	2808	-37.85773849487305	0.0	0.0	57.76721954345703	-37.81010055541992	91.95507049560547	53.854217529296875	0.18163804709911346	0.00012710360505000827
105	2835	-37.89338684082031	0.0	0.0	53.39651107788086	-37.8974723815918	87.06663513183594	49.12321090698242	0.290042519569397	0.00012472879612466492
106	2862	-37.8339958190918	0.0	0.0	132.2503662109375	-37.82612228393555	86.64546203613281	48.640010833740234	0.2847398519515991	0.00012244217997318878
107	2889	-37.80923080444336	0.0	0.0	54.57848358154297	-37.85801696777344	89.93096923828125	52.1378288269043	0.2981635630130768	0.00012024776809730691
108	2916	-37.85090637207031	0.0	0.0	45.34711456298828	-37.84565734863281	87.43270111083984	49.320030212402344	0.25918325781822205	0.00011814941024111579
109	2943	-37.826969146728516	0.0	0.0	54.89329528808594	-37.8639030456543	91.57240295410156	53.62888717651367	0.25324344635009766	0.00011615078763732197
110	2970	-37.89116287231445	0.0	0.0	50.17593765258789	-37.947357177734375	84.70008850097656	46.578125	0.25485408306121826	0.000114255406549109
111	2997	-37.858612060546875	0.0	0.0	59.79605484008789	-37.9317512512207	88.6322021484375	50.58146667480469	0.20489874482154846	0.00011246659211896043
112	3024	-37.61132049560547	0.0	0.0	87.13349914550781	-37.773521423339844	80.73411560058594	42.66230773925781	0.11683905124664307	0.00011078748253523003
113	3051	-37.659183502197266	0.0	0.0	66.00152587890625	-37.676368713378906	83.99202728271484	46.103485107421875	0.024868419393897057	0.00010922102352669286
114	3078	-37.832122802734375	0.0	0.0	63.588775634765625	-37.842506408691406	86.33284759521484	48.41720199584961	0.21117818355560303	0.00010776996319473627
115	3105	-37.94169998168945	0.0	0.0	65.2474594116211	-37.90545654296875	87.80732727050781	49.723655700683594	0.27303725481033325	0.00010643684719225612
116	3132	-37.9155158996582	0.0	0.0	47.97109603881836	-37.975555419921875	85.2750015258789	47.13716125488281	0.3002222180366516	0.00010522401425771664
117	3159	-37.933197021484375	0.0	0.0	53.99141311645508	-37.954673767089844	85.57451629638672	47.5327262878418	0.2756815552711487	0.0001041335921122084
118	3186	-37.82763671875	0.0	0.0	68.88045501708984	-37.917423248291016	83.78477478027344	45.912017822265625	0.29903867840766907	0.00010316749372670254
119	3213	-37.84344482421875	0.0	0.0	50.92959976196289	-37.87342834472656	83.55058288574219	45.68288803100586	0.18279340863227844	0.0001023274139660497
120	3240	-37.99418640136719	0.0	0.0	49.33421325683594	-37.935523986816406	82.77619171142578	44.681251525878906	0.1989274024963379	0.00010161482661561108
121	3267	-38.06214141845703	0.0	0.0	35.71159362792969	-37.991424560546875	85.8533935546875	47.87574005126953	0.31223756074905396	0.00010103098179573815
122	3294	-37.910858154296875	0.0	0.0	59.8279914855957	-38.000789642333984	81.87606811523438	43.8238525390625	0.19600574672222137	0.00010057690376863677
123	3321	-37.824623107910156	0.0	0.0	102.92147827148438	-37.95344543457031	84.54679107666016	46.626953125	0.20373830199241638	0.00010025338914146325
124	3348	-37.99123764038086	0.0	0.0	53.01447677612305	-37.988983154296875	82.65676879882812	44.59306335449219	0.299125999212265	0.00010006100546880462
125	3375	-38.06464385986328	0.0	0.0	70.42872619628906	-38.045082092285156	84.23069763183594	46.05079650878906	0.2874320149421692	0.00010000009025699517
# Best epoch: 6
